1 2663.642 2690.768 2748.737 2764.199 2797.322 2855.511
2 2870.401 2917.252 2951.869 2992.426 3034.222 3068.733
3 2785.778 2812.907 2846.87 2905.664 2933.927 2967.343
4 2905.118 2947.836 2972.877 2984.462 3026.198 3050.372
5 2891.31 2906.921 2947.256 3045.043 3057.134 3097.452
6 2723.919 2750.522 2784.178 2936.46 2978.744 3013.738
7 2849.412 2875.181 2897.012 2964.588 2984.966 3007.396
8 2822.88 2857.025 2893.5 2925.885 2954.724 2991.049
9 2772.621 2803.35 2861.06 2851.311 2889.047 2947.143
10 2697.423 2737.868 2779.823 2841.806 2882.054 2923.97
11 2734.122 2762.749 2804.737 2853.754 2888.054 2929.995
12 2778.595 2805.841 2840.998 2940.928 2967.061 3002.153
13 2732.791 2755.072 2818.764 2857.82 2874.169 2937.566
14 2644.049 2671.592 2734.613 2710.491 2732.784 2796.089
15 2681.859 2710.964 2762.388 2825.208 2854.856 2905.979
16 2817.886 2843.649 2884.517 2930.921 2948.927 2989.387
17 2758.784 2789.031 2844.021 2856.326 2890.609 2945.392
18 2845.872 2867.774 2906.457 3003.662 3025.276 3064.377
19 2936.98 2970.541 2999.351 3080.27 3105.313 3133.439
20 2793.795 2827.995 2884.827 2888.63 2918.797 2975.967
21 2905.301 2947.521 2975.517 3047.278 3082.936 3111.757
22 2645.269 2671.393 2721.25 2761.273 2788.586 2837.853
23 2700.974 2738.807 2783.554 2775.508 2814.825 2859.704
24 2880.317 2912.893 2953.154 2958.191 2992.061 3032.923
25 2748.625 2771.981 2818.978 2856.459 2876.283 2923.068
26 2878.352 2898.872 2940.372 2954.191 2971.383 3013.76
27 2630.47 2686.92 2729.556 2720.685 2767.686 2811.427
28 2817.289 2840.384 2896.912 2921.023 2937.23 2994.233
29 2794.6 2811.492 2861.018 2905.47 2921.439 2971.428
30 2767.842 2813.281 2855.496 2900.15 2940.869 2982.188
31 2711.442 2731.909 2765.85 2871.484 2893.327 2927.014
32 2685.957 2720.441 2776.374 2779.345 2806.104 2862.304
33 2488.243 2551.558 2595.926 2560.376 2619.813 2663.605
34 2687.409 2710.108 2740.659 2952.58 2978.099 3008.889
35 2759.674 2792.722 2850.909 2853.668 2885.756 2943.623
36 2877.038 2905.277 2938.505 2977.663 3003.947 3036.481
37 2850.754 2877.494 2921.206 3050.121 3078.437 3121.026
38 2837.056 2868.752 2903.93 2957.389 2990.566 3026.333
39 2700.905 2722.457 2774.281 2772.022 2793.865 2845.006
40 2649.751 2696.975 2740.092 2716.76 2758.037 2801.662
41 2749.646 2769.757 2823.117 2813.004 2822.934 2877.136
42 2670.452 2709.054 2754.868 2804.087 2836.765 2883.222
43 2661.525 2680.53 2725.885 2720.219 2734.394 2780.202
44 2787.681 2824.701 2861.263 2968.89 3002.85 3040.283
45 3024.976 3052.913 3082.736 3142.391 3160.704 3189.85
46 2697.102 2748.472 2792.118 2788.986 2843.234 2887.55
47 2784.228 2799.513 2867.158 2919.983 2929.204 2997.079
48 2815.944 2846.49 2884.923 3011.775 3033.945 3072.604
49 2760.815 2790.891 2823.659 2842.519 2868.481 2900.585
50 2724.668 2751.332 2818.891 2813.864 2832.905 2901.642
51 2977.592 3007.397 3035.596 3134.845 3159.521 3187.772
52 3033.22 3060.911 3085.371 3144.383 3166.651 3191.226
53 2692.746 2721.477 2778.075 2819.232 2844.929 2902.37
54 2613.387 2641.064 2692.719 2741.496 2759.357 2811.047
55 2816.221 2852.364 2889.025 2942.68 2973.59 3010.441
56 2814.444 2853.104 2887.417 2937.653 2976.253 3009.779
57 2647.818 2690.818 2732.868 2735.599 2778.072 2819.519
58 2768.831 2810.218 2843.115 2924.318 2961.628 2993.916
59 2610.433 2633.992 2695.58 2780.119 2803.766 2864.454
60 2662.205 2694.089 2737.18 2781.49 2807.154 2849.839
61 2943.614 2989.422 3014.111 3040.189 3093.151 3118.345
62 2939.515 2962.811 2997.379 3046.668 3062.627 3097.299
63 2614.886 2652.072 2714.829 2708.563 2742.875 2805.448
64 2838.35 2871.563 2907.476 2958.71 2982.075 3018.471
65 2590.06 2622.677 2677.768 2659.365 2679.896 2734.388
66 2655.188 2677.663 2724.343 2791.263 2806.792 2853.944
67 2800.997 2832.731 2876.175 2958.915 2996.325 3039.278
68 2886.275 2927.225 2959.342 3010.528 3053.767 3085.348
69 2693.778 2738.241 2773.718 2776.843 2814.355 2850.485
70 2829.521 2863.844 2907.953 2965.519 3000.983 3045.608
71 2587.561 2621.147 2692.37 2687.586 2724.822 2796.165
72 2859.369 2887.743 2927.674 3019.116 3044.125 3082.741
73 2683.316 2702.89 2748.981 2780.903 2797.221 2842.48
74 2515.835 2541.549 2601.211 2627.245 2661.157 2719.576
75 2690.666 2736.762 2775.741 2785.455 2829.708 2869.537
76 2689.898 2714.664 2777.958 2814.258 2840.427 2904.283
77 2989.998 3019.74 3047.528 3092.882 3127.159 3154.194
78 2567.658 2614.563 2665.746 2639.623 2683.119 2733.923
79 2592.71 2617.714 2673.22 2646.87 2661.917 2717.749
80 2784.842 2812.468 2871.674 2876.477 2906.673 2965.829
81 2456.606 2490.917 2544.442 2525.514 2543.652 2597.496
82 2600.944 2631.313 2705.642 2711.464 2743.178 2818.055
83 2806.888 2832.249 2885.664 2933.225 2951.249 3005.453
84 2701.173 2733.89 2783.264 2820.703 2864.502 2913.408
85 2922.385 2953.094 2993.357 3085.55 3119.406 3159.273
86 2530.878 2562.858 2609.221 2636.173 2665.08 2711.074
87 2851.41 2881.662 2916.436 2988.087 3015.588 3049.035
88 2630.539 2662.698 2712.651 2768.361 2795.435 2845.459
89 2569.882 2604.705 2657.526 2657.74 2688.829 2742.478
90 2700.654 2739.438 2773.471 2802.582 2845.249 2879.336
91 2748.905 2778.045 2819.329 2845.17 2870.439 2912.397
92 2832.623 2870.284 2905.39 2965.646 3007.101 3042.189
93 2596.238 2626.649 2684.386 2678.88 2709.215 2766.703
94 2711.862 2750.584 2799.779 2789.627 2829.778 2880.249
95 2775.277 2805.916 2847.187 2905.885 2931.973 2973.843
96 2741.273 2786.737 2831.098 2825.778 2868.615 2913.021
97 2758.847 2775.16 2833.356 2911.284 2931.364 2989.672
98 2601.592 2634.632 2677.769 2704.184 2748.955 2791.003
99 2864.183 2885.175 2929.671 3008.901 3032.958 3077.907
100 2890.274 2933.938 2965.688 3008.399 3053.552 3085.51
