1 2706.52 2730.348 2781.72 2803.779 2833.603 2885.196
2 2913.279 2956.832 2984.852 3032.005 3070.504 3098.417
3 2828.656 2852.487 2879.853 2945.244 2970.209 2997.027
4 2947.996 2987.415 3005.861 3024.042 3062.48 3080.057
5 2934.188 2946.5 2980.239 3084.623 3093.415 3127.137
6 2766.797 2790.102 2817.161 2976.04 3015.025 3043.423
7 2892.29 2914.76 2929.995 3004.167 3021.248 3037.08
8 2865.758 2896.605 2926.483 2965.465 2991.005 3020.734
9 2815.499 2842.93 2894.043 2890.891 2925.329 2976.828
10 2740.301 2777.448 2812.806 2881.386 2918.335 2953.655
11 2777 2802.329 2837.72 2893.334 2924.336 2959.68
12 2821.473 2845.421 2873.981 2980.508 3003.342 3031.838
13 2775.669 2794.652 2851.747 2897.4 2910.451 2967.251
14 2686.927 2711.172 2767.596 2750.071 2769.065 2825.774
15 2724.737 2750.544 2795.371 2864.788 2891.137 2935.664
16 2860.764 2883.228 2917.5 2970.501 2985.209 3019.072
17 2801.662 2828.611 2877.004 2895.906 2926.891 2975.076
18 2888.75 2907.354 2939.44 3043.242 3061.557 3094.062
19 2979.858 3010.121 3032.334 3119.85 3141.594 3163.124
20 2836.673 2867.575 2917.81 2928.21 2955.079 3005.652
21 2948.179 2987.1 3008.501 3086.858 3119.217 3141.442
22 2688.147 2710.973 2754.234 2800.853 2824.867 2867.538
23 2743.852 2778.387 2816.538 2815.088 2851.106 2889.389
24 2923.195 2952.473 2986.138 2997.771 3028.342 3062.608
25 2791.503 2811.561 2851.962 2896.038 2912.565 2952.753
26 2921.23 2938.451 2973.355 2993.771 3007.665 3043.444
27 2673.348 2726.5 2762.539 2760.265 2803.968 2841.112
28 2860.168 2879.964 2929.896 2960.603 2973.512 3023.917
29 2837.478 2851.072 2894.001 2945.05 2957.72 3001.113
30 2810.721 2852.861 2888.479 2939.73 2977.151 3011.873
31 2754.32 2771.489 2798.833 2911.064 2929.609 2956.699
32 2728.835 2760.021 2809.358 2818.924 2842.385 2891.989
33 2531.121 2591.138 2628.909 2599.956 2656.095 2693.29
34 2730.287 2749.688 2773.642 2992.16 3014.38 3038.574
35 2802.552 2832.302 2883.892 2893.248 2922.037 2973.308
36 2919.916 2944.857 2971.488 3017.243 3040.228 3066.166
37 2893.633 2917.074 2954.189 3089.701 3114.719 3150.711
38 2879.934 2908.332 2936.913 2996.969 3026.847 3056.018
39 2743.784 2762.037 2807.265 2811.601 2830.147 2874.691
40 2692.629 2736.554 2773.075 2756.339 2794.319 2831.347
41 2792.524 2809.337 2856.1 2852.584 2859.216 2906.82
42 2713.33 2748.634 2787.851 2843.667 2873.047 2912.906
43 2704.403 2720.11 2758.868 2759.799 2770.676 2809.887
44 2830.559 2864.281 2894.246 3008.47 3039.131 3069.967
45 3067.854 3092.493 3115.72 3181.971 3196.985 3219.535
46 2739.981 2788.052 2825.102 2828.566 2879.515 2917.235
47 2827.106 2839.092 2900.141 2959.563 2965.485 3026.764
48 2858.822 2886.07 2917.907 3051.355 3070.227 3102.289
49 2803.693 2830.471 2856.642 2882.099 2904.763 2930.27
50 2767.546 2790.912 2851.875 2853.444 2869.187 2931.327
51 3020.47 3046.977 3068.579 3174.425 3195.803 3217.457
52 3076.098 3100.491 3118.354 3183.963 3202.933 3220.911
53 2735.624 2761.057 2811.058 2858.812 2881.211 2932.055
54 2656.265 2680.644 2725.702 2781.075 2795.639 2840.732
55 2859.1 2891.944 2922.008 2982.26 3009.871 3040.125
56 2857.322 2892.684 2920.4 2977.233 3012.534 3039.464
57 2690.696 2730.398 2765.851 2775.178 2814.354 2849.204
58 2811.709 2849.798 2876.098 2963.898 2997.909 3023.601
59 2653.312 2673.572 2728.563 2819.699 2840.048 2894.139
60 2705.083 2733.669 2770.163 2821.07 2843.435 2879.524
61 2986.492 3029.001 3047.094 3079.768 3129.432 3148.03
62 2982.393 3002.391 3030.362 3086.248 3098.909 3126.984
63 2657.764 2691.652 2747.812 2748.143 2779.157 2835.133
64 2881.228 2911.143 2940.459 2998.289 3018.357 3048.156
65 2632.938 2662.257 2710.751 2698.945 2716.178 2764.073
66 2698.067 2717.243 2757.326 2830.843 2843.073 2883.628
67 2843.875 2872.311 2909.159 2998.495 3032.607 3068.963
68 2929.153 2966.804 2992.325 3050.108 3090.048 3115.032
69 2736.657 2777.821 2806.702 2816.422 2850.637 2880.17
70 2872.399 2903.424 2940.936 3005.099 3037.264 3075.293
71 2630.439 2660.727 2725.353 2727.166 2761.103 2825.849
72 2902.247 2927.323 2960.657 3058.696 3080.407 3112.426
73 2726.194 2742.47 2781.964 2820.483 2833.502 2872.165
74 2558.713 2581.129 2634.194 2666.825 2697.438 2749.261
75 2733.544 2776.342 2808.725 2825.035 2865.99 2899.221
76 2732.776 2754.244 2810.941 2853.838 2876.709 2933.968
77 3032.876 3059.32 3080.511 3132.462 3163.441 3183.879
78 2610.536 2654.143 2698.729 2679.203 2719.401 2763.607
79 2635.588 2657.294 2706.203 2686.45 2698.199 2747.434
80 2827.721 2852.048 2904.657 2916.057 2942.955 2995.514
81 2499.484 2530.497 2577.425 2565.094 2579.934 2627.18
82 2643.823 2670.893 2738.625 2751.044 2779.46 2847.74
83 2849.766 2871.829 2918.647 2972.805 2987.531 3035.138
84 2744.051 2773.469 2816.247 2860.283 2900.783 2943.093
85 2965.263 2992.674 3026.34 3125.13 3155.688 3188.958
86 2573.756 2602.438 2642.204 2675.753 2701.361 2740.759
87 2894.288 2921.242 2949.42 3027.667 3051.87 3078.72
88 2673.418 2702.277 2745.634 2807.941 2831.716 2875.144
89 2612.76 2644.285 2690.509 2697.32 2725.111 2772.163
90 2743.532 2779.018 2806.454 2842.162 2881.531 2909.021
91 2791.783 2817.625 2852.313 2884.75 2906.72 2942.082
92 2875.501 2909.864 2938.373 3005.226 3043.383 3071.874
93 2639.116 2666.228 2717.369 2718.46 2745.496 2796.388
94 2754.74 2790.164 2832.762 2829.207 2866.059 2909.934
95 2818.155 2845.496 2880.17 2945.465 2968.255 3003.528
96 2784.151 2826.317 2864.081 2865.357 2904.897 2942.706
97 2801.725 2814.739 2866.339 2950.864 2967.645 3019.356
98 2644.47 2674.212 2710.752 2743.764 2785.237 2820.687
99 2907.061 2924.755 2962.654 3048.48 3069.24 3107.592
100 2933.152 2973.517 2998.671 3047.979 3089.833 3115.195
