1 0.765
2 0.715
3 0.78
4 0.725
5 0.695
6 0.74
7 0.75
8 0.71
9 0.75
10 0.735
11 0.75
12 0.76
13 0.7
14 0.77
15 0.745
16 0.725
17 0.725
18 0.765
19 0.72
20 0.73
21 0.73
22 0.755
23 0.74
24 0.765
25 0.72
26 0.755
27 0.79
28 0.755
29 0.745
30 0.775
31 0.69
32 0.74
33 0.78
34 0.77
35 0.74
36 0.695
37 0.735
38 0.765
39 0.78
40 0.78
41 0.77
42 0.805
43 0.76
44 0.755
45 0.66
46 0.805
47 0.715
48 0.765
49 0.72
50 0.77
51 0.69
52 0.695
53 0.745
54 0.735
55 0.72
56 0.76
57 0.775
58 0.745
59 0.77
60 0.745
61 0.72
62 0.735
63 0.79
64 0.72
65 0.73
66 0.73
67 0.74
68 0.735
69 0.77
70 0.705
71 0.79
72 0.725
73 0.79
74 0.795
75 0.8
76 0.745
77 0.75
78 0.81
79 0.72
80 0.76
81 0.79
82 0.72
83 0.72
84 0.785
85 0.76
86 0.81
87 0.76
88 0.78
89 0.77
90 0.72
91 0.77
92 0.735
93 0.75
94 0.745
95 0.75
96 0.75
97 0.75
98 0.805
99 0.735
100 0.73
