1 -1334.67 -1354.72 -1374.695 -1390.656 -1405.952 -1426.709
2 -1289 -1300.924 -1338.501 -1338.539 -1348.03 -1385.477
3 -1429.503 -1448.631 -1464.283 -1557.841 -1573.512 -1589.606
4 -1374.874 -1391.371 -1411.855 -1461.007 -1478.532 -1498.817
5 -1295.497 -1318.921 -1346.406 -1344.941 -1364.726 -1392.229
6 -1387.483 -1405.215 -1430.911 -1426.683 -1442.238 -1468.2
7 -1329.363 -1341.723 -1372.42 -1376.754 -1391.527 -1422.447
8 -1335.197 -1360.119 -1385.997 -1388.856 -1411.37 -1437.519
9 -1325.771 -1338.497 -1374.21 -1373.71 -1382.183 -1418.21
10 -1313.644 -1328.496 -1355.753 -1372.282 -1385.091 -1412.357
11 -1376.128 -1398.465 -1420.413 -1448.579 -1469.242 -1491.224
12 -1378.885 -1395.459 -1419.19 -1437.333 -1450.853 -1474.609
13 -1397.867 -1412.357 -1434.54 -1449.375 -1465.778 -1487.786
15 -1340.743 -1367.097 -1387.457 -1389.606 -1413.823 -1433.978
16 -1383.785 -1397.292 -1425.949 -1428.161 -1436.867 -1465.547
17 -1340.473 -1359.601 -1382.048 -1409.466 -1425.877 -1448.171
18 -1405.127 -1427.794 -1447.371 -1537.685 -1553.163 -1572.817
19 -1368.061 -1378.697 -1406.646 -1401.218 -1410.374 -1438.561
20 -1325.868 -1344.007 -1370.544 -1380.245 -1393.291 -1418.95
21 -1386.984 -1411.287 -1426.026 -1442.362 -1465.142 -1479.738
22 -1326.623 -1347.055 -1367.772 -1356.34 -1372.343 -1392.971
23 -1444.741 -1466.186 -1477.292 -1492.413 -1513.196 -1524.539
24 -1429.709 -1442.912 -1467.334 -1482.492 -1498.2 -1522.67
25 -1383.805 -1404.691 -1424.68 -1414.919 -1431.319 -1451.17
26 -1397.756 -1416.171 -1435.801 -1454.185 -1469.845 -1489.573
27 -1347.897 -1365.206 -1389.884 -1411.851 -1425.24 -1450.003
28 -1416.992 -1436.456 -1454.009 -1476.944 -1502.471 -1520.1
29 -1420.067 -1436.551 -1464.17 -1472.596 -1487.769 -1515.512
30 -1386.382 -1402.264 -1428.078 -1441.102 -1451.972 -1478.276
31 -1313.84 -1334.302 -1359.667 -1361.786 -1377.53 -1402.866
32 -1345.643 -1360.59 -1388.84 -1408.024 -1418.089 -1446.328
33 -1255.592 -1274.987 -1307.163 -1311.359 -1332.025 -1364.438
34 -1313.064 -1335.147 -1357.463 -1375.291 -1398.366 -1420.758
35 -1379.045 -1399.34 -1424.947 -1417.5 -1435.107 -1460.979
36 -1316.519 -1333.612 -1363.344 -1354.679 -1367.364 -1397.186
37 -1339.292 -1352.765 -1375.932 -1398.563 -1410.585 -1433.789
38 -1373.525 -1396.895 -1419.858 -1420.698 -1441.003 -1464.153
39 -1332.753 -1347.39 -1368.767 -1459.491 -1474.152 -1495.478
40 -1361.37 -1378.489 -1405.86 -1419.805 -1433.094 -1460.156
41 -1351.832 -1360.709 -1389.315 -1408.657 -1416.116 -1444.844
42 -1376.427 -1388.955 -1413.516 -1449.121 -1461.219 -1485.748
43 -1339.226 -1353.743 -1381.251 -1464.374 -1470.332 -1498.329
44 -1369.019 -1392.909 -1414.137 -1421.015 -1447.649 -1468.604
45 -1387.456 -1402.212 -1423.228 -1426.014 -1439.159 -1460.162
46 -1296.135 -1316.961 -1348.173 -1340.477 -1359.048 -1390.081
47 -1336.819 -1357.682 -1380.559 -1402.713 -1419.001 -1441.462
48 -1344.742 -1364.064 -1386.367 -1406.692 -1420.158 -1442.635
49 -1300.292 -1317.047 -1357.423 -1347.322 -1368.11 -1408.852
50 -1354.034 -1371.257 -1395.965 -1406.386 -1419.918 -1444.34
51 -1361.877 -1380.007 -1407.044 -1424.23 -1432.348 -1459.131
52 -1418.531 -1428.845 -1449.334 -1486.425 -1496.132 -1516.579
53 -1360.983 -1376.368 -1397.528 -1419.99 -1433.776 -1454.993
54 -1374.399 -1397.646 -1414.675 -1437.779 -1460.72 -1478.05
55 -1375.222 -1387.371 -1412.2 -1410.187 -1419.571 -1443.871
56 -1281.329 -1302.963 -1330.933 -1325.938 -1346.387 -1374.442
57 -1324.287 -1348.676 -1372.825 -1387.106 -1417.495 -1441.712
58 -1459.458 -1480.406 -1492.063 -1518.57 -1537.556 -1549.165
59 -1372.616 -1389.42 -1410.415 -1458.689 -1467.782 -1488.953
60 -1317.485 -1330.513 -1354.294 -1392.293 -1407.464 -1431.214
61 -1374.906 -1393.354 -1416.027 -1479.423 -1493.954 -1516.62
62 -1371.543 -1401.488 -1422.027 -1414.276 -1444.607 -1464.942
63 -1374.416 -1387.901 -1407.333 -1414.152 -1424.238 -1443.261
64 -1339.957 -1349.374 -1379.698 -1406.219 -1412.86 -1442.874
65 -1337.157 -1359.18 -1384.886 -1372.079 -1391.361 -1417.005
67 -1363.792 -1387.621 -1400.771 -1389.074 -1410.988 -1424.473
69 -1372.445 -1405.016 -1420.398 -1429.209 -1459.43 -1475.105
70 -1383.923 -1405.428 -1424.748 -1459.124 -1478.302 -1497.47
71 -1333.012 -1344.438 -1370.887 -1395.006 -1402.046 -1428.465
72 -1424.8 -1440.661 -1463.066 -1483.763 -1494.442 -1517.472
73 -1342.967 -1362.034 -1379.099 -1410.287 -1431.945 -1448.682
74 -1335.186 -1353.964 -1378.256 -1391.547 -1413.974 -1438.074
75 -1437.951 -1453.209 -1475.149 -1504.302 -1522.114 -1544.042
76 -1352.057 -1377.502 -1398.079 -1394.885 -1418.212 -1438.965
79 -1394.7 -1426.077 -1440.715 -1477.227 -1511.072 -1525.518
80 -1406.875 -1421.748 -1442.464 -1477.635 -1491.096 -1511.547
81 -1408.359 -1418.909 -1450.396 -1460.285 -1470.688 -1502.532
82 -1379.494 -1399.887 -1422.119 -1432.93 -1450.268 -1472.642
83 -1290.511 -1302.192 -1330.594 -1351.65 -1358.282 -1386.118
84 -1289.456 -1309.849 -1331.509 -1345.636 -1362.287 -1383.566
85 -1336.03 -1353.926 -1379.525 -1381.972 -1398.746 -1423.947
86 -1339.112 -1351.832 -1385.873 -1392.988 -1408.083 -1442.037
87 -1337.611 -1352.118 -1374.188 -1392.867 -1403.917 -1425.607
88 -1350.475 -1361.415 -1388.598 -1420.723 -1426.585 -1454.143
89 -1408.794 -1419.34 -1441.178 -1466.652 -1476.361 -1497.929
90 -1441.416 -1460.369 -1479.024 -1507.135 -1526.789 -1545.578
91 -1327.748 -1351.37 -1372.749 -1380.503 -1404.881 -1426.08
92 -1387.712 -1397.994 -1422.617 -1439.951 -1447.335 -1471.608
93 -1365.715 -1386.333 -1401.699 -1439.25 -1456.222 -1471.869
94 -1346.521 -1364.3 -1391.384 -1395.018 -1412.313 -1439.411
95 -1302.647 -1318.207 -1342.253 -1362.307 -1376.657 -1400.741
96 -1414.839 -1431.324 -1454.1 -1465.249 -1481.055 -1503.272
97 -1378.157 -1395.605 -1418.103 -1487.456 -1500.567 -1523.302
98 -1395.121 -1415.519 -1434.23 -1452.212 -1468.927 -1487.749
99 -1456.13 -1466.295 -1487.928 -1545.802 -1556.919 -1578.735
100 -1306.276 -1330.094 -1351.608 -1357.145 -1371.906 -1393.925
101 -1439.965 -1454.207 -1473.864 -1498.215 -1508.635 -1528.41
102 -1346.787 -1366.939 -1390.542 -1385.04 -1403.226 -1426.856
103 -1401.077 -1414.188 -1437.303 -1466.806 -1475.38 -1498.687
104 -1370.867 -1392.565 -1423.356 -1426.662 -1449.866 -1480.706
105 -1472.231 -1491.983 -1502.942 -1534.141 -1551.424 -1562.811
