1 1.08587 0.8640718 0.8647316 2.221645 0.9095748 0.8951665
2 1.287323 0.9399822 0.9532611 2.354275 0.9393027 0.9453939
3 1.105299 0.9283015 0.9137989 2.245655 0.9543652 0.9566694
4 1.201179 0.8955377 0.883791 2.153355 0.8908049 0.9026281
5 1.074807 0.9467551 0.9650886 2.211353 0.974924 0.9842705
6 1.09265 0.9127333 0.9167437 2.477843 0.9463608 0.9277668
7 1.079528 0.9224965 0.9247759 2.024791 0.9309625 0.9544919
8 1.002685 0.8527365 0.8693578 2.033227 0.8906667 0.8867404
9 1.141724 0.9080383 0.9079742 2.26075 0.9272382 0.9372727
10 1.066161 0.8500308 0.8415008 2.256536 0.8596508 0.8681322
11 1.085422 0.9215266 0.9333458 2.218183 0.9698211 0.970698
12 1.217445 1.056985 1.067505 2.461509 1.053097 1.087593
13 1.18151 0.9798337 0.9852102 2.392359 1.023291 1.064004
14 1.181948 0.9266382 0.9380892 2.329666 0.9316385 0.9540887
15 1.040879 0.893338 0.8976546 2.220066 0.9549301 0.9452608
16 1.173518 0.9844472 0.9988454 2.273655 1.024507 0.9847168
17 1.240244 0.9811193 0.9804028 2.411449 0.9881266 0.9990646
18 1.004833 0.9102183 0.9088723 2.16804 0.8978739 0.9119714
19 1.119109 0.8761033 0.8684357 2.451999 0.8614153 0.876115
20 1.156551 0.881033 0.8846824 2.090263 0.9063979 0.8871221
21 1.386643 1.003349 0.9989878 2.610548 1.000244 1.001745
22 1.146756 1.01618 1.012374 1.983665 1.042965 1.011384
23 1.08032 0.8174539 0.8272002 2.030131 0.8438414 0.8470184
24 1.15047 0.9570282 0.9420824 2.09625 0.9505022 0.9621328
25 1.085534 0.9113354 0.9040632 2.088139 0.9480739 0.9236564
26 1.23312 0.9786337 0.9754846 2.264341 0.9679764 0.9608071
27 1.285841 0.85875 0.8586341 2.342741 0.8507764 0.8776098
28 1.138478 0.8905839 0.9009695 2.227136 0.8996835 0.9121093
29 0.9789937 0.8257961 0.8264653 1.813343 0.8515086 0.8701175
30 1.055708 0.9080957 0.9065553 2.194383 0.9352018 0.9002225
31 1.086824 0.9299053 0.9498588 1.978958 0.9587634 0.9772752
32 1.436309 1.074033 1.08101 2.449737 1.103714 1.092329
33 1.635447 1.065531 1.078732 2.617846 1.054264 1.076469
34 1.221168 0.9898035 0.9739643 2.598899 1.05084 1.042066
35 1.197959 0.9197154 0.9411792 2.334046 0.9010087 0.9059737
36 1.119884 0.9459195 0.9436895 2.04699 0.9592346 0.9535111
37 1.254512 1.09512 1.106711 2.378357 1.094062 1.083235
38 1.185813 1.027099 1.033074 2.169254 1.004382 1.026272
39 1.131113 0.9097538 0.9169597 1.992523 0.9058278 0.9011858
40 1.259856 0.8894956 0.8913737 2.208202 0.8883705 0.8977963
41 0.9654684 0.8258433 0.8344991 1.874566 0.8456008 0.8453987
42 1.183475 0.9273573 0.9302688 2.423804 0.9243742 0.939398
43 0.9849987 0.8171965 0.8229457 1.865474 0.8192893 0.8058575
44 1.511448 1.141639 1.132322 3.135013 1.176111 1.171676
45 1.224448 0.9529812 0.9379128 2.339641 0.9803731 0.9337669
46 1.176039 0.8528036 0.8503993 2.44468 0.8722695 0.8609942
47 1.092141 0.9334484 0.9383596 2.128959 0.9227573 0.9295585
48 1.2661 0.9937419 1.017074 2.874899 1.017161 1.014471
49 1.12278 0.964217 0.9772217 1.814662 0.9860041 0.9718886
50 1.203746 1.028708 1.043848 2.013323 1.063871 1.088921
51 1.152269 1.003088 0.9897181 2.04352 1.017122 0.9969303
52 1.259358 0.9755022 0.9757565 2.327004 1.001925 1.001053
53 1.058731 0.8948387 0.8869993 2.192753 0.9089568 0.9043973
54 1.04972 0.8518859 0.8479962 2.058398 0.8520101 0.8767348
55 1.207905 0.9308433 0.9272043 2.297999 0.9547866 0.9591194
56 1.163311 0.9765599 0.9787334 2.274807 0.9791527 0.9829981
57 1.070543 0.8910756 0.8868444 1.884913 0.9224189 0.8966534
58 1.208499 0.9323623 0.9569279 2.254707 0.9602712 0.9498012
59 1.065994 0.9479789 0.9354593 2.163543 0.994854 0.9576042
60 1.299531 1.001667 1.000897 2.496279 1.017975 1.027247
61 1.296344 0.9128379 0.9143605 2.318032 0.9430877 0.9285609
62 1.141852 1.020338 1.009 2.122736 1.026496 1.05178
63 1.135821 0.8195843 0.8204666 2.384817 0.8426707 0.8418055
64 1.177768 0.9158961 0.9290758 2.264111 0.944442 0.9307357
65 1.16946 0.8891335 0.8847156 2.053398 0.9117616 0.8947807
66 1.041119 0.9174619 0.8989842 1.79971 0.9161716 0.9275298
67 1.365673 1.051218 1.068067 2.76647 1.102238 1.119365
68 1.297818 1.044574 1.04044 2.179668 1.075653 1.074382
69 1.276105 0.9904215 0.9802821 2.260537 0.9964509 0.9920256
70 1.088477 0.8828979 0.8873828 2.290883 0.9024441 0.9011762
71 1.131308 0.9117404 0.9037425 2.476667 0.9204473 0.9119177
72 1.299058 1.095258 1.083409 2.198397 1.119965 1.116541
73 1.211129 1.064335 1.050953 2.012396 1.098045 1.080591
74 1.22749 1.017426 1.013316 2.228654 1.078589 1.059417
75 1.280718 0.9615683 0.9632866 2.406375 0.9866518 0.9823148
76 1.278154 1.060458 1.059742 2.636342 1.074062 1.075582
77 1.085096 0.891934 0.9077559 2.36458 0.8856813 0.8848078
78 1.237519 0.8951346 0.9039836 2.196922 0.9212305 0.9412529
79 1.16291 0.8868896 0.8753349 1.865257 0.8679819 0.8784764
80 0.9874391 0.8336011 0.8203148 2.123916 0.8304582 0.8180854
81 1.109967 0.9073774 0.9182201 1.905985 0.9220068 0.8877761
82 1.078985 0.9444854 0.9314253 1.888424 0.956998 0.9332386
83 1.305161 1.071896 1.063191 2.295334 1.069181 1.096154
84 1.157616 0.8940005 0.9009111 2.463195 0.9561339 0.9485113
85 1.219397 0.9924059 0.9837218 2.440655 0.9988028 1.00167
86 1.183375 0.9778684 0.9879471 2.012545 0.9975623 1.003049
87 0.9786091 0.8458091 0.8498612 2.065081 0.9193493 0.8914449
88 1.110628 0.9126617 0.9199045 2.223149 0.980084 0.9592816
89 1.244449 0.9417202 0.938693 2.320676 0.981403 0.9438641
90 1.104149 0.8606304 0.8628348 2.042433 0.9054294 0.9006071
91 1.199591 0.9086412 0.9058651 2.234383 0.9493761 0.9663428
92 1.324773 1.079588 1.075729 2.431866 1.078595 1.05791
93 1.273737 1.032131 1.039142 2.253854 1.05099 1.041041
94 1.320313 0.9640962 0.9547919 2.303006 0.9775843 0.9744495
95 1.279224 1.019366 1.054689 2.461192 1.044132 1.030447
96 1.288272 0.8897163 0.9319206 2.401572 0.9118757 0.8937786
97 1.010439 0.9054995 0.9002692 1.910077 0.9780803 0.9657777
98 1.090175 0.8363642 0.8360245 2.33142 0.86893 0.8783943
99 1.099595 0.9527603 0.9715953 2.017882 0.9724256 1.012265
100 1.214233 0.8644447 0.8351822 2.517813 0.8698155 0.8833294
