1 0.4377561 0.3851568 0.3796439 0.6458349 0.3721512 0.3775274
2 0.37764 0.2668436 0.2831056 0.7088363 0.303304 0.3360402
3 0.5506268 0.5009167 0.4411594 0.8411041 0.4605758 0.4839882
4 0.2818417 0.2366763 0.2322707 0.4862748 0.2319309 0.2404121
5 0.2966128 0.2849057 0.296711 0.514513 0.2863898 0.2976223
6 0.2702965 0.2369596 0.2387761 0.5620066 0.2425113 0.2407565
7 0.397934 0.3947874 0.3802056 0.4668013 0.4260161 0.4292611
8 0.5950237 0.7523083 0.7593423 0.647631 0.8615349 0.82852
9 0.7382829 0.8842436 0.8705152 0.9887528 0.9135442 0.9949558
10 5.96812 2.907881 2.154065 6.23559 1.820046 1.17594
11 2.233158 0.7448191 0.8222585 1.462337 0.4376825 0.4388467
12 0.4058497 0.4289077 0.4286232 0.6467414 0.4131132 0.4556145
13 0.3613052 0.3738551 0.3604086 0.4977103 0.410464 0.4018737
14 0.3393402 0.329477 0.3279273 0.537047 0.3235477 0.3467767
15 0.2958744 0.3611065 0.3473082 0.558436 0.3797205 0.3799304
16 0.3489486 0.3444764 0.3446488 0.5431974 0.3515511 0.3432702
17 0.3015975 0.2542952 0.2562543 0.5641501 0.2814348 0.2664754
18 0.2752261 0.2655305 0.2617285 0.4886203 0.2561602 0.2571966
19 0.3512684 0.3205832 0.3283149 0.6206544 0.3263044 0.3227819
20 0.3181848 0.2939393 0.2929734 0.5049872 0.3115716 0.3032575
21 0.3209057 0.245474 0.2450923 0.5862629 0.2575226 0.2540247
22 3.792179 4.282959 4.221363 3.145572 4.457525 4.093332
23 0.829314 0.8952972 0.8524342 0.8174162 0.9230306 0.9483049
24 0.5982793 0.5087838 0.5435917 0.7714922 0.5274672 0.5462819
25 0.2543966 0.2399311 0.244616 0.4357781 0.2544407 0.2494881
26 0.415535 0.2462391 0.2969812 0.7029646 0.2261221 0.2532045
27 0.6525484 0.7313355 0.69181 0.7035868 0.7474361 0.7295731
28 0.2365938 0.2086494 0.2088309 0.4619596 0.2114977 0.2215934
29 0.2294438 0.1944934 0.1940194 0.3897486 0.1970129 0.2051172
30 0.5750974 0.6914248 0.66622 0.744336 0.7144859 0.6700192
31 0.2346124 0.2000559 0.2079795 0.4347658 0.2077457 0.214558
32 0.3809822 0.3076311 0.3096449 0.5629749 0.3237289 0.3052706
33 0.4984684 0.4459544 0.4628008 0.6334223 0.4759494 0.4824632
34 0.4042509 0.355608 0.3408111 0.625521 0.3787394 0.3397539
35 0.2578679 0.2222275 0.2297925 0.4906397 0.2231802 0.22388
36 0.352577 0.4078845 0.4079074 0.5106993 0.4082299 0.4087687
37 0.3597088 0.3354729 0.3385206 0.5340393 0.3323326 0.3326009
38 1.004312 1.000509 1.146093 1.73892 1.313802 1.026865
39 0.2778899 0.2490658 0.2522354 0.4451657 0.2532313 0.2544671
40 0.2882667 0.2234132 0.2214651 0.4846067 0.2340658 0.2265345
41 0.2400035 0.2427508 0.2460746 0.4256719 0.2566879 0.2481828
42 0.2982806 0.2675474 0.2687909 0.5597851 0.2617284 0.2727815
43 0.2605256 0.2510001 0.2635952 0.4379758 0.2694338 0.2637298
44 0.3090783 0.2517962 0.2493585 0.656313 0.2617707 0.263542
45 0.270797 0.2597921 0.2499622 0.508341 0.286427 0.2657211
46 0.2743833 0.2319965 0.2303375 0.5496168 0.2469765 0.2425274
47 0.2561437 0.2154983 0.2202423 0.4807486 0.2110387 0.2100413
48 0.2879285 0.2436257 0.2507229 0.6197806 0.2528597 0.2462144
49 0.2804737 0.2395053 0.2445172 0.4257298 0.2401139 0.2372073
50 0.3166518 0.3305364 0.3325923 0.4471855 0.3457837 0.3682869
51 0.4360409 0.3666709 0.3503376 0.5709241 0.3759438 0.3655592
52 0.3719713 0.3337623 0.3238084 0.5552194 0.3467786 0.3427026
53 0.2311937 0.2155136 0.2124522 0.457437 0.2215221 0.2206456
54 0.2691908 0.2458321 0.2373157 0.4652799 0.2640216 0.2708448
55 0.2813985 0.2657455 0.2613424 0.4778621 0.2810723 0.2809476
56 0.4300335 0.4404024 0.4419007 0.6714073 0.5621091 0.5394275
57 0.4529143 0.5647999 0.659314 0.7015132 0.7260773 0.6710843
58 0.3800422 0.3573372 0.372042 0.5451421 0.3411534 0.3582543
59 0.2909414 0.2819699 0.2747736 0.4948235 0.2876811 0.2814748
60 0.2611142 0.2039072 0.2064173 0.5086925 0.2063135 0.2127834
61 0.3898203 0.2867206 0.2868511 0.6617527 0.2870539 0.2893294
62 0.5605455 0.7146146 0.7087028 0.5758322 0.7422496 0.8121026
63 0.246835 0.1954216 0.1943106 0.5398215 0.2236412 0.2233047
64 0.2625259 0.21325 0.2175717 0.519751 0.2338975 0.2292821
65 0.2504515 0.2129722 0.2139455 0.4405706 0.2233186 0.2213913
66 0.3241685 0.3135334 0.309817 0.434824 0.3195738 0.3417556
67 0.2742215 0.2240986 0.2242666 0.5809958 0.2303285 0.2409288
68 0.61233 0.4486769 0.4289486 0.7509706 0.5016345 0.458919
69 0.3964118 0.3821745 0.3730341 0.525587 0.4077595 0.4121572
70 0.285463 0.3314421 0.3199569 0.6182504 0.3575427 0.3599057
71 0.3416843 0.3423021 0.3635905 0.5890119 0.4018808 0.3989926
72 0.3631127 0.3872557 0.3892458 0.4936522 0.445411 0.4507391
73 0.4551217 0.5964744 0.5477674 0.439421 0.5828068 0.6008219
74 0.294246 0.2750549 0.2700195 0.4777562 0.2807331 0.2808291
75 0.3495569 0.3115554 0.3092341 0.5619941 0.328889 0.3219778
76 0.3168267 0.2985384 0.283533 0.659228 0.3130306 0.3012371
77 1.141854 1.317897 1.407501 0.9789246 1.261496 1.32968
78 0.302787 0.2460579 0.252098 0.4951388 0.2574748 0.2554248
79 0.2633952 0.2266491 0.2196689 0.3986482 0.215144 0.2213804
80 0.3306515 0.3579411 0.3547196 0.5281939 0.3557913 0.3609598
81 0.298943 0.2989354 0.3077107 0.4380373 0.3168761 0.3074585
82 0.2557317 0.3239693 0.3556705 0.4293767 0.3446633 0.3372611
83 0.4302004 0.4254622 0.4048073 0.5326851 0.4315691 0.4223979
84 0.2688395 0.2236143 0.2242053 0.5658945 0.2372233 0.236985
85 0.3616309 0.3377968 0.3372193 0.5881778 0.3435192 0.3293423
86 0.2514565 0.2104682 0.2176168 0.406931 0.2241043 0.2236735
87 0.3171492 0.3250155 0.322508 0.5201417 0.3692325 0.3485534
88 0.2376982 0.2192924 0.2170736 0.4764105 0.2338782 0.2281617
89 0.2830152 0.2440457 0.2407169 0.5131021 0.2532278 0.2467046
90 0.2993558 0.3356806 0.3419957 0.4764304 0.3657073 0.3493946
91 0.2834532 0.2451706 0.2413204 0.4872478 0.254561 0.2599569
92 0.3235326 0.3088362 0.3160148 0.5409861 0.31633 0.3060966
93 0.3066451 0.284042 0.2863825 0.4980935 0.2847945 0.2838083
94 0.326908 0.278501 0.2711815 0.5198879 0.2764229 0.2789002
95 0.2810419 0.2562903 0.2695715 0.5104518 0.2702795 0.274842
96 0.3096722 0.2959679 0.3166095 0.5627275 0.3632133 0.3673113
97 0.2125323 0.2016245 0.200537 0.3960046 0.2186817 0.2189953
98 0.2348521 0.1955759 0.1958202 0.4958399 0.215935 0.2141449
99 0.250665 0.2460996 0.2708777 0.4472948 0.2662497 0.2815122
100 0.2759431 0.236013 0.2339577 0.5535086 0.2361856 0.2413566
