1 0.1039532 0.0903737 0.1465322 0.1236211 0.1098394 0.06715191 0.06416355 0.05646362 0.978429 0.2168497 0.1825222 0.04164944
2 0.09317423 0.08601846 0.1320329 0.1154818 0.08522016 0.05062317 0.05189975 0.03953971 1.015964 0.2442588 0.1940014 0.04814577
3 0.1082369 0.1033781 0.1491349 0.1327803 0.109434 0.07099466 0.07962892 0.06267219 0.7512083 0.1973337 0.1812105 0.03822099
4 0.09930019 0.09730655 0.1372252 0.1216627 0.09203163 0.05935648 0.06098949 0.05841844 0.6232758 0.2099216 0.1883132 0.04031802
5 0.1016308 0.09773299 0.1447817 0.1216019 0.1042952 0.05955428 0.05771198 0.04827503 1.335739 0.2262342 0.186747 0.04170281
6 0.1019101 0.09903733 0.1437392 0.1295787 0.1040403 0.06138238 0.06464518 0.05271159 1.923893 0.2333715 0.1891613 0.04433782
7 0.08675937 0.08801531 0.1226495 0.1184445 0.07839513 0.05284946 0.05803898 0.0502267 1.126228 0.2465323 0.19227 0.04813564
8 0.1146267 0.1157274 0.1585705 0.1468339 0.1274274 0.08192022 0.08664919 0.0515153 1.62734 0.2186012 0.187438 0.04083193
9 0.1053309 0.1116919 0.1443017 0.1413833 0.1065801 0.07285752 0.0804979 0.05484877 1.122038 0.2260038 0.1882417 0.0425308
10 0.1049252 0.08885739 0.145359 0.1133256 0.1114448 0.05955762 0.05498211 0.05049212 0.9178419 0.2289767 0.1880133 0.04368759
11 0.1025635 0.09229665 0.1458785 0.1224853 0.1099704 0.06539614 0.06122672 0.05323132 0.7755515 0.2176978 0.186339 0.04022311
12 0.1082141 0.09703375 0.1517305 0.1312265 0.1177113 0.06731605 0.06432705 0.05355467 0.9799546 0.2241627 0.1849181 0.04202988
13 0.1032205 0.08720268 0.1438349 0.1142936 0.09895877 0.05355722 0.05188573 0.04801993 1.186804 0.2408794 0.1907088 0.04506487
15 0.09280145 0.09062806 0.1305324 0.1191856 0.08666583 0.05801964 0.05776108 0.04775393 1.259197 0.220486 0.1857628 0.04297657
16 0.1038261 0.0971564 0.1493724 0.1299561 0.1130561 0.06932957 0.06829355 0.07330592 0.9803419 0.2234614 0.1842956 0.04188211
17 0.1037596 0.09204914 0.1444932 0.1179748 0.1082224 0.06239739 0.05800197 0.0578152 0.6050107 0.2121764 0.1837806 0.03858064
18 0.1096954 0.1025292 0.1488835 0.1269725 0.11106 0.07085462 0.06957691 0.05262087 0.6666282 0.2148719 0.1863791 0.04212955
19 0.1092054 0.09387307 0.147584 0.122463 0.1102015 0.06596477 0.06077744 0.06552089 1.265191 0.2503432 0.1924765 0.04403715
20 0.1036706 0.08612531 0.1458856 0.1168698 0.1107564 0.06678496 0.05698797 0.05015323 0.8807356 0.236821 0.185517 0.04347899
21 0.09527355 0.08399567 0.1348233 0.1158655 0.09479977 0.05849754 0.06246319 0.05000662 0.9706113 0.2229276 0.1845178 0.04271397
22 0.09963818 0.09950683 0.1405684 0.14248 0.1013736 0.07001821 0.08196741 0.05504989 3.357542 0.2316125 0.1834663 0.04357838
23 0.09567921 0.1030713 0.1368182 0.1356053 0.09261035 0.06406952 0.0782115 0.05392082 1.039337 0.2201582 0.1855568 0.04092812
24 0.0991075 0.1125527 0.1431489 0.1424311 0.09832538 0.06760613 0.0748846 0.05773917 0.933797 0.2255365 0.1915096 0.04331567
25 0.1053636 0.1029537 0.1493613 0.1400455 0.111195 0.07113986 0.09022551 0.05215505 4.605147 0.230337 0.1882951 0.04419714
26 0.1099 0.09476185 0.154303 0.1185872 0.1158342 0.06543692 0.06134703 0.06138357 0.8776594 0.2329755 0.1885829 0.04213711
27 0.09997514 0.0805801 0.1402161 0.1094213 0.1007453 0.05778836 0.05384218 0.05136921 0.7336801 0.2303956 0.1814798 0.04318967
28 0.1112679 0.09997564 0.1563911 0.1268319 0.1236162 0.07557979 0.06993782 0.06516703 0.8050146 0.2073743 0.183025 0.03967536
29 0.1089684 0.1065421 0.1546049 0.1349594 0.1145349 0.07169901 0.07627882 0.06089877 1.159319 0.219369 0.1918985 0.04185937
30 0.104455 0.10675 0.1473816 0.1367724 0.1081716 0.06840068 0.08074932 0.05005594 1.10845 0.2217475 0.188347 0.04020066
31 0.1062691 0.1000742 0.1512087 0.1271626 0.1127 0.06438251 0.06230259 0.05168702 1.271049 0.2210037 0.186098 0.04228391
32 0.1039914 0.1016548 0.1432831 0.1279486 0.103722 0.06633752 0.07286305 0.05564488 0.8256394 0.2314825 0.1876092 0.04158199
33 0.09332452 0.09137592 0.1306459 0.1160417 0.0849591 0.05194431 0.05117236 0.0496324 0.8641545 0.2268017 0.1880661 0.04523402
34 0.1059945 0.1123628 0.144441 0.1385378 0.1094123 0.07407286 0.08046102 0.06427044 0.6554392 0.209142 0.1826728 0.03953997
35 0.1023416 0.09863415 0.1456664 0.1296332 0.1082252 0.06792402 0.06832088 0.05113386 1.924753 0.21815 0.1847218 0.04238938
36 0.1019171 0.1058464 0.1416833 0.1348705 0.1028161 0.06809742 0.07554322 0.05284429 1.803491 0.2384589 0.1917922 0.04472829
37 0.08949045 0.08103814 0.1300485 0.1088335 0.08249383 0.05149232 0.05046417 0.04739295 0.9195507 0.2427671 0.1895308 0.04569036
38 0.1107337 0.09481621 0.1587576 0.131115 0.127919 0.07533126 0.0683 0.0583864 1.074799 0.2270349 0.1845549 0.0404344
39 0.09321993 0.08114873 0.1301429 0.1080171 0.08123597 0.04747396 0.04462147 0.04226869 0.4937573 0.2285548 0.1881756 0.04111494
40 0.1021353 0.1034846 0.1423225 0.1336058 0.1053239 0.07316837 0.07250885 0.05478942 1.226872 0.2232923 0.1901127 0.04197953
41 0.09535535 0.1087348 0.1373637 0.1373153 0.09598818 0.06765454 0.07656533 0.06267865 0.8024361 0.2331922 0.1871264 0.04364982
42 0.1008974 0.102999 0.1379202 0.1317869 0.09288764 0.06388036 0.07366135 0.04375531 0.7063503 0.2231916 0.1897532 0.04150939
43 0.1056653 0.09060263 0.1475803 0.1153064 0.1056252 0.05959504 0.05335156 0.04628846 0.6587216 0.2251926 0.1905416 0.04278469
44 0.1007374 0.09565302 0.1442234 0.1234179 0.1115192 0.06801917 0.06767266 0.05782343 1.373776 0.2158869 0.185634 0.04019947
45 0.1023165 0.1009228 0.1368375 0.132017 0.09330918 0.06463707 0.07769826 0.0623235 1.194193 0.2389622 0.1907578 0.04511016
46 0.1152811 0.1097668 0.1580624 0.1389215 0.1268269 0.0725516 0.06863428 0.05087782 1.53338 0.2338341 0.1934623 0.04207565
47 0.09662024 0.08973716 0.1346302 0.1162304 0.09308366 0.05635882 0.06146509 0.0444386 0.8380081 0.2345618 0.1903646 0.04495126
48 0.0939634 0.08860892 0.1357574 0.117264 0.09625521 0.0577479 0.05888249 0.0478244 0.8572676 0.2243243 0.1851759 0.04187066
49 0.09833361 0.09902445 0.1372984 0.1271655 0.09822801 0.06253804 0.06633152 0.04711545 1.163148 0.246394 0.194027 0.04794712
50 0.1071531 0.09564751 0.1492604 0.1298246 0.1176116 0.0655149 0.06112986 0.04772635 1.184542 0.2294823 0.1862106 0.04260998
51 0.112167 0.1227781 0.1544547 0.1552106 0.1212871 0.08017091 0.08881717 0.04884764 1.526373 0.206522 0.1866931 0.04112931
52 0.1033236 0.1002485 0.1453568 0.1252105 0.105201 0.06252973 0.05707514 0.05706354 0.6502962 0.2221351 0.1853407 0.04105906
53 0.09727254 0.08833998 0.1354105 0.1175578 0.09688898 0.06141966 0.05923848 0.05720376 0.764162 0.2266486 0.1854859 0.04317758
54 0.1041542 0.08763288 0.1451622 0.1165955 0.1045287 0.06101823 0.06189752 0.04823308 1.101031 0.221109 0.1859787 0.04095903
55 0.09647629 0.0856725 0.1422025 0.112843 0.104292 0.05926098 0.06129254 0.05404433 1.647396 0.2422602 0.185616 0.04577905
56 0.099462 0.0946113 0.14082 0.1274759 0.09802613 0.06291916 0.06580814 0.05887553 1.290965 0.2271406 0.187536 0.04500891
57 0.1037868 0.09402026 0.1418663 0.1221044 0.09752353 0.0607668 0.06043894 0.04709563 0.9421649 0.2266495 0.1904336 0.04289225
58 0.1101332 0.09450344 0.1568057 0.1249427 0.1188683 0.06046937 0.06163404 0.04611806 1.019271 0.2193912 0.187507 0.04044347
59 0.1009305 0.0960505 0.1404589 0.1191618 0.1001795 0.05902166 0.06085735 0.04881592 0.9052255 0.2176311 0.1874749 0.04115674
60 0.09968388 0.08470691 0.1403188 0.1198644 0.09926893 0.06183314 0.06186249 0.0470413 0.7567172 0.2384726 0.1868957 0.0457082
61 0.09915386 0.09799328 0.1397369 0.1274807 0.1028755 0.06517258 0.06876428 0.04864723 0.5255459 0.1986156 0.1835218 0.03632184
62 0.1018045 0.1102396 0.1397479 0.1428411 0.09924568 0.07091592 0.08825313 0.05620947 1.851435 0.2169239 0.1844137 0.04051687
63 0.1066931 0.09951568 0.1498357 0.1302521 0.1093966 0.07065541 0.07764808 0.04936997 1.778603 0.236377 0.1863258 0.04468133
64 0.09120682 0.08618905 0.1226007 0.1123885 0.0741442 0.04664597 0.04945527 0.04749775 0.6485419 0.2501515 0.1927727 0.04474432
65 0.1106666 0.1059758 0.1550901 0.1314938 0.1199638 0.06624838 0.06013374 0.06216859 1.768992 0.2166685 0.184874 0.04145437
67 0.1055752 0.1016227 0.147369 0.1349569 0.1148132 0.0720633 0.07449121 0.07004099 2.558795 0.2136583 0.1864968 0.04222194
69 0.1117334 0.09284139 0.1545892 0.1215751 0.121915 0.06868314 0.06172667 0.0516623 0.97206 0.2094738 0.1862852 0.04040128
70 0.09955139 0.09428585 0.1369206 0.1235314 0.09662853 0.06078927 0.06878014 0.04272342 1.020398 0.2312685 0.194933 0.04408199
71 0.1048962 0.08587214 0.1453975 0.1106076 0.1020636 0.05942163 0.05176941 0.05018843 0.8742125 0.2457952 0.1878121 0.04608758
72 0.1013377 0.09381354 0.1428366 0.1231793 0.1018243 0.06046615 0.06360606 0.05317514 0.8598151 0.2285208 0.1906526 0.041006
73 0.1078721 0.08650675 0.1503072 0.1183733 0.1087002 0.06493545 0.05775545 0.04822428 0.6381747 0.2063322 0.1825344 0.03993494
74 0.09870785 0.09089266 0.1380533 0.1216269 0.09821063 0.05892332 0.06573404 0.04845172 0.9470396 0.2330496 0.1895345 0.04384072
75 0.1059766 0.09196724 0.147728 0.1198048 0.1072556 0.06464971 0.06265787 0.05053279 0.7932076 0.2374686 0.1924153 0.04378805
76 0.1048784 0.09898156 0.1460233 0.1320011 0.1094625 0.0696392 0.07721298 0.04977714 1.367462 0.2224166 0.1884153 0.04154434
79 0.09191819 0.09395184 0.1287666 0.1197078 0.08412541 0.05407961 0.05743803 0.04980011 0.8093192 0.2127424 0.186254 0.03926916
80 0.1097244 0.1020295 0.150216 0.1268671 0.1099738 0.06806106 0.06829246 0.05385686 0.6373624 0.2203481 0.1892872 0.04093911
81 0.1177353 0.1093413 0.1606476 0.132068 0.1261003 0.07328868 0.06740414 0.05455931 0.9003441 0.2290513 0.1913275 0.04322416
82 0.1101214 0.09923799 0.1526357 0.125965 0.1170478 0.07032731 0.06524247 0.04951735 0.9977294 0.2261719 0.190092 0.04117303
83 0.09239021 0.09942645 0.1323611 0.1335179 0.0877378 0.06153563 0.08194669 0.04156342 0.9790157 0.2259967 0.1846414 0.04435779
84 0.1034929 0.0983628 0.1432864 0.1245792 0.1009998 0.06230461 0.06887405 0.0454618 1.033 0.2294367 0.1844006 0.04286854
85 0.1105118 0.1117115 0.1528163 0.1402085 0.1123738 0.0697322 0.07116325 0.05819744 1.417678 0.2208589 0.1866508 0.0412792
86 0.08946091 0.1109657 0.1235734 0.1394538 0.08224157 0.060924 0.07398831 0.05710949 0.843968 0.2354205 0.1921978 0.04499705
87 0.1066328 0.1020181 0.1430901 0.1248313 0.1034748 0.06566631 0.0660543 0.06119221 0.8557097 0.2172909 0.1850498 0.04105058
88 0.1124329 0.09387349 0.1563645 0.1219884 0.120635 0.06261742 0.05684628 0.05171035 0.9834473 0.2366304 0.1861009 0.04130977
89 0.09655823 0.08446818 0.1405806 0.1156533 0.09707683 0.0567471 0.05783086 0.05147025 0.7657714 0.2460632 0.1891558 0.04563625
90 0.09702243 0.1043924 0.135148 0.1331379 0.09120828 0.05844889 0.06907714 0.05655972 0.9442061 0.2179013 0.1898715 0.04225703
91 0.09595782 0.1037786 0.1315576 0.1243824 0.08940141 0.06397784 0.06608413 0.05168393 0.8665783 0.2168251 0.1852652 0.04180863
92 0.1099829 0.08217272 0.1518708 0.1095192 0.1112112 0.0567452 0.05100362 0.04595186 1.062698 0.2459983 0.1882298 0.04680551
93 0.1077312 0.0905742 0.1506409 0.1208119 0.1171954 0.06284942 0.06014559 0.06258548 1.133552 0.2240901 0.1833303 0.04083536
94 0.1020701 0.09958715 0.1456457 0.1263407 0.107826 0.0665845 0.07074837 0.05999277 0.9756744 0.2312064 0.1884231 0.04301507
95 0.09815385 0.09006632 0.1392784 0.1208678 0.09877384 0.0627548 0.06689849 0.05205195 1.177903 0.2264263 0.1831529 0.04279439
96 0.1127159 0.08098867 0.1533891 0.1083618 0.1144914 0.06118497 0.04975216 0.0486819 0.9925794 0.2424564 0.1920983 0.04534625
97 0.100088 0.1052945 0.1405578 0.1352545 0.1005205 0.06720183 0.08335382 0.04838125 0.7037575 0.2101404 0.1901749 0.03776746
98 0.1030782 0.0952082 0.1452444 0.1246734 0.1050018 0.06411927 0.06410751 0.0536666 0.8384151 0.2127945 0.1866102 0.0415684
99 0.1108199 0.08951567 0.1510296 0.1170992 0.1106238 0.06562938 0.05942545 0.05381176 0.7109832 0.2319337 0.1887689 0.04195577
100 0.1162932 0.11066 0.1608071 0.1392252 0.1276998 0.07708151 0.07199839 0.056404 1.424843 0.2144084 0.1805508 0.03956553
101 0.1040338 0.10401 0.147433 0.1353382 0.1124618 0.06854241 0.07532286 0.05554242 1.307209 0.2256518 0.1879334 0.04316786
102 0.1077267 0.1007857 0.1505214 0.1291782 0.1164478 0.06963579 0.06724092 0.05624493 1.642809 0.2310664 0.1917524 0.04495318
103 0.09422819 0.09199573 0.1328152 0.1218205 0.08818059 0.06208749 0.06362191 0.0502068 0.8277512 0.2371737 0.1906262 0.04484815
104 0.1129626 0.1062984 0.1582805 0.1327886 0.1217263 0.07104656 0.07013477 0.06261791 0.9475567 0.2120688 0.1873915 0.04102338
105 0.1033908 0.1044712 0.1467194 0.1377652 0.113656 0.07346111 0.08232659 0.06359217 0.9323433 0.2037976 0.182749 0.0376672
