1 5.433753 -0.3827861 -0.2143348 -0.6159368 0.507972 0.4591743 0.1300723 0.1648913 4.950593 -2.192055 -0.6169379 0.2756518
2 5.260792 -0.6636202 -0.1753448 -0.4003233 0.4874301 0.5143922 0.1511823 0.2768115 5.995004 -1.809246 -0.7662344 0.1722632
3 5.382818 -0.3942087 -0.04619864 -0.7529577 0.4871902 0.3666726 0.04970082 0.1864296 4.477848 -2.173362 -0.2361126 0.2305621
4 5.478321 -0.4067083 -0.2918267 -0.5583157 0.5827224 0.4101794 0.05487358 0.2804144 6.653534 -2.024915 -0.4460078 0.1808239
5 5.331404 -0.5272995 0.07659187 -0.4990436 0.4764462 0.334345 0.07611699 0.2381823 3.780098 -2.172402 -0.673298 0.2239126
6 5.209779 -0.5113911 -0.01457617 -0.5912125 0.392829 0.3536506 0.08687549 0.09206054 3.570817 -2.081777 -0.3718764 0.2115311
7 5.195506 -0.3442095 0.2314411 -0.656077 0.496547 0.4162608 0.08857977 0.260959 4.933704 -2.119069 -0.1956208 0.187754
8 5.378859 -0.3577389 -0.02516249 -0.764918 0.5080986 0.5016211 0.1202707 0.1643716 4.879443 -1.923077 -0.7393046 0.1842935
9 5.233048 -0.2494488 0.05563758 -0.9144644 0.511843 0.609331 -0.06221391 0.2640718 5.228498 -2.011587 -0.8355704 0.2487398
10 5.282838 -0.4662239 -0.1381648 -0.4265859 0.338272 0.6301876 0.005086031 0.1951323 3.948485 -1.982517 -0.6712038 0.2155368
11 5.248475 -0.3204918 0.09347828 -0.508278 0.4402279 0.4456605 0.0351507 0.2545482 5.165687 -2.295419 -0.4087737 0.2555833
12 5.376397 -0.4912153 -0.2232908 -0.4823931 0.4303119 0.4649198 0.1778764 0.1610888 3.723858 -2.082727 -0.3916111 0.2217781
13 5.313516 -0.3769776 -0.03521436 -0.7082899 0.4286554 0.5293647 0.06923329 0.1898334 4.334103 -2.429488 -0.669519 0.2911435
14 5.503996 -0.3746475 -0.1843307 -0.6285354 0.5247747 0.5139448 0.05052895 0.1557104 6.215295 -2.3031 -0.6604889 0.2929
15 5.538915 -0.4118412 -0.3006058 -0.6088785 0.4516914 0.2970726 0.08784874 0.1909919 3.909455 -2.1416 -0.5887396 0.2555537
16 5.318915 -0.4112711 -0.3101004 -0.5604697 0.5578179 0.5008678 0.1076149 0.2159923 6.936708 -2.296646 -0.3746562 0.2459824
17 5.477261 -0.5333371 -0.2183413 -0.443808 0.4758547 0.6101246 -0.04969279 0.3925921 6.360668 -2.197268 -0.7254794 0.2639874
18 5.399626 -0.4030885 -0.2463299 -0.5700852 0.3866555 0.6027992 0.083147 0.3161948 4.599889 -2.358201 -0.1963034 0.2502759
19 5.204738 -0.3590591 0.01396877 -0.7122688 0.5700719 0.4499258 0.08384598 0.1582244 4.97674 -1.913653 -0.6209443 0.1677103
20 5.437807 -0.4992134 -0.2048212 -0.5393754 0.4977504 0.3677713 0.05562267 0.3726099 6.648476 -2.317771 -0.6889062 0.2686369
21 5.387259 -0.5635507 -0.1369146 -0.5545 0.6128622 0.4999426 0.1586349 0.2193482 6.036113 -1.976541 -0.492413 0.1795271
22 5.462727 -0.3068182 -0.127351 -0.7875569 0.4338318 0.3911184 0.09466074 0.1970265 5.409365 -2.278487 -0.4547188 0.2673695
23 5.385017 -0.3109932 -0.02167238 -0.7130477 0.4968347 0.4292295 0.06825437 0.1634261 5.871085 -1.89116 -0.7584981 0.2173642
24 5.101898 -0.4459045 0.2307692 -0.4890801 0.5510767 0.4716159 0.1293859 0.1304483 6.351643 -1.918548 -0.7524061 0.2187148
25 5.48637 -0.4465653 -0.3524057 -0.4895996 0.4993748 0.3018664 0.03686005 0.2050916 5.135416 -2.360705 -0.5138656 0.2621385
26 5.364719 -0.5150307 -0.1924319 -0.3816373 0.6366564 0.2908785 0.07909833 0.2831394 5.833513 -2.128539 -0.5406287 0.2385571
27 5.282062 -0.6036893 0.06048312 -0.4292849 0.4789099 0.4871622 0.092316 0.1738715 5.998476 -1.790836 -0.7286519 0.2173867
28 5.542352 -0.3719652 -0.1505996 -0.7283673 0.5437671 0.1996259 0.1324733 0.1828266 4.482714 -2.394366 -0.485905 0.2836923
29 5.377783 -0.2795408 -0.01694661 -0.6750491 0.5016063 0.3718818 0.1229664 0.3317125 5.090208 -2.170475 -0.5957298 0.2482195
30 5.346419 -0.3886448 0.006844398 -0.5564127 0.4220798 0.3682721 0.06721039 0.2965771 4.55703 -1.894422 -0.7476971 0.2062627
31 5.331852 -0.4846158 -0.03670711 -0.5116357 0.3723611 0.4149827 0.1353261 0.1480326 3.911115 -2.237799 -0.4872055 0.2293321
32 5.442889 -0.4652489 -0.06425441 -0.5274331 0.4856014 0.3944673 0.1442517 0.09999011 5.376931 -2.533504 -0.4059056 0.3076687
33 5.365001 -0.4145899 -0.3722162 -0.5560619 0.5248041 0.3958508 0.09767218 0.177194 7.236795 -1.98721 -0.494151 0.2354809
34 5.516268 -0.5705071 -0.1052486 -0.5655349 0.375473 0.3707775 0.08077784 0.07654045 3.150492 -1.998031 -0.447285 0.2001387
35 5.36621 -0.4097516 0.1208093 -0.5327398 0.5921671 0.3727652 0.127907 0.2002494 5.782115 -1.92187 -0.9094322 0.2363231
36 5.313726 -0.4481514 -0.05902521 -0.4936658 0.5474199 0.3087898 0.1267823 0.1655734 4.880053 -1.998872 -0.6973412 0.1937741
37 5.403578 -0.2904083 0.1020559 -0.8868957 0.4300907 0.3485595 0.1156247 0.2785915 4.253145 -2.226771 -0.5767614 0.2332821
38 5.272312 -0.3538262 -0.07161955 -0.5626765 0.4394923 0.4560374 0.1851115 0.3173569 4.522113 -1.952152 -0.5456928 0.2016953
39 5.382861 -0.5203255 0.001788162 -0.6102487 0.5607169 0.3117574 0.0882891 0.1400296 6.179657 -2.295184 -0.4556134 0.2846429
40 5.291425 -0.4077976 0.04166184 -0.55345 0.5593545 0.5618573 0.05174785 0.2951248 9.706062 -1.984037 -0.6000429 0.2320091
41 5.348997 -0.4718698 -0.07825087 -0.6301317 0.5581717 0.5048242 0.04397668 0.1881733 8.511132 -2.435517 -0.3596782 0.2994707
42 5.308751 -0.4331224 0.02558986 -0.5799107 0.4362003 0.4254511 0.1092609 0.1576648 4.068353 -2.120922 -0.4083446 0.2425814
43 5.330212 -0.3834269 0.01940955 -0.6924433 0.4952852 0.4276602 -0.1104679 0.3662726 10.08314 -2.461894 -0.2911922 0.2853355
44 5.355625 -0.4824758 -0.2459833 -0.7037363 0.504397 0.4135201 0.1435516 0.1487805 3.721766 -2.125579 -0.3058475 0.2162895
45 5.301522 -0.4578863 0.04517975 -0.57128 0.5770707 0.5476331 0.05042466 0.2898443 5.881166 -2.119179 -0.6218187 0.1873737
46 5.37961 -0.4542038 -0.1715641 -0.5883685 0.4911221 0.4581906 0.01051886 0.1693776 4.153602 -1.929098 -0.6168812 0.2295881
47 5.170201 -0.3165357 0.259984 -0.680712 0.4583562 0.4038332 0.03775643 0.2150337 4.90892 -2.222 -0.9376506 0.286369
48 5.252361 -0.4319833 0.07079247 -0.716874 0.4910246 0.5440168 0.1684857 0.1394458 3.770225 -2.081035 -0.4057109 0.2206485
49 5.452992 -0.2550077 -0.07359356 -0.8005023 0.4634868 0.3290303 0.1074106 0.2010773 6.149651 -2.284663 -0.3794729 0.2207086
50 5.384556 -0.3383447 -0.3558014 -0.6514432 0.5010867 0.4204773 0.1112764 0.2305775 6.326152 -2.251852 -0.6801755 0.2909435
51 5.520109 -0.4451692 -0.1959533 -0.5737985 0.4357714 0.3433267 0.0378374 0.2485249 4.287447 -2.060966 -0.6004183 0.1731802
52 5.100606 -0.3902264 0.2287058 -0.5657698 0.6569075 0.4711965 0.1254003 0.2094337 5.517607 -1.918592 -0.6499834 0.1632426
53 5.457439 -0.4202938 -0.09530893 -0.5522539 0.4433545 0.5223326 0.003280055 0.2187123 4.730634 -2.283283 -0.5600923 0.2761554
54 5.440828 -0.5707674 -0.2340168 -0.3220978 0.363035 0.3975786 0.06265865 0.1988561 4.574703 -2.334107 -0.5680422 0.2750277
55 5.534895 -0.3600379 -0.2301199 -0.7309825 0.5113449 0.3519243 0.07775156 0.1355737 4.473689 -2.187133 -0.4609609 0.2161033
56 5.292707 -0.3729099 -0.1414914 -0.6344185 0.4919511 0.3352228 0.0994715 0.2018815 4.312029 -1.895969 -0.6096986 0.1955178
57 5.137042 -0.2692555 0.2322492 -0.8083721 0.4746933 0.32124 0.1285916 0.1519576 5.042883 -1.966044 -0.628811 0.2259014
58 5.30901 -0.4725545 -0.05104496 -0.6286943 0.5006481 0.516164 0.05811423 0.2027548 5.529792 -1.911609 -0.6290557 0.1911241
59 5.294224 -0.5211344 -0.1988585 -0.4807819 0.3934701 0.3112106 0.05113779 0.1924012 4.150243 -2.139012 -0.6971684 0.2910921
60 5.439891 -0.5705124 -0.2032848 -0.3307618 0.4689621 0.3549898 0.05079296 0.2062273 5.036536 -2.048413 -0.6548298 0.2329656
61 5.277163 -0.4989135 -0.1248135 -0.5982531 0.5786545 0.416455 0.151629 0.3371845 6.101947 -1.725826 -0.6518437 0.147511
62 5.249227 -0.3553431 -0.04646059 -0.6869713 0.5778996 0.4681803 0.08326566 0.3704629 5.627419 -2.025317 -0.5979161 0.1977487
63 5.270534 -0.2770068 -0.1120371 -0.8069447 0.5496703 0.5167443 0.04505543 0.1904491 5.996446 -2.234027 -0.5110524 0.2906696
64 5.138499 -0.3340308 0.1602821 -0.6950544 0.5137763 0.4623871 0.09707309 0.1825602 5.40249 -2.183624 -0.5101274 0.2290777
65 5.146295 -0.3753588 0.1265635 -0.7718475 0.4820439 0.4760767 0.04910138 0.2065434 9.104875 -2.229883 -0.7183204 0.2779989
66 5.335271 -0.3725227 -0.3046904 -0.4588331 0.3879088 0.3049951 0.1027008 0.07755642 4.398704 -2.209438 -0.6150036 0.2571187
67 5.409372 -0.5390939 -0.1646323 -0.5181697 0.513816 0.4695109 0.1252406 0.1621325 4.264117 -1.919211 -0.72062 0.2073916
68 5.374449 -0.3841736 -0.1039069 -0.6680577 0.5117244 0.3837318 0.1199932 0.2289647 4.567523 -1.921096 -0.5563865 0.1834665
69 5.381969 -0.4237086 -0.2969444 -0.5309532 0.4909708 0.4618206 0.0648851 0.3000087 6.821703 -2.090524 -0.4242695 0.229181
70 5.153895 -0.3388945 0.1326728 -0.7869744 0.5164451 0.3127909 0.09323353 0.1747043 4.451986 -2.030226 -0.7674736 0.2190425
71 5.270866 -0.5580559 0.1202462 -0.3317196 0.450976 0.6143223 0.02990468 0.2605318 5.671542 -2.241814 -0.7041051 0.3232773
72 5.212391 -0.1695055 -0.08640584 -0.8764645 0.4381847 0.3970739 0.03084109 0.1326151 4.301823 -2.169545 -0.5670944 0.2387443
73 5.339113 -0.5537128 0.03315556 -0.5627615 0.4715771 0.3169532 0.1123244 0.2260437 6.662314 -2.446312 -0.1778658 0.2881087
74 5.296782 -0.4703786 0.02725314 -0.558806 0.4837175 0.3572932 0.01223672 0.1464119 4.771541 -2.262667 -0.5268828 0.3056078
75 5.367629 -0.3505121 0.0748931 -0.7546367 0.5033115 0.5922075 -0.005874091 0.3175692 6.579788 -2.027688 -0.4267591 0.2230146
76 5.325727 -0.5495108 -0.08602389 -0.6011721 0.5030957 0.472205 0.1083692 0.2442775 4.47158 -2.20558 -0.7162488 0.2827955
77 5.294149 -0.3673475 -0.07419073 -0.455609 0.6101711 0.548352 0.004448454 0.3604878 5.042181 -1.937692 -0.4687337 0.1868995
78 5.42853 -0.3683687 -0.2125062 -0.5698031 0.482725 0.4584616 0.1077574 0.3120173 8.161572 -2.132106 -0.4945863 0.2641217
79 5.311089 -0.4369534 0.02118787 -0.6011385 0.5028619 0.3606916 0.06821702 0.2354552 9.367029 -2.388894 -0.5755057 0.2971644
80 5.352558 -0.2692623 -0.1760611 -0.7814908 0.5014509 0.601949 -0.02822029 0.2521529 5.864572 -2.197557 -0.6667441 0.2699827
81 5.442826 -0.4869469 -0.2683817 -0.5712401 0.4331271 0.5957033 0.1550025 0.1402201 10.01215 -2.413327 -0.2468518 0.2967553
82 5.341779 -0.3604242 -0.1180163 -0.5209462 0.4224743 0.3538497 0.1268538 0.2180288 5.627774 -2.181901 -1.010727 0.2871407
83 5.406276 -0.5817181 -0.2396153 -0.5960035 0.5005386 0.3200796 0.1300655 0.1422509 4.493012 -2.237066 -0.6532966 0.2615325
84 5.340107 -0.434727 -0.1379224 -0.5178165 0.5607069 0.3602418 0.06269531 0.2139918 4.29995 -2.117542 -0.5179021 0.2505414
85 5.317167 -0.2117996 0.05778501 -0.7821419 0.4777827 0.2830826 0.1089881 0.1810522 3.61711 -1.746322 -0.7941429 0.18157
86 5.339291 -0.3887614 -0.09012042 -0.6498927 0.4666708 0.3004187 0.1541922 0.1410496 6.061292 -2.315657 -0.2096323 0.2811577
87 5.316722 -0.3111014 -0.2258657 -0.7637461 0.4626361 0.3676644 0.06246431 0.2434253 4.727095 -2.158146 -0.3766937 0.2219749
88 5.350309 -0.4950431 -0.07095191 -0.5405071 0.4056264 0.5009084 -0.02258251 0.202933 5.931616 -2.187619 -0.5077017 0.2657078
89 5.459497 -0.370189 -0.33827 -0.7422357 0.4567362 0.2726161 0.06273051 0.2955872 4.896341 -2.301029 -0.3749745 0.2808997
90 5.365323 -0.4777565 -0.2039322 -0.5475754 0.4377564 0.3711022 0.104687 0.2107559 5.788777 -2.286531 -0.3733333 0.2355439
91 5.219476 -0.3984872 -0.06117264 -0.6018622 0.4715833 0.415135 0.04419938 0.1577222 5.914396 -2.297984 -0.377778 0.2583476
92 5.136686 -0.4638143 -0.01098046 -0.3940758 0.5084631 0.3442351 0.07668507 0.2258534 4.159 -1.926323 -0.6815092 0.2027355
93 5.300758 -0.402227 -0.1039288 -0.5650537 0.4810438 0.5387957 0.1677593 0.1629498 6.703771 -2.304371 -0.526487 0.2931803
94 5.288849 -0.3588236 0.04525744 -0.7154205 0.5199339 0.4448832 0.1136818 0.2794608 6.053889 -2.03821 -0.7272393 0.2342303
95 5.330602 -0.2725937 0.104332 -0.7605931 0.5270403 0.4220393 0.1411584 0.1570359 4.299911 -2.163717 -0.5059621 0.2346723
96 5.525522 -0.4738611 -0.06891338 -0.5998783 0.5591477 0.3514255 0.08319999 0.2451537 5.705235 -2.085279 -0.6799185 0.2233491
97 5.33073 -0.4929681 -0.01428749 -0.4757789 0.483655 0.2470838 0.1265741 0.1995701 4.528309 -2.146514 -0.7945515 0.2643615
98 5.494283 -0.4006847 -0.1793615 -0.5827124 0.4120898 0.3397302 0.05386978 0.2452073 4.152048 -2.062929 -0.4793785 0.2412369
99 5.540267 -0.3555256 -0.3344278 -0.896836 0.5156775 0.2875465 0.1494523 0.1885588 4.339072 -2.219128 -0.4271529 0.2375538
100 5.26382 -0.3425557 -0.02737844 -0.6175645 0.5386608 0.4920236 0.03087253 0.2248974 4.831831 -2.028473 -0.5832045 0.195684
