1 0.1268543 0.1266723 0.1773902 0.1603114 0.2508944 0.1585319 0.1407548 0.2413118 0.2168497 0.1825222 0.04164944
2 0.1102395 0.1128451 0.1535598 0.1394532 0.1701079 0.1070704 0.09556977 0.1276899 0.2442588 0.1940014 0.04814577
3 0.1783135 0.1616997 0.2347101 0.186028 1.651117 1.259924 1.298023 1.753672 0.1973337 0.1812105 0.03822099
4 0.1297391 0.1383861 0.1806647 0.1756804 0.2611772 0.1824839 0.170922 0.1972045 0.2099216 0.1883132 0.04031802
5 0.120539 0.1216204 0.167871 0.15083 0.2158777 0.1355045 0.1304578 0.1691022 0.2262342 0.186747 0.04170281
6 0.1178363 0.1233973 0.1639034 0.151462 0.2050654 0.1303226 0.123586 0.1492628 0.2333715 0.1891613 0.04433782
7 0.1064442 0.1170501 0.1477091 0.1529837 0.1718274 0.1191703 0.1124884 0.1312893 0.2465323 0.19227 0.04813564
8 0.1313856 0.1608226 0.1826498 0.1784903 0.5615457 0.3507598 0.261137 0.5789401 0.2186012 0.187438 0.04083193
9 0.1244207 0.1418175 0.1733897 0.1741957 0.3117161 0.203857 0.177424 0.2693555 0.2260038 0.1882417 0.0425308
10 0.1331535 0.112891 0.1870328 0.1506496 0.2647354 0.1591973 0.1276064 0.2185542 0.2289767 0.1880133 0.04368759
11 0.1349905 0.1317697 0.1888927 0.1657208 0.2748507 0.1699999 0.1501899 0.2370983 0.2176978 0.186339 0.04022311
12 0.1311595 0.130028 0.1836928 0.1645443 0.2968102 0.1974925 0.1625584 0.2255582 0.2241627 0.1849181 0.04202988
13 0.1158494 0.1104772 0.1613697 0.1442335 0.1938421 0.1263278 0.1236472 0.1430461 0.2408794 0.1907088 0.04506487
15 0.1092525 0.1328442 0.1522874 0.1620139 0.1816788 0.1182395 0.1109085 0.1476079 0.220486 0.1857628 0.04297657
16 0.1306911 0.1428168 0.1826998 0.176549 0.277839 0.1954266 0.1814045 0.2032158 0.2234614 0.1842956 0.04188211
17 0.144035 0.1295444 0.2014809 0.1623562 0.3799644 0.2518877 0.2229572 0.3128265 0.2121764 0.1837806 0.03858064
18 0.1760211 0.1118108 0.2467985 0.1422821 NA NA NA NA 0.2148719 0.1863791 0.04212955
19 0.1212765 0.1189208 0.1693823 0.1530552 0.2312805 0.161322 0.153743 0.1611507 0.2503432 0.1924765 0.04403715
20 0.1298315 0.1141915 0.1823499 0.1475369 0.2736495 0.1542839 0.1333291 0.2231528 0.236821 0.185517 0.04347899
21 0.1168036 0.1111225 0.1633896 0.1494576 0.2003958 0.1263971 0.1237804 0.1541802 0.2229276 0.1845178 0.04271397
22 0.1109732 0.1109553 0.1554677 0.1501243 0.1997329 0.13415 0.1391106 0.1634339 0.2316125 0.1834663 0.04357838
23 0.1163491 0.1439549 0.1628985 0.1819225 0.1913758 0.1312962 0.1572758 0.1532416 0.2201582 0.1855568 0.04092812
24 0.1228075 0.1502948 0.1709243 0.1845925 0.2319775 0.1616853 0.1805432 0.1955402 0.2255365 0.1915096 0.04331567
25 0.1150523 0.1152062 0.1616825 0.1526505 0.2010739 0.1282017 0.1428008 0.182357 0.230337 0.1882951 0.04419714
26 0.1325413 0.1174826 0.1855687 0.1506049 0.2413589 0.1537349 0.1353533 0.1600934 0.2329755 0.1885829 0.04213711
27 0.1272703 0.1151549 0.1785081 0.1477085 0.2470478 0.1608331 0.1564896 0.2049141 0.2303956 0.1814798 0.04318967
28 0.1390665 0.1403163 0.1948593 0.1737748 0.2727674 0.1656859 0.1421361 0.2314353 0.2073743 0.183025 0.03967536
29 0.1253429 0.1394224 0.1741391 0.1717915 0.2303962 0.1669068 0.1801929 0.1726314 0.219369 0.1918985 0.04185937
30 0.1261667 0.1351376 0.1766523 0.1764941 0.2334727 0.1522561 0.1655005 0.1806296 0.2217475 0.188347 0.04020066
31 0.1312314 0.1171857 0.1837449 0.1522893 0.2391076 0.1468201 0.1386892 0.1997556 0.2210037 0.186098 0.04228391
32 0.1265833 0.1264817 0.1764531 0.1656104 0.2451696 0.1810069 0.1926718 0.191133 0.2314825 0.1876092 0.04158199
33 0.1172212 0.1259157 0.1630197 0.1565924 0.2153303 0.1280069 0.1130259 0.1881265 0.2268017 0.1880661 0.04523402
34 0.132878 0.1428453 0.1856003 0.1910537 0.3441973 0.2490052 0.2565156 0.3065916 0.209142 0.1826728 0.03953997
35 0.11767 0.1236894 0.1647169 0.1587852 0.1949211 0.1213827 0.116456 0.1517407 0.21815 0.1847218 0.04238938
36 0.1140809 0.1174002 0.1598054 0.150884 0.2291851 0.1522674 0.1572766 0.2026516 0.2384589 0.1917922 0.04472829
37 0.1102674 0.1149681 0.1538899 0.1470384 0.1870005 0.1314329 0.1337891 0.1283386 0.2427671 0.1895308 0.04569036
38 0.1316788 0.1264337 0.183824 0.1656957 0.3728753 0.2552999 0.2115082 0.3286632 0.2270349 0.1845549 0.0404344
39 0.1206748 0.1575413 0.1689724 0.2072013 0.241147 0.1811089 0.1987344 0.1885116 0.2285548 0.1881756 0.04111494
40 0.1249554 0.1402386 0.1742172 0.1735325 0.2644855 0.1708193 0.1543751 0.2158292 0.2232923 0.1901127 0.04197953
41 0.1258486 0.1378386 0.1758957 0.1758698 0.2712992 0.1974737 0.1884352 0.2293227 0.2331922 0.1871264 0.04364982
42 0.1206302 0.1239317 0.1677013 0.159573 0.2914068 0.1783105 0.1906785 0.3016269 0.2231916 0.1897532 0.04150939
43 0.1532182 0.1267101 0.2141198 0.1643353 0.3525502 0.1754678 0.1656684 0.3455854 0.2251926 0.1905416 0.04278469
44 0.1220474 0.133526 0.1708401 0.1718777 0.237457 0.1727656 0.1631246 0.1565322 0.2158869 0.185634 0.04019947
45 0.1145355 0.125777 0.1599749 0.1633631 0.188282 0.1291767 0.1329904 0.141418 0.2389622 0.1907578 0.04511016
46 0.1266289 0.1238003 0.1763249 0.1565987 0.3251154 0.2150743 0.1900678 0.3364481 0.2338341 0.1934623 0.04207565
47 0.1268328 0.1176352 0.1804022 0.1447729 0.9461818 0.6704587 0.5478475 0.9652353 0.2345618 0.1903646 0.04495126
48 0.1232393 0.1194435 0.1731245 0.1578182 0.2391972 0.1622959 0.137755 0.1702502 0.2243243 0.1851759 0.04187066
49 0.1206497 0.1305812 0.1679228 0.1589192 0.2203892 0.1325128 0.1074756 0.1920684 0.246394 0.194027 0.04794712
50 0.1268084 0.1108329 0.1771543 0.1427646 0.2381573 0.13974 0.1157732 0.1871453 0.2294823 0.1862106 0.04260998
51 0.1295391 0.1376612 0.179938 0.1684713 0.2737353 0.160514 0.1614435 0.245999 0.206522 0.1866931 0.04112931
52 0.1384634 0.1598208 0.1933333 0.1982228 0.3041787 0.1850814 0.1568828 0.2612117 0.2221351 0.1853407 0.04105906
53 0.1286599 0.1126891 0.1804493 0.1500752 0.2533502 0.168673 0.1557578 0.1863005 0.2266486 0.1854859 0.04317758
54 0.1206409 0.125021 0.1691959 0.1595369 0.3713442 0.2472979 0.2418661 0.3882041 0.221109 0.1859787 0.04095903
55 0.1168755 0.1079128 0.164233 0.1428036 0.2026949 0.139119 0.1272641 0.1429761 0.2422602 0.185616 0.04577905
56 0.1196933 0.1237837 0.1677011 0.1632341 0.2031792 0.1256031 0.1235612 0.1744234 0.2271406 0.187536 0.04500891
57 0.1177488 0.1437859 0.1635819 0.1815426 0.2154261 0.1673307 0.1880061 0.1793485 0.2266495 0.1904336 0.04289225
58 0.1286029 0.1178126 0.1796255 0.1509187 0.2241459 0.1251093 0.1101607 0.1872902 0.2193912 0.187507 0.04044347
59 0.1359669 0.115041 0.1902129 0.1461129 0.2393435 0.1354904 0.1173709 0.1990417 0.2176311 0.1874749 0.04115674
60 0.1317796 0.1104402 0.1853479 0.1486348 0.2874361 0.1655955 0.1260721 0.2482947 0.2384726 0.1868957 0.0457082
61 0.1497429 0.163241 0.208743 0.5013419 3.307002 2.806169 2.60029 3.093567 0.1986156 0.1835218 0.03632184
62 0.1178633 0.1370496 0.1642404 0.167907 0.2106896 0.1428661 0.1547724 0.193011 0.2169239 0.1844137 0.04051687
63 0.1134308 0.1072324 0.1597223 0.1491201 0.2133069 0.1394144 0.126994 0.1861156 0.236377 0.1863258 0.04468133
64 0.1181893 0.1144285 0.1646674 0.1496521 0.2128357 0.1354892 0.1200733 0.1535883 0.2501515 0.1927727 0.04474432
65 0.1287679 0.1237441 0.179072 0.1513466 0.2359827 0.1447931 0.1244899 0.1973575 0.2166685 0.184874 0.04145437
67 0.1212134 0.1281748 0.1697667 0.1666532 0.2158537 0.1447996 0.1331786 0.1525368 0.2136583 0.1864968 0.04222194
69 0.1355349 0.1220525 0.1894811 0.1515857 0.2846638 0.1659257 0.1315636 0.2211273 0.2094738 0.1862852 0.04040128
70 0.1254614 0.1037285 0.175431 0.1355732 0.3223533 0.2131835 0.1831097 0.2714928 0.2312685 0.194933 0.04408199
71 0.1207614 0.1049198 0.1690595 0.1449819 0.2200698 0.1472673 0.1422334 0.1718339 0.2457952 0.1878121 0.04608758
72 0.1274567 0.1207805 0.1775018 0.1536375 0.2526496 0.1488806 0.1273719 0.2196336 0.2285208 0.1906526 0.041006
73 0.1372752 0.124239 0.1915887 0.1560407 0.3239255 0.2234343 0.1884837 0.2226112 0.2063322 0.1825344 0.03993494
74 0.1249715 0.1328988 0.1742899 0.1720192 0.3056521 0.205111 0.1999381 0.2839715 0.2330496 0.1895345 0.04384072
75 0.1308317 0.1092385 0.1827872 0.1409441 0.2178046 0.1248374 0.1054646 0.1731618 0.2374686 0.1924153 0.04378805
76 0.1223368 0.1235812 0.17129 0.1569686 0.2609133 0.168916 0.1767428 0.2352885 0.2224166 0.1884153 0.04154434
79 0.1198889 0.1190376 0.1670832 0.1569077 0.2189882 0.15801 0.1537479 0.1320436 0.2127424 0.186254 0.03926916
80 0.1288653 0.1316075 0.1796681 0.1698726 0.2794566 0.190066 0.172075 0.2206887 0.2203481 0.1892872 0.04093911
81 0.1314769 0.1321794 0.1841171 0.163816 0.2827703 0.1629416 0.1316845 0.251014 0.2290513 0.1913275 0.04322416
82 0.1273262 0.1185204 0.1783802 0.1512969 0.2477755 0.1388872 0.1165162 0.2095562 0.2261719 0.190092 0.04117303
83 0.1139673 0.1212789 0.1595027 0.1617563 NA NA NA NA 0.2259967 0.1846414 0.04435779
84 0.1180519 0.1341234 0.1649547 0.1849167 0.4626454 0.2925139 0.2473806 0.4961166 0.2294367 0.1844006 0.04286854
85 0.1214023 0.1430411 0.1699794 0.1837523 0.2376978 0.1503687 0.1483393 0.2062696 0.2208589 0.1866508 0.0412792
86 0.1178742 0.1484124 0.1635255 0.1787388 0.2497588 0.1927098 0.1781567 0.1797186 0.2354205 0.1921978 0.04499705
87 0.123255 0.1457683 0.1724264 0.1813271 0.2375102 0.169475 0.1644077 0.1893386 0.2172909 0.1850498 0.04105058
88 0.1387282 0.1138764 0.1947588 0.1538791 0.2887382 0.1778578 0.1414622 0.2213203 0.2366304 0.1861009 0.04130977
89 0.1244415 0.1191212 0.1750462 0.1562866 0.2099079 0.1298673 0.1295823 0.1615521 0.2460632 0.1891558 0.04563625
90 0.1261935 0.1423276 0.1750509 0.1806147 0.2337761 0.1517523 0.1604659 0.1468197 0.2179013 0.1898715 0.04225703
91 0.1225601 0.12249 0.1705619 0.1572365 0.2730656 0.1959661 0.1934138 0.2353089 0.2168251 0.1852652 0.04180863
92 0.1232583 0.106028 0.1731524 0.1386944 0.2008229 0.112198 0.0924649 0.1536535 0.2459983 0.1882298 0.04680551
93 0.1511975 0.1091151 0.2127757 0.1456632 0.3449778 0.2102748 0.1760504 0.2953526 0.2240901 0.1833303 0.04083536
94 0.1277582 0.1311804 0.1776735 0.1646085 0.2503945 0.1800298 0.1893391 0.1764189 0.2312064 0.1884231 0.04301507
95 0.12355 0.1121432 0.1738158 0.1512132 0.2125283 0.1306446 0.1330334 0.1710109 0.2264263 0.1831529 0.04279439
96 0.1208212 0.1070451 0.169323 0.1390292 0.2052141 0.1272276 0.108157 0.1483999 0.2424564 0.1920983 0.04534625
97 0.1366964 0.1580365 0.1897082 0.1916504 NA NA NA NA 0.2101404 0.1901749 0.03776746
98 0.1245214 0.1252828 0.1742571 0.1653082 0.2356324 0.1627402 0.1572368 0.1628617 0.2127945 0.1866102 0.0415684
99 0.1365841 0.1123096 0.1913385 0.1509304 0.2482842 0.1436932 0.1244719 0.2197946 0.2319337 0.1887689 0.04195577
100 0.1326609 0.1306919 0.1856543 0.1706508 0.278913 0.1804586 0.1563496 0.255897 0.2144084 0.1805508 0.03956553
101 0.1273233 0.1209113 0.1776605 0.1523903 0.2404238 0.1601414 0.142724 0.1779055 0.2256518 0.1879334 0.04316786
102 0.1202774 0.1236972 0.1684922 0.1584917 0.2243149 0.1500623 0.1216327 0.1763679 0.2310664 0.1917524 0.04495318
103 0.1186404 0.1244834 0.1650929 0.1609943 0.2078111 0.1302575 0.1308736 0.1758149 0.2371737 0.1906262 0.04484815
104 0.1390114 0.1383067 0.1927044 0.1706596 0.2664704 0.1733293 0.1686063 0.1802583 0.2120688 0.1873915 0.04102338
105 0.1345342 0.133333 0.1877508 0.1774993 0.2907589 0.2250051 0.2258151 0.189578 0.2037976 0.182749 0.0376672
