1 5.2653 -0.4678245 -0.01581414 -0.6618448 1.288757 0.4382122 0.2286312 0.2072701 -2.012757 -0.4163864 0.2253622
2 5.185246 -0.4623157 0.1553336 -0.6052062 0.9382755 0.3679801 0.2009875 0.1763536 -2.280773 -0.9164789 0.3101119
3 5.127372 -0.4771947 0.2128045 -0.6144059 1.695944 1.114482 0.3533198 0.2082766 -1.651074 -0.6600813 0.149031
4 5.310237 -0.5245832 0.08399765 -0.5697127 1.520228 0.3098337 0.2045196 0.2553159 -1.840019 -0.7475635 0.1869785
5 5.5505 -0.3268566 -0.3644022 -0.8557728 1.082968 0.455627 0.1935261 0.1410777 -1.963374 -0.6625322 0.2303974
6 5.462395 -0.4712694 -0.2089366 -0.5577381 1.1049 0.3839805 0.2381303 0.2166282 -2.092181 -0.7413343 0.233215
7 5.352808 -0.4835896 -0.04987738 -0.5992357 1.120312 0.1164448 0.1037897 0.249148 -2.237504 -0.795782 0.2790945
8 5.488047 -0.5491234 -0.0733855 -0.6003016 1.327333 0.494405 0.127658 0.2134114 -1.918699 -0.7439824 0.2204143
9 5.395336 -0.5063479 -0.2827831 -0.590374 1.193601 0.4415953 0.3453556 0.3700099 -2.140836 -0.6654007 0.2876384
10 5.225669 -0.4907433 0.004306674 -0.631264 1.209738 0.7001226 0.1692593 0.1008833 -2.196163 -0.5186141 0.2679494
11 5.282448 -0.09910228 0.1083035 -0.8505703 1.36236 0.5891041 0.1819524 0.1578699 -1.934716 -0.7055047 0.1996286
12 5.162982 -0.3690994 0.04535656 -0.5029423 1.268045 0.5750141 0.3216931 0.2493891 -2.133875 -0.5266027 0.2412408
13 5.390326 -0.3671786 -0.1830259 -0.7152981 1.147707 0.3112439 0.1885545 0.180177 -2.206937 -0.5726146 0.2296001
15 5.310582 -0.5294055 -0.2559446 -0.2535549 1.070797 0.2183742 0.1886167 0.2838244 -1.944145 -0.687747 0.2039882
16 5.377495 -0.5862155 -0.09434446 -0.5932167 1.474522 0.3805821 0.2326003 0.2286849 -2.196767 -0.4164193 0.2721469
17 5.387673 -0.4574578 0.1318938 -0.5794311 1.367866 0.814015 0.2723573 0.1474615 -2.000498 -0.5073036 0.219501
18 5.357911 -0.5556244 -0.4230909 -0.4512859 1.463887 1.796794 -0.08825436 0.06301517 -1.822815 -0.7084894 0.1808486
19 5.681912 -0.4757887 -0.4430775 -0.5625737 1.260685 0.3498413 0.2002026 0.1783776 -2.431333 -0.3797729 0.2760721
20 5.312924 -0.3791865 -0.03162421 -0.6529577 1.17383 0.6253671 0.2023556 0.1254627 -2.324457 -0.3311045 0.2734366
21 5.320267 -0.4436518 -0.01749753 -0.5892132 1.15373 0.3361168 0.2194265 0.2244019 -2.077718 -0.419284 0.193983
22 5.298797 -0.3970558 0.006239841 -0.6262409 1.08547 0.2567733 0.2035764 0.2529394 -2.260409 -0.2819888 0.2493377
23 5.371456 -0.5041387 -0.3357322 -0.4246435 1.194947 0.2842745 0.3189183 0.5176273 -2.051751 -0.282566 0.1664801
24 5.309792 -0.540615 -0.0111919 -0.4642743 1.314534 0.3150926 0.3344274 0.5035245 -2.104459 -0.7658242 0.2299496
25 5.263937 -0.4782232 0.1721207 -0.7200422 1.104865 0.3454266 0.2373022 0.2626978 -2.245974 -0.4579031 0.2360449
26 5.564984 -0.4875585 -0.2756723 -0.4741098 1.436298 0.4821064 0.1338948 0.08769966 -2.230135 -0.3852823 0.2259927
27 5.29935 -0.4729767 -0.02156619 -0.4133078 1.231333 0.5118529 0.1795813 0.1246272 -2.268946 -0.3427842 0.2662497
28 5.169817 -0.5251437 0.2934085 -0.8022221 1.613586 0.4828047 0.1986972 0.2002184 -1.907901 -0.4862571 0.1948809
29 5.317188 -0.4492044 -0.07615874 -0.7192495 1.338217 0.3636326 0.2676437 0.2993689 -1.899168 -0.8819534 0.2078119
30 5.322412 -0.2610122 -0.1329782 -0.9552349 1.164306 0.5324827 0.4183807 0.4202794 -2.139907 -0.5194297 0.2347604
31 5.284261 -0.5431781 -0.2097834 -0.2360697 1.131781 0.6817227 0.2752364 0.1635369 -2.064343 -0.6022523 0.2460919
32 5.345231 -0.1290365 0.03675459 -0.9068935 1.313338 0.3967179 0.2552761 0.2439234 -2.192098 -0.5613653 0.2553273
33 5.24646 -0.5034821 0.07906239 -0.5448694 1.146097 0.3140398 0.1643072 0.165542 -2.050543 -0.8240761 0.2814618
34 5.297551 -0.3267119 0.1222624 -0.8987625 1.494633 0.3928535 0.2381673 0.2407133 -1.80727 -0.6019406 0.2093755
35 5.315107 -0.4778269 0.1040019 -0.4960547 1.105119 0.3836316 0.2406429 0.2428087 -2.036948 -0.7496592 0.2363326
36 5.323734 -0.3047168 0.02824891 -0.6941241 1.067507 0.3426729 0.2258853 0.2355586 -2.240454 -0.7312327 0.2712121
37 5.451275 -0.558606 -0.08724675 -0.470121 1.062324 0.2686952 0.213709 0.245682 -2.361877 -0.4755879 0.2593645
38 5.37857 -0.1975714 -0.1310769 -0.869391 1.317162 0.5352092 0.2738637 0.2237841 -2.200723 -0.3029215 0.238052
39 5.423704 -0.4683346 -0.1913606 -0.6796003 1.385814 0.2141631 0.3424555 0.8000557 -2.277183 -0.247216 0.2352244
40 5.277634 -0.3758505 0.11559 -0.6926928 1.248347 0.4214439 0.2628467 0.2896419 -2.037338 -0.7695727 0.2339525
41 5.261163 -0.3622035 -0.07230442 -0.7229043 1.416499 0.2995884 0.2160821 0.2764323 -2.254353 -0.4573912 0.2794923
42 5.485685 -0.5527715 -0.4134569 -0.4814164 1.210662 0.3571088 0.2451244 0.2950683 -1.970664 -0.7070341 0.2105517
43 5.31239 -0.5174768 -0.1926329 -0.3951343 1.341663 1.131525 0.3173975 0.1542774 -2.046959 -0.7402842 0.23942
44 5.427801 -0.5005896 0.007607103 -0.4562373 1.250652 0.3489225 0.304546 0.3513755 -1.997253 -0.6372536 0.2093772
45 5.334849 -0.4550015 0.1256263 -0.6693468 1.25216 0.2000414 0.149527 0.2085039 -2.303311 -0.4832977 0.2449912
46 5.451557 -0.2693319 -0.2676959 -0.8647981 1.160416 0.5215877 0.1937328 0.1631452 -2.04741 -0.716217 0.2438916
47 5.1099 -0.2609936 0.1845475 -0.8140247 1.079851 0.5662771 0.229041 0.1744886 -2.222478 -0.5811648 0.2449245
48 5.384834 -0.5037266 -0.09415734 -0.5606221 1.117431 0.5246971 0.3030951 0.2387424 -2.128948 -0.4652904 0.2319647
49 5.173543 -0.4201819 0.2258021 -0.76663 1.101633 0.4410536 0.1705088 0.168223 -2.310866 -0.8909512 0.3220367
50 5.512996 -0.5511214 -0.1377666 -0.396111 1.115731 0.602003 0.2807584 0.1989981 -2.235806 -0.524638 0.2517084
51 5.108433 -0.5807814 0.06330718 -0.4473041 1.194548 0.5799361 0.3702783 0.3222139 -1.918513 -0.7853694 0.2340048
52 5.488038 -0.5741484 -0.2089927 -0.50551 1.431227 0.6225415 0.3353501 0.2595694 -2.102392 -0.4537392 0.2203862
53 5.198131 -0.4106958 -0.0510444 -0.6861165 1.329244 0.4669053 0.1836653 0.1321906 -2.179324 -0.3711694 0.2431137
54 5.43458 -0.4629323 0.1073842 -0.6947685 1.175286 0.4099624 0.2354169 0.2764449 -2.112529 -0.4472138 0.2009274
55 5.356772 -0.4729868 -0.04692653 -0.6232545 1.093047 0.3988112 0.2091721 0.1656319 -2.424393 -0.346999 0.2791569
56 5.177544 -0.3934749 -0.02060532 -0.7508951 1.23502 0.3182043 0.1736677 0.170837 -2.060868 -0.6393363 0.2674499
57 5.463269 -0.4066638 -0.177271 -0.634059 1.153972 0.3269139 0.2853645 0.3559578 -1.986861 -0.7694036 0.2152292
58 5.378044 -0.3965322 -0.5035273 -0.4350163 1.178932 0.5959314 0.2815039 0.235049 -1.985967 -0.4091306 0.1532293
59 5.276383 -0.4371287 -0.1259151 -0.5529078 1.211406 0.7713151 0.199049 0.1218133 -1.995023 -0.626118 0.2047315
60 5.208075 -0.3797702 -0.02844203 -0.5697246 1.275785 0.6048903 0.1088743 0.1300495 -2.379418 -0.3097885 0.2769956
61 5.206314 -0.2859737 0.2039075 -0.7988916 1.465333 0.8770119 0.4413226 0.3051924 -1.90734 -0.5847018 0.2029213
62 5.316512 -0.3556488 -0.03793648 -0.7280606 1.19891 0.2904006 0.2562328 0.3398648 -1.934439 -0.5970456 0.1995694
63 5.307229 -0.5693345 0.0577408 -0.6808447 1.110819 0.3171457 0.1999641 0.2522906 -2.462437 -0.08274832 0.2573784
64 5.524576 -0.3192347 -0.2515754 -0.6969594 1.142434 0.3602066 0.2308377 0.2175298 -2.366385 -0.5720879 0.2737197
65 5.532379 -0.7446332 -0.3024786 -0.3227394 1.203216 0.5372219 0.1970044 0.12092 -1.934515 -0.6772624 0.2299519
67 4.999475 -0.3968508 0.3217596 -0.8025283 1.293553 0.3031003 0.2067511 0.229228 -1.999802 -0.3594899 0.1890539
69 5.379425 -0.5699868 -0.2356844 -0.6317774 1.21839 0.7216275 0.2554184 0.1560047 -1.830618 -0.5692244 0.1665741
70 5.250957 -0.4258479 0.02762835 -0.5115713 1.049853 0.6406771 0.2676663 0.1989512 -2.15452 -0.6803821 0.2042085
71 5.259782 -0.3962294 -0.168091 -0.5529727 1.164385 0.4223668 0.1801907 0.1483147 -2.4375 -0.3200957 0.2892858
72 5.65654 -0.4510388 -0.4459543 -0.4659385 1.27466 0.4850202 0.2397431 0.2114375 -2.106715 -0.6208904 0.2091552
73 5.279971 -0.7338686 -0.0520479 -0.3833295 1.277037 0.7156343 0.2882465 0.1595861 -1.89652 -0.449251 0.1949785
74 5.312744 -0.5369717 0.1402667 -0.6328168 1.197501 0.453157 0.2526154 0.2401851 -2.22854 -0.5238725 0.2510906
75 5.537613 -0.4079737 -0.1414666 -0.6501223 1.293482 0.5693353 0.1644358 0.122458 -2.179152 -0.6781083 0.2163649
76 5.404342 -0.4756011 -0.2968588 -0.5349917 1.13356 0.4693374 0.2504928 0.2174092 -2.047603 -0.539187 0.2111514
79 5.427702 -0.3928777 0.00781191 -0.398717 1.281786 0.2803424 0.2367963 0.288203 -1.916692 -0.6101222 0.1592795
80 5.382086 -0.4508985 -0.2134557 -0.6590685 1.460371 0.3472245 0.2488354 0.3172538 -2.054624 -0.5291789 0.2104362
81 5.459297 -0.7131126 -0.06325501 -0.4366131 1.349865 0.5253803 0.2143752 0.1817607 -2.237826 -0.705582 0.2727389
82 5.54667 -0.4010101 -0.2391217 -0.607878 1.18911 0.5461449 0.2226347 0.1860816 -2.068144 -0.6481536 0.2104705
83 5.145703 -0.4302121 0.1014101 -0.6083394 1.071418 0.3391645 0.2545155 0.3480404 -2.207393 -0.5229872 0.2815728
84 5.259947 -0.3459732 -0.0009905143 -0.5888638 1.131171 0.3678057 0.1829606 0.2421324 -2.141597 -0.4013737 0.2418218
85 5.272562 -0.4111034 -0.1672358 -0.4817797 1.279081 0.3190075 0.2755142 0.3809543 -2.149214 -0.4949369 0.2515229
86 5.474629 -0.6571358 -0.06179713 -0.4247511 1.287431 0.2141444 0.2124129 0.3310288 -2.166119 -0.8563598 0.2800593
87 5.300761 -0.4296501 -0.09320797 -0.5024 1.342142 0.3046035 0.2596268 0.345723 -1.94668 -0.5850297 0.2187952
88 5.361501 -0.1627767 -0.04435295 -0.8735328 1.3257 0.7456356 0.215511 0.119278 -2.376956 -0.2243821 0.2686795
89 5.335182 -0.3735232 -0.1527038 -0.671616 1.268062 0.4130489 0.2123659 0.1916208 -2.466323 -0.2640396 0.265036
90 5.206909 -0.4229349 0.02606524 -0.5883772 1.284774 0.4236189 0.3298179 0.3286168 -1.892144 -0.7641753 0.1756566
91 5.35567 -0.5160737 -0.136292 -0.4637684 1.148497 0.4420295 0.2707845 0.2264325 -1.872488 -0.7064301 0.2026447
92 5.371187 -0.5285824 -0.06246177 -0.5219618 1.114669 0.5478004 0.1440141 0.08603541 -2.464668 -0.4169304 0.2802479
93 5.400041 -0.4308572 0.07276793 -0.7086265 1.376324 1.061762 0.1506701 0.05791802 -2.129924 -0.205315 0.2048981
94 5.225269 -0.3137751 0.05025609 -0.9127397 1.327751 0.4127417 0.2530082 0.2192194 -2.241532 -0.4591716 0.2669692
95 5.344114 -0.5288162 -0.1217533 -0.4163054 1.262369 0.4043269 0.2068213 0.1679523 -2.235075 -0.3151146 0.2628874
96 5.279386 -0.3622893 0.02501219 -0.676638 1.149752 0.4500447 0.1854621 0.1456494 -2.359484 -0.5177262 0.2490052
97 5.486762 -0.4196838 -0.11664 -0.8583929 1.405209 0.5993037 0.4035836 0.5455217 -2.018076 -0.607096 0.2023807
98 5.194902 -0.5222518 0.01642421 -0.630896 1.238092 0.4477964 0.3317049 0.3259715 -1.927938 -0.6025178 0.1946874
99 5.597606 -0.5090873 -0.1688323 -0.632646 1.506986 0.5364257 0.1330131 0.1543577 -2.321165 -0.4010063 0.234417
100 5.399039 -0.5852799 -0.1340694 -0.4267178 1.288895 0.5834057 0.265003 0.1942593 -2.027453 -0.2856674 0.2321061
101 5.334531 -0.5274269 -0.125594 -0.5569981 1.275589 0.4810369 0.247732 0.2112816 -2.144643 -0.5316442 0.2185209
102 5.182681 -0.4867495 0.2463167 -0.6197654 1.212571 0.3643343 0.1919813 0.1857609 -2.16537 -0.6619679 0.2447132
103 5.35396 -0.3188139 -0.1204668 -0.5642123 1.200219 0.3211057 0.2355809 0.281997 -2.158781 -0.7036299 0.2287957
104 5.208012 -0.4136325 0.1403399 -0.6626756 1.452805 0.6012201 0.2240982 0.1322594 -1.86004 -0.9181598 0.2323957
105 5.423621 -0.5429928 -0.05864079 -0.4864759 1.450007 0.5030891 0.3893854 0.3888047 -1.898823 -0.3772296 0.1490608
