1 0.1037368 0.08891039 0.146637 0.1188815 0.1085355 0.06486227 0.06538115 0.05777094 0.9888793 0.08865194
2 0.09362431 0.08600599 0.1324652 0.1109039 0.08519845 0.05205847 0.05248219 0.03996405 1.01441 0.09169827
3 0.1080567 0.1025239 0.1491126 0.1304302 0.1076342 0.06983948 0.07717818 0.06053694 0.7467563 0.08847804
4 0.09892358 0.09653782 0.1372073 0.1219815 0.09190662 0.06098056 0.05805046 0.05721493 0.6271303 0.09115232
5 0.1015032 0.1014456 0.1456881 0.1229971 0.1050732 0.06291507 0.05980294 0.04792448 1.363927 0.08871272
6 0.1022094 0.09913608 0.1434306 0.127526 0.1053461 0.06347078 0.06623027 0.05309963 1.959192 0.09078309
7 0.08673063 0.09067631 0.122437 0.1173858 0.07879172 0.05382312 0.0569424 0.04995529 1.115849 0.0916866
8 0.1151621 0.1222275 0.1587876 0.1491418 0.1301674 0.08084975 0.09061799 0.05300756 1.60021 0.09012301
9 0.1051805 0.1179643 0.1440633 0.14387 0.1066425 0.07284944 0.08057072 0.05297937 1.1364 0.08929029
10 0.1046925 0.09018946 0.1453449 0.1131825 0.1111689 0.06120335 0.05370286 0.05107815 0.9128372 0.09016282
11 0.1029445 0.09100391 0.1460899 0.120192 0.1121749 0.06909992 0.06386207 0.05356377 0.7854021 0.09008359
12 0.1086808 0.09766916 0.1520635 0.1237288 0.1202285 0.06629439 0.06358663 0.05557453 0.977163 0.08945279
13 0.1029839 0.08977906 0.1433837 0.1143307 0.09840491 0.05457806 0.05235553 0.04795597 1.19015 0.09115361
15 0.09303964 0.09156795 0.1314546 0.1162246 0.08672529 0.05599666 0.05822768 0.04715437 1.23962 0.09015905
16 0.1037096 0.09921908 0.1492892 0.1313309 0.1149781 0.06987097 0.07180971 0.07589811 0.9740862 0.08819625
17 0.1044699 0.09341539 0.1444419 0.1190517 0.1086219 0.06681867 0.05860302 0.0570417 0.6083437 0.08913041
18 0.1096856 0.1036826 0.1487496 0.1302492 0.1130339 0.07164711 0.07266615 0.05238613 0.667138 0.08985486
19 0.109407 0.1001393 0.1472618 0.1285031 0.110604 0.06594956 0.06007844 0.06413985 1.25106 0.09117727
20 0.10472 0.08976233 0.1463522 0.1167106 0.1111379 0.06782557 0.05985012 0.05241742 0.9017008 0.08893964
21 0.09482964 0.08573767 0.1341777 0.1205193 0.09097588 0.05666611 0.05959243 0.04761708 0.9532522 0.09027878
22 0.09983801 0.1051017 0.1406008 0.1397367 0.1016438 0.0684752 0.08056703 0.05588021 3.302966 0.08911594
23 0.09629203 0.09865898 0.1376524 0.1331371 0.09260385 0.06218658 0.07873875 0.05418193 1.059299 0.09068173
24 0.09934414 0.1074368 0.1429561 0.1382022 0.09902879 0.06697858 0.07452 0.05714956 0.9138105 0.09237489
25 0.1052904 0.1017504 0.1490429 0.1415789 0.1116972 0.07006233 0.08680308 0.05314305 4.415284 0.09137855
26 0.109744 0.08959106 0.1538189 0.1154111 0.1166953 0.06588868 0.06201423 0.06241767 0.8696838 0.09130942
27 0.1000794 0.08224325 0.1398564 0.1102532 0.1000917 0.05861744 0.05158115 0.04946653 0.7183504 0.08772063
28 0.1118399 0.1045169 0.1576353 0.132338 0.1253436 0.07613268 0.06973286 0.0641355 0.7960117 0.08929548
29 0.1098612 0.1025295 0.1551153 0.1311132 0.1139619 0.07350158 0.07471648 0.05936535 1.154982 0.09087533
30 0.1045512 0.1053054 0.1476859 0.137453 0.1071981 0.07010481 0.08637755 0.04901757 1.105511 0.09004666
31 0.1061615 0.102678 0.1510669 0.1276769 0.113218 0.06605967 0.06314569 0.0515491 1.277011 0.08972814
32 0.1039188 0.0974691 0.1440508 0.1271651 0.1011811 0.06601728 0.06801521 0.05419336 0.8157006 0.08985772
33 0.09309558 0.09009058 0.1305326 0.1143565 0.0857736 0.05523076 0.04939526 0.05147381 0.8813812 0.08985146
34 0.1056227 0.1086239 0.1440905 0.1433679 0.1049261 0.0679263 0.07329995 0.0627749 0.6497348 0.08835625
35 0.1022245 0.09640395 0.1451853 0.12735 0.108487 0.06748415 0.06707467 0.05109968 1.913992 0.08897045
36 0.1020511 0.09945965 0.1425504 0.1286536 0.1021185 0.06554077 0.07488053 0.05101744 1.799608 0.09190183
37 0.08992427 0.07923302 0.1309335 0.1065592 0.08260172 0.04919452 0.05249375 0.04607216 0.9152237 0.09161725
38 0.1104894 0.09262952 0.1578052 0.1284377 0.1297929 0.07893911 0.0708492 0.05928687 1.060114 0.08847468
39 0.09313826 0.08146868 0.130406 0.1073761 0.08208178 0.0497519 0.04536175 0.04280534 0.4966691 0.09068775
40 0.102013 0.1079019 0.1427164 0.1361999 0.1065478 0.06631905 0.07257446 0.05400506 1.23042 0.09109056
41 0.09590114 0.1141447 0.1373804 0.1424031 0.09513092 0.07077606 0.07803026 0.06182925 0.7914607 0.08975526
42 0.1001893 0.09846536 0.1375721 0.1269181 0.09258322 0.0630923 0.07183409 0.04485739 0.7055295 0.0906104
43 0.1055935 0.09765721 0.1467986 0.1216166 0.1058365 0.05736839 0.05247757 0.04554508 0.6617423 0.09115232
44 0.1014148 0.09711986 0.145126 0.125251 0.1131553 0.0661646 0.06962971 0.05559391 1.333806 0.09010839
45 0.1027106 0.1076631 0.1372097 0.1334409 0.09182491 0.06352012 0.07339969 0.06196187 1.174168 0.0924658
46 0.1158341 0.1070747 0.1584987 0.1340648 0.1258934 0.07637397 0.07086623 0.0496179 1.509479 0.09067456
47 0.09687333 0.09412897 0.1347183 0.1200266 0.09344964 0.05760739 0.05913424 0.04489772 0.8423627 0.09192787
48 0.09404596 0.08170235 0.1355678 0.1166309 0.09448101 0.05897975 0.05709848 0.04686693 0.8510614 0.08919289
49 0.09863663 0.1080996 0.1370654 0.1345945 0.09765241 0.06374803 0.06774761 0.04656011 1.141417 0.09112751
50 0.1073357 0.09648323 0.1493476 0.1260786 0.1167969 0.06243092 0.06063814 0.04543254 1.183601 0.09007125
51 0.1126999 0.1160028 0.1546977 0.1473348 0.1207924 0.08136398 0.08965288 0.04932888 1.551221 0.08971514
52 0.1039948 0.1016602 0.1463489 0.1311086 0.10564 0.06353928 0.05818897 0.0572251 0.6570975 0.08987879
53 0.09664168 0.08928751 0.1351874 0.1166793 0.09793321 0.0604597 0.0624166 0.0573699 0.7789539 0.08976646
54 0.1041189 0.08909243 0.1457403 0.1202254 0.1034013 0.06262631 0.06540744 0.04825524 1.090484 0.0906104
55 0.09673613 0.08516607 0.1416037 0.1168315 0.1038951 0.06012447 0.05903408 0.05468294 1.684867 0.08969517
56 0.09900861 0.09997116 0.1412381 0.1313251 0.09616805 0.06314953 0.06409 0.05787204 1.286631 0.08993555
57 0.103713 0.1002714 0.1413566 0.1276017 0.09699918 0.0586793 0.05951438 0.0461273 0.9360886 0.09156772
58 0.1102628 0.09600044 0.1566065 0.1255626 0.118007 0.05921737 0.0606249 0.04439047 1.000526 0.09099273
59 0.1008811 0.09727736 0.140531 0.121076 0.1021027 0.05777187 0.05716614 0.04717152 0.9078019 0.09063378
60 0.09998542 0.09226301 0.1415592 0.123602 0.1013467 0.06126309 0.0635756 0.04849149 0.7666039 0.09054314
61 0.09910336 0.1074886 0.1396924 0.134891 0.1005846 0.06480734 0.069545 0.04873932 0.5233652 0.08889977
62 0.1021201 0.1159107 0.1403502 0.1449535 0.09955791 0.0711443 0.08992425 0.05559455 1.846931 0.08910504
63 0.1070255 0.09878307 0.1500382 0.1345934 0.1100174 0.07038897 0.08162107 0.04804101 1.757461 0.09043055
64 0.09179298 0.08470723 0.1234631 0.11129 0.07416365 0.04792602 0.04702888 0.04610503 0.6400288 0.09098158
65 0.1111657 0.09527301 0.1556065 0.1226128 0.11996 0.0666218 0.05886505 0.06048056 1.767226 0.08897985
67 0.1053139 0.1024045 0.1470259 0.1371719 0.1162409 0.07476991 0.07481041 0.06989543 2.491803 0.0915719
69 0.1119174 0.1003362 0.1540134 0.1222289 0.1236272 0.06690189 0.0645096 0.05013286 0.9586676 0.09051459
70 0.09978967 0.09016216 0.1374626 0.1212037 0.09581941 0.05985853 0.06776514 0.04253208 1.017804 0.09402179
71 0.1058212 0.08392007 0.1461689 0.1085866 0.1017268 0.05744295 0.0528738 0.04838042 0.8791168 0.08990388
72 0.1012593 0.09467056 0.1433888 0.1262956 0.1012953 0.06114394 0.06465224 0.05412801 0.879209 0.09126454
73 0.1075221 0.08604327 0.1497547 0.1162455 0.1118082 0.06173032 0.0562539 0.05046003 0.6411403 0.08876656
74 0.09843392 0.09612686 0.1372628 0.1279106 0.09654513 0.06247799 0.06680522 0.04847422 0.9395295 0.09115232
75 0.1060159 0.09450965 0.1472948 0.1228779 0.1073992 0.06246266 0.06145528 0.04953399 0.7893645 0.0926452
76 0.1047379 0.09738077 0.1456312 0.1291706 0.1096432 0.06668045 0.07625502 0.05004955 1.367614 0.09056336
79 0.09235189 0.09102986 0.1295309 0.1189471 0.08501813 0.05574491 0.0580343 0.04954984 0.8185381 0.09093827
80 0.1098904 0.09750849 0.1502299 0.1259863 0.1098727 0.06776156 0.06499034 0.05656169 0.6493516 0.09104178
81 0.1173756 0.102754 0.1597891 0.1290382 0.1258478 0.07213776 0.06507029 0.05501077 0.8917533 0.09120167
82 0.1098465 0.1005761 0.1522432 0.1266937 0.1145788 0.06816831 0.06333107 0.04892466 0.9856977 0.09165178
83 0.09239066 0.09475886 0.1321497 0.1302545 0.08863236 0.06001364 0.08127344 0.04163095 0.9726063 0.08879372
84 0.1044342 0.1052988 0.1435245 0.1302164 0.1025589 0.06640802 0.06677726 0.0447142 1.038134 0.08929029
85 0.1106968 0.1014787 0.1529427 0.1311972 0.1122697 0.07165567 0.07282068 0.05990652 1.43151 0.08997783
86 0.08910343 0.1089658 0.1242726 0.137468 0.08263144 0.06177201 0.07297531 0.05897663 0.8558794 0.09144493
87 0.1069188 0.1064263 0.1434068 0.1288398 0.1043526 0.06949296 0.06693883 0.05982659 0.8670216 0.08959027
88 0.1126602 0.0940966 0.1565837 0.1256075 0.1214511 0.06459239 0.05712477 0.05149392 0.9722525 0.08876656
89 0.09722893 0.08324944 0.141305 0.1169064 0.09877911 0.05912232 0.05916235 0.05185444 0.7613443 0.09132115
90 0.09661438 0.105735 0.1346845 0.1303904 0.09119597 0.0571237 0.07263188 0.05430955 0.932747 0.09218822
91 0.09480817 0.1007941 0.1309367 0.1285582 0.09001931 0.0613629 0.06628251 0.05227775 0.8909715 0.08975358
92 0.1105625 0.08186604 0.1524001 0.1091111 0.1107336 0.05646891 0.05036177 0.04539151 1.071125 0.09096052
93 0.1083703 0.08995684 0.1506221 0.1187441 0.1170439 0.06382943 0.05811677 0.06325478 1.130618 0.08941377
94 0.1021824 0.09658845 0.1460146 0.1220255 0.1084355 0.06554318 0.07289027 0.06175194 0.985525 0.09037761
95 0.09817229 0.09320291 0.1388376 0.1244766 0.1004347 0.06169248 0.06439999 0.05399941 1.198404 0.08854279
96 0.1127502 0.08145249 0.1531826 0.1076565 0.1142659 0.06054793 0.05018692 0.04826921 0.9905111 0.09237791
97 0.1013386 0.0997992 0.1414018 0.1363548 0.102338 0.065416 0.08339588 0.05033985 0.6988222 0.09155564
98 0.1027522 0.09755601 0.1452422 0.1272927 0.1053335 0.06570702 0.06555618 0.05489782 0.8447769 0.09047837
99 0.1101675 0.08909589 0.1502 0.118332 0.1081585 0.06287955 0.05859546 0.05230265 0.7078058 0.09089414
100 0.1167156 0.1038765 0.1603298 0.1417676 0.12848 0.08008027 0.07270298 0.05421596 1.418041 0.08733481
101 0.1041182 0.09954957 0.1473104 0.1289966 0.1131355 0.06909268 0.07535903 0.05530675 1.305676 0.09119762
102 0.1071445 0.1027557 0.1498541 0.1291753 0.1163492 0.07110976 0.06666502 0.05676542 1.667957 0.09242026
103 0.09387197 0.09966069 0.1322923 0.1279445 0.08682613 0.05764708 0.06688161 0.04913171 0.8256244 0.09200396
104 0.1135771 0.0985365 0.1580208 0.1256955 0.1212239 0.07077373 0.07160858 0.06038078 0.9367841 0.089374
105 0.1037162 0.1063996 0.1476185 0.1413667 0.1133759 0.07408898 0.08647731 0.06458391 0.93389 0.08987837
