1 5.261936 -0.4656136 -0.01494423 -0.6617382 1.302023 0.4373021 0.2286511 0.2078259 -1.387865
2 5.182441 -0.4666696 0.156685 -0.6005224 0.9367735 0.3696304 0.2016518 0.1766702 -1.556682
3 5.126481 -0.4698436 0.2076481 -0.6182884 1.704887 1.106915 0.3520172 0.2082849 -1.440195
4 5.305914 -0.5277986 0.08973282 -0.5683803 1.516085 0.3108087 0.2047955 0.2547081 -1.50785
5 5.547803 -0.3262186 -0.3697614 -0.8492753 1.083237 0.4551064 0.193962 0.1417515 -1.412838
6 5.458072 -0.4669647 -0.2078156 -0.560914 1.108526 0.3813724 0.2363348 0.2153864 -1.553479
7 5.354191 -0.4838746 -0.05521763 -0.5950545 1.123837 0.1163095 0.1035325 0.2484662 -1.558145
8 5.494154 -0.5580022 -0.07708478 -0.5929186 1.331751 0.4961496 0.1283976 0.2149832 -1.45001
9 5.393964 -0.5043299 -0.2798484 -0.5953134 1.19817 0.4391722 0.3435331 0.3687811 -1.411612
10 5.230079 -0.4983242 0.003823878 -0.6251173 1.209855 0.7045884 0.1716269 0.1018258 -1.44537
11 5.288907 -0.1103163 0.09725503 -0.835664 1.362852 0.5858173 0.1799765 0.1571414 -1.489998
12 5.169747 -0.3677846 0.03593102 -0.5041837 1.268405 0.5738497 0.321463 0.2496188 -1.459822
13 5.398248 -0.3710421 -0.1891892 -0.712796 1.145149 0.3077237 0.1853912 0.1771333 -1.58571
15 5.308314 -0.5232055 -0.2517955 -0.261876 1.068054 0.2174658 0.1878415 0.2830107 -1.517323
16 5.369927 -0.5796635 -0.0877289 -0.5968195 1.475008 0.3833963 0.2346916 0.2303897 -1.376934
17 5.384069 -0.4587928 0.136728 -0.5809304 1.36535 0.8151392 0.2726756 0.1479157 -1.397379
18 5.364602 -0.5610809 -0.4373648 -0.439943 1.465129 1.814989 -0.09070301 0.06304415 -1.517961
19 5.679816 -0.4743282 -0.4402512 -0.567707 1.264807 0.3504772 0.2007239 0.1786597 -1.504833
20 5.318234 -0.382069 -0.03776257 -0.6498616 1.161355 0.6338181 0.2043796 0.1253837 -1.419187
21 5.323525 -0.442217 -0.0174697 -0.5927351 1.151715 0.3380744 0.2211852 0.2258272 -1.539966
22 5.306049 -0.4033787 -0.002284333 -0.6186314 1.084253 0.2557779 0.2029736 0.2528495 -1.431721
23 5.367761 -0.4975485 -0.3343324 -0.4320549 1.19841 0.2823101 0.3171506 0.5169571 -1.566346
24 5.310806 -0.5425186 -0.01690739 -0.4595664 1.315391 0.3195231 0.3388925 0.507395 -1.593712
25 5.26402 -0.4780945 0.176957 -0.7256816 1.103047 0.3443513 0.2359601 0.2612785 -1.557055
26 5.563821 -0.4789861 -0.2785821 -0.4815612 1.438164 0.4837561 0.1346902 0.08816225 -1.526652
27 5.300255 -0.4712984 -0.02543616 -0.4099626 1.23267 0.5162768 0.1807485 0.1245528 -1.400088
28 5.158873 -0.5102466 0.3047147 -0.8167311 1.615139 0.4816707 0.1970982 0.1987138 -1.444259
29 5.317798 -0.4524466 -0.07635138 -0.7160445 1.340344 0.3637905 0.2671289 0.298069 -1.541902
30 5.322335 -0.2598709 -0.132843 -0.9577263 1.170839 0.5302715 0.4159395 0.4176481 -1.494465
31 5.279755 -0.5356096 -0.2082437 -0.2404533 1.131366 0.6846711 0.2763468 0.1640478 -1.427636
32 5.34898 -0.1286465 0.03420766 -0.9071306 1.313169 0.4006715 0.2573605 0.2445932 -1.446534
33 5.247884 -0.5100915 0.07637204 -0.5401552 1.149825 0.3163376 0.1654274 0.1662356 -1.413518
34 5.298459 -0.3225749 0.119167 -0.9010767 1.496257 0.3933728 0.2379365 0.2399757 -1.329136
35 5.314839 -0.4783832 0.1051333 -0.4943421 1.108661 0.3846862 0.241335 0.2431534 -1.48307
36 5.324417 -0.3066735 0.0256951 -0.6903885 1.068736 0.3431699 0.2259393 0.2350654 -1.531476
37 5.451093 -0.5647099 -0.08885096 -0.4618794 1.062852 0.2692956 0.21417 0.2460508 -1.566878
38 5.389014 -0.2042332 -0.1459399 -0.8619062 1.320252 0.5337517 0.2730124 0.2230208 -1.408068
39 5.420168 -0.4669237 -0.1821352 -0.6866512 1.384947 0.2173135 0.3480861 0.8097875 -1.489808
40 5.280986 -0.381033 0.1113423 -0.6900706 1.243697 0.4236599 0.2640181 0.2901605 -1.515351
41 5.26079 -0.3565203 -0.06546782 -0.7392679 1.418772 0.2990826 0.2151081 0.2751607 -1.424516
42 5.485295 -0.5534123 -0.4121218 -0.4807772 1.2102 0.3558333 0.2439408 0.2936515 -1.536577
43 5.309629 -0.5165591 -0.1907842 -0.3967133 1.349155 1.125897 0.3171211 0.1546888 -1.50785
44 5.428715 -0.5046325 0.0005579202 -0.4470116 1.246426 0.346041 0.3018302 0.3488513 -1.487008
45 5.335721 -0.4584136 0.1262017 -0.6674629 1.251915 0.2006225 0.1494401 0.2079077 -1.582118
46 5.458771 -0.2798622 -0.2750635 -0.8557758 1.157953 0.525576 0.1943287 0.1631214 -1.455509
47 5.110177 -0.2668681 0.1834768 -0.8063026 1.074583 0.5703115 0.2299405 0.1739093 -1.568033
48 5.390849 -0.5115682 -0.1024765 -0.5512234 1.119768 0.5249201 0.3045979 0.240695 -1.456362
49 5.180903 -0.4244682 0.2194784 -0.7627085 1.10663 0.4431477 0.1716249 0.1682014 -1.510857
50 5.509615 -0.5504454 -0.1303637 -0.3976757 1.111995 0.6019558 0.2799237 0.1979942 -1.491489
51 5.104952 -0.5683332 0.06911174 -0.4638126 1.190977 0.5787375 0.3689055 0.3211012 -1.463316
52 5.481636 -0.5676029 -0.1947523 -0.5163536 1.430398 0.6231302 0.3359242 0.2602974 -1.47891
53 5.207111 -0.4161545 -0.06090315 -0.6809177 1.330233 0.4622098 0.1813216 0.13104 -1.457246
54 5.425453 -0.4515809 0.1129508 -0.7004831 1.179455 0.4072656 0.2323116 0.2738136 -1.536577
55 5.351098 -0.4660966 -0.0503019 -0.6237242 1.085732 0.4009337 0.2098702 0.1657214 -1.501149
56 5.18282 -0.3988138 -0.02421886 -0.7475167 1.236521 0.3186732 0.1737184 0.1706758 -1.403994
57 5.461399 -0.4042499 -0.1728598 -0.6366622 1.154931 0.3280247 0.2861934 0.3564451 -1.533525
58 5.374235 -0.3886606 -0.4981066 -0.442791 1.178293 0.5995026 0.2831685 0.2357971 -1.606675
59 5.279234 -0.4374829 -0.1337924 -0.5489898 1.213929 0.772007 0.2000553 0.1222253 -1.533665
60 5.212367 -0.379995 -0.0352441 -0.567528 1.275245 0.6065425 0.1096248 0.1308308 -1.470942
61 5.203609 -0.2824599 0.2030865 -0.798337 1.465328 0.876719 0.4418749 0.3055007 -1.423799
62 5.311032 -0.3530079 -0.02749102 -0.7382857 1.195992 0.2910699 0.2573069 0.3412954 -1.466833
63 5.310205 -0.5738236 0.05146959 -0.6736953 1.105167 0.3165944 0.1990775 0.2523115 -1.521083
64 5.522035 -0.3200545 -0.2447655 -0.6992728 1.137952 0.3596917 0.2301498 0.2169243 -1.528715
65 5.529157 -0.7386064 -0.2957199 -0.3299433 1.202281 0.5333627 0.1946849 0.1196028 -1.414554
67 4.996506 -0.3959805 0.3278643 -0.8059394 1.299413 0.3027298 0.2068771 0.2298706 -1.494903
69 5.380363 -0.5690094 -0.2363428 -0.6344778 1.222723 0.7111647 0.2515851 0.1544589 -1.510766
70 5.25151 -0.4272205 0.03095567 -0.5113677 1.048097 0.6425786 0.2694989 0.2002697 -1.68971
71 5.266067 -0.4020207 -0.1702671 -0.5472425 1.164018 0.4201674 0.1789704 0.1475708 -1.475907
72 5.658567 -0.4470397 -0.4452723 -0.4752768 1.284466 0.4843525 0.2381623 0.2094371 -1.571485
73 5.275116 -0.7239192 -0.05196451 -0.390607 1.271913 0.7221653 0.2926887 0.162321 -1.406655
74 5.311505 -0.5365825 0.1396707 -0.6294412 1.194661 0.4523146 0.2518719 0.2398756 -1.50785
75 5.53938 -0.4114985 -0.1450555 -0.6439869 1.293271 0.5703622 0.1634346 0.1217577 -1.644777
76 5.398796 -0.4706135 -0.2921346 -0.5398376 1.13594 0.4673316 0.2485556 0.2160296 -1.504823
79 5.425954 -0.3923319 0.009513027 -0.3985018 1.278656 0.2792965 0.2357588 0.2873254 -1.573172
80 5.391655 -0.4612666 -0.2259786 -0.6446721 1.455452 0.3490395 0.2506964 0.319195 -1.521313
81 5.460635 -0.715123 -0.06353468 -0.4356239 1.355895 0.5262309 0.2144841 0.181448 -1.539956
82 5.54169 -0.3990375 -0.2368035 -0.6064475 1.191099 0.5455383 0.2211148 0.1844002 -1.562521
83 5.152257 -0.4302106 0.08951921 -0.6011661 1.064221 0.338763 0.2547546 0.3498461 -1.40355
84 5.262064 -0.3508943 -0.007820346 -0.5812203 1.125867 0.3660387 0.1823864 0.2429298 -1.411612
85 5.271377 -0.4087677 -0.1670571 -0.4846553 1.27278 0.3203298 0.2764483 0.3818555 -1.432592
86 5.470601 -0.6509225 -0.05659531 -0.4296478 1.285938 0.21211 0.2109152 0.3311477 -1.510147
87 5.294713 -0.4252936 -0.09483217 -0.5028774 1.335654 0.3039799 0.2580848 0.3431107 -1.4102
88 5.365183 -0.1660004 -0.05132663 -0.8733429 1.331962 0.7436063 0.2154957 0.1193844 -1.406655
89 5.325095 -0.3655079 -0.1440148 -0.6790207 1.263715 0.4104171 0.2102257 0.1899811 -1.564296
90 5.213588 -0.4248262 0.0174712 -0.5838351 1.286827 0.4208585 0.3280402 0.3277176 -1.617913
91 5.357071 -0.5188674 -0.133958 -0.4631133 1.145847 0.439734 0.2701121 0.226694 -1.458767
92 5.368611 -0.5299425 -0.05768092 -0.5212202 1.10983 0.5515853 0.1463921 0.08730301 -1.570327
93 5.391937 -0.4252734 0.08449946 -0.7142153 1.381026 1.061069 0.15142 0.05825731 -1.430466
94 5.221839 -0.3096838 0.05371579 -0.9155236 1.327982 0.4121248 0.2526156 0.2190105 -1.455066
95 5.343882 -0.5234284 -0.1172713 -0.4239688 1.262939 0.4056755 0.2074 0.1682245 -1.368957
96 5.275485 -0.3615458 0.02583431 -0.676397 1.141823 0.452908 0.1872753 0.1468676 -1.636219
97 5.479212 -0.4117118 -0.1038027 -0.8691929 1.40887 0.6010714 0.4035505 0.542958 -1.535012
98 5.194107 -0.5204262 0.01694817 -0.6318556 1.239781 0.4456118 0.3287759 0.3223481 -1.515201
99 5.60232 -0.5152835 -0.1733414 -0.6264069 1.510448 0.5372056 0.1340326 0.155234 -1.578837
100 5.40845 -0.5862835 -0.1450082 -0.4246717 1.297016 0.5857218 0.2662184 0.1949842 -1.295465
101 5.329337 -0.5210849 -0.1252873 -0.5578605 1.277408 0.4768776 0.246084 0.2109544 -1.580045
102 5.184488 -0.4864897 0.2443908 -0.6207193 1.213099 0.3617457 0.1896846 0.183412 -1.546963
103 5.349707 -0.3156489 -0.1131844 -0.5712585 1.203042 0.3225504 0.2378817 0.2852862 -1.59953
104 5.210607 -0.4139461 0.1420518 -0.6674409 1.45373 0.6057529 0.2257933 0.1329632 -1.435085
105 5.432288 -0.5494221 -0.07136621 -0.4779721 1.457513 0.5034317 0.3886266 0.3868384 -1.515054
