1 0.1283865 0.1282031 0.183016 0.1693581 0.2807096 0.1995049 0.2010366 0.2114479 0.09011511
2 0.1355393 0.1279508 0.1845139 0.1628315 0.3047455 0.2019102 0.1613319 0.2746126 0.09172492
3 0.1404245 0.1365068 0.1827361 0.1675596 0.2533378 0.1615296 0.1610252 0.2246738 0.08901189
4 0.1245242 0.1383699 0.1675039 0.170114 0.2088287 0.1451426 0.1416186 0.1680858 0.09124211
5 0.1263732 0.1257302 0.1860473 0.1687398 0.2525377 0.1494647 0.1327313 0.2192826 0.09291444
6 0.1342989 0.1309863 0.1838186 0.1700869 0.2801536 0.1915168 0.18189 0.2196125 0.09093743
7 0.1220559 0.1387778 0.1653631 0.1756047 0.2795057 0.2098249 0.2491301 0.2391693 0.09020673
8 0.1310476 0.13071 0.1860009 0.1598426 0.2376608 0.1394634 0.1309435 0.1822013 0.09221845
9 0.1306572 0.130492 0.1824195 0.1634667 0.2737465 0.1692988 0.1444414 0.250506 0.09049164
10 0.1419238 0.136317 0.192099 0.1549852 0.4612332 0.244975 0.1864707 0.5532675 0.09101759
11 0.1227567 0.1336717 0.1684229 0.1787124 0.264755 0.1909643 0.210767 0.2392288 0.09037792
12 0.1456957 0.1467928 0.1996325 0.179079 0.3038339 0.2119282 0.232908 0.1999454 0.0899928
13 0.1272391 0.1165984 0.1872168 0.1472395 0.2693542 0.166424 0.1206514 0.2096711 0.09282032
14 0.1175126 0.1085339 0.1790144 0.1549269 0.2390554 0.1586996 0.1386369 0.182525 0.08985146
15 0.1309422 0.1495095 0.1732962 0.1746682 0.258795 0.1798377 0.1525762 0.2348675 0.09078988
16 0.1359409 0.1219637 0.1862486 0.1652328 0.2872346 0.1576345 0.1229107 0.2537881 0.0915316
17 0.128817 0.1292174 0.177914 0.1588065 NaN NaN NaN NaN 0.09161636
18 0.1284612 0.1410797 0.1787068 0.1860285 0.2957455 0.1824438 0.1717771 0.3226556 0.08947925
19 0.1402497 0.1216594 0.1934378 0.15592 0.285699 0.1856143 0.1375887 0.2166777 0.09148194
20 0.1100249 0.1236421 0.1609962 0.1618915 0.3169589 0.1827615 0.1760344 0.3171608 0.09106216
21 0.1408185 0.1312968 0.1954573 0.1692842 0.2705019 0.1591737 0.1476798 0.2019486 0.09118986
22 0.1251646 0.12829 0.1692507 0.1596387 0.2357479 0.1617867 0.134897 0.1874374 0.09032505
23 0.1318185 0.1405338 0.1714197 0.1669045 0.2013872 0.1247635 0.1080733 0.1563595 0.09095003
24 0.1333593 0.124268 0.177588 0.1505704 0.2105177 0.1334573 0.1221267 0.1372736 0.08931332
25 0.1113636 0.1140423 0.1647116 0.1582339 0.2237761 0.1436409 0.1375722 0.1995624 0.09179284
26 0.1221775 0.1289067 0.1739196 0.1749961 0.2221687 0.1496429 0.1532612 0.1761412 0.09012085
27 0.1362531 0.1331636 0.1831976 0.160077 0.2473116 0.1495705 0.1307907 0.2093817 0.08890398
28 0.1232067 0.1306465 0.1701087 0.1705111 0.2558125 0.1834924 0.1679265 0.1796095 0.09003442
29 0.1220404 0.1449161 0.1705291 0.1881439 0.239229 0.1680912 0.170038 0.1936231 0.09066259
30 0.1241326 0.1367831 0.1725219 0.1675336 0.2539763 0.1649364 0.1317426 0.2304509 0.08905562
31 0.120104 0.1270506 0.1665425 0.1670104 0.2054923 0.139592 0.1519951 0.1540191 0.09333009
32 0.123086 0.1110711 0.1724832 0.1410206 0.2276534 0.1574175 0.1302536 0.1383251 0.09085022
33 0.1225454 0.1377491 0.1674482 0.162013 0.2660098 0.1844489 0.186002 0.2377912 0.08979504
34 0.1315285 0.1149045 0.1897778 0.1554591 NaN NaN NaN NaN 0.08946553
35 0.1382692 0.1771787 0.1832903 0.2022196 0.298971 0.1928559 0.1616022 0.2807978 0.09101359
36 0.1285318 0.1262118 0.1731965 0.1611151 0.2225734 0.1497825 0.1375562 0.1577814 0.0928372
37 0.1184026 0.1416462 0.1729712 0.1940135 0.2315877 0.1596028 0.1920108 0.1735902 0.09080596
38 0.129223 0.1447032 0.1760448 0.1847291 0.242657 0.1471389 0.1616402 0.2322463 0.08956468
39 0.1186044 0.11348 0.1653567 0.1460365 0.21521 0.1506677 0.1449097 0.1435776 0.08915558
40 0.1259085 0.1282266 0.1734683 0.1627284 0.4691736 0.3494477 0.3287696 0.4567731 0.08937306
41 0.1197994 0.1152616 0.1693965 0.1463998 0.2175153 0.1303115 0.1167473 0.1880809 0.08945279
42 0.1292704 0.1180907 0.1872505 0.1613642 0.2598168 0.1664239 0.1797957 0.1900042 0.08829477
43 0.1008373 0.1105697 0.147437 0.1554763 0.1891766 0.1321667 0.1214074 0.1698938 0.08995447
44 0.1489663 0.1237478 0.2131583 0.1661276 0.3825871 0.2450859 0.199936 0.3209736 0.09036441
45 0.1334606 0.1430221 0.180265 0.1780614 0.247584 0.1684688 0.1545701 0.2292418 0.09455165
46 0.1359505 0.1245172 0.1894631 0.1581732 0.2791032 0.1639434 0.1283597 0.2451413 0.08828057
47 0.1231413 0.120315 0.1694952 0.1509248 0.2399684 0.1536288 0.1479873 0.2050684 0.09180265
48 0.1566919 0.1383011 0.2227003 0.1856842 0.445542 0.3080859 0.2500333 0.3254303 0.08985772
49 0.1058758 0.1107071 0.1508114 0.1501156 0.1719791 0.1107911 0.1103288 0.1402625 0.09154904
50 0.1215807 0.1241959 0.1700091 0.1561727 0.2479522 0.1716454 0.1666423 0.2072949 0.08942743
51 0.1291842 0.1188187 0.17699 0.1544277 0.2157375 0.1285137 0.104654 0.1626016 0.09268475
52 0.1427927 0.1295396 0.1986178 0.1610102 0.2844797 0.1809257 0.1678387 0.2092729 0.09275072
53 0.1366953 0.1314236 0.1817597 0.1638151 0.2669574 0.176441 0.1595924 0.2301088 0.09075131
54 0.1121851 0.1096381 0.1609523 0.1465444 0.3023118 0.1861288 0.1540591 0.2922997 0.0910661
55 0.1281845 0.1195393 0.177168 0.1499796 0.2513507 0.1560921 0.1247829 0.1908798 0.09164024
56 0.1320928 0.1358366 0.1801849 0.1665395 0.2427416 0.1657047 0.1535314 0.1661564 0.08977989
57 0.1211493 0.1213359 0.1669226 0.1544493 0.2288632 0.1647161 0.1733051 0.1768549 0.08946736
58 0.1429309 0.1188063 0.2023908 0.158317 0.284741 0.1694527 0.1441446 0.194142 0.09058796
59 0.1240162 0.1517476 0.1688485 0.1902229 0.2424946 0.1612396 0.1750039 0.1967791 0.08970118
60 0.1224419 0.1199634 0.1709107 0.1512252 0.2652561 0.1473896 0.1766049 0.3094177 0.09076413
61 0.1352234 0.1690452 0.1750149 0.1979126 0.2307818 0.1662899 0.1834709 0.1726398 0.09151535
62 0.1213099 0.1292277 0.1783228 0.1768739 0.2786892 0.2079462 0.224623 0.2265396 0.09087533
63 0.1341524 0.1425495 0.1928088 0.1700301 0.3728092 0.2624258 0.2487871 0.3439878 0.08923621
64 0.142795 0.1161178 0.1925624 0.150993 0.2565532 0.1601365 0.1242766 0.1864513 0.09159438
65 0.1106263 0.1013386 0.160218 0.1346309 0.2211541 0.1412075 0.1206265 0.1948897 0.09152067
66 0.1173709 0.1026327 0.1636264 0.1313001 0.2238905 0.1649308 0.1696914 0.1386542 0.09113133
67 0.1410708 0.1381287 0.1974869 0.1806512 0.331514 0.2118585 0.2024807 0.2729345 0.09096267
68 0.1394473 0.1514631 0.1816178 0.1843366 0.291772 0.2262955 0.2471612 0.2161868 0.09082896
69 0.1207766 0.1276023 0.1678843 0.1710252 0.3117403 0.2038815 0.1843521 0.3015181 0.08956874
70 0.1266409 0.142875 0.1751388 0.1735689 0.3011556 0.2032323 0.1698433 0.2742153 0.09236367
71 0.1349357 0.1374306 0.1801122 0.1746674 0.365096 0.1956979 0.1697556 0.4018731 0.08914728
72 0.1448518 0.1161637 0.1879589 0.141226 0.2369101 0.1325942 0.09737428 0.1648086 0.09103501
73 0.1063299 0.1176687 0.155134 0.1758469 0.1888625 0.1308732 0.1401328 0.1386133 0.0886463
74 0.1230427 0.1168022 0.1796448 0.1522049 0.3146974 0.1851214 0.1407277 0.3209582 0.08911903
75 0.1277603 0.1344312 0.1758742 0.164645 0.3348019 0.2207034 0.1970805 0.3188067 0.08847196
76 0.1237349 0.1354333 0.1900164 0.1863583 0.2992018 0.1771403 0.1621415 0.2665832 0.09106969
77 0.1556581 0.1524437 0.2017203 0.1873377 0.2894827 0.1818977 0.1590877 0.2354243 0.09026709
78 0.1147137 0.1204101 0.1631519 0.1619159 0.237783 0.143932 0.1440225 0.237136 0.08826643
79 0.1091241 0.1211374 0.1498298 0.1566989 0.1677144 0.1131067 0.1075722 0.1286868 0.09201366
80 0.1280911 0.1248919 0.1789678 0.1605955 0.2351976 0.1393023 0.1223509 0.2021747 0.08982906
81 0.1140039 0.1105439 0.1669423 0.1503325 0.2440652 0.173242 0.1689424 0.187701 0.08919154
82 0.1114963 0.1398312 0.1607609 0.169947 0.1986715 0.1341141 0.1582962 0.1496893 0.09193878
83 0.1258519 0.1284542 0.1757782 0.1635097 0.229919 0.1396584 0.1395483 0.1713707 0.09166335
84 0.1220051 0.1383286 0.1827439 0.1928202 0.2791763 0.189825 0.2119182 0.2524404 0.08932935
85 0.141822 0.1634602 0.1849169 0.1940562 0.2873916 0.1781682 0.1738671 0.2906769 0.08954215
86 0.1173246 0.1091325 0.1676875 0.1525439 0.2641372 0.2126548 0.1831162 0.1806155 0.08831113
87 0.1242738 0.1273157 0.1741976 0.1646329 0.2392289 0.1488076 0.1311776 0.2210766 0.08960035
88 0.1241932 0.1238771 0.1738322 0.1547128 0.2153885 0.1278617 0.1068541 0.1906706 0.0891028
89 0.1156198 0.1472754 0.1592613 0.179266 0.2818755 0.1997326 0.1921043 0.284607 0.08993555
90 0.1094563 0.1096847 0.1554984 0.1477991 0.1915509 0.1324865 0.1255973 0.1449546 0.09169827
91 0.1168676 0.1058374 0.1647989 0.1383016 0.2121779 0.1365521 0.1133176 0.1589182 0.08922968
92 0.1310908 0.1391491 0.1818575 0.1745755 0.2653406 0.1978142 0.2164605 0.1881385 0.09099355
93 0.1303879 0.1219022 0.1783043 0.1539232 0.2320065 0.1439666 0.1480486 0.1805519 0.0908237
94 0.1213561 0.137112 0.1726425 0.1722061 0.2328937 0.1539667 0.1539465 0.1780019 0.09080282
95 0.1358063 0.1333981 0.1913487 0.1695651 0.2876184 0.2099288 0.2240722 0.2129699 0.09049164
96 0.1170971 0.121495 0.1738624 0.1637315 0.2512308 0.1599374 0.1409426 0.2207743 0.09053021
97 0.1140217 0.1460121 0.1632701 0.1959689 0.2150534 0.1433141 0.1620387 0.2034723 0.09032831
98 0.1134802 0.1223281 0.1651042 0.1665631 0.2359819 0.1574721 0.1598178 0.2245463 0.08843917
99 0.1353701 0.1383963 0.1825551 0.1635268 0.2796337 0.2081813 0.2224282 0.1846289 0.09087533
100 0.132751 0.120909 0.1891062 0.1573492 0.2866274 0.160189 0.132309 0.2449343 0.0910966
