1 5.271039 -0.5189889 -0.008554224 -0.5990196 0.5180738 0.4207565 0.1010594 0.1736247 5.216202 -1.387865
2 5.256689 -0.4201444 0.03203263 -0.6271269 0.3618675 0.3976723 0.04872465 0.197723 5.333866 -1.556682
3 5.239312 -0.3992844 0.05229542 -0.6956617 0.5477545 0.4082723 0.1402282 0.2425277 4.585074 -1.440195
4 5.341558 -0.5193047 -0.02530152 -0.5084264 0.497982 0.297038 0.08663072 0.1799237 4.002488 -1.50785
5 5.476231 -0.3185024 -0.2453664 -0.8237837 0.4381655 0.4907262 0.09819333 0.1826814 6.463116 -1.412838
6 5.39936 -0.4033112 -0.07107801 -0.6082839 0.543175 0.4084996 0.1516876 0.2131037 8.356649 -1.553479
7 5.310949 -0.4135409 0.02898012 -0.6461128 0.4889956 0.2036773 0.07276563 0.1676144 5.861484 -1.558145
8 5.487469 -0.6264132 -0.1648748 -0.4663314 0.502455 0.6294008 0.0020291 0.3306309 7.506002 -1.45001
9 5.372614 -0.431533 -0.3264236 -0.5850437 0.4818407 0.4322277 0.2297534 0.3088353 5.589851 -1.411612
10 5.162817 -0.4698258 0.03861125 -0.5818054 0.4555265 0.4692647 0.113592 0.1384425 4.913864 -1.44537
11 5.303107 -0.1635933 -0.02640644 -0.7690935 0.4892012 0.4428644 0.05707298 0.1875875 4.567383 -1.489998
12 5.305188 -0.3239245 -0.1384049 -0.5304075 0.4924895 0.5099365 0.1490873 0.2000657 5.371419 -1.459822
13 5.402214 -0.362696 -0.1908967 -0.6369068 0.4778769 0.4381653 0.04255478 0.1653352 6.254999 -1.58571
15 5.357768 -0.5181204 -0.2879816 -0.3386733 0.4653413 0.3069295 0.1179693 0.1812804 6.275428 -1.517323
16 5.387501 -0.5431139 -0.1187712 -0.6568842 0.6193403 0.3681205 0.1083471 0.1727359 4.91852 -1.376934
17 5.312758 -0.3968913 0.1028696 -0.5528891 0.4953483 0.4007522 0.09940849 0.1265255 3.722006 -1.397379
18 5.518113 -0.6503543 -0.3434793 -0.40364 0.4761451 0.4644069 -0.0163981 0.2145907 4.075784 -1.517961
19 5.620045 -0.4151674 -0.3527812 -0.6236975 0.5749624 0.3872092 0.09119987 0.1361555 5.805038 -1.504833
20 5.392619 -0.4239534 -0.09947176 -0.6032262 0.4629135 0.4650343 0.06601278 0.1564419 4.787671 -1.419187
21 5.39847 -0.4472496 -0.02526348 -0.5854329 0.4631256 0.3440553 0.1105581 0.2051424 5.263579 -1.539966
22 5.286344 -0.3772114 0.005554876 -0.6456403 0.5484868 0.3860034 0.1218526 0.2908579 11.11651 -1.431721
23 5.384214 -0.4923721 -0.2900352 -0.3636842 0.5183871 0.325102 0.092146 0.3064605 5.42193 -1.566346
24 5.319118 -0.3742267 -0.05080984 -0.5889705 0.5266641 0.3711754 0.126026 0.2781932 5.015069 -1.593712
25 5.254626 -0.4683454 0.1575886 -0.7029375 0.5680852 0.5035839 0.1068322 0.342719 14.04995 -1.557055
26 5.506838 -0.5458056 -0.3156153 -0.3783456 0.5521027 0.4880142 0.0456593 0.1315346 4.947735 -1.526652
27 5.30328 -0.4258543 -0.01995462 -0.5079144 0.4533248 0.3978532 0.06496892 0.1241994 4.235556 -1.400088
28 5.13644 -0.4197583 0.2480747 -0.7954022 0.5418819 0.5144803 0.05512103 0.214212 4.584721 -1.444259
29 5.31825 -0.4426322 -0.1406727 -0.630344 0.5547611 0.5003121 0.006965864 0.2527369 6.013278 -1.541902
30 5.283123 -0.2740501 -0.07122311 -0.8546723 0.4471591 0.5105869 0.1418001 0.3419973 5.63275 -1.494465
31 5.275569 -0.4651628 -0.1929134 -0.3488079 0.4549619 0.5522524 0.07047725 0.2186723 6.130028 -1.427636
32 5.418191 -0.2226407 -0.08168131 -0.815724 0.4671294 0.4183216 0.1221402 0.2122477 4.543291 -1.446534
33 5.177704 -0.4560963 0.1283908 -0.5664488 0.4369847 0.3081277 0.07849109 0.1223948 4.839848 -1.413518
34 5.266554 -0.3195097 0.09945078 -0.8674502 0.5079604 0.3598368 0.0626497 0.2119845 3.932505 -1.329136
35 5.328935 -0.4483061 0.02525056 -0.5452774 0.5100098 0.4549688 0.09502351 0.2438622 7.90677 -1.48307
36 5.365944 -0.3083445 -0.07425625 -0.7062861 0.4867935 0.4203598 0.05940776 0.256367 7.494715 -1.531476
37 5.441006 -0.520657 -0.02870373 -0.5365133 0.4463655 0.3036154 0.1086647 0.1389439 5.155466 -1.566878
38 5.359501 -0.2269121 -0.126604 -0.8356737 0.5282778 0.5617489 0.0556431 0.2222466 5.393316 -1.408068
39 5.508526 -0.5358172 -0.2626625 -0.5063811 0.3637818 0.339721 0.113933 0.1355375 3.390037 -1.489808
40 5.307813 -0.37633 0.04391683 -0.6599699 0.5211076 0.3944594 0.1349818 0.2549081 6.263032 -1.515351
41 5.226102 -0.2699532 -0.02819846 -0.7586322 0.5142138 0.3045796 0.09246227 0.2517602 4.508131 -1.424516
42 5.527167 -0.46232 -0.4739754 -0.5208023 0.3752508 0.4254983 0.04582986 0.2943885 4.271537 -1.536577
43 5.390494 -0.4339418 -0.3023275 -0.5520402 0.4111331 0.5067807 0.05173905 0.1642391 4.130886 -1.50785
44 5.468065 -0.4357877 -0.04544231 -0.5239624 0.55351 0.3935017 0.2001448 0.1692403 6.441898 -1.487008
45 5.329659 -0.4565691 0.06467162 -0.6445295 0.5461776 0.2929355 0.03633354 0.2367178 5.791755 -1.582118
46 5.433964 -0.3178121 -0.2532652 -0.7174671 0.4691606 0.637064 -0.0003649942 0.2193789 6.743168 -1.455509
47 5.236639 -0.2800566 0.1144352 -0.8522482 0.415774 0.3744421 0.108002 0.2150059 4.772538 -1.568033
48 5.436064 -0.5312813 -0.2202343 -0.5002502 0.4275025 0.3817395 0.1716463 0.1862244 4.79779 -1.456362
49 5.242011 -0.4138845 0.06728635 -0.6388427 0.4381802 0.4016164 -0.005067309 0.2592118 5.818696 -1.510857
50 5.417181 -0.4557676 -0.001325343 -0.5564023 0.4394653 0.5496761 0.1875811 0.2158894 5.914519 -1.491489
51 5.195374 -0.5883633 0.03135553 -0.4878987 0.4697617 0.599041 0.1346028 0.3887367 7.293676 -1.463316
52 5.464992 -0.4122774 -0.05832856 -0.5912536 0.4921331 0.4191765 0.148001 0.17826 3.96319 -1.47891
53 5.25939 -0.4037713 -0.1201886 -0.6685513 0.5139787 0.3046925 0.07608625 0.1529826 4.449386 -1.457246
54 5.349432 -0.4466908 0.07111121 -0.6315582 0.4648794 0.4776185 0.05250623 0.1957237 5.882324 -1.536577
55 5.292978 -0.392502 0.0517463 -0.7018168 0.529947 0.3879735 0.1285533 0.1345194 7.10052 -1.501149
56 5.163155 -0.4297168 0.04432104 -0.719915 0.5497665 0.3429075 0.02301576 0.1892433 6.412426 -1.403994
57 5.490214 -0.4069439 -0.1685318 -0.5751102 0.4167395 0.447727 0.03221954 0.2063419 5.225707 -1.533525
58 5.419286 -0.3613624 -0.376597 -0.5096511 0.4287285 0.6445653 0.08552908 0.2525979 5.523154 -1.606675
59 5.244434 -0.4200588 0.004248042 -0.6264989 0.4427011 0.4338462 0.06164009 0.1904235 5.127216 -1.533665
60 5.175684 -0.3502721 0.03631939 -0.5663201 0.427534 0.4322678 0.01995614 0.1983063 4.527139 -1.470942
61 5.238593 -0.2564803 0.07799607 -0.7355988 0.4173075 0.4148985 0.1475093 0.2327567 3.427083 -1.423799
62 5.311246 -0.384854 -0.07055562 -0.62355 0.5497299 0.3526376 0.1436053 0.3085345 8.077711 -1.466833
63 5.364126 -0.5302608 -0.03585823 -0.701016 0.4592413 0.5529674 -0.01180797 0.3454657 7.645042 -1.521083
64 5.444814 -0.3256943 -0.1593868 -0.6766274 0.383712 0.2665907 0.0882133 0.1463732 3.803396 -1.528715
65 5.462502 -0.6832696 -0.2510958 -0.3619816 0.5504196 0.5345432 0.1012346 0.138471 7.365985 -1.414554
67 5.008783 -0.3981129 0.330692 -0.7884339 0.6735426 0.3544695 0.1304081 0.2147558 9.100118 -1.494903
69 5.34473 -0.5570085 -0.1001774 -0.6355657 0.4793265 0.5640152 0.1500398 0.1880316 5.211391 -1.510766
70 5.439992 -0.4223736 -0.2279824 -0.5069283 0.4202355 0.4045091 0.09343185 0.2654169 5.552228 -1.68971
71 5.322192 -0.4346027 -0.2277749 -0.4995064 0.4388379 0.4706247 0.04046273 0.1408125 4.859522 -1.475907
72 5.592196 -0.429213 -0.4354544 -0.5192591 0.4971291 0.4200003 0.03987978 0.232243 4.784821 -1.571485
73 5.463524 -0.6118505 -0.2267249 -0.4548911 0.4077695 0.5286499 0.1056227 0.1726855 3.920536 -1.406655
74 5.398577 -0.5035666 0.01074276 -0.5344888 0.4515805 0.3817697 0.1229293 0.2214621 5.171728 -1.50785
75 5.557211 -0.3645312 -0.1771957 -0.6051252 0.4493066 0.4930592 -0.006003873 0.2219024 4.622588 -1.644777
76 5.36545 -0.4397075 -0.208015 -0.6021563 0.4765318 0.4832019 0.07329291 0.2699434 6.457094 -1.504823
79 5.367892 -0.4136718 0.01669732 -0.4827794 0.4901097 0.2567522 0.1213127 0.1817068 4.915365 -1.573172
80 5.325656 -0.4514947 -0.1531309 -0.5968404 0.4728716 0.4784134 0.04782397 0.209343 3.985084 -1.521313
81 5.362814 -0.5997083 -0.0185772 -0.4654482 0.4882843 0.6111773 0.03744466 0.2185415 4.925124 -1.539956
82 5.491859 -0.4292628 -0.26293 -0.5491067 0.4648056 0.5471752 -0.01746059 0.2272808 5.194328 -1.562521
83 5.089576 -0.3147153 0.1632855 -0.6691241 0.3702865 0.3883992 0.04790553 0.3147673 5.125809 -1.40355
84 5.259916 -0.3790647 0.02521883 -0.5590654 0.402494 0.4809521 0.04462951 0.2391791 5.403058 -1.411612
85 5.206368 -0.3412029 -0.095786 -0.6229328 0.5306691 0.5049673 0.07503152 0.226018 6.541336 -1.432592
86 5.418893 -0.5309473 -0.06401767 -0.4966557 0.5206312 0.1746293 0.119279 0.2571838 4.80967 -1.510147
87 5.35271 -0.4314124 -0.09113041 -0.4797721 0.5396274 0.3463647 0.119291 0.1534753 4.801908 -1.4102
88 5.248592 -0.121895 0.08146657 -0.9166471 0.4670783 0.5938329 0.08000761 0.1705657 5.355773 -1.406655
89 5.38071 -0.3342439 -0.1575594 -0.6700248 0.4524899 0.4106719 0.01957241 0.2037147 4.389176 -1.564296
90 5.258737 -0.4169272 0.009851503 -0.5009121 0.5236319 0.2998136 0.1768226 0.2360997 5.177483 -1.617913
91 5.38979 -0.4408138 -0.1854829 -0.5252424 0.4732335 0.292 0.1545452 0.1970489 4.820095 -1.458767
92 5.349005 -0.4886192 -0.02372081 -0.5424328 0.4379448 0.5759994 0.01052406 0.1591869 5.619 -1.570327
93 5.54651 -0.4683163 -0.1185271 -0.6349287 0.5908033 0.4344341 0.07678014 0.1048609 5.817308 -1.430466
94 5.205979 -0.2893267 0.1148514 -0.906041 0.5381333 0.3937218 0.1566869 0.1583446 5.170907 -1.455066
95 5.295558 -0.4754222 -0.0524935 -0.5169547 0.4949819 0.3703273 0.1591784 0.1955857 6.176411 -1.368957
96 5.293543 -0.3361253 0.04986012 -0.7058078 0.4673804 0.5515186 0.0582398 0.1487959 5.328126 -1.636219
97 5.471236 -0.4032416 -0.2019772 -0.7928605 0.449795 0.4058286 0.124041 0.2991883 4.306979 -1.535012
98 5.214148 -0.5420331 0.02487047 -0.5407977 0.4722189 0.4421498 0.1286309 0.220735 4.704605 -1.515201
99 5.580077 -0.5581645 -0.2102279 -0.4824814 0.4941257 0.4855537 -0.03637926 0.183101 4.426368 -1.578837
100 5.371531 -0.6196228 -0.03862496 -0.4310289 0.5033902 0.6316145 0.1465551 0.2491892 6.646009 -1.295465
101 5.370007 -0.5298007 -0.1604893 -0.5135799 0.5490639 0.4462668 0.08424516 0.2556555 6.546521 -1.580045
102 5.14954 -0.5012663 0.3272814 -0.6041529 0.546919 0.473235 0.06281306 0.2175617 7.256461 -1.546963
103 5.409082 -0.3302053 -0.05683338 -0.5727692 0.4579952 0.3146671 0.06999824 0.2454601 4.687059 -1.59953
104 5.245761 -0.4212747 0.04078649 -0.6485844 0.554743 0.540573 0.05066419 0.1761234 5.162503 -1.435085
105 5.3442 -0.4601455 0.063564 -0.5894286 0.61915 0.3525186 0.2209739 0.2600099 5.225412 -1.515054
