1 0.1089404 0.1131838 0.151685 0.1316676 0.1185879 0.07168926 0.07447816 0.07012384 1.078983 0.3495154 0.2133271 0.0628938 0.09250665
2 0.108872 0.1105014 0.1527973 0.1378119 0.1273727 0.07350425 0.08132345 0.05571411 1.485935 0.2918948 0.2187262 0.07170028 0.09234631
3 0.1113285 0.1089508 0.1445938 0.130331 0.106823 0.07037369 0.08111478 0.06021999 0.913638 0.312689 0.2010012 0.05902262 0.08092329
4 0.1137091 0.1204857 0.1540713 0.1490243 0.1246143 0.07787484 0.0871951 0.06447011 1.922592 0.3458988 0.2223485 0.06535156 0.08756377
5 0.09422012 0.0958167 0.1416397 0.1281864 0.1047196 0.06328833 0.07037486 0.05480643 0.6553892 0.3105095 0.2094827 0.057943 0.08085128
6 0.09910561 0.09174974 0.1345597 0.1139064 0.09082815 0.05237812 0.04737827 0.05090307 0.600162 0.3365031 0.2127653 0.05566166 0.0826601
7 0.1078193 0.11555 0.1476759 0.1386246 0.1055285 0.07516797 0.08521313 0.05956964 1.023477 0.3292628 0.199967 0.05444191 0.08111861
8 0.1074985 0.1004562 0.1554865 0.1299361 0.1221936 0.06949166 0.07294042 0.05838109 1.166367 0.3364482 0.2210443 0.05876002 0.08508231
9 0.1181684 0.1132916 0.1651585 0.1413561 0.1411959 0.08805608 0.07918318 0.06852329 1.436681 0.3454579 0.2244005 0.06303528 0.08866901
10 0.116922 0.1202671 0.1565736 0.1291515 0.1255045 0.06551064 0.06782849 0.04367311 0.7928836 0.3524011 0.213766 0.07612016 0.1142579
11 0.1075517 0.1138185 0.1448576 0.1427614 0.1052682 0.07036715 0.08796746 0.05533475 1.133241 0.3370881 0.2004234 0.06460512 0.0847002
12 0.1053174 0.1152531 0.1460297 0.1306837 0.1069574 0.06274485 0.07022639 0.05210801 0.6282388 0.2874979 0.198308 0.05973321 0.07861086
13 0.1031528 0.0963796 0.1514452 0.1206269 0.1177932 0.06502091 0.06407618 0.05195748 0.8189601 0.3592423 0.2279594 0.07341066 0.1026664
14 0.1046721 0.1023931 0.1591684 0.1312552 0.1313147 0.0751834 0.07079156 0.069529 1.898249 0.3911199 0.2239458 0.06849211 0.1073518
15 0.1031251 0.1218016 0.136793 0.1410474 0.09645749 0.06459689 0.07343228 0.05647916 0.7610205 0.3849452 0.2273862 0.06184676 0.09473946
16 0.1151062 0.1100258 0.1564144 0.1346868 0.1245701 0.07226831 0.06909007 0.06454885 1.575293 0.3518287 0.2086828 0.06859954 0.1026408
17 0.1148593 0.1151114 0.1596078 0.1524221 0.1319543 0.09424591 0.1046805 0.05718067 1.637549 0.3453231 0.2154392 0.06354179 0.08612579
18 0.1103046 0.100095 0.1546379 0.1302344 0.1141057 0.06767684 0.07643858 0.04918331 0.8452404 0.2999498 0.1994335 0.06168053 0.07580742
19 0.1126793 0.1080404 0.154957 0.1311242 0.1303433 0.07492901 0.06870943 0.06459216 1.028126 0.3531144 0.2216108 0.05982628 0.09076819
20 0.0942618 0.1063231 0.1407736 0.145115 0.1004759 0.07584437 0.101445 0.05498339 1.639346 0.3647089 0.2362998 0.07066231 0.09632273
21 0.1150333 0.1166212 0.1618955 0.1404859 0.1364638 0.08110353 0.08727492 0.06887339 1.309864 0.3363565 0.2226876 0.06735313 0.1004501
22 0.1012415 0.1041045 0.1391674 0.1321851 0.1016269 0.06007174 0.06396818 0.05116702 1.15118 0.358509 0.2132594 0.06547627 0.08680305
23 0.1163643 0.1126665 0.1509187 0.1323938 0.1126428 0.06782246 0.06177883 0.06240039 1.758554 0.3597795 0.2216346 0.06597342 0.0931423
24 0.1156634 0.1044837 0.1546704 0.1246686 0.1175233 0.06515145 0.06190936 0.06682051 1.74389 0.3410118 0.2004179 0.06019997 0.09229122
25 0.09368633 0.09163592 0.1372366 0.1265046 0.0945876 0.06563343 0.07477502 0.05916442 1.075068 0.3690831 0.2181862 0.06130449 0.08931088
26 0.1043627 0.1157043 0.1459215 0.148959 0.1112486 0.07476364 0.09583065 0.07189382 1.450478 0.3178207 0.2000413 0.05745081 0.08022009
27 0.1147464 0.1140281 0.1522521 0.1348591 0.1248692 0.06849215 0.06986924 0.05811181 1.579879 0.3231816 0.2092343 0.06858049 0.09056037
28 0.09638359 0.1148727 0.1311541 0.1289204 0.09716443 0.06462911 0.07479509 0.06194317 0.8923871 0.3995446 0.2231107 0.07004328 0.1143692
29 0.1035929 0.1166472 0.1429538 0.1460897 0.1022243 0.07316182 0.08851537 0.05714004 1.052172 0.2913762 0.199618 0.05955119 0.07310676
30 0.09672598 0.1041831 0.1369773 0.1333456 0.09788218 0.06255087 0.07542567 0.05419234 0.9150591 0.3576063 0.2175044 0.0679685 0.09767448
31 0.09738545 0.08869741 0.136732 0.1136346 0.09453924 0.0528156 0.05145009 0.0444405 0.6754837 0.3269022 0.2042318 0.05936854 0.07827346
32 0.1013934 0.08561715 0.1427065 0.1086655 0.1185704 0.06360517 0.05429667 0.05583968 1.125927 0.3687942 0.2141472 0.08428102 0.1143604
33 0.1081358 0.1296503 0.1489949 0.1449234 0.1191325 0.08351613 0.09198073 0.07196149 2.473439 0.4687858 0.2736467 0.082069 0.1417571
34 0.09817725 0.0899096 0.136232 0.1050173 0.09471633 0.05085497 0.05539148 0.04588957 0.4932846 0.3496173 0.2047918 0.0514617 0.08381588
35 0.1141616 0.1290881 0.1524075 0.1506524 0.127583 0.07911488 0.08588745 0.0704537 1.488845 0.3743383 0.2214303 0.06343952 0.09903278
36 0.1031442 0.1103168 0.1412465 0.1330056 0.1049155 0.06501572 0.06948918 0.0600005 1.103039 0.3549371 0.2141269 0.05875236 0.0893588
37 0.09295429 0.09743857 0.1375219 0.1340733 0.08971525 0.06345847 0.07641088 0.05018618 0.7321637 0.3027285 0.2112223 0.05901743 0.07141339
38 0.1119425 0.1163207 0.1489663 0.1462767 0.1085634 0.07255147 0.09191734 0.05208949 0.9834242 0.2891081 0.2000147 0.05712462 0.06759466
39 0.1015001 0.1020139 0.1387134 0.120297 0.1000907 0.05962592 0.0523829 0.07110559 1.537071 0.3845973 0.2058688 0.06145346 0.09938492
40 0.1177724 0.1360097 0.1610098 0.1532608 0.1418494 0.0975281 0.09921517 0.0706106 4.902435 0.3939219 0.2211817 0.07523672 0.1197898
41 0.1060204 0.1145955 0.1556169 0.1352665 0.125765 0.07104267 0.07255376 0.0653809 3.394187 0.4176555 0.2340826 0.07187503 0.1211448
42 0.09983661 0.09844134 0.1458541 0.1225802 0.1057317 0.06164503 0.06300589 0.0593593 0.7903622 0.3476894 0.2193285 0.07065256 0.1096834
43 0.09789659 0.1024802 0.1434556 0.1388904 0.1102807 0.0807205 0.08909428 0.0548816 4.176634 0.3866624 0.2129453 0.06421682 0.09601461
44 0.1037439 0.0965053 0.1483339 0.1263226 0.1231985 0.06520508 0.06727207 0.06709922 0.6458721 0.308238 0.2150998 0.0646173 0.08962079
45 0.1215336 0.1200701 0.1630606 0.1474713 0.1379112 0.08937603 0.1088602 0.05813683 1.388776 0.3324449 0.2118199 0.06265126 0.08771017
46 0.1115334 0.107992 0.1533312 0.1290904 0.1289644 0.07561035 0.06951645 0.07354948 0.9490756 0.4703805 0.2432097 0.06809672 0.1364726
47 0.1072613 0.1125395 0.1438548 0.1320882 0.1014263 0.06355089 0.0659183 0.05139505 0.9005605 0.3817431 0.2133994 0.06398568 0.102228
48 0.1092647 0.09666483 0.1594026 0.1209446 0.1310912 0.07149916 0.06972042 0.06124081 0.6616964 0.2778837 0.2138363 0.06540106 0.0862576
49 0.09394028 0.08709663 0.1345743 0.12078 0.09169371 0.05607723 0.06660011 0.0514318 1.529522 0.3973568 0.2311689 0.0627382 0.09132367
50 0.1047269 0.1012014 0.145386 0.1256702 0.1107883 0.07005514 0.07020738 0.05693059 1.510514 0.3706443 0.2279195 0.06824728 0.09383179
51 0.0954049 0.09854182 0.1345875 0.1251632 0.09173183 0.05858589 0.06012132 0.04950902 0.7564504 0.3324631 0.214441 0.05955039 0.08395811
52 0.116596 0.1380557 0.1618515 0.1469967 0.1392019 0.08665625 0.1007716 0.07140755 1.256633 0.319432 0.1998876 0.06103935 0.09973088
53 0.1159791 0.1094326 0.1536351 0.1311967 0.1192239 0.06871953 0.06874404 0.05174688 0.912821 0.3591413 0.2124242 0.07480016 0.1053715
54 0.09406452 0.1026491 0.1339196 0.1227108 0.0931836 0.05821136 0.07438272 0.04428262 0.9242371 0.3855852 0.2113097 0.07380067 0.1134577
55 0.1038872 0.1026464 0.1434381 0.1191452 0.1075442 0.06407875 0.05990127 0.06284252 0.8697727 0.4433055 0.248588 0.06710421 0.1227019
56 0.1016042 0.1627987 0.1407571 0.1492605 0.101544 0.07274545 0.0847761 0.06556271 0.8948947 0.4004152 0.2385357 0.07829862 0.1414958
57 0.09841552 0.1014668 0.1371239 0.1309775 0.100457 0.06339225 0.07165602 0.05867067 1.199159 0.3443715 0.2198278 0.0651173 0.09107881
58 0.1084651 0.1066731 0.1542922 0.1343035 0.1201107 0.07045783 0.07282765 0.05790404 1.179401 0.3086482 0.2090952 0.0647813 0.08735319
59 0.0959794 0.1000495 0.1302536 0.1233496 0.08132456 0.05879894 0.06403131 0.04828501 0.7095814 0.2928705 0.1994556 0.06248373 0.07574688
60 0.09779783 0.1028366 0.1393859 0.1295764 0.1033907 0.06324822 0.07249379 0.05210449 1.082903 0.3741965 0.210249 0.06133654 0.08971669
61 0.1204862 0.1471437 0.154778 0.1730304 0.1193117 0.08520628 0.1162485 0.06676213 1.756482 0.2977342 0.2140693 0.06058961 0.07913476
62 0.108395 0.1239958 0.1567474 0.1532035 0.1266557 0.08699546 0.1109051 0.06538489 1.236413 0.3299766 0.2109383 0.05880811 0.09200853
63 0.1071145 0.1271125 0.1586567 0.140194 0.1367679 0.08230286 0.087394 0.08616005 1.283993 0.4590479 0.2754411 0.082083 0.1488377
64 0.1108996 0.1019973 0.1510284 0.129691 0.1193354 0.06858399 0.07156016 0.05987157 1.172911 0.3634066 0.2128188 0.06740914 0.1008599
65 0.1033751 0.1095945 0.1480493 0.1360146 0.1170506 0.07322918 0.07106879 0.05780135 3.438671 0.4074364 0.2306833 0.07413034 0.1186007
66 0.0923122 0.08423797 0.1267274 0.1015747 0.08386523 0.04604594 0.0434623 0.04606681 0.79146 0.3750914 0.2123878 0.06338666 0.09378556
67 0.1070502 0.1109311 0.1544135 0.1366455 0.1251173 0.07709967 0.07245745 0.06229474 0.8504091 0.3165679 0.2146174 0.057481 0.08065978
68 0.1114988 0.1314219 0.1471082 0.143089 0.1067555 0.07275228 0.07674509 0.06627887 0.8999848 0.3096335 0.2108201 0.06339752 0.08756493
69 0.1069838 0.1152852 0.1497273 0.144361 0.1227594 0.08019192 0.08743471 0.05740822 2.043186 0.3496873 0.2147878 0.07284614 0.09824429
70 0.0971567 0.09291197 0.1393774 0.1202419 0.1081669 0.06637795 0.06819924 0.05959914 0.8303075 0.3559568 0.2293418 0.06538442 0.09222921
71 0.1192677 0.1245141 0.1607962 0.1455418 0.1298877 0.07787927 0.0819686 0.05916989 1.358051 0.3649878 0.2055169 0.07984117 0.1166832
72 0.103404 0.09674926 0.1408365 0.1153356 0.09990923 0.05668242 0.04871759 0.05365895 0.8068101 0.4004053 0.2395945 0.06680373 0.1002069
73 0.09231975 0.09642724 0.1337123 0.1354612 0.08825741 0.05823255 0.06874939 0.0532874 1.557844 0.3193099 0.1974274 0.06381282 0.08776221
74 0.09746189 0.1147732 0.1424636 0.1368957 0.1037371 0.06791486 0.07053988 0.06296457 1.055065 0.37749 0.2080239 0.06552727 0.1042487
75 0.1157843 0.1219301 0.1612823 0.1512125 0.130682 0.08816128 0.09807656 0.06207558 1.934101 0.3725758 0.2280797 0.0653698 0.102132
76 0.101157 0.1196836 0.1565422 0.146951 0.1215819 0.0821951 0.08861474 0.06253012 0.90504 0.3066074 0.2186715 0.06567734 0.08993057
77 0.1251521 0.134151 0.1668689 0.158818 0.1407996 0.0887373 0.09365628 0.07624213 1.169187 0.3077388 0.2021632 0.05716668 0.07955396
78 0.102889 0.1156517 0.14609 0.1493459 0.1131997 0.07974383 0.09127438 0.06604771 2.92281 0.3579014 0.2169203 0.07431629 0.09923689
79 0.09996215 0.1341402 0.1388766 0.146981 0.1002285 0.06851642 0.07361197 0.05941117 3.956695 0.4479933 0.2272761 0.07703716 0.134865
80 0.1145212 0.1246566 0.1613689 0.1439698 0.1318427 0.07961535 0.07549889 0.05946137 1.476302 0.3881319 0.230529 0.06969596 0.1099934
81 0.1022113 0.09462709 0.1529141 0.1187358 0.1238138 0.06902152 0.06809726 0.05583594 5.424414 0.4113867 0.2383194 0.08783837 0.1349346
82 0.09205099 0.1101423 0.1346818 0.1356364 0.08877135 0.0606677 0.07763692 0.04993565 1.282076 0.3325999 0.2294866 0.06832961 0.08519578
83 0.09820241 0.1044192 0.1396565 0.1242957 0.1027459 0.05810894 0.06400364 0.05861761 0.884897 0.3483431 0.2175798 0.06677306 0.09772898
84 0.09800665 0.09812918 0.150242 0.1331823 0.1219022 0.07906996 0.08718202 0.07321258 0.860427 0.335963 0.2173309 0.05786719 0.08424151
85 0.1092093 0.1290733 0.1396501 0.1415726 0.0978404 0.06183893 0.0689001 0.06034104 0.6537178 0.343372 0.2192316 0.05727056 0.08592987
86 0.09434188 0.08452567 0.1358742 0.1151776 0.1042396 0.05742792 0.05399949 0.05245534 1.421958 0.3332257 0.2044346 0.06540429 0.08262622
87 0.1008792 0.0942831 0.1404359 0.1263518 0.1024466 0.07158595 0.07597937 0.0525299 0.9325436 0.323723 0.217855 0.0606005 0.08221666
88 0.1026671 0.1090701 0.1467264 0.130379 0.1048896 0.06209175 0.06499012 0.04988166 1.268887 0.3768163 0.2159173 0.06831232 0.1058494
89 0.0968957 0.1279841 0.1330211 0.1500488 0.1020974 0.07031701 0.09565877 0.05908609 1.183545 0.3847953 0.2318038 0.07395965 0.1120757
90 0.09492202 0.1070519 0.136056 0.1318564 0.09463771 0.06277576 0.08211981 0.04961195 1.364162 0.371602 0.2169284 0.07269358 0.108545
91 0.1012411 0.09947443 0.1424575 0.1185508 0.1012247 0.06219995 0.0576257 0.05426689 1.268054 0.4074312 0.2143255 0.0672953 0.1094695
92 0.1016001 0.1160441 0.1417692 0.143558 0.1024623 0.0738736 0.09882246 0.06430577 0.8203219 0.3071513 0.2080252 0.06115796 0.08087324
93 0.1113986 0.1091273 0.1533655 0.1334405 0.1180536 0.06711903 0.06451112 0.05981397 1.853361 0.3412027 0.2097526 0.07364018 0.09358579
94 0.1094687 0.1466962 0.1507537 0.1485619 0.1172942 0.0772743 0.08715139 0.07189643 1.732937 0.3986955 0.2362224 0.0794296 0.1367202
95 0.1119216 0.119746 0.1525167 0.1366267 0.1178404 0.07326815 0.0793854 0.06762931 0.8631742 0.3831946 0.2101989 0.06660015 0.113302
96 0.09742861 0.1096898 0.1501773 0.1501997 0.1171802 0.08067842 0.08843721 0.07163115 1.474227 0.3834279 0.2329726 0.06490186 0.09638078
97 0.09266262 0.1071291 0.130883 0.1301875 0.08873967 0.06076465 0.06966507 0.05570357 0.8274723 0.3151325 0.2013712 0.05787247 0.07973298
98 0.09755339 0.1198836 0.1364415 0.1437511 0.0955616 0.06605706 0.08278606 0.05721449 0.8805863 0.3747416 0.2056198 0.05895862 0.09599995
99 0.09818601 0.1127759 0.1342601 0.1325019 0.08815832 0.05626264 0.06612227 0.0632009 0.7701503 0.3385332 0.225522 0.05571986 0.07734407
100 0.1092957 0.1044119 0.1565387 0.1324129 0.1313254 0.07836387 0.07549171 0.06411582 1.036836 0.3386965 0.2253721 0.07109745 0.1017577
