1 5.277018 -1.216971 0.03943095 -0.4263638 1.793027 0.3701526 0.2698548 0.3267531 0.617707 -1.510048 0.6831258 -1.264505
2 5.202407 -1.028202 0.172506 -0.3065347 1.15947 0.3046904 0.2057934 0.2287292 0.01246398 -1.683546 0.7647723 -1.109732
3 5.198329 -1.324788 0.2172697 -0.2518925 2.324469 0.9045832 0.4181045 0.3354319 0.6015516 -1.493037 0.4954782 -1.030695
4 5.327644 -1.252354 0.1040769 -0.2420175 1.854432 0.2868712 0.2588247 0.4220805 0.7783725 -1.542738 0.4290012 -0.9552478
5 5.618047 -1.033353 -0.3835106 -0.5124173 1.423633 0.3856378 0.2331999 0.2202869 1.766439 -2.43903 0.5890262 -1.265859
6 5.471712 -1.053949 -0.1779514 -0.2751821 1.327466 0.3800989 0.2886269 0.2960874 0.6049343 -1.686643 0.5466951 -0.9952061
7 5.38633 -1.05653 -0.04457787 -0.3082335 1.343399 0.1004195 0.1129109 0.3187055 0.7115277 -1.76819 0.5692332 -1.058002
8 5.537603 -1.400474 -0.06857592 -0.1754507 1.770347 0.4148766 0.2275153 0.326703 0.915911 -1.862232 0.6763321 -1.305681
9 5.402481 -1.252973 -0.2269124 -0.2372454 1.517293 0.3746706 0.3423982 0.438665 -0.5310039 -1.333695 0.7175622 -0.9262562
10 5.246388 -1.13996 -0.01545893 -0.3709643 1.603665 0.6476765 0.2369734 0.1659654 0.1663115 -1.448774 0.7622303 -1.235439
11 5.360478 -0.9184283 0.08253324 -0.4830533 1.903915 0.4587986 0.2560671 0.2863895 1.974285 -2.348257 0.6616616 -1.469275
12 5.197933 -1.027676 0.049739 -0.2604868 1.592131 0.5581707 0.3882401 0.351784 -0.494276 -1.033323 0.7307574 -1.002016
13 5.461459 -0.9057086 -0.2496705 -0.4706895 1.36564 0.3186243 0.2429624 0.2477607 0.6644589 -1.707163 0.554226 -1.036074
15 5.351185 -1.174114 -0.2306709 0.02917872 1.304694 0.2846308 0.2633648 0.3454312 1.120568 -1.565023 0.5742101 -1.199877
16 5.400322 -1.215157 -0.08595427 -0.3881306 1.869715 0.3878336 0.2480498 0.2404758 -0.2758739 -1.116121 0.6002657 -0.907166
17 5.381058 -1.210098 0.201172 -0.3212823 1.851343 0.7053632 0.3521271 0.2734016 0.330562 -1.304001 0.6806183 -1.147636
18 5.381103 -1.197886 -0.4260105 -0.1287224 1.923484 1.726231 0.05376863 0.07990734 0.8445637 -1.722789 0.5327798 -1.124462
19 5.685813 -1.024636 -0.4522508 -0.3520559 1.528611 0.3559522 0.2505662 0.2217968 0.09653246 -1.368062 0.6110541 -0.9690952
20 5.335792 -0.9964693 -0.0163106 -0.4662445 1.577634 0.6099665 0.2469371 0.1674374 0.02474413 -1.350368 0.8513935 -1.276032
21 5.356475 -0.9968333 -0.005329467 -0.4232382 1.409445 0.3092178 0.272779 0.3471406 0.7753971 -1.375361 0.5197272 -1.078854
22 5.334385 -0.9681473 0.01961028 -0.484614 1.349405 0.2381786 0.243425 0.3653364 0.3402619 -1.070071 0.6152492 -1.066978
23 5.407406 -1.070865 -0.3105188 -0.2494207 1.410079 0.2429583 0.3436808 0.7078826 -0.1930879 -0.8843472 0.4856646 -0.8198945
24 5.329446 -1.24077 0.01989387 -0.1322027 1.548716 0.3540405 0.4204161 0.6426125 -0.5903211 -1.221006 0.6436897 -0.8769488
25 5.31635 -1.045153 0.1320149 -0.5500258 1.371309 0.3392837 0.2963322 0.3809718 0.1532913 -1.388029 0.649227 -1.09933
26 5.573769 -1.075054 -0.300376 -0.2510272 1.837521 0.4800033 0.2028362 0.1435146 0.8579061 -1.329931 0.5523337 -1.167286
27 5.345631 -1.104537 -0.002486835 -0.2401116 1.687884 0.3949533 0.205972 0.2021049 0.4440497 -1.005272 0.7190735 -1.274686
28 5.169508 -1.245684 0.3807271 -0.5449341 2.069034 0.468109 0.2726907 0.2927077 0.292144 -1.450523 0.5657942 -1.06139
29 5.417712 -1.143418 -0.1481234 -0.3547879 1.628515 0.3313909 0.2997161 0.402076 0.3134574 -1.819354 0.5510537 -0.9437099
30 5.385471 -0.8765231 -0.1474045 -0.6965837 1.423749 0.5216652 0.4488351 0.4887942 -0.5587778 -1.460585 0.6693921 -0.843671
31 5.311379 -1.234131 -0.2023248 0.03637531 1.511337 0.6485472 0.3412781 0.2425543 0.03020358 -1.170204 0.8009674 -1.226326
32 5.377888 -0.8421666 0.04914957 -0.6149316 1.681394 0.408928 0.3069837 0.3168713 0.4118379 -1.62825 0.6719631 -1.071986
33 5.24253 -1.284109 0.1234871 -0.1719275 1.485728 0.2682107 0.220659 0.3152657 1.042643 -1.646046 0.6572609 -1.297243
34 5.336064 -1.252566 0.1318043 -0.5261959 2.002932 0.3431609 0.3124972 0.4461115 1.37589 -1.980367 0.5341138 -1.190309
35 5.362421 -1.131063 0.1372847 -0.2207884 1.429244 0.3542307 0.26886 0.3031028 0.3357197 -1.393999 0.7414167 -1.221546
36 5.314783 -1.00152 0.08532734 -0.3607536 1.348479 0.3021764 0.2717419 0.3686774 0.5559977 -1.669451 0.7155498 -1.197341
37 5.475372 -1.054973 -0.1116669 -0.2873285 1.234048 0.3208962 0.2729925 0.295974 -0.02091472 -1.155493 0.6024371 -0.9609453
38 5.451147 -0.920519 -0.1642407 -0.6620906 1.821317 0.5249313 0.3191104 0.2798503 0.7946979 -1.896474 0.7612646 -1.321016
39 5.448275 -1.191383 -0.1419148 -0.4630463 1.674145 0.2632945 0.4305481 0.9222651 -1.126018 -0.8767647 0.7215705 -0.8548686
40 5.294306 -1.086358 0.1377367 -0.351828 1.544631 0.4382804 0.3262056 0.3865388 -0.00703333 -1.584278 0.6780547 -1.013686
41 5.235283 -0.996444 0.0004131736 -0.5022949 1.752114 0.349989 0.2618388 0.3077491 -0.02966847 -1.373407 0.5948483 -0.9088566
42 5.510468 -1.131332 -0.3839871 -0.1897711 1.409505 0.3451545 0.2737084 0.3753987 0.1347481 -1.497762 0.4869429 -0.804251
43 5.356674 -1.279676 -0.2166526 -0.02773452 1.814944 0.9503673 0.3952723 0.2745567 -0.4279549 -1.333856 0.7821983 -1.089082
44 5.461698 -1.244243 0.02594346 -0.1509347 1.56759 0.3832725 0.3988284 0.4436347 0.4611658 -1.351292 0.6417776 -1.148294
45 5.338481 -1.010767 0.1399567 -0.4792267 1.50992 0.1966294 0.2035025 0.3311152 0.4662015 -1.255796 0.5271986 -1.038876
46 5.524082 -1.064642 -0.3439225 -0.4470889 1.482935 0.4658196 0.284429 0.3135682 0.8842593 -2.307947 0.7273189 -1.216136
47 5.12177 -0.8857959 0.1875684 -0.5543406 1.376137 0.5490446 0.312281 0.2848347 0.02604458 -1.546718 0.842286 -1.277253
48 5.467046 -1.116101 -0.1541019 -0.3511126 1.441903 0.5540552 0.3470578 0.2823295 -0.07159739 -1.369924 0.7467997 -1.115396
49 5.217066 -1.097269 0.1926052 -0.3920241 1.40622 0.3612385 0.2134881 0.2269171 0.01269449 -1.877101 0.8679103 -1.263731
50 5.540644 -1.159577 -0.1152467 -0.1701774 1.439498 0.557897 0.323516 0.2679652 -0.3186992 -1.044661 0.7741907 -1.119113
51 5.176853 -1.32479 0.04988252 -0.09583489 1.556587 0.5076424 0.385853 0.4247826 -0.6334145 -1.171472 0.7380944 -0.9911648
52 5.526872 -1.156077 -0.2078706 -0.2938519 1.736152 0.6084682 0.3726492 0.3070649 -0.4666518 -0.9857349 0.5294994 -0.7640938
53 5.216383 -1.015512 -0.03244127 -0.4976742 1.710435 0.430632 0.2336237 0.2013803 0.3208717 -1.34516 0.6202046 -1.108037
54 5.486158 -1.083267 0.07629104 -0.4963799 1.481833 0.3861713 0.3006048 0.4142759 0.6163376 -1.403223 0.6347309 -1.191554
55 5.386034 -0.96005 -0.04414592 -0.487524 1.35811 0.3493582 0.2328546 0.2146545 -0.2197865 -1.207289 0.6915396 -1.023644
56 5.169779 -1.138938 0.0331373 -0.4556903 1.605535 0.2798208 0.2340154 0.3076318 0.8922863 -1.968424 0.6816634 -1.261289
57 5.499426 -1.152776 -0.1784673 -0.2864155 1.41704 0.3131875 0.3523622 0.5253261 0.4256607 -1.86498 0.7257692 -1.171597
58 5.407041 -0.8918581 -0.4942499 -0.261185 1.378283 0.616749 0.3706954 0.3304085 0.03113713 -1.167554 0.5254873 -0.884556
59 5.302836 -1.028316 -0.1091836 -0.2862622 1.524494 0.7070914 0.2546225 0.197925 0.1273852 -1.356802 0.6147076 -1.009209
60 5.161785 -0.9563921 0.04674363 -0.449004 1.721874 0.4960435 0.1912695 0.1905196 0.6290042 -1.496854 0.754356 -1.354194
61 5.227068 -1.118524 0.2832056 -0.4739877 1.987449 0.7911403 0.4978706 0.4285279 -0.4337156 -1.221596 0.7603746 -1.062115
62 5.374829 -1.070469 -0.03577174 -0.4315337 1.474554 0.2852638 0.3239656 0.5009019 0.5942603 -1.573912 0.610452 -1.103912
63 5.341807 -1.019348 0.03680418 -0.6092995 1.33997 0.2732281 0.2216846 0.3368963 -0.5957823 -0.6882404 0.6217556 -0.9228371
64 5.560488 -0.8366943 -0.294261 -0.4675918 1.344926 0.3907501 0.2652202 0.2445224 -0.2415663 -1.443653 0.6500917 -0.8863563
65 5.55425 -1.371693 -0.2837672 -0.04932671 1.5226 0.5548598 0.2384127 0.1501773 0.7643683 -1.543275 0.5646087 -1.097358
67 4.987124 -1.105172 0.3664345 -0.5911747 1.639366 0.2597441 0.2912204 0.4655662 0.5391792 -1.266731 0.5411137 -1.133725
69 5.405558 -1.28458 -0.2122929 -0.3187422 1.566176 0.6325483 0.3672737 0.3030149 0.6038974 -1.646676 0.6117165 -1.205379
70 5.293432 -0.9854635 0.002986924 -0.2684916 1.299551 0.5936752 0.3515928 0.3216884 0.1919368 -1.492163 0.7275921 -1.202713
71 5.287003 -0.9770229 -0.1721535 -0.3666615 1.509374 0.3443501 0.2080982 0.2375596 0.1262786 -1.116899 0.7200823 -1.174558
72 5.703219 -1.089015 -0.4661757 -0.1919214 1.638167 0.4600248 0.2804312 0.2888178 0.7583402 -1.728617 0.5979241 -1.124993
73 5.330579 -1.308135 -0.08230716 -0.1939284 1.577963 0.7024931 0.3474828 0.1934315 -0.1072054 -0.9824116 0.5607613 -0.9214625
74 5.376165 -1.174922 0.0734425 -0.3995141 1.51071 0.3906865 0.3058787 0.36103 -0.4177218 -1.317039 0.79801 -1.139078
75 5.546622 -0.9602129 -0.09792165 -0.4054526 1.598797 0.4937067 0.2282244 0.1968211 0.4592158 -1.637699 0.6156419 -1.09792
76 5.468616 -1.144229 -0.3554562 -0.2790421 1.45333 0.443726 0.3284502 0.3563045 0.4419909 -1.579084 0.7166821 -1.231054
79 5.506299 -1.114297 -0.03441412 -0.1103074 1.659005 0.3227139 0.3361719 0.3757225 1.999937 -1.482579 0.5592207 -1.471636
80 5.452595 -1.164805 -0.2723654 -0.3523892 1.821447 0.3086257 0.2809763 0.4770916 0.06109591 -1.397495 0.5641481 -0.9573488
81 5.492443 -1.35373 -0.05769186 -0.1555188 1.760072 0.4374598 0.2211349 0.2324309 -0.198425 -1.43069 0.6906239 -1.079632
82 5.538038 -1.090265 -0.1737346 -0.3058455 1.564889 0.5292882 0.2978405 0.2853642 1.08061 -1.989837 0.6914685 -1.32302
83 5.199475 -1.010561 0.08213869 -0.416503 1.347639 0.334604 0.2645457 0.3754468 -0.431747 -1.137124 0.694222 -0.9263566
84 5.268397 -1.048159 0.02724485 -0.3409283 1.470873 0.3971556 0.2680195 0.328079 0.5068262 -1.253829 0.7403862 -1.257132
85 5.280973 -1.215566 -0.1007539 -0.1990547 1.668904 0.2752152 0.3152438 0.5705481 0.2740969 -1.354068 0.6946519 -1.175109
86 5.490256 -1.351154 -0.03676004 -0.06613089 1.534209 0.2090747 0.2535348 0.4202819 0.1944321 -1.516286 0.5630261 -0.9380787
87 5.318477 -1.124072 -0.07966643 -0.2207878 1.628345 0.315504 0.3102922 0.4614938 0.09891191 -1.174834 0.5220869 -0.8495724
88 5.386734 -0.7788884 -0.04265254 -0.6914268 1.772723 0.67278 0.2453818 0.1597422 -0.03434548 -1.254696 0.7440947 -1.087275
89 5.335623 -0.8789696 -0.1245108 -0.5378961 1.568699 0.3866423 0.2430931 0.2580717 -0.2030524 -1.137604 0.6490484 -1.006668
90 5.214552 -1.042943 0.08015062 -0.2678956 1.495401 0.4566343 0.4127198 0.3893697 0.120341 -1.425105 0.5041913 -0.8738062
91 5.370818 -1.190405 -0.09823222 -0.1547138 1.380471 0.4755256 0.3604805 0.328481 0.7549289 -1.452717 0.5234779 -1.020119
92 5.383836 -0.976342 -0.0421574 -0.3812296 1.397448 0.4961238 0.1674421 0.1165151 0.03175219 -1.196533 0.6770729 -1.098879
93 5.404196 -1.029651 0.1062545 -0.5685767 1.837944 0.9244373 0.2709576 0.1283775 0.4161863 -1.021072 0.6185002 -1.146899
94 5.214127 -0.9630537 0.07546925 -0.6687625 1.629037 0.4370051 0.330901 0.2911622 0.03847466 -1.482231 0.6462221 -1.018833
95 5.376846 -1.167938 -0.1522825 -0.2514659 1.651022 0.4744754 0.2718969 0.2088765 0.5403122 -1.131377 0.650245 -1.193574
96 5.292476 -0.8710737 0.01143218 -0.4624544 1.412553 0.4506957 0.2348405 0.2011901 0.2298459 -1.399081 0.685137 -1.15836
97 5.508939 -1.246064 -0.0861238 -0.5209187 1.808401 0.5411064 0.4605534 0.7763497 -0.491476 -1.538287 0.7124436 -0.9854146
98 5.257714 -1.192028 0.000598954 -0.3627014 1.569229 0.4089778 0.3778029 0.4339014 -0.0130459 -1.457164 0.60791 -0.9898065
99 5.654839 -1.082047 -0.1945203 -0.4383374 1.96414 0.4118438 0.159088 0.2087624 0.3080452 -1.417563 0.6079137 -1.11878
100 5.424938 -1.343972 -0.1030627 -0.2183857 1.772432 0.5522156 0.3250651 0.311345 0.1500747 -1.053588 0.6996273 -1.148637
101 5.355463 -1.056275 -0.09182237 -0.3525034 1.548315 0.4328832 0.2746036 0.2893316 -0.07783869 -1.242 0.5380793 -0.8941419
102 5.20152 -1.128386 0.2080256 -0.3442492 1.463751 0.3798126 0.2855789 0.3199752 0.4225929 -1.394642 0.6014846 -1.106644
103 5.349296 -0.8773965 -0.06154602 -0.3096202 1.410356 0.2927687 0.2720877 0.4085799 0.1065688 -1.358373 0.521067 -0.8506733
104 5.244181 -1.247697 0.1453707 -0.2374533 1.91018 0.6153549 0.3058156 0.1934055 1.003966 -2.100943 0.6679195 -1.272015
105 5.461662 -1.178916 -0.04280058 -0.3002877 1.785505 0.5528533 0.4814841 0.469999 0.1985649 -0.9811766 0.4398133 -0.8754387
