1 5.440532 -0.6278909 -0.2080834 -0.4916392 0.5548038 0.4556468 0.153392 0.1960847 5.486684 -0.6416001 -1.001768 0.4035701 -0.4609374
2 5.275094 -0.9170513 -0.1780483 -0.2884179 0.5299319 0.5484818 0.1735526 0.3192669 6.805834 -0.371359 -1.223776 0.3853453 -0.5544997
3 5.394126 -0.553194 -0.04707227 -0.7130407 0.5231848 0.3822561 0.06906971 0.1995573 4.859185 -0.8860686 -0.5766656 0.3487704 -0.3975476
4 5.466293 -0.6925776 -0.2530311 -0.4384192 0.6307711 0.4665926 0.1098144 0.3255792 7.812348 -0.1884462 -1.0114 0.3580731 -0.5652822
5 5.324602 -0.6668576 0.09893661 -0.4428368 0.4901953 0.3860141 0.08177726 0.2652159 4.018671 -1.165457 -0.8968202 0.3211502 -0.3174515
6 5.2177 -0.6581432 -0.02115531 -0.5227351 0.4148541 0.3692068 0.08774637 0.1133632 3.771736 -0.7696534 -0.7676388 0.3173283 -0.3868472
7 5.194934 -0.5181856 0.2506317 -0.5966878 0.522315 0.4268588 0.09673668 0.303367 5.322411 -0.8006012 -0.4904746 0.2884157 -0.3815737
8 5.38283 -0.5861961 -0.01202239 -0.6543218 0.5353922 0.5453925 0.1335902 0.2322158 5.666861 -0.3601305 -1.195893 0.322187 -0.4686121
9 5.266645 -0.549032 0.02245424 -0.737026 0.5811755 0.6357053 -0.002146625 0.2724716 6.304823 -0.2634796 -1.372907 0.3992206 -0.5286455
10 5.294231 -0.6788217 -0.1436783 -0.3239324 0.3600024 0.6712847 0.02193851 0.2511778 4.375839 -0.3889033 -1.085971 0.4058255 -0.5354405
11 5.262988 -0.5229317 0.08590983 -0.4370207 0.4783425 0.4507168 0.03022391 0.30873 5.762531 -0.8769085 -0.6692636 0.4011037 -0.4505282
12 5.382526 -0.6635211 -0.2238028 -0.4052695 0.4492307 0.465751 0.1842248 0.2050553 3.949184 -1.022445 -0.6357985 0.3495523 -0.3646513
13 5.315184 -0.5648958 -0.03439871 -0.6050987 0.4654929 0.5303641 0.06576413 0.2048127 4.626835 -1.095706 -1.09509 0.4608309 -0.4549282
14 5.497295 -0.6244308 -0.1664467 -0.5200865 0.5771296 0.5570589 0.04850957 0.1962293 7.370388 -0.3871253 -1.143737 0.4439228 -0.5611009
15 5.544595 -0.6268035 -0.3017659 -0.5187519 0.4764342 0.3318108 0.08915399 0.2456689 4.309993 -0.4077052 -1.122754 0.3731162 -0.4717247
16 5.330014 -0.6077815 -0.3063427 -0.4973785 0.6006706 0.5137166 0.1394275 0.207701 7.360272 -1.003816 -0.6820036 0.408655 -0.4485414
17 5.504221 -0.7757574 -0.2352821 -0.3541358 0.5196153 0.6224834 -0.02829154 0.4385833 7.258748 -0.5653394 -1.127072 0.4017221 -0.4999347
18 5.405989 -0.5366525 -0.2372092 -0.5340237 0.4105189 0.6073501 0.1004143 0.3265057 4.807516 -1.345915 -0.470535 0.3772731 -0.3393815
19 5.215377 -0.5896828 0.0142249 -0.6059016 0.6126859 0.4977189 0.09125911 0.1938031 5.493963 -0.1817542 -1.115825 0.3178442 -0.5238536
20 5.464756 -0.7594192 -0.2168741 -0.422327 0.5415179 0.3669308 0.07717444 0.4262761 7.340753 -0.5102238 -1.270706 0.4380478 -0.5637974
21 5.401419 -0.8405013 -0.1376108 -0.4493662 0.6711952 0.5253001 0.2122441 0.2587965 6.637756 -0.2968903 -0.9874879 0.3553973 -0.5527627
22 5.47036 -0.4960779 -0.1299582 -0.7167144 0.461272 0.4072161 0.112608 0.2188852 5.910645 -0.8765827 -0.8536607 0.4118633 -0.4295462
23 5.369317 -0.5946973 0.01132593 -0.5752784 0.556523 0.4566598 0.1089876 0.1938037 7.156674 0.02783406 -1.29899 0.3867746 -0.5678576
24 5.129539 -0.6804598 0.208706 -0.3700514 0.6074939 0.475694 0.1505467 0.1532065 7.388627 -0.3116783 -0.9846977 0.3386408 -0.5007168
25 5.505286 -0.622655 -0.3790978 -0.4157739 0.525348 0.3231736 0.02728506 0.2461804 5.498698 -0.8065838 -0.90239 0.3718769 -0.4417698
26 5.372294 -0.7620687 -0.1890551 -0.2642874 0.6852939 0.3141485 0.08580455 0.3206947 6.645899 -0.8206014 -0.7895998 0.3415947 -0.400883
27 5.300109 -0.9730996 0.06054632 -0.2139847 0.531052 0.5108717 0.1363072 0.2037272 6.655568 0.09989948 -1.111631 0.4204607 -0.652391
28 5.547801 -0.5786024 -0.1504955 -0.6335031 0.577698 0.2161845 0.1469799 0.1916007 4.756257 -0.8896691 -0.9067558 0.41114 -0.4405427
29 5.379998 -0.4671149 -0.01102989 -0.5758179 0.5240432 0.3795865 0.156814 0.3455344 5.457281 -1.26147 -0.8079598 0.3699134 -0.3074213
30 5.369054 -0.6314354 0.001268282 -0.441468 0.4593452 0.3826889 0.1095269 0.2915688 4.854913 -0.1306104 -1.195394 0.3858283 -0.5528664
31 5.329686 -0.6118014 -0.0323382 -0.4535565 0.3814363 0.427586 0.1420713 0.1734165 4.061692 -1.113009 -0.7083909 0.3279042 -0.344846
32 5.434368 -0.658617 -0.05492169 -0.456228 0.5331595 0.395827 0.162284 0.09438774 5.664137 -0.931401 -0.7726935 0.5238802 -0.5787923
33 5.378487 -0.8849308 -0.372785 -0.336388 0.6188515 0.4131361 0.1761757 0.2392656 9.03743 0.9601567 -1.501755 0.4679025 -0.8842645
34 5.517057 -0.705028 -0.1008659 -0.4901099 0.3873283 0.3940684 0.07291263 0.1182187 3.319135 -0.6331909 -0.7720912 0.2612648 -0.3570867
35 5.383385 -0.7482616 0.1157268 -0.3474432 0.6427743 0.4244863 0.1294658 0.2645686 6.769122 -0.09239067 -1.327356 0.3888195 -0.54286
36 5.345427 -0.646195 -0.09307488 -0.4115617 0.5694565 0.3437219 0.1518167 0.2180476 5.473945 -0.3863243 -1.047004 0.2951202 -0.4544629
37 5.413066 -0.4333544 0.1050466 -0.8294906 0.4453228 0.3587191 0.1147041 0.3126452 4.433072 -1.104755 -0.9328 0.3632289 -0.3536255
38 5.276322 -0.587071 -0.07455964 -0.448936 0.4686363 0.4875882 0.226757 0.370292 5.151519 -0.74729 -0.8748167 0.3466151 -0.3993895
39 5.389705 -0.726728 0.001704698 -0.5143801 0.6338208 0.2561152 0.1458668 0.1078497 6.879819 -0.7243504 -0.8024656 0.3800339 -0.4497912
40 5.319405 -0.7983074 0.03005572 -0.3720723 0.6370905 0.5992463 0.132651 0.3122646 12.84527 0.2478486 -1.080978 0.4247676 -0.6996822
41 5.350697 -0.6466316 -0.06026454 -0.5988445 0.6045085 0.5390432 0.03868055 0.2105518 10.31561 -0.8639517 -0.8402012 0.4236601 -0.4648463
42 5.317441 -0.6313995 0.01934654 -0.537791 0.4817202 0.4427299 0.1540715 0.1675188 4.413836 -0.4923943 -0.8932787 0.4293208 -0.5319682
43 5.344083 -0.5777908 0.01860891 -0.6312933 0.5339914 0.4401314 -0.08209522 0.3709317 12.40828 -0.7723161 -0.7020884 0.3934435 -0.4723198
44 5.358611 -0.6820779 -0.2509184 -0.6454512 0.5531382 0.4415036 0.1537212 0.1708534 3.986369 -0.7646407 -0.7563648 0.3926451 -0.4779939
45 5.311494 -0.673256 0.05166462 -0.4791534 0.5976415 0.612695 0.02238073 0.3853644 6.514283 -0.711997 -0.9414666 0.3280471 -0.4510314
46 5.393432 -0.7480525 -0.1597831 -0.4846765 0.5746197 0.4828204 0.06105073 0.1860326 4.684897 0.6541056 -1.262762 0.3863416 -0.7367954
47 5.168832 -0.4793999 0.2709491 -0.58443 0.4761345 0.4224181 0.03724345 0.222103 5.070211 -0.9842091 -1.221774 0.3922367 -0.3709908
48 5.251079 -0.5724771 0.07942878 -0.7114225 0.5237976 0.5715549 0.1859614 0.166964 4.034895 -0.9813028 -0.7808647 0.3831388 -0.3978717
49 5.463176 -0.4361396 -0.08642072 -0.7386978 0.4941616 0.3426022 0.1299858 0.2247777 6.780036 -0.4056884 -0.9534836 0.3538162 -0.5078938
50 5.406793 -0.5824877 -0.3698719 -0.5215928 0.5485254 0.4238592 0.1334294 0.2224049 6.916617 -0.6360085 -1.22651 0.4540163 -0.5012414
51 5.541517 -0.5892186 -0.2121785 -0.5199709 0.4523861 0.3542485 0.0605604 0.2638591 4.477477 -0.6326158 -1.010457 0.2977286 -0.4204642
52 5.102714 -0.6459276 0.2502807 -0.4344012 0.6844648 0.5208574 0.1285725 0.2944988 6.226209 -0.6214926 -0.8007864 0.2876066 -0.4311837
53 5.475501 -0.6257155 -0.1088538 -0.4534985 0.4719139 0.5419754 0.01735796 0.228062 4.975149 -0.8465384 -0.933458 0.4458303 -0.4672018
54 5.451335 -0.7591756 -0.2393547 -0.2260054 0.3834166 0.4035251 0.04550319 0.2430589 4.849883 -0.7296787 -0.9206016 0.4254743 -0.5033997
55 5.533097 -0.5869205 -0.2133336 -0.6226391 0.560792 0.3702056 0.08785625 0.148035 4.774716 -0.04726301 -1.15684 0.3564003 -0.5764727
56 5.305479 -0.5975412 -0.1344253 -0.5540273 0.5271314 0.3589621 0.1204988 0.2575923 4.820676 -0.2890792 -1.097165 0.3465472 -0.4964311
57 5.153201 -0.5222757 0.2190176 -0.707503 0.5192442 0.3341182 0.1656344 0.1963761 5.676648 -0.1169755 -1.162896 0.3968806 -0.5683317
58 5.329898 -0.7130715 -0.07075879 -0.5171399 0.5310409 0.5362506 0.1082092 0.2342304 6.070746 -0.4502193 -1.042036 0.3697483 -0.5038914
59 5.2998 -0.6766083 -0.1994434 -0.4042899 0.4107948 0.3142526 0.05623205 0.2066726 4.268352 -1.046154 -0.9562609 0.4116384 -0.3651127
60 5.460039 -0.7981535 -0.2252131 -0.2219099 0.4986771 0.3789801 0.06744921 0.2421167 5.493594 -0.2261295 -1.036956 0.3426415 -0.5110076
61 5.289828 -0.8853496 -0.1105209 -0.3939158 0.6324324 0.4363243 0.2013344 0.4681875 7.604764 -0.1877112 -1.096837 0.3172321 -0.5238722
62 5.255046 -0.5847725 -0.03273733 -0.5752788 0.6017284 0.5090012 0.06662921 0.4328663 6.118852 -0.7605217 -0.9117164 0.3109855 -0.3882909
63 5.280117 -0.5804701 -0.1221288 -0.6709602 0.6204877 0.4950427 0.1065743 0.156358 6.168353 -0.2433081 -1.242966 0.4864862 -0.6155243
64 5.162403 -0.5309384 0.1445808 -0.6441464 0.5564888 0.46897 0.115118 0.219008 5.913552 -0.5092489 -0.8899555 0.3828839 -0.5288292
65 5.155106 -0.656006 0.1267166 -0.6341915 0.5176893 0.5202289 0.07276149 0.2443441 10.80762 -0.1816132 -1.258566 0.4511715 -0.6417903
66 5.332271 -0.5022476 -0.2977986 -0.3988928 0.410608 0.3008203 0.1204088 0.08056011 4.568699 -0.6514506 -1.015408 0.3692947 -0.4441165
67 5.411747 -0.7730551 -0.1623404 -0.3855825 0.5515733 0.5077226 0.1415832 0.2067004 4.75645 -0.5521285 -1.103832 0.3358764 -0.4280052
68 5.393152 -0.6384102 -0.1140787 -0.5450237 0.5752065 0.3767336 0.1859296 0.2356374 5.046002 -0.5092931 -0.9964438 0.3544368 -0.4696998
69 5.376521 -0.716242 -0.2685105 -0.4242511 0.5513484 0.4904135 0.1371219 0.3140907 8.010193 -0.2239244 -0.9055686 0.4325384 -0.6261271
70 5.156267 -0.5472946 0.1351817 -0.6961286 0.564177 0.32307 0.1222754 0.1950428 4.755689 -0.2498765 -1.326191 0.3751107 -0.5460134
71 5.29757 -0.8420224 0.1023434 -0.2095845 0.5068598 0.6148443 0.0611502 0.2643554 6.238001 -0.593757 -0.9508896 0.5141575 -0.5777172
72 5.220091 -0.3116069 -0.08256791 -0.8380502 0.4767469 0.3979472 0.06731013 0.1345556 4.652435 -0.4075449 -1.183721 0.3663633 -0.4902518
73 5.350276 -0.6889344 0.02258209 -0.5481994 0.4950044 0.3147353 0.1237985 0.2409738 7.258342 -1.326462 -0.3969471 0.4007779 -0.3675911
74 5.295318 -0.7041396 0.02974807 -0.4437653 0.5194019 0.3773898 0.01331721 0.1892037 5.391445 -0.5683892 -0.8753096 0.4142958 -0.493738
75 5.38968 -0.6814333 0.06944756 -0.6417764 0.5653136 0.6219525 0.06725914 0.355769 8.062076 0.142603 -1.090532 0.3886283 -0.6228025
76 5.332805 -0.7897873 -0.09482287 -0.4657012 0.533362 0.4957357 0.1101704 0.3072701 4.895698 -0.9938151 -1.069929 0.4144067 -0.4077247
77 5.300155 -0.611217 -0.05532517 -0.3786846 0.6692486 0.5622293 0.06468683 0.3801064 5.753898 -0.6486418 -0.749958 0.3203767 -0.4117769
78 5.456939 -0.6867951 -0.2247569 -0.4649778 0.5566417 0.4360682 0.1599122 0.3547892 10.05557 -0.1651003 -1.005879 0.4862186 -0.6528871
79 5.314509 -0.6651647 0.0247237 -0.5219868 0.5405297 0.3751145 0.09209069 0.2631576 11.1788 -0.5813456 -1.02655 0.4442606 -0.5435606
80 5.365561 -0.5216713 -0.1751643 -0.6479269 0.5464046 0.6223339 -0.00590272 0.2752528 6.677289 -0.4365385 -1.24252 0.424562 -0.5226027
81 5.455641 -0.7142731 -0.2800527 -0.5005297 0.4803453 0.6106252 0.1918753 0.1653983 13.00864 -0.5200712 -0.8109383 0.5048664 -0.6211529
82 5.357796 -0.6073328 -0.1414067 -0.3767077 0.4470254 0.355616 0.1503723 0.2796991 6.327205 -0.5821969 -1.503571 0.4374143 -0.4869461
83 5.402035 -0.758685 -0.2353829 -0.508351 0.5397453 0.343441 0.1534858 0.1519477 4.91985 -0.9695892 -1.019591 0.40145 -0.4252407
84 5.340342 -0.6754319 -0.1242102 -0.4313229 0.6166955 0.3653715 0.1050687 0.2336462 4.659836 -0.4722175 -0.9735387 0.3719681 -0.4782377
85 5.325157 -0.4693231 0.06290974 -0.6231821 0.5183406 0.3190641 0.1316085 0.2066485 3.97488 -0.1595818 -1.277175 0.3053951 -0.4394257
86 5.340964 -0.576441 -0.09198548 -0.6066245 0.4998848 0.3491008 0.195386 0.1162416 6.648987 -0.7329836 -0.6131419 0.4314599 -0.4954113
87 5.324428 -0.4905996 -0.2257416 -0.699228 0.4902847 0.3883352 0.08301951 0.2669137 5.08363 -0.6658292 -0.905254 0.3543841 -0.4444811
88 5.355246 -0.6797756 -0.05249327 -0.4728112 0.4425576 0.5065782 -0.02644552 0.2228119 6.459372 -0.5067786 -0.9788759 0.4119383 -0.5107364
89 5.475118 -0.6552138 -0.3468185 -0.6178317 0.4977112 0.3063059 0.0811567 0.3325938 5.477895 -0.5014709 -0.9491117 0.4601799 -0.5635077
90 5.376842 -0.6983329 -0.198698 -0.4846746 0.4733391 0.3675017 0.1145986 0.2894837 6.712938 -0.5203034 -0.8102785 0.4079717 -0.572836
91 5.236498 -0.5935578 -0.0572931 -0.52544 0.5186237 0.3980717 0.06563527 0.1535977 6.303899 -0.4562463 -0.8293238 0.3906814 -0.5371879
92 5.150747 -0.7157196 -0.00830929 -0.2848954 0.5645684 0.3240013 0.09953874 0.3021387 4.686903 -0.4119434 -1.015635 0.3477757 -0.4943283
93 5.307812 -0.6676365 -0.1111716 -0.4522679 0.5396594 0.534668 0.2273351 0.1742121 7.846177 -0.7933188 -0.8911054 0.4917231 -0.5358617
94 5.322203 -0.6906356 0.01344886 -0.5417049 0.5866488 0.4489141 0.1517671 0.3146935 7.182748 -0.2334029 -1.208884 0.4027696 -0.5662267
95 5.324627 -0.5070749 0.1237338 -0.6566583 0.5809031 0.4423053 0.1702294 0.183492 4.800135 -0.5410454 -0.8554748 0.3793453 -0.4931805
96 5.535731 -0.7956453 -0.0720109 -0.4806918 0.6086262 0.3922874 0.1302268 0.3226527 6.594162 0.188075 -1.300147 0.3732199 -0.6407269
97 5.328689 -0.6482632 -0.005326999 -0.3924589 0.497393 0.2659516 0.1392892 0.2181535 4.763985 -1.081828 -0.9974794 0.3488566 -0.3165396
98 5.49745 -0.6528156 -0.1637385 -0.4684794 0.4545698 0.3602168 0.06915871 0.2922839 4.753984 -0.250099 -0.8580445 0.3497782 -0.4972123
99 5.546494 -0.5115839 -0.3332771 -0.828712 0.5488473 0.2561671 0.1760257 0.1850598 4.551828 -0.9769193 -0.9248195 0.3372306 -0.3464212
100 5.273016 -0.5863409 -0.02243216 -0.5219643 0.5905288 0.5246154 0.07721345 0.2545305 5.362307 -0.2379525 -1.10307 0.3867728 -0.5847463
