1 0.1356951 NaN 0.1917155 0.162804 NaN 0.1404485 0.2236798 NaN 0.3868454 0.1881261 NaN NaN
2 0.1452225 0.1300999 0.1976781 0.1740844 0.1701104 0.08172428 0.1354141 NaN 0.3445209 0.2676716 0.07778768 0.07377908
3 0.1500915 0.1477193 0.195354 0.1782106 0.4113378 0.2628842 0.2276235 0.4646333 0.343049 0.2690275 0.1048031 0.1350916
4 0.1419984 0.2495489 0.1932464 0.1892804 0.6341474 0.3959579 0.2732205 0.9409458 0.5618182 0.515801 0.2137654 0.4331082
5 0.136412 0.198208 0.2013185 0.2046123 0.3881332 0.2405294 0.1847932 0.5110446 0.3192283 0.2607647 0.137315 0.1999572
6 0.1461702 0.1806896 0.1984804 0.1958128 0.3605565 0.2403617 0.2136254 0.3706319 0.3952886 0.3147155 0.1193881 0.1812153
7 0.1315299 0.1857396 0.1783066 0.2154536 0.4140793 0.2787813 0.338554 0.4339352 0.4130389 0.3450221 0.1430361 0.2499213
8 0.1377381 0.1626555 0.1943761 0.1816869 0.3595226 0.2103964 0.1871564 0.4062746 0.3861281 0.2945769 0.1059156 0.1663833
9 0.1463478 0.3544187 0.2085027 0.2979238 0.80669 0.477572 0.3159529 1.051891 0.4222588 0.4150551 0.1953478 0.3913344
10 0.1483235 0.1321898 0.2004634 0.166627 NaN NaN 0.09498472 NaN 0.4040071 0.2680979 0.07431169 NaN
11 0.1312235 0.1126187 0.1789573 0.1841071 0.1718786 0.1312884 0.2111661 NaN 0.4067073 0.2439377 0.0534205 NaN
12 0.1527688 0.1875725 0.207374 0.1876157 0.5887991 0.3525416 0.3121946 0.7780961 0.3368681 0.2604349 0.1406858 0.1970671
13 0.1348884 0.1485188 0.1971983 0.1661528 0.3525482 0.2200359 0.1786444 0.3265601 0.4187519 0.3239936 0.1736401 0.2402649
14 0.1267092 0.0844547 0.1920868 0.1636691 0.1056724 0.1109606 0.1712247 NaN 0.4096124 0.2140838 0.06661899 NaN
15 0.1425231 0.1125853 0.188164 0.1918713 NaN NaN 0.1506166 NaN 0.4434998 0.2550844 0.04383733 NaN
16 0.1483382 0.1634714 0.2026208 0.1837525 0.5292621 0.3126171 0.2336952 0.6470063 0.4125307 0.3147814 0.1553269 0.2439219
17 0.1391287 0.2207086 0.1918574 0.2146677 0.5030215 0.351246 0.2103966 0.6147269 0.4058856 0.3166488 0.1544162 0.2363139
18 0.1384951 0.1089432 0.1923128 0.1830086 0.09378209 0.08708382 0.1568219 NaN 0.3380897 0.205179 NaN NaN
19 0.1528802 0.1271445 0.2094411 0.1769752 0.2848006 0.1920852 0.1946441 NaN 0.4341372 0.2944979 0.08213049 0.06972164
20 0.1185447 0.1409669 0.1731764 0.1732006 0.2665867 0.191517 0.2073517 0.257038 0.4217959 0.347001 0.1359772 0.2109228
21 0.1565536 0.1586527 0.2160238 0.1854666 0.3645773 0.2394834 0.2254421 0.2942946 0.4128015 0.2880149 0.1101136 0.1387384
22 0.1344575 0.1759623 0.1814329 0.1959148 0.2671437 0.1705866 0.1655965 0.2243021 0.4037955 0.2549633 0.1099919 0.1429301
23 0.14102 NaN 0.1817612 0.1802787 NaN NaN 0.1496836 NaN 0.3472677 NaN NaN NaN
24 0.1417629 0.158722 0.1884169 0.1665325 0.3099527 0.1812888 0.1520514 0.3132878 0.3797049 0.2535634 0.09744131 0.1695507
25 0.119929 0.0975621 0.1761912 0.1707849 0.1740015 0.1347777 0.1665012 NaN 0.3955995 0.2508968 0.04382881 NaN
26 0.1334439 0.1649277 0.1887166 0.1876311 0.342448 0.2007888 0.1859571 0.4102089 0.3487343 0.2651644 0.1211131 0.1623649
27 0.1453189 0.1194656 0.1941339 0.1774682 0.18004 0.1230598 0.1588027 NaN 0.387947 0.263064 0.04133541 NaN
28 0.1353527 0.05685106 0.1854181 0.1753023 0.2540518 0.1805208 0.1842455 NaN 0.3951032 0.1846291 NaN NaN
29 0.1296856 0.08743692 0.1806887 0.2070052 0.1423678 0.06527914 0.1905933 NaN 0.3043965 0.1954725 NaN NaN
30 0.1366272 NaN 0.1899657 0.1401511 NaN 0.04846991 0.1459791 NaN 0.4364366 0.2848811 NaN NaN
31 0.1255352 0.1709991 0.1741727 0.1850253 0.2662604 0.1856084 0.1892531 0.2575557 0.361414 0.2490155 0.1138481 0.1758822
32 0.133003 0.1636958 0.1854441 0.1777766 0.3767169 0.2667617 0.1941367 0.2782144 0.4323566 0.2759599 0.143385 0.2085663
33 0.1369135 0.2151879 0.1865963 0.2019502 0.4558657 0.3290367 0.2714733 0.4698444 0.5847961 0.3935595 0.1337128 0.2505699
34 0.1515443 0.173351 0.1978617 0.1944506 0.8567836 0.5867032 0.7042239 0.9788647 0.4947213 0.2678781 0.08373887 0.2014515
35 0.1507545 0.1828637 0.1989272 0.2015131 0.3685238 0.2396829 0.1889379 0.3735705 0.4156051 0.2885916 0.1229071 0.1633859
36 0.1361232 0.09164399 0.1828604 0.1601044 0.2095382 0.1527894 0.1707941 NaN 0.3697943 0.2496267 0.06454289 NaN
37 0.128647 0.2707902 0.1862098 0.2343766 0.5024379 0.3229245 0.2510787 0.6339136 0.3463371 0.3301512 0.1851482 0.265301
38 0.1395906 0.1413197 0.1884776 0.2008941 0.2266467 0.1458602 0.1827455 NaN 0.3340242 0.2256848 0.03834414 NaN
39 0.127842 0.09426156 0.1774704 0.1508245 0.2103102 0.1402379 0.1292725 NaN 0.3658477 0.2205361 0.07092095 NaN
40 0.1399203 0.1719115 0.1893526 0.1900823 0.4066859 0.2647788 0.231703 0.4919333 0.5157208 0.3158153 0.1193241 0.22873
41 0.1300456 0.1129185 0.1824005 0.1560379 0.1890334 0.1298663 0.1292492 NaN 0.3919053 0.2042792 0.06993629 NaN
42 0.1442156 0.1139009 0.2071734 0.1768433 0.3422339 0.2337444 0.2605698 NaN 0.3811023 0.2612877 0.06872239 NaN
43 0.1106976 0.1054232 0.161554 0.1658313 0.04402984 0.03361626 0.09383998 NaN 0.3701537 0.1905947 0.04997709 NaN
44 0.1611756 0.07657946 0.2279958 0.1916635 0.3049499 0.2645741 0.2872503 NaN 0.3800578 0.2273118 NaN NaN
45 0.1414164 0.1554753 0.1914104 0.191365 NaN NaN 0.1718119 NaN 0.3739805 0.2489349 0.08943734 0.0768013
46 0.1505485 0.159888 0.2090132 0.1858733 0.3494755 0.2207424 0.1811886 0.3236268 0.537631 0.3651821 0.1175372 0.1915815
47 0.1295999 NaN 0.1791454 NaN NaN NaN NaN NaN 0.05248956 NaN NaN NaN
48 0.1706682 0.1363586 0.2403414 0.1942883 0.3686833 0.2667156 0.2579209 NaN 0.3167225 0.1380136 NaN NaN
49 0.1133768 NaN 0.1615893 0.1590681 NaN NaN 0.1398105 NaN 0.2229734 NaN NaN NaN
50 0.1314412 0.101043 0.1833602 0.1639705 NaN NaN 0.09709 NaN 0.4041497 0.1602802 0.06361798 NaN
51 0.1371085 0.1299606 0.1875992 0.1619624 0.2568289 0.1480903 0.1334475 0.2294178 0.3656357 0.266922 0.1011705 0.1344577
52 0.1507731 0.06317215 0.2093028 0.1750799 0.2890871 0.1800935 0.229917 NaN 0.3339159 0.2399614 NaN NaN
53 0.1477864 0.1502249 0.1958093 0.1780717 0.3094974 0.2031742 0.1798041 0.2523042 0.419212 0.2646666 0.134361 0.1566058
54 0.1176955 0.1072881 0.167721 0.1609908 NaN NaN 0.08894525 NaN 0.4070903 0.2365847 NaN NaN
55 0.1397551 0.1538676 0.1924028 0.1727283 0.3167 0.2093786 0.1796982 0.2847911 0.5023307 0.3928413 0.1429918 0.2434682
56 0.1415868 0.1604572 0.1929807 0.1845044 0.4228065 0.248429 0.2278419 0.5507658 0.4096827 0.3994468 0.1266335 0.2134723
57 0.1298969 0.1519921 0.1790232 0.1762014 0.3007059 0.2138282 0.2210824 0.2636357 0.4331248 0.3187942 0.1081127 0.1713517
58 0.1513722 NaN 0.211646 0.1257152 NaN NaN 0.1472186 NaN 0.3329815 0.2551546 NaN NaN
59 0.1315206 NaN 0.1791465 0.1552949 NaN 0.1182669 0.187898 NaN 0.3423844 0.243134 NaN NaN
60 0.1320484 0.1795905 0.1833133 0.1865117 0.3014855 0.195988 0.1812447 0.3586272 0.4807592 0.2814715 0.1283271 0.2162866
61 0.1456957 0.2396348 0.188318 0.2292046 0.3218144 0.2364192 0.2402288 0.284801 0.350221 0.278535 0.1308852 0.1926448
62 0.1315126 0.1393975 0.1915715 0.1908996 NaN NaN 0.09094014 NaN 0.2972638 0.2011264 0.06366085 NaN
63 0.1471802 0.1698003 0.2127939 0.184158 0.4051565 0.2824337 0.3218846 0.372524 0.5041768 0.423962 0.1576938 0.2398418
64 0.15143 0.1422781 0.2025722 0.1636764 0.4454836 0.2719597 0.2076936 0.4518531 0.4587526 0.3154433 0.1178648 0.2030248
65 0.1208507 0.15064 0.1737291 0.1540566 0.3664825 0.2115392 0.166331 0.4658013 0.5469758 0.3670379 0.1492927 0.3067341
66 0.1232692 0.06942321 0.1710045 0.1373823 0.2033309 0.1492864 0.1392841 NaN 0.3440246 0.2123944 0.02494602 NaN
67 0.1494496 0.1179752 0.2091358 0.1983787 NaN NaN 0.1861608 NaN 0.3748733 0.2611016 0.06125697 NaN
68 0.1470925 NaN 0.19169 0.1597175 NaN NaN 0.1943309 NaN 0.3344988 0.2183311 NaN NaN
69 0.1323869 0.1261599 0.1813048 0.1749395 0.09621702 0.1067791 0.16171 NaN 0.4277934 0.2277044 0.03869268 NaN
70 0.1371477 0.1688015 0.1884355 0.1839813 0.4992421 0.319322 0.2573994 0.518349 0.4975193 0.4412812 0.1433457 0.276052
71 0.1478648 NaN 0.1846151 0.1400978 NaN NaN NaN NaN 0.4103991 NaN NaN NaN
72 0.153071 0.07395279 0.1988532 0.147664 0.1913707 0.1221716 0.1280011 NaN 0.3930906 0.1351193 NaN NaN
73 0.1159077 0.1924895 0.1660835 0.1829809 0.268942 0.1807432 0.1626263 0.3557552 0.327436 0.2326924 0.1725783 0.2254109
74 0.1298829 0.1169006 0.1882008 0.1660193 0.102741 0.1064668 0.1365297 NaN 0.4068597 0.2500109 0.09613772 0.1021498
75 0.1427067 0.7632317 0.2006872 0.472295 2.078271 1.561907 0.978152 2.928545 0.7526887 0.9498299 0.3741236 0.91654
76 0.1322696 0.1634105 0.199893 0.2065503 0.3779531 0.2346824 0.2360584 0.4059337 0.3509676 0.2879158 0.1305018 0.1567345
77 0.1694004 0.1766147 0.2188851 0.2095799 0.3709233 0.2519902 0.221647 0.2622162 0.3490507 0.2593874 0.1014015 0.1276255
78 0.1241866 0.08198681 0.1768455 0.1833645 0.1483593 0.1632368 0.1965795 NaN 0.4301309 0.225842 0.07158597 NaN
79 0.1169998 0.2215318 0.1603297 0.2071639 0.2990081 0.1546847 0.1414403 0.4444875 0.5382673 0.2978331 0.1440864 0.2987168
80 0.1380206 0.1310558 0.1920979 0.1777483 0.1108634 0.1018912 0.1217844 NaN 0.4136232 0.230304 0.06698809 NaN
81 0.1212231 0.1242113 0.177581 0.1528971 0.1934994 0.1501409 0.1839897 NaN 0.4174013 0.233623 0.0949972 NaN
82 0.1167465 0.1695098 0.1680881 0.1824543 0.2991593 0.1849762 0.2160297 0.4074296 0.4028836 0.4274085 0.1727422 0.2678242
83 0.1355447 0.1181053 0.1884819 0.1719591 0.2509611 0.1670954 0.1862323 NaN 0.3595133 0.2077867 0.03997348 NaN
84 0.1358982 0.1489282 0.2026826 0.2023157 NaN 0.08577321 0.1433072 NaN 0.3242891 0.1573108 0.07926115 NaN
85 0.155834 0.1578596 0.2029778 0.1974826 0.2271447 0.139319 0.1611693 NaN 0.3694439 0.2517627 0.07184943 0.04417279
86 0.1295828 0.1322417 0.1856179 0.1659683 0.4031476 0.278266 0.1939021 0.3441662 0.3807781 0.3053758 0.1379 0.1916847
87 0.1335564 0.1218026 0.1873385 0.1704492 0.1601387 0.1186673 0.1323426 NaN 0.3487376 0.2516521 0.08156233 0.0757335
88 0.1333094 0.1002239 0.184664 0.1630826 0.1143643 0.08725616 0.110169 NaN 0.4233778 0.227683 0.01998669 NaN
89 0.1284996 0.128282 0.1765281 0.1838436 0.1636343 0.1556685 0.2057841 NaN 0.4467045 0.2761092 0.08343629 0.03385433
90 0.1160813 0.1781137 0.1644902 0.1803811 0.3285922 0.2397821 0.1825987 0.3295277 0.4136585 0.2912516 0.1612273 0.2353285
91 0.1249201 0.04385599 0.1764744 0.1514044 0.1792816 0.162541 0.1541309 NaN 0.3526935 NaN NaN NaN
92 0.1394705 0.1181541 0.1905381 0.2000405 0.2442836 0.2068334 0.2457245 NaN 0.3697563 0.2072772 NaN NaN
93 0.1412508 NaN 0.1559645 NaN NaN NaN 0.1885255 NaN NaN NaN NaN NaN
94 0.1335611 0.2771697 0.1887159 0.2729285 0.4786088 0.2898205 0.2264335 0.6756917 0.4112248 0.2776289 0.1289345 0.2144842
95 0.1475172 0.1232955 0.2065915 0.1783012 0.3011165 0.2156205 0.216057 NaN 0.3951307 0.2505142 0.07491334 NaN
96 0.1282713 0.1413736 0.1906598 0.1814776 0.2980525 0.2103511 0.2080586 0.2324451 0.4515859 0.31013 0.1047815 0.1414519
97 0.1212193 0.1613548 0.1726667 0.2040043 0.2773869 0.1847733 0.1895122 0.3200775 0.3219313 0.234676 0.09163555 0.111504
98 0.1251573 0.1540116 0.1815502 0.1943878 0.3436992 0.2361916 0.2066433 0.3476589 0.4383123 0.3165262 0.1046498 0.1666673
99 0.1433748 0.2418061 0.1919147 0.1834415 0.3913726 0.222367 0.2051605 0.519116 0.3943976 0.3827949 0.1516752 0.2588741
100 0.1464454 0.1617714 0.2060162 0.1776331 0.4574465 0.3182567 0.2087203 0.5427059 0.4102509 0.357156 0.1476792 0.2102435
