1 1.949322 1.367845 1.359319 6.071103 1.44682 1.373702
2 2.881892 1.728375 1.754581 6.954058 1.616039 1.610374
3 2.397213 1.785566 1.752625 6.451777 1.876269 1.881398
4 2.301067 1.491572 1.419073 5.646614 1.469229 1.53193
5 1.887429 1.471167 1.581222 6.10377 1.63766 1.666345
6 2.446548 1.699474 1.685648 7.679481 1.778252 1.663165
7 2.226615 1.520088 1.555804 5.449792 1.568529 1.626633
8 1.632238 1.139098 1.169167 5.139158 1.211889 1.226329
9 2.226704 1.536687 1.545745 6.361911 1.568139 1.616392
10 2.017956 1.312624 1.305679 6.360297 1.328496 1.370613
11 2.639039 1.97636 2.003728 6.859719 2.181701 2.178396
12 2.986608 2.231261 2.360586 7.778818 2.275302 2.319337
13 2.620445 1.844005 1.885496 7.277901 2.036139 2.115722
14 2.494984 1.668646 1.67795 6.928441 1.739175 1.787085
15 1.909387 1.621522 1.590074 6.337868 1.78316 1.752476
16 2.732794 1.884004 2.013169 6.825236 2.084588 2.028629
17 2.308131 1.493372 1.454053 6.996273 1.49251 1.530967
18 1.726634 1.409121 1.410041 5.948037 1.435955 1.474734
19 3.042744 1.998168 1.989189 7.995295 2.0455 2.074024
20 2.465446 1.780239 1.737802 5.60583 1.806642 1.812743
21 3.733706 2.088885 1.986427 8.68782 2.010465 2.042838
22 2.420036 2.029876 2.023016 5.55139 2.182612 2.07255
23 1.837878 1.238713 1.229314 5.002984 1.292546 1.344825
24 2.221185 1.580555 1.505001 5.71553 1.553781 1.605115
25 2.224081 1.601234 1.656671 5.730436 1.651264 1.651644
26 2.589367 1.871867 1.867675 6.534836 1.886539 1.837911
27 2.547973 1.368112 1.384219 6.515392 1.323817 1.384958
28 2.299108 1.546408 1.587935 6.298985 1.625752 1.645123
29 1.658689 1.199196 1.17366 4.366225 1.301779 1.288767
30 1.942059 1.495098 1.471771 6.004871 1.582476 1.473403
31 2.425746 1.863924 1.836383 5.350542 1.865122 1.933528
32 3.197237 1.987285 2.018374 7.433174 2.12818 2.069609
33 4.193086 2.106614 2.173459 8.631855 2.162915 2.194029
34 3.923241 2.326855 2.0756 8.948905 2.49705 2.423877
35 2.438093 1.499791 1.56137 6.853011 1.454234 1.458666
36 2.78518 2.101784 2.110707 5.916391 2.207031 2.133147
37 3.361432 2.493685 2.537811 7.508018 2.528109 2.493857
38 2.433863 1.838556 1.865206 6.113417 1.778068 1.830962
39 2.206615 1.542797 1.596498 5.14017 1.611106 1.617984
40 2.484465 1.402908 1.347261 6.214071 1.410694 1.415518
41 1.492556 1.12733 1.137568 4.569679 1.165935 1.172147
42 2.588383 1.644344 1.687394 7.463797 1.73478 1.739184
43 1.64074 1.149481 1.163649 4.3895 1.155457 1.142667
44 3.999883 2.430968 2.395795 11.72572 2.505644 2.475888
45 2.644905 1.703988 1.65532 6.959648 1.727491 1.630766
46 2.192044 1.196156 1.226664 7.142175 1.259601 1.215151
47 2.351092 1.727042 1.769582 5.873944 1.704982 1.706889
48 3.051981 2.058283 2.038356 10.08683 2.017179 2.012407
49 2.12834 1.596213 1.616088 4.602298 1.632301 1.6146
50 2.371964 1.757838 1.745687 5.6167 1.853496 1.930759
51 2.410957 1.781745 1.706658 5.575694 1.72933 1.787243
52 2.603378 1.669615 1.688098 6.778898 1.761413 1.75475
53 1.868211 1.382369 1.38067 5.934189 1.421495 1.42278
54 2.074108 1.447286 1.353415 5.457689 1.440212 1.482196
55 2.604285 1.562492 1.545338 6.733608 1.604934 1.603414
56 2.791564 2.069107 2.029602 7.059514 2.045481 2.040492
57 1.845611 1.232132 1.190013 4.682622 1.259405 1.192448
58 2.827736 1.578839 1.67881 6.413266 1.682012 1.663585
59 1.804542 1.47164 1.47083 5.732797 1.568174 1.500625
60 2.98429 1.863682 1.822095 7.719103 1.888927 1.845394
61 2.643016 1.527995 1.526787 6.529755 1.682021 1.575433
62 2.368327 1.762351 1.732938 5.990065 1.752214 1.803928
63 2.187601 1.23907 1.243589 6.936974 1.326703 1.322344
64 4.918853 3.138653 3.30227 8.12195 3.147076 3.083749
65 2.286289 1.337133 1.320289 5.415901 1.446591 1.416529
66 1.953959 1.500433 1.465006 4.408906 1.472931 1.490575
67 3.979361 2.601968 2.608182 9.763718 2.624341 2.633705
68 2.737254 1.884445 1.886799 6.098525 1.922274 2.010418
69 2.820324 1.883349 1.838694 6.549407 1.805656 1.780172
70 2.669653 1.627123 1.574076 6.70103 1.616977 1.594302
71 2.196082 1.369713 1.396079 7.428382 1.489916 1.495204
72 3.634318 2.546907 2.529124 7.100197 2.537042 2.587011
73 2.533477 2.003699 1.985677 5.517544 2.153677 2.119523
74 2.62457 1.749974 1.766649 6.516278 2.003087 1.928171
75 2.648592 1.646402 1.692413 7.23032 1.758423 1.736951
76 2.64442 1.872513 1.882621 8.528506 1.990042 1.962233
77 2.429332 1.665845 1.723644 7.033379 1.652388 1.658328
78 2.375311 1.432245 1.448539 6.113707 1.47218 1.511784
79 2.233078 1.474316 1.438024 4.627833 1.424508 1.412988
80 1.785848 1.259696 1.208662 5.408095 1.198449 1.234676
81 2.002878 1.365977 1.371579 4.660161 1.357944 1.295155
82 1.995312 1.484574 1.453046 4.858102 1.559007 1.471881
83 3.115437 2.130578 2.136121 7.029903 2.174354 2.270304
84 2.641102 1.613249 1.642645 7.542025 1.890283 1.88919
85 2.965177 2.011661 1.929953 7.637451 2.092708 2.064019
86 3.084335 2.183354 2.170268 5.856754 2.093866 2.123643
87 1.670465 1.318677 1.295076 5.320833 1.487315 1.391828
88 2.13745 1.488282 1.525595 6.256199 1.696824 1.605533
89 2.442614 1.558303 1.538987 6.601414 1.615592 1.528136
90 1.823092 1.120084 1.14689 5.236943 1.297386 1.296365
91 2.239033 1.427002 1.429686 6.093576 1.544443 1.56771
92 3.335176 2.146821 2.074015 7.897601 2.137949 2.134143
93 2.807292 1.944456 1.96531 6.608155 1.992153 1.958412
94 2.653998 1.607421 1.5783 6.505576 1.62718 1.649337
95 3.624404 2.222906 2.424167 8.414161 2.366112 2.383291
96 2.941844 1.432389 1.551974 7.144696 1.413209 1.402087
97 1.947272 1.530819 1.533487 4.893825 1.744235 1.672965
98 2.173121 1.367674 1.34924 6.670421 1.413907 1.399306
99 2.442606 1.75284 1.832019 5.465007 1.808855 1.896533
100 2.600498 1.37614 1.330723 7.567271 1.368621 1.400199
