1 4200001
2 4200002
3 4200003
4 4200004
5 4200005
6 4200006
7 4200007
8 4200008
9 4200009
10 4200010
11 4200011
12 4200012
13 4200013
15 4200015
16 4200016
17 4200017
18 4200018
19 4200019
20 4200020
21 4200021
22 4200022
23 4200023
24 4200024
25 4200025
26 4200026
27 4200027
28 4200028
29 4200029
30 4200030
31 4200031
32 4200032
33 4200033
34 4200034
35 4200035
36 4200036
37 4200037
38 4200038
39 4200039
40 4200040
41 4200041
42 4200042
43 4200043
44 4200044
45 4200045
46 4200046
47 4200047
48 4200048
49 4200049
50 4200050
51 4200051
52 4200052
53 4200053
54 4200054
55 4200055
56 4200056
57 4200057
58 4200058
59 4200059
60 4200060
61 4200061
62 4200062
63 4200063
64 4200064
65 4200065
67 4200067
69 4200069
70 4200070
71 4200071
72 4200072
73 4200073
74 4200074
75 4200075
76 4200076
79 4200079
80 4200080
81 4200081
82 4200082
83 4200083
84 4200084
85 4200085
86 4200086
87 4200087
88 4200088
89 4200089
90 4200090
91 4200091
92 4200092
93 4200093
94 4200094
95 4200095
96 4200096
97 4200097
98 4200098
99 4200099
100 4200100
101 4200101
102 4200102
103 4200103
104 4200104
105 4200105
