1 3489.284 3489.194 3503.163 3604.328 3602.839 3616.924
2 3453.356 3457.787 3460.995 3603.153 3605.288 3608.626
3 3638.645 3641.733 3648.292 3809.388 3812.251 3818.494
4 3533.906 3542.256 3554.79 3660.62 3666.094 3678.476
5 3471.968 3478.162 3488.912 3802.408 3805.439 3816.54
6 3459.057 3466.211 3475.205 3641.377 3645.728 3654.704
7 3393.594 3406.923 3408.55 3519.094 3529.76 3531.337
8 3577.813 3581.511 3583.517 3790.657 3794.964 3796.793
9 3541.811 3550.585 3562.08 3739.421 3747.44 3759.164
10 3661.135 3674.075 3672.307 3826.161 3837.622 3835.926
11 3487.037 3490.604 3496.143 3630.75 3633.338 3638.901
12 3550.27 3558.453 3564.454 3675.924 3682.248 3688.086
13 3507.537 3517.278 3526.826 3614.024 3625.126 3634.583
14 3581.719 3592.649 3603.993 3717.632 3729.384 3740.675
15 3478.366 3481.295 3492.894 3637.191 3638.387 3650.008
16 3573.944 3579.56 3586.968 3714.414 3717.001 3724.944
17 3511.514 3516.969 3519.798 3619.538 3626.582 3628.269
18 3480.229 3484.535 3493.731 3555.222 3557.072 3566.072
19 3568.795 3576.383 3576.537 3719.707 3725.861 3726.158
20 3564.314 3570.128 3577.673 3727.602 3730.339 3738.35
21 3478.677 3480.195 3495.753 3608.012 3607.659 3623.058
22 3693.403 3699.233 3710.008 3861.012 3867.913 3878.338
23 3487.054 3496.152 3504.396 3579.165 3586.761 3594.783
24 3610.939 3611.612 3627.087 3827.945 3825.51 3841.524
25 3414.893 3415.519 3425.325 3531.149 3531.243 3541.424
26 3607.559 3610.513 3621.304 3756.612 3759.102 3769.894
27 3518.045 3525.743 3532.915 3685.95 3691.499 3699.123
28 3421.226 3431.339 3443.557 3545.21 3552.832 3564.774
29 3531.698 3539.375 3539.695 3671.811 3679.626 3679.984
30 3380.336 3380.083 3395.828 3475.762 3474.676 3490.453
31 3439.247 3449.907 3457.09 3635.539 3645.263 3652.091
32 3501.031 3511.129 3540.026 3659.313 3671.158 3699.989
33 3677.973 3691.4 3694.884 3893.955 3905.136 3908.64
34 3360.749 3365.819 3388.397 3515.852 3520.281 3542.904
35 3548.029 3555.249 3565.106 3672.583 3681.516 3691.104
36 3660.216 3671.245 3676.192 3848.59 3857.631 3862.547
37 3562.55 3576.45 3581.659 3743.349 3756.255 3761.192
38 3637.864 3644.789 3649.25 3784.016 3790.989 3795.336
39 3607.859 3606.619 3623.436 3788.892 3787.007 3803.493
40 3558.382 3566.791 3574.36 3774.103 3783.527 3791.589
41 3574.86 3579.279 3581.567 3714.889 3718.241 3720.528
42 3488.627 3496.427 3502.768 3620.548 3627.859 3634.188
43 3435.753 3446.01 3444.025 3589.071 3596.793 3594.867
44 3540.103 3545.761 3547.704 3623.461 3628.11 3629.683
45 3637.629 3640.366 3655.052 3886.717 3892.946 3908.007
46 3420.888 3434.326 3444.275 3509.737 3520.122 3530.085
47 3542.779 3544.002 3555.223 3748.368 3754.516 3766.007
48 3359.346 3369.258 3373.71 3564.64 3575.753 3580.144
49 3503.245 3520.152 3527.646 3629.673 3646.664 3654.576
50 3514.624 3521.528 3537.556 3630.408 3636.213 3652.219
51 3574.255 3575.994 3585.727 3666.021 3666.367 3676.28
52 3523.904 3524.111 3532.182 3744.195 3743.485 3751.489
53 3543.073 3549.356 3551.13 3743.164 3749.803 3751.374
54 3488.437 3497.936 3502.719 3613.771 3623.836 3628.244
55 3586.532 3591.817 3597.628 3708.499 3710.871 3716.934
56 3577.072 3583.366 3591.342 3742.538 3742.589 3750.644
57 3491.01 3494.558 3497.295 3635.52 3638.272 3640.816
58 3562.685 3564.747 3572.62 3771.536 3772.55 3780.19
59 3529.469 3537.215 3554.022 3725.043 3733.283 3749.929
60 3483.72 3486.882 3499.647 3667.981 3669.292 3682.339
61 3472.361 3482.655 3487.449 3616.622 3624.826 3629.807
62 3438.414 3441.802 3450.029 3551.992 3553.731 3561.729
63 3615.334 3616.43 3616.282 3885.552 3885.383 3885.273
64 3580.84 3585.723 3588.735 3766.427 3769.331 3772.471
65 3726.988 3728.705 3738.762 3948.015 3949.58 3959.543
66 3441.202 3452.588 3453.853 3605.597 3616.414 3617.835
67 3723.185 3738.496 3737.453 3888.681 3898.893 3897.818
68 3562.548 3565.784 3577.616 3754.26 3756.589 3768.158
69 3480.145 3488.06 3491.764 3658.192 3663.594 3667.519
70 3505.083 3514.645 3515.559 3685.1 3691.803 3691.979
71 3591.255 3590.921 3605.832 3800.613 3799.357 3814.281
72 3507.697 3510.467 3514.514 3834.946 3839.022 3842.918
73 3651.027 3657.026 3663.44 3828.892 3835.841 3842.171
74 3517.262 3522.508 3523.124 3702.313 3706.923 3707.68
75 3698.305 3698.803 3707.034 3920.807 3919.717 3927.965
76 3492.836 3495.629 3509.41 3665.152 3667.58 3681.004
77 3700.511 3709.278 3709.082 3864.626 3870.945 3871.13
78 3472.316 3474.28 3493.21 3667.619 3665.802 3685.067
79 3511.456 3512.247 3534.492 3651.577 3650.192 3671.944
80 3486.264 3493.48 3499.694 3576.96 3583.674 3589.832
81 3618.225 3624.055 3628.104 3740.055 3745.68 3749.583
82 3593.917 3596.801 3601.729 3863.249 3864.087 3868.937
83 3537.386 3539.604 3551.855 3678.856 3679.335 3691.265
84 3527.504 3527.603 3544.191 3692.741 3691.236 3707.575
85 3695.504 3704.026 3702.674 3940.707 3947.145 3945.496
86 3482.69 3489.549 3502.821 3560.684 3567.831 3580.805
87 3527.17 3526.974 3535.676 3735.459 3733.789 3742.797
88 3475.143 3494.067 3502.595 3564.697 3581.996 3590.037
89 3482.759 3490.14 3496.103 3653.543 3660.018 3665.898
90 3540.564 3553.604 3557.69 3699.198 3711.069 3715.526
91 3522.363 3526.546 3536.737 3615.562 3618.574 3628.46
92 3486.727 3495.515 3505.294 3626.29 3632.662 3642.273
93 3701.09 3705.232 3715.591 3958.015 3962.062 3972.484
94 3548.275 3548.705 3569.61 3674.048 3673.467 3694.409
95 3583.698 3594.886 3597.583 3793.021 3805.427 3808.154
96 3491.136 3490.896 3510.433 3567.116 3565.262 3584.673
97 3461.163 3469.737 3468.979 3667.597 3676.849 3676.154
98 3552.868 3556.336 3569.762 3688.396 3692.052 3705.542
99 3746.089 3746.948 3754.031 3896.212 3896.683 3903.815
100 3486.201 3495.045 3507.327 3576.714 3584.271 3595.87
