1 3532.162 3528.773 3536.146 3643.908 3639.12 3646.609
2 3496.235 3497.367 3493.978 3642.733 3641.57 3638.311
3 3681.523 3681.313 3681.275 3848.968 3848.532 3848.179
4 3576.784 3581.836 3587.773 3700.2 3702.376 3708.161
5 3514.846 3517.742 3521.895 3841.988 3841.721 3846.225
6 3501.936 3505.791 3508.189 3680.957 3682.01 3684.389
7 3436.472 3446.503 3441.533 3558.674 3566.042 3561.021
8 3620.691 3621.091 3616.5 3830.237 3831.246 3826.478
9 3584.689 3590.164 3595.063 3779.001 3783.722 3788.849
10 3704.013 3713.655 3705.29 3865.741 3873.904 3865.611
11 3529.915 3530.184 3529.126 3670.329 3669.62 3668.586
12 3593.149 3598.033 3597.438 3715.504 3718.53 3717.771
13 3550.416 3556.858 3559.809 3653.604 3661.407 3664.268
14 3624.597 3632.229 3636.976 3757.212 3765.665 3770.36
15 3521.244 3520.875 3525.877 3676.771 3674.668 3679.693
16 3616.822 3619.14 3619.952 3753.994 3753.282 3754.629
17 3554.392 3556.549 3552.781 3659.118 3662.864 3657.953
18 3523.107 3524.114 3526.715 3594.802 3593.353 3595.757
19 3611.673 3615.963 3609.52 3759.287 3762.142 3755.843
20 3607.192 3609.708 3610.656 3767.182 3766.621 3768.035
21 3521.555 3519.775 3528.736 3647.591 3643.94 3652.743
22 3736.281 3738.813 3742.991 3900.591 3904.194 3908.023
23 3529.932 3535.732 3537.38 3618.745 3623.043 3624.468
24 3653.817 3651.191 3660.071 3867.525 3861.791 3871.209
25 3457.771 3455.099 3458.308 3570.729 3567.524 3571.109
26 3650.438 3650.093 3654.287 3796.192 3795.384 3799.579
27 3560.923 3565.323 3565.898 3725.53 3727.78 3728.808
28 3464.104 3470.919 3476.54 3584.79 3589.113 3594.459
29 3574.576 3578.955 3572.679 3711.391 3715.908 3709.669
30 3423.214 3419.663 3428.812 3515.342 3510.957 3520.138
31 3482.125 3489.487 3490.073 3675.119 3681.545 3681.776
32 3543.909 3550.709 3573.009 3698.893 3707.439 3729.674
33 3720.851 3730.98 3727.867 3933.535 3941.417 3938.325
34 3403.627 3405.399 3421.38 3555.431 3556.562 3572.589
35 3590.907 3594.829 3598.089 3712.163 3717.798 3720.789
36 3703.095 3710.825 3709.175 3888.17 3893.913 3892.232
37 3605.428 3616.03 3614.642 3782.929 3792.537 3790.877
38 3680.742 3684.369 3682.233 3823.596 3827.27 3825.021
39 3650.737 3646.199 3656.419 3828.472 3823.288 3833.178
40 3601.26 3606.37 3607.343 3813.683 3819.809 3821.274
41 3617.738 3618.858 3614.55 3754.469 3754.522 3750.213
42 3531.506 3536.006 3535.751 3660.128 3664.141 3663.873
43 3478.631 3485.59 3477.008 3628.651 3633.074 3624.552
44 3582.981 3585.341 3580.688 3663.041 3664.392 3659.368
45 3680.507 3679.946 3688.035 3926.297 3929.227 3937.691
46 3463.766 3473.906 3477.258 3549.317 3556.404 3559.77
47 3585.657 3583.582 3588.207 3787.948 3790.798 3795.692
48 3402.224 3408.838 3406.693 3604.219 3612.035 3609.828
49 3546.124 3559.732 3560.629 3669.253 3682.945 3684.261
50 3557.503 3561.107 3570.54 3669.988 3672.494 3681.904
51 3617.133 3615.574 3618.71 3705.601 3702.649 3705.965
52 3566.782 3563.69 3565.165 3783.775 3779.766 3781.174
53 3585.951 3588.935 3584.113 3782.744 3786.084 3781.059
54 3531.315 3537.516 3535.702 3653.35 3660.117 3657.929
55 3629.41 3631.397 3630.611 3748.079 3747.153 3746.619
56 3619.95 3622.945 3624.326 3782.118 3778.87 3780.329
57 3533.888 3534.138 3530.278 3675.1 3674.553 3670.501
58 3605.563 3604.327 3605.603 3811.116 3808.832 3809.874
59 3572.347 3576.795 3587.006 3764.623 3769.564 3779.614
60 3526.598 3526.462 3532.63 3707.56 3705.573 3712.024
61 3515.239 3522.235 3520.432 3656.201 3661.107 3659.492
62 3481.292 3481.381 3483.012 3591.571 3590.012 3591.414
63 3658.212 3656.01 3649.265 3925.132 3921.665 3914.958
64 3623.718 3625.303 3621.718 3806.007 3805.613 3802.156
65 3769.866 3768.285 3771.745 3987.594 3985.861 3989.228
66 3484.08 3492.168 3486.836 3645.177 3652.695 3647.52
67 3766.063 3778.076 3770.436 3928.261 3935.174 3927.502
68 3605.426 3605.364 3610.599 3793.84 3792.871 3797.843
69 3523.023 3527.64 3524.748 3697.771 3699.876 3697.204
70 3547.961 3554.225 3548.542 3724.68 3728.084 3721.664
71 3634.133 3630.501 3638.815 3840.193 3835.638 3843.966
72 3550.575 3550.046 3547.497 3874.526 3875.303 3872.603
73 3693.905 3696.606 3696.423 3868.472 3872.123 3871.856
74 3560.14 3562.088 3556.107 3741.893 3743.204 3737.365
75 3741.183 3738.382 3740.017 3960.387 3955.999 3957.65
76 3535.714 3535.209 3542.393 3704.732 3703.862 3710.688
77 3743.389 3748.857 3742.065 3904.206 3907.227 3900.815
78 3515.194 3513.859 3526.193 3707.198 3702.084 3714.752
79 3554.334 3551.826 3567.475 3691.156 3686.473 3701.628
80 3529.142 3533.06 3532.677 3616.539 3619.956 3619.516
81 3661.103 3663.634 3661.088 3779.635 3781.961 3779.268
82 3636.795 3636.381 3634.712 3902.829 3900.368 3898.622
83 3580.264 3579.184 3584.838 3718.436 3715.617 3720.95
84 3570.382 3567.182 3577.174 3732.321 3727.517 3737.26
85 3738.382 3743.606 3735.657 3980.287 3983.426 3975.181
86 3525.568 3529.129 3535.804 3600.263 3604.112 3610.49
87 3570.048 3566.554 3568.659 3775.039 3770.071 3772.482
88 3518.022 3533.647 3535.578 3604.276 3618.278 3619.721
89 3525.637 3529.72 3529.086 3693.123 3696.3 3695.582
90 3583.442 3593.184 3590.673 3738.778 3747.351 3745.211
91 3565.241 3566.126 3569.72 3655.142 3654.855 3658.145
92 3529.605 3535.095 3538.277 3665.869 3668.943 3671.958
93 3743.969 3744.812 3748.574 3997.595 3998.344 4002.169
94 3591.153 3588.284 3602.593 3713.628 3709.748 3724.094
95 3626.576 3634.466 3630.566 3832.6 3841.708 3837.839
96 3534.015 3530.476 3543.416 3606.696 3601.543 3614.358
97 3504.041 3509.317 3501.962 3707.177 3713.13 3705.839
98 3595.746 3595.916 3602.746 3727.976 3728.334 3735.226
99 3788.967 3786.528 3787.014 3935.792 3932.964 3933.5
100 3529.079 3534.625 3540.31 3616.294 3620.553 3625.555
