1 0.295
2 0.27
3 0.215
4 0.24
5 0.285
6 0.275
7 0.265
8 0.215
9 0.235
10 0.235
11 0.23
12 0.25
13 0.25
14 0.235
15 0.285
16 0.245
17 0.24
18 0.26
19 0.25
20 0.245
21 0.29
22 0.26
23 0.26
24 0.285
25 0.225
26 0.24
27 0.295
28 0.32
29 0.255
30 0.255
31 0.28
32 0.245
33 0.245
34 0.27
35 0.3
36 0.275
37 0.275
38 0.315
39 0.195
40 0.28
41 0.24
42 0.265
43 0.23
44 0.33
45 0.285
46 0.26
47 0.26
48 0.26
49 0.285
50 0.245
51 0.245
52 0.22
53 0.22
54 0.245
55 0.24
56 0.3
57 0.3
58 0.22
59 0.33
60 0.24
61 0.275
62 0.255
63 0.205
64 0.235
65 0.2
66 0.225
67 0.225
68 0.255
69 0.285
70 0.315
71 0.23
72 0.21
73 0.245
74 0.255
75 0.24
76 0.29
77 0.29
78 0.27
79 0.28
80 0.21
81 0.195
82 0.265
83 0.225
84 0.245
85 0.25
86 0.24
87 0.22
88 0.215
89 0.27
90 0.26
91 0.205
92 0.31
93 0.25
94 0.305
95 0.26
96 0.255
97 0.23
98 0.2
99 0.26
100 0.345
