1 -1688.624 -1691.273 -1705.203 -1797.104 -1798.63 -1812.376
3 -1705.806 -1707.975 -1712.05 -1843.01 -1845.069 -1849.086
4 -1721.371 -1723.073 -1728.532 -1792.97 -1793.431 -1798.918
5 -1768.907 -1775.406 -1778.396 -1866.415 -1872.424 -1875.495
6 -1728.498 -1737.519 -1742.969 -1769.92 -1778.293 -1783.732
7 -1725.615 -1734.035 -1740.987 -1830.832 -1838.818 -1845.645
8 -1757.146 -1758.271 -1762.986 -1855.813 -1856.505 -1861.398
9 -1714.834 -1717.662 -1726.834 -1817.741 -1819.894 -1828.777
10 -1677.217 -1679.747 -1691.761 -1724.465 -1725.82 -1737.944
11 -1809.184 -1810.434 -1819.207 -1860.494 -1861.235 -1870.02
12 -1752.612 -1756.226 -1759.463 -1810.943 -1813.639 -1816.986
13 -1699.478 -1704.531 -1708.868 -1775.113 -1779.995 -1784.414
14 -1842.657 -1847.421 -1849.741 -1911.412 -1916.151 -1918.419
15 -1765.001 -1767.389 -1771.166 -1840.57 -1842.57 -1846.112
16 -1720.897 -1726.586 -1732.486 -1811.222 -1817.318 -1823.284
17 -1774.715 -1783.026 -1785.012 -1878.9 -1888.12 -1890.096
18 -1792.204 -1794.245 -1801.096 -1856.473 -1858.608 -1865.278
19 -1748.552 -1749.91 -1757.201 -1877.052 -1878.867 -1886.325
20 -1773.75 -1777.717 -1793.486 -1859.36 -1861.756 -1877.692
21 -1712.731 -1714.685 -1722.491 -1778.587 -1780.826 -1788.821
22 -1856.511 -1860.481 -1870.546 -1921.205 -1924.135 -1934.332
23 -1673.717 -1679.536 -1689.727 -1794.469 -1799.875 -1810.107
24 -1770.316 -1776.606 -1780.598 -1871.595 -1876.363 -1880.21
25 -1830.065 -1838.666 -1843.42 -1929.149 -1938.612 -1943.081
26 -1743.004 -1746.073 -1751.942 -1802.248 -1805.658 -1811.349
27 -1758.86 -1764.541 -1767.647 -1831.86 -1837.897 -1840.898
28 -1803.746 -1806.959 -1810.783 -1911.249 -1914.053 -1917.941
29 -1779.568 -1785.573 -1787.719 -1881.543 -1886.501 -1889.079
30 -1783.168 -1787.643 -1794.756 -1842.841 -1847.176 -1854.143
31 -1814.48 -1821.356 -1827.044 -1899.351 -1905.163 -1911.002
32 -1717.989 -1718.649 -1727.528 -1786.21 -1786.528 -1795.42
33 -1794.271 -1800.279 -1804.227 -1875.699 -1880.11 -1883.947
34 -1778.144 -1782.884 -1786.525 -1898.994 -1902.949 -1906.216
35 -1828.85 -1833.395 -1838.07 -1899.807 -1903.935 -1908.689
36 -1756.084 -1759.076 -1763.23 -1806.796 -1809.48 -1813.655
37 -1763.011 -1765.022 -1774.312 -1829.644 -1831.615 -1840.721
38 -1734.806 -1735.385 -1741.76 -1800.873 -1801.449 -1807.771
39 -1742.554 -1745.363 -1748.763 -1803.544 -1806.294 -1809.77
40 -1780.652 -1787.138 -1794.084 -1835.447 -1841.469 -1848.874
41 -1741.409 -1744.49 -1750.487 -1796.677 -1799.468 -1805.573
42 -1810.953 -1818.375 -1824.149 -1847.807 -1854.631 -1860.428
43 -1812.592 -1817.19 -1820.463 -1911.913 -1916.459 -1919.774
44 -1737.945 -1743.289 -1746.181 -1877.862 -1880.682 -1883.585
45 -1731.915 -1736.558 -1741.383 -1809.686 -1814.352 -1819.012
46 -1780.1 -1780.986 -1783.264 -1852.489 -1853.414 -1855.853
47 -1713.2 -1715.24 -1719.85 -1765.12 -1766.572 -1771.192
48 -1697.283 -1700.013 -1705.407 -1756.265 -1757.609 -1763.15
49 -1777.968 -1779.839 -1784.182 -1886.894 -1888.491 -1892.99
50 -1777.172 -1784.576 -1786.232 -1888.516 -1895.543 -1897.204
51 -1764.45 -1771.338 -1775.759 -1833.841 -1839.676 -1843.954
52 -1824.314 -1829.306 -1830.825 -1913.577 -1917.579 -1918.853
53 -1693.372 -1695.202 -1699.993 -1745.25 -1747.33 -1752.197
54 -1681.947 -1688.697 -1690.62 -1742.595 -1749.189 -1751.17
55 -1738.947 -1743.275 -1754.727 -1769.871 -1773.812 -1785.156
56 -1815.41 -1817.557 -1830.159 -1966.604 -1968.636 -1981.355
57 -1789.32 -1792.555 -1794.309 -1866.215 -1870.09 -1871.972
58 -1803.014 -1805.969 -1811.051 -1880.676 -1883.713 -1888.827
59 -1687.863 -1696.626 -1701.361 -1744.061 -1751.497 -1756.379
60 -1703.389 -1707.103 -1713.569 -1736.677 -1739.786 -1746.229
61 -1755.124 -1760.06 -1772.054 -1821.267 -1825.084 -1837.228
62 -1741.177 -1742.749 -1754.558 -1809.374 -1809.357 -1821.223
63 -1788.578 -1791.6 -1799.319 -1907.415 -1909.838 -1917.51
64 -1733.355 -1738.904 -1744.842 -1784.218 -1789.924 -1795.725
65 -1732.169 -1735.307 -1741.057 -1781.643 -1783.616 -1789.519
66 -1762.258 -1768.159 -1775.129 -1831.152 -1836.479 -1843.459
67 -1746.9 -1754.985 -1756.474 -1812.861 -1820.726 -1822.041
68 -1746.198 -1751.857 -1755.325 -1812.968 -1817.281 -1820.724
69 -1784.619 -1795.483 -1797.915 -1856.753 -1868.258 -1870.701
70 -1815.965 -1819.577 -1827.025 -1941.774 -1945.219 -1952.679
71 -1844.822 -1852.463 -1855.771 -1953.692 -1959.303 -1962.828
72 -1787.452 -1791.145 -1794.32 -1909.31 -1913.281 -1916.477
73 -1728.023 -1732.992 -1744.743 -1842.197 -1848.063 -1859.742
74 -1756.35 -1759.719 -1773.373 -1861.888 -1864.774 -1878.51
75 -1717.468 -1722.363 -1726.14 -1823.179 -1827.592 -1831.53
76 -1735.026 -1743.25 -1751.393 -1771.051 -1780.03 -1788.072
77 -1774.607 -1776.508 -1786.477 -1856.775 -1858.727 -1868.611
78 -1769.382 -1770.412 -1781.19 -1863.061 -1864.893 -1875.674
79 -1736.572 -1742.376 -1750.266 -1814.166 -1819.686 -1827.585
80 -1775.358 -1781.373 -1785.925 -1852.59 -1856.853 -1861.459
81 -1793.052 -1799.346 -1802.561 -1879.789 -1885.378 -1888.671
82 -1792.84 -1796.806 -1797.42 -1916.015 -1919.731 -1920.456
83 -1803.461 -1805.844 -1811.263 -1944.042 -1946.3 -1951.681
84 -1752.012 -1756.698 -1767.511 -1840.118 -1843.508 -1854.598
85 -1676.584 -1683.194 -1688.65 -1760.845 -1765.551 -1770.873
86 -1806.43 -1808.995 -1815.479 -1873.054 -1875.592 -1882.019
87 -1727.011 -1735.265 -1740.622 -1778.819 -1787.576 -1792.973
88 -1741.424 -1747.084 -1754.172 -1826.571 -1830.884 -1837.975
89 -1743.926 -1745.782 -1752.917 -1816.29 -1818.041 -1825.206
90 -1710.064 -1715.395 -1728.824 -1787.357 -1792.421 -1805.74
91 -1829.546 -1832.505 -1834.199 -1980.591 -1981.946 -1983.522
92 -1804.456 -1808.63 -1810.349 -1883.213 -1888.054 -1889.812
93 -1779.428 -1783.431 -1793.219 -1886.187 -1889.701 -1899.538
94 -1766.964 -1773.102 -1777.422 -1905.106 -1910.093 -1914.381
95 -1803.409 -1805.917 -1810.895 -1898.242 -1900.037 -1904.964
96 -1739.475 -1746.676 -1751.539 -1784.834 -1790.533 -1795.454
97 -1762.263 -1766.098 -1775.936 -1835.903 -1839.563 -1849.448
98 -1774.121 -1780.464 -1784.593 -1851.653 -1858.881 -1862.921
99 -1779.449 -1782.457 -1787.836 -1872.203 -1873.84 -1879.148
100 -1754.317 -1757.108 -1767.752 -1864.209 -1866.284 -1876.641
101 -1773.308 -1776.358 -1785.159 -1879.094 -1882.323 -1891.357
