1 1.069682 1.007506 1.009932 1.155358 1.014884 1.004966
2 1.126897 1.017759 0.982297 1.371738 0.9626958 0.9939456
3 1.065827 0.9338033 0.9603521 1.272659 0.9977979 0.980789
4 1.26047 1.038599 1.015364 1.713571 1.029144 1.029376
5 1.064465 0.9747341 1.00204 1.86317 0.9505546 1.007515
6 1.200882 0.973447 0.993014 1.537228 0.9983442 0.981307
7 1.358015 1.138384 1.136045 1.734384 1.134497 1.110283
8 1.048581 0.9803868 0.9759422 1.700193 1.021673 1.019243
9 1.10968 1.054597 1.054045 1.766324 1.002888 1.055405
10 1.385426 1.163446 1.193624 1.730716 1.144843 1.170318
11 1.088982 0.9807345 1.000385 1.447773 0.9999784 1.008194
12 1.152463 1.003455 0.9975461 1.478744 0.9773616 0.9996807
13 1.161615 1.0754 1.079644 1.675668 1.053196 1.064704
14 1.01731 0.7914093 0.7950564 1.652405 0.7849803 0.7996748
15 1.039831 0.9551861 0.9736584 1.347889 1.01214 1.004898
16 1.326483 1.105791 1.110438 1.643752 1.139003 1.108262
17 0.8334485 0.8162644 0.8178531 1.159506 0.8338139 0.8193233
18 1.093937 0.9759767 0.9721256 1.388766 1.001487 1.008143
19 1.083349 0.97074 0.9929794 1.420713 0.9891332 0.9976572
20 1.199162 1.107733 1.071634 1.466868 1.107669 1.111452
21 1.150231 1.113692 1.067513 1.375733 1.106198 1.081837
22 1.030708 0.8421367 0.8247899 1.640092 0.8661999 0.8829282
23 1.12886 1.047278 1.039658 1.419509 1.055895 1.007245
24 1.377955 1.255996 1.253702 1.883013 1.259623 1.232191
25 0.9367053 0.8369538 0.8832313 1.254203 0.8342915 0.8599919
26 1.103237 1.105986 1.107795 1.346277 1.102365 1.041632
27 1.235006 1.144076 1.121189 1.612563 1.131767 1.144191
28 1.081233 0.8710809 0.8348061 1.579909 0.8619948 0.8352838
29 1.022075 0.8508191 0.873543 1.467404 0.8947838 0.905242
30 0.9469804 0.9478839 0.9553684 1.095814 0.9450342 0.9381157
31 1.003453 0.8491869 0.8143512 1.497798 0.8168197 0.8099353
32 1.087432 0.9062719 0.9205407 1.584633 0.9486135 0.9045483
33 1.111474 0.7919261 0.7788229 1.633513 0.7680269 0.7640129
34 1.209556 1.029255 1.027119 1.586344 1.055822 0.9951959
35 0.9572979 0.8484871 0.8645508 1.431864 0.8772059 0.8615144
36 1.276125 1.039094 1.087805 1.674726 1.105947 1.07348
37 1.126054 0.8400806 0.8512356 1.773105 0.8217447 0.8335673
38 0.9711853 0.9355198 0.9685366 1.333063 0.940271 0.9081148
39 1.325841 1.268657 1.290513 1.675678 1.330041 1.317528
40 1.244558 1.102513 1.119083 1.836362 1.105558 1.11462
41 1.094363 0.9478327 0.9517659 1.561173 0.9229888 0.9547733
42 0.9309116 0.7807247 0.7884641 1.304567 0.8009652 0.7813439
43 1.09108 0.8135971 0.8416615 1.438384 0.8534519 0.8518424
44 1.072242 1.006494 1.019348 1.232244 0.9825848 0.9891048
45 0.9659807 0.8654204 0.8250256 1.420908 0.868012 0.8706748
46 1.106851 0.8821534 0.8690294 1.495975 0.9090474 0.876981
47 1.038293 0.9862161 0.9824892 1.219886 0.9633669 0.9989916
48 1.022401 0.8926146 0.8759829 1.383619 0.9131688 0.9037282
49 1.258686 0.9791758 0.9930961 1.615144 0.9586964 0.9865591
50 1.359836 1.140961 1.113597 1.655429 1.169428 1.152815
51 1.277193 1.191574 1.196698 1.677322 1.23574 1.233294
52 1.064178 1.042249 1.007398 1.323719 1.061462 1.055826
53 1.015125 0.9065644 0.8952999 1.856091 0.9628968 0.9966159
54 0.9418526 0.8362325 0.8252861 1.374775 0.8011503 0.8603461
55 1.69357 1.49004 1.493859 2.09985 1.523802 1.516309
56 1.424055 1.276218 1.224982 1.733005 1.200889 1.200568
57 0.8816247 0.7777268 0.7593919 1.164949 0.7457249 0.7750219
58 0.8906912 0.832679 0.8395739 1.215523 0.8470081 0.8299706
59 1.467987 1.29004 1.304261 2.05532 1.275481 1.254586
60 1.117104 1.037104 1.022395 1.633003 1.025133 1.007436
61 0.8870273 0.7829623 0.756018 1.261331 0.8262417 0.8305051
62 1.19249 1.031102 1.049001 1.631939 1.035739 1.054947
63 1.20306 1.034931 1.071493 1.309875 1.032305 1.056832
64 1.154477 1.007608 1.030902 1.314361 0.9776347 0.9979308
65 1.082848 0.9751131 0.9928037 1.630132 0.9372217 0.9389325
66 1.08887 0.9227239 0.9584866 1.420104 0.92245 0.9591544
67 1.125845 0.9909235 1.028443 1.377915 1.023532 1.094095
68 1.179288 1.085089 1.063297 1.739681 1.030342 1.044021
69 0.9685298 0.8985747 0.8877807 1.270129 0.8910275 0.8777081
70 1.07294 0.9557095 0.9482198 1.246612 0.9264448 0.9315895
71 0.7347072 0.6661522 0.6391595 0.9155806 0.6571373 0.7025814
72 1.287784 1.135139 1.153734 1.676464 1.150933 1.091552
73 1.036282 0.9092916 0.8213117 1.218529 0.8765643 0.8730032
74 0.9314417 0.8150423 0.7846747 1.106379 0.8118228 0.8413322
75 1.08956 0.9490105 0.9528554 1.434299 0.9628903 0.9743943
76 1.236938 1.111781 1.108134 1.608119 1.105815 1.128217
77 1.263926 1.08547 1.082482 1.95701 1.108194 1.06741
78 1.107181 1.045472 1.036073 1.432452 1.046528 1.058333
79 0.8303718 0.7455806 0.7814166 1.159968 0.8086233 0.7733401
80 1.147152 1.126919 1.111933 1.284033 1.100371 1.066435
81 1.256195 1.107581 1.086376 1.485386 1.096437 1.083597
82 1.199897 1.117594 1.141862 1.803114 1.14849 1.136912
83 1.247734 1.173251 1.132484 1.525477 1.17066 1.188725
84 0.978829 0.9513645 0.9323925 1.318749 0.9575572 0.9709463
85 0.9410204 0.7325927 0.8210304 1.423209 0.7438867 0.8128485
86 0.9744318 0.7695769 0.7743594 1.434987 0.7569194 0.7734233
87 1.350382 1.2939 1.322879 1.490159 1.347099 1.294052
88 1.233114 0.9869874 1.004846 1.553795 0.9804674 0.9687155
89 0.966043 0.8584531 0.8624169 1.349155 0.8202475 0.8563257
90 1.169535 1.004544 1.010806 1.716446 1.010988 0.9779766
91 1.236607 1.165105 1.130344 1.598743 1.153067 1.162433
92 0.8919469 0.7314951 0.759954 1.404078 0.7308005 0.7932104
93 1.00084 0.8917995 0.9498525 1.162834 0.8860715 0.9121928
94 0.9991488 0.9649014 0.9692483 1.2036 0.9833468 1.045907
95 1.0037 0.9209001 0.9464995 1.811106 0.9362829 0.9465118
96 0.8630528 0.7170442 0.7443228 1.144692 0.7426236 0.7293159
97 1.29357 1.027954 1.001965 1.577835 1.166608 1.118813
98 1.104236 0.9586567 0.9587941 1.456347 0.95241 0.9348012
99 0.8403058 0.8315811 0.8381028 1.117908 0.8518915 0.8704615
100 1.002641 0.8820784 0.8553821 1.458979 0.8649874 0.8685439
