1 0.1931231 0.1848078 0.186433 0.204402 0.1880237 0.1836321
2 0.2532646 0.2431308 0.2325516 0.2883527 0.2341926 0.243273
3 0.2538372 0.2418706 0.246245 0.2742495 0.255804 0.2516409
4 0.2469024 0.2266105 0.2151339 0.3307021 0.2339369 0.2317029
5 0.2404959 0.2388526 0.245083 0.378209 0.2403832 0.2518581
6 1.135804 0.4309248 0.3877967 0.7763228 0.2890733 0.2544201
7 0.3674416 0.3348144 0.3363076 0.4238966 0.3395341 0.3280997
8 0.5850079 1.201825 0.9889971 0.7935645 1.306473 1.314729
9 0.2991349 0.3989424 0.4545885 0.349339 0.3955303 0.4119963
10 0.4700669 0.354314 0.3631149 0.5037563 0.3399713 0.3427761
11 0.213676 0.1987025 0.2013651 0.2789885 0.2075152 0.2070403
12 0.2928733 0.2715207 0.2697457 0.3452558 0.2612346 0.2779414
13 0.2649974 0.2556798 0.2583836 0.3941401 0.2482336 0.2511818
14 0.2223103 0.1774567 0.1763805 0.3506419 0.1766036 0.179114
15 0.3800507 0.3716324 0.4055403 0.355252 0.4529622 0.3763962
16 0.2789398 0.2302692 0.2271419 0.3372275 0.2320592 0.2259551
17 0.2417112 0.277941 0.269145 0.3046539 0.2953547 0.2921493
18 0.3105145 0.4338805 0.4223141 0.3432082 0.4687162 0.4346946
19 0.5691188 0.926133 1.06646 0.6881016 1.084198 0.9733067
20 0.4020861 0.4350443 0.4374266 0.4671314 0.4736302 0.4776349
21 0.2699826 0.2812699 0.266775 0.3109137 0.2804665 0.2783756
22 0.2817173 0.2252348 0.2250112 0.3805941 0.2215934 0.2266672
23 0.3219281 0.3302871 0.3284735 0.3470202 0.338646 0.3223252
24 0.2282088 0.2129436 0.2123433 0.3138337 0.2150653 0.2044749
25 0.4449616 0.4733137 0.4939646 0.4632237 0.4617993 0.5057799
26 0.2404329 0.2568716 0.260342 0.273121 0.2579504 0.2391202
27 0.3160319 0.3163366 0.3115153 0.3536626 0.320188 0.3407861
28 0.2670127 0.2295109 0.2214083 0.3553673 0.2237367 0.2219759
29 0.4219053 0.4162743 0.4162432 0.4521526 0.441838 0.4315598
30 0.2270815 0.2470372 0.2291317 0.2272444 0.2300809 0.2355633
31 0.2727768 0.2868336 0.284866 0.3453709 0.2927355 0.2824867
32 0.2235008 0.1964325 0.1976501 0.3196263 0.2077508 0.1989826
33 0.2619432 0.2014919 0.1979583 0.3598224 0.1961787 0.1981446
34 0.3282785 0.316371 0.322493 0.386535 0.3294049 0.3084919
35 0.2318015 0.2238622 0.2262703 0.3193796 0.2231278 0.226624
36 0.2795911 0.2767075 0.2916566 0.3590248 0.3070638 0.2939915
37 0.2783046 0.2592732 0.2846361 0.3716118 0.324303 0.3022554
38 0.2109356 0.2188553 0.227284 0.27772 0.2185115 0.2125743
39 0.2488875 0.2425266 0.2465861 0.2932092 0.2537689 0.2501861
40 0.4043106 0.3460649 0.365023 0.5126053 0.3249013 0.3412611
41 0.256527 0.2209125 0.2306289 0.3160208 0.2227324 0.2279405
42 0.2033777 0.1778453 0.1791702 0.2787592 0.1841346 0.1766085
43 0.2586276 0.2027377 0.2098383 0.3255127 0.2177339 0.2202265
44 0.2411604 0.2343918 0.2361589 0.2745307 0.2288755 0.2268237
45 0.2448357 0.2265644 0.2017398 0.3415439 0.2233629 0.2147398
46 0.2810651 0.2232304 0.2271783 0.3340456 0.2437824 0.2249381
47 0.2413581 0.2384922 0.235852 0.2719591 0.2257447 0.2382983
48 0.2114172 0.1939552 0.1893952 0.2969245 0.2002766 0.2050658
49 0.3157648 0.2682421 0.2756348 0.3694355 0.2722411 0.2799419
50 0.31394 0.2590624 0.249108 0.3538929 0.2658295 0.2572473
51 0.3830717 0.3582283 0.3552578 0.4245928 0.3580043 0.360951
52 0.4178989 0.4511976 0.4281435 0.3982365 0.4405985 0.4433378
53 0.2184165 0.2509847 0.2463791 0.3983913 0.3097136 0.3137902
54 0.2641985 0.2884862 0.3034682 0.3368287 0.3063199 0.320877
55 0.2879326 0.2620996 0.2584925 0.3693406 0.2674766 0.2654342
56 0.7013296 0.7029627 0.692804 0.7225324 0.6896383 0.6901298
57 0.1817736 0.1608353 0.156543 0.2373879 0.1559534 0.1632171
58 0.2016227 0.198323 0.1985532 0.2576507 0.2010291 0.1957787
59 0.2950305 0.275741 0.2776848 0.3955759 0.2700403 0.2660579
60 0.306471 0.3032757 0.3065265 0.3679679 0.3043402 0.2965479
61 0.2000462 0.1914471 0.1775005 0.2695656 0.2033761 0.2070882
62 0.2323506 0.197533 0.1995112 0.3133977 0.1988845 0.2074094
63 0.6996476 0.5866518 0.6026339 0.6741715 0.5507619 0.5978894
64 0.2555451 0.2163153 0.2490839 0.2845276 0.2311874 0.2337695
65 0.2026704 0.1852188 0.1869345 0.3121178 0.1760154 0.1773011
66 0.4327222 0.4581389 0.4593316 0.4554011 0.442129 0.4698723
67 0.347585 0.3849398 0.410025 0.3949648 0.4318364 0.4555212
68 0.2805967 0.2864161 0.2909524 0.3701224 0.2856137 0.2905286
69 0.286779 0.3100833 0.3102873 0.3106435 0.3041774 0.3169203
70 0.2981087 0.2835239 0.2791126 0.30078 0.2789846 0.2791058
71 0.1616315 0.1489829 0.1385244 0.1865712 0.1526285 0.1623906
72 0.2392648 0.208834 0.2140172 0.3018026 0.2102119 0.2008561
73 0.2381019 0.2250476 0.2050981 0.2807355 0.2242539 0.2170105
74 0.3349202 0.3341876 0.3345171 0.3333701 0.3638541 0.3642565
75 0.2890585 0.2524315 0.2360215 0.3665107 0.2492637 0.2520608
76 0.22453 0.205287 0.2054531 0.287218 0.2028291 0.207044
77 0.3139334 0.3006976 0.3027849 0.4245317 0.2967613 0.2910239
78 0.2249439 0.2272861 0.2273183 0.2679553 0.2283551 0.2359604
79 0.612913 0.6164528 0.6325361 0.4013389 0.6109498 0.5598305
80 6.690148 8.111382 7.994382 5.709629 8.724438 8.058086
81 0.2801154 0.2569945 0.2568488 0.3122078 0.2534603 0.2533634
82 0.3399841 0.3889446 0.4086488 0.399539 0.4489993 0.4338503
83 0.2501008 0.2727996 0.255036 0.2920455 0.2816727 0.2802363
84 0.195059 0.1969726 0.1937667 0.2414636 0.1903521 0.1988366
85 0.3508652 0.2566267 0.2936438 0.4100371 0.2488291 0.2613023
86 0.398582 0.3795458 0.3839809 0.4584093 0.3567448 0.3782207
87 0.4119438 0.4229695 0.4172106 0.4086722 0.4723869 0.3953834
88 0.2613873 0.2316885 0.238348 0.3322221 0.2332323 0.2301909
89 0.3078507 0.3105857 0.3125969 0.3268639 0.3007111 0.2941078
90 0.3155549 0.2553507 0.263138 0.4492441 0.287551 0.259125
91 0.2540485 0.2585047 0.2606163 0.3167887 0.2834489 0.2742974
92 0.2410225 0.2391325 0.2522979 0.3321312 0.2428527 0.2615794
93 0.2688487 0.2212936 0.243306 0.2725034 0.2253183 0.2309221
94 0.3811034 0.4236266 0.4489222 0.4103208 0.4918342 0.4516322
95 0.3640179 0.3775183 0.3937851 0.476187 0.4037062 0.3852254
96 0.1734456 0.1447581 0.1515545 0.2193441 0.1494065 0.1453542
97 0.3206541 0.2447147 0.2400757 0.3729695 0.2779701 0.2703049
98 0.2144884 0.189618 0.1873858 0.281461 0.1860627 0.1809147
99 0.5755971 0.5936096 0.6399193 0.5847855 0.615319 0.6068765
100 0.2035954 0.1963129 0.1894465 0.2847184 0.1900693 0.1936383
