1 5.410483 -0.2330668 -0.03919851 -0.8090888 1.095668 0.380492 0.2461495 0.2539397 -3.232697 -1.038461 0.1890662
3 5.357093 -0.3521517 0.02466733 -0.5330204 1.150862 0.4063863 0.2117024 0.2251018 -3.23997 -0.5617446 0.1216961
4 5.300913 -0.2640806 0.06509663 -0.682118 1.112609 0.3896488 0.1405878 0.2468525 -3.57143 -0.1803837 0.1958033
5 5.439901 -0.2829077 -0.1405192 -0.7530582 1.0836 0.4076401 0.2947165 0.3624033 -3.160453 -0.6710839 0.06100046
6 5.160596 -0.2179399 0.0961918 -0.7144702 0.9091984 0.4988551 0.2539226 0.1666051 -2.860423 -0.9369665 0.05014246
7 5.266141 -0.313291 -0.07284119 -0.6004924 0.9961948 0.6655368 0.3595545 0.2771978 -3.225216 -0.7343006 0.1460655
8 5.271987 -0.269997 0.2876761 -0.7640855 1.141206 0.3853333 0.2848158 0.3305727 -3.573338 -0.4363243 0.1656844
9 5.509439 -0.1311117 -0.3988852 -0.8483727 1.097986 0.8065105 0.2832699 0.1532727 -3.251665 -0.7218118 0.1669641
10 5.374199 -0.3139569 -0.04830091 -0.6531297 0.9746534 0.3763214 0.1740042 0.254165 -3.694019 -0.7447215 0.2482822
11 5.351526 -0.4175069 0.0620808 -0.6144069 1.155769 0.3009325 0.2017209 0.314869 -3.622611 -0.9635827 0.1925548
12 5.303945 -0.4248297 -0.2663118 -0.4936776 0.9639784 0.5061492 0.2265139 0.1783272 -3.54408 -0.5117839 0.1275148
13 5.290457 -0.4318089 -0.1326183 -0.6205642 1.001629 0.5098044 0.225462 0.2492845 -3.322973 -0.4486761 0.1434178
14 5.262297 -0.2837019 -0.1643592 -0.6040173 1.272191 0.5030923 0.3627138 0.3717501 -3.142932 -0.3907067 0.08598599
15 5.415782 -0.3424158 -0.2635839 -0.6364266 1.054381 0.6661826 0.3900601 0.3291679 -3.604489 -0.3183619 0.1556379
16 5.441309 -0.4072663 -0.07690545 -0.6057174 1.060486 0.464001 0.2465039 0.2466111 -3.194737 -0.6927602 0.1320213
17 5.48172 -0.3640721 -0.02087054 -0.66617 1.182406 0.7266089 0.3033041 0.2734165 -3.067704 -0.4198655 0.06829577
18 5.366489 -0.363453 -0.06423503 -0.7288081 1.188994 0.2304644 0.1994585 0.3696047 -3.518408 -0.6277571 0.181078
19 5.371681 -0.433323 -0.06522794 -0.4614554 1.152191 0.6410781 0.3093389 0.2647169 -3.424245 -0.7637944 0.1665984
20 5.472675 -0.2445746 -0.1552154 -0.7469325 1.067836 0.4534174 0.2010617 0.294025 -3.556103 -1.395708 0.2047184
21 5.494023 -0.3381789 -0.2811289 -0.6345076 0.9970333 0.2158524 0.2133136 0.2949214 -3.338657 -0.531036 0.185354
22 5.445838 -0.4559774 -0.1650202 -0.4711489 1.156195 0.6450277 0.3280988 0.2888811 -3.189457 -1.386058 0.1096325
23 5.349616 -0.4011742 -0.1976376 -0.585068 1.046798 0.3793727 0.2265489 0.2432847 -2.783868 -1.247399 0.0770698
24 5.269833 -0.3414518 0.2050818 -0.4309379 1.136449 0.6320482 0.2723027 0.3453808 -3.099696 -0.6186046 0.1026405
25 5.529556 -0.3375545 -0.3223037 -0.7515221 1.314775 0.539119 0.1992908 0.3917491 -3.074955 -0.6718623 0.09710749
26 5.658542 -0.4229585 -0.3031033 -0.563173 0.9883362 0.4665038 0.2464216 0.2168934 -3.433589 -0.7604015 0.1387209
27 5.372426 -0.3339198 -0.08809006 -0.577871 1.092671 0.5181403 0.2742976 0.1921528 -2.930677 -0.6540204 0.05151781
28 5.243497 -0.4623952 0.05706015 -0.4844069 1.318537 0.4800651 0.3477095 0.361934 -3.088613 -0.4511012 0.1214227
29 5.2954 -0.1915835 -0.2282625 -0.7459377 1.096146 0.575326 0.3266197 0.2482933 -3.314716 -0.4427829 0.0820161
30 5.509177 -0.2883065 -0.09531578 -0.6735449 1.138059 0.4224605 0.144111 0.2621482 -3.397182 -0.5804824 0.1719434
31 5.15752 -0.3162102 0.1327451 -0.7111884 1.188181 1.076452 0.3067542 0.1726643 -3.173682 -0.8220789 0.1103299
32 5.311071 -0.260179 -0.03431288 -0.7300548 1.003127 0.5555832 0.2157066 0.1470364 -3.974854 -0.5049791 0.2556207
33 5.338052 -0.215766 -0.1099752 -0.8250019 1.094575 0.4543576 0.2294166 0.2827679 -3.075043 -0.493965 0.1040709
34 5.348874 -0.2114544 -0.1450292 -0.7010841 1.247024 0.4692584 0.09879949 0.2031964 -3.168392 -0.5515773 0.1001218
35 5.180609 -0.250444 -0.007969529 -0.6985363 1.21643 0.574856 0.2640835 0.1846087 -3.059401 -0.8170354 0.07489005
36 5.432052 -0.3756496 -0.1478901 -0.5556878 1.015533 0.4570897 0.2109454 0.170366 -3.729305 -0.4852323 0.1638227
37 5.334307 -0.2753378 -0.1381322 -0.642282 1.029274 0.3361009 0.240332 0.2765122 -3.684411 -1.0839 0.1912694
38 5.269203 -0.4049717 -0.0606482 -0.5721375 0.9880734 0.2354861 0.2262139 0.3323738 -3.659553 -0.3320923 0.2142556
39 5.290183 -0.4984876 -0.1316975 -0.4784185 0.993113 0.428368 0.2520441 0.2017914 -3.57966 -0.5729107 0.1327637
40 5.44592 -0.3334614 -0.3282541 -0.6844826 1.090306 0.4766535 0.2857268 0.2870266 -3.000555 -0.7918471 0.1108926
41 5.199286 -0.3914315 -0.0940163 -0.35451 1.004665 0.4986369 0.2080638 0.1629337 -3.685603 -0.2581821 0.2166879
42 5.229322 -0.3301766 -0.0613177 -0.5288857 1.032456 0.6216431 0.3398576 0.2638732 -2.789055 -0.9402031 0.05028055
43 5.147426 -0.3295324 0.1146888 -0.6091288 1.263502 0.541041 0.3207367 0.2811898 -3.271312 -0.5094014 0.1132709
44 5.320666 -0.322686 0.1834423 -0.5162062 1.195614 0.7739079 0.09508573 0.1351838 -3.287308 -0.3347256 0.1210771
45 5.297008 -0.4427376 -0.07384401 -0.5362012 0.9959956 0.4214732 0.3079116 0.3085534 -2.819574 -0.8052475 0.05991468
46 5.329725 -0.2914414 -0.183317 -0.760818 1.056413 0.5499529 0.1265041 0.2389159 -3.640511 -0.3213433 0.1228561
47 5.278011 -0.1774157 -0.002677345 -0.8120583 0.946719 0.3727061 0.2133011 0.1972847 -3.308683 -0.5391556 0.1353251
48 5.322742 -0.2555812 -0.1312735 -0.757553 0.8842211 0.5073846 0.2410683 0.1856146 -3.186192 -0.6251363 0.1284255
49 5.248554 -0.3008403 0.1271496 -0.6799728 1.171138 0.6787161 0.2043052 0.2284438 -3.600172 -0.2740763 0.1695077
50 5.336685 -0.3915594 -0.3169395 -0.4923952 1.188816 0.2787434 0.206848 0.294199 -3.142743 -0.2772849 0.08618444
51 5.305455 -0.2765148 0.06305804 -0.6798322 1.073125 0.7242793 0.2318277 0.1511616 -2.94045 -0.6494204 0.08840104
52 5.337145 -0.3618206 -0.1688709 -0.6164164 1.224211 0.8362878 0.1702227 0.1820912 -3.237036 -0.4334619 0.05788649
53 5.384937 -0.3189209 0.107705 -0.7656044 0.8722891 0.5712912 0.2428689 0.1364012 -3.381056 -0.6477553 0.1283889
54 5.42484 -0.4868553 -0.5007421 -0.5444298 0.9416036 0.5043341 0.1996325 0.1410067 -3.087855 -0.4503304 0.0647105
55 5.263472 -0.3431207 -0.1888904 -0.6433159 1.094608 0.2647792 0.1987772 0.302405 -2.825645 -1.133855 0.1228769
56 5.54553 -0.2055044 -0.1328911 -0.6789248 1.33223 0.3723312 0.226355 0.4040695 -3.281675 -1.279385 0.1529603
57 5.236828 -0.2847901 0.05092895 -0.7981466 1.118272 0.4445046 0.3120326 0.2937513 -3.545957 -0.2016618 0.1115948
58 5.368422 -0.4561951 -0.2761482 -0.5179429 1.264845 0.519347 0.2831828 0.2330094 -3.480093 -0.3368388 0.1747707
59 5.430426 -0.3873257 -0.2219766 -0.6016901 0.9264678 0.5583673 0.1700337 0.2077098 -3.37468 -0.4579457 0.1512892
60 5.369998 -0.384687 -0.208772 -0.5807808 0.9274624 0.5029442 0.1626694 0.1648738 -3.292195 -0.5919219 0.1644974
61 5.580436 -0.250037 -0.5666276 -0.7675603 1.08372 0.4235958 0.2468642 0.2269278 -3.058039 -1.286267 0.1169256
62 5.428044 -0.2979947 -0.08635314 -0.6025954 0.9882244 0.5874546 0.07646097 0.3797102 -3.102464 -1.147142 0.1473909
63 5.40698 -0.4319741 -0.05731947 -0.6359099 1.209428 0.4699548 0.286709 0.3461832 -3.34545 -1.062452 0.1291309
64 5.322155 -0.3950971 0.00553388 -0.5329894 0.9697695 0.5649905 0.3434656 0.3252518 -3.133915 -0.8144383 0.1118841
65 5.240202 -0.1929648 0.06192709 -0.7715693 1.008926 0.203992 0.1344658 0.2704013 -3.587595 -0.4744629 0.1874429
66 5.442126 -0.3598522 -0.1621383 -0.7385351 1.122446 0.413073 0.2781781 0.2666109 -3.048808 -0.706855 0.1301846
67 5.269032 -0.3330101 -0.06205708 -0.558211 1.093977 0.2045736 0.167545 0.2758762 -3.124563 -0.32753 0.07383792
68 5.346246 -0.3768629 -0.1741639 -0.4436865 1.093318 0.358488 0.2172043 0.2218453 -3.110571 -0.5173007 0.1057281
69 5.335782 -0.4003877 -0.1509895 -0.5614739 1.158382 0.3936233 0.1498336 0.2246785 -2.868937 -0.6583538 0.01280768
70 5.299701 -0.3683571 -0.03956523 -0.6688684 1.240161 1.166782 0.4493499 0.2507044 -3.04669 -0.8991174 0.1099437
71 5.305626 -0.3167367 0.2571303 -0.4976741 1.302388 0.4602796 0.2320409 0.3004522 -2.95535 -0.6603985 0.06209154
72 5.247931 -0.4633488 -0.02537757 -0.4982668 1.274146 0.3058239 0.2584653 0.3627636 -3.145697 -0.4079038 0.1143119
73 5.388503 -0.4650783 0.1275012 -0.539415 1.238572 0.3230923 0.2971023 0.3646035 -3.11396 -1.076155 0.1687069
74 5.647603 -0.38824 -0.5086456 -0.5297175 1.09998 0.5822591 0.2043475 0.2801092 -3.604046 -1.000756 0.2238925
75 5.370076 -0.3922797 0.01504579 -0.6608746 1.055471 0.5073163 0.1765195 0.2091542 -3.464203 -0.5600403 0.1316952
76 5.668435 -0.2894835 -0.526671 -0.5910548 0.9504581 0.4711866 0.2220361 0.1798137 -3.063125 -1.057985 0.09781598
77 5.410155 -0.4705316 -0.2619786 -0.5036149 1.103622 0.4874959 0.2172785 0.2703713 -3.278705 -1.185943 0.1432518
78 5.462696 -0.4584212 -0.07227367 -0.4551738 1.164238 0.3916097 0.2312575 0.216967 -3.572354 -1.141638 0.1957778
79 5.448185 -0.4398467 -0.2917391 -0.5905648 1.001794 0.4506808 0.2445489 0.1975005 -3.086574 -0.9985961 0.1105133
80 5.099837 -0.2628328 0.2234674 -0.7266373 1.026132 0.572784 0.2752525 0.2784352 -3.329714 -0.7181389 0.1171731
81 5.513308 -0.4506632 -0.4667606 -0.6253679 1.111494 0.6461245 0.3594228 0.2795833 -3.101798 -0.5636202 0.07903654
82 5.534226 -0.2266889 -0.2488509 -0.7447478 1.144394 0.3214605 0.240526 0.3265788 -3.456723 -0.1817602 0.0590691
83 5.287756 -0.4115117 -0.09737055 -0.5185087 1.147169 0.6372451 0.5518077 0.5534482 -3.505261 -0.7574788 0.1466257
84 5.110672 -0.1482984 0.1672639 -0.826473 1.142217 0.5672579 0.3558221 0.3220412 -3.547983 -0.7713309 0.2165668
85 5.22196 -0.288186 -0.00956377 -0.7301694 0.8941604 0.4536092 0.1331239 0.1944794 -3.481758 -0.7448209 0.1485943
86 5.421905 -0.3909755 -0.1006412 -0.6910004 1.141166 0.4576566 0.2400154 0.2085104 -3.281662 -0.7236525 0.1437278
87 5.251628 -0.2937286 0.09663946 -0.7763978 0.9563733 0.4386406 0.2733662 0.2506017 -3.140518 -0.663889 0.1236117
88 5.242663 -0.2209981 -0.03515357 -0.7779887 1.073946 0.3804151 0.09307027 0.401781 -3.073453 -1.125736 0.07709026
89 5.295075 -0.283216 -0.03515843 -0.6193331 0.9925653 0.5812121 0.126432 0.2208706 -3.942751 -0.8140201 0.2093718
90 5.450904 -0.4122994 -0.2269854 -0.6122581 1.027608 0.4781127 0.3040252 0.2490049 -3.147005 -1.148899 0.1643846
91 5.307859 -0.3336883 0.06402288 -0.6355124 1.280428 1.434611 -0.02071936 0.2788828 -3.344521 -0.379827 0.08020755
92 5.052899 -0.3864324 0.2080827 -0.6947837 1.156817 0.4956898 0.3073224 0.2577049 -3.007888 -0.5162884 0.03585253
93 5.342595 -0.2847618 0.1562319 -0.6796606 1.245195 0.4317835 0.2741722 0.3664398 -2.750254 -1.164501 0.08061106
94 5.175146 -0.3036908 0.01892454 -0.7346187 1.290998 0.6935901 0.2181874 0.1488914 -3.118742 -0.6123229 0.1083886
95 5.465324 -0.3551629 -0.2124093 -0.5862598 1.236748 0.792049 0.04649737 0.2474259 -3.511217 -0.4816864 0.1586438
96 5.279683 -0.4574807 -0.1211295 -0.4541273 1.010967 0.3910275 0.1858446 0.1813719 -2.936458 -0.7721198 0.08259742
97 5.422886 -0.4091149 -0.2424846 -0.4861028 1.078313 0.4652035 0.2368799 0.2106139 -3.224613 -1.142839 0.1410265
98 5.401997 -0.4321801 -0.1281664 -0.5915902 1.069168 0.6524226 0.2584366 0.1546432 -3.255032 -0.6324386 0.1105425
99 5.343555 -0.4442362 0.0083675 -0.5767526 1.18648 0.7596787 0.1820296 0.2066636 -3.288181 -0.7429689 0.1281862
100 5.09953 -0.2986057 0.2354958 -0.7216352 1.212984 0.522896 0.1873022 0.2841872 -3.621538 -1.042578 0.2126047
101 5.334394 -0.4089648 -0.1054687 -0.4867796 1.18229 0.3296976 0.2453665 0.4706728 -3.501916 -0.7423664 0.1982904
