1 0.0906139 0.06643632 0.1288672 0.09312356 0.08209461 0.04408937 0.0412682 0.04348682 0.9688925 0.3760376 0.2850253 0.06973806
2 0.09564905 0.06434908 0.1369129 0.09180979 0.08891957 0.04405718 0.04082355 0.03669626 0.9570126 0.3684501 0.2911776 0.0686209
3 0.09899762 0.07036898 0.1348822 0.09456838 0.08970461 0.04350843 0.04232262 0.0444773 0.6882529 0.4098063 0.3245402 0.07259883
4 0.1026708 0.07595953 0.1368917 0.0985474 0.09277293 0.04618673 0.04284383 0.04282573 1.007466 0.3944168 0.3106825 0.0685612
5 0.09675505 0.06829177 0.1423735 0.09697778 0.09987773 0.04917722 0.04250053 0.03898481 0.7166055 0.3511029 0.2948422 0.06447464
6 0.1053966 0.06817009 0.1442326 0.08947037 0.1002161 0.04638754 0.03723864 0.04003043 0.697607 0.3518842 0.2910124 0.06342114
7 0.09655376 0.07350901 0.1366684 0.1025943 0.09057847 0.04770646 0.05119619 0.03386494 1.267527 0.3562397 0.2882418 0.064534
8 0.0938768 0.06690249 0.1321408 0.09404097 0.08545113 0.044741 0.04182908 0.0420525 0.8702384 0.4263603 0.3214627 0.07751478
9 0.1016321 0.08037636 0.1351889 0.1051487 0.08813855 0.04776765 0.05124615 0.04271947 0.7462559 0.3430749 0.3211891 0.06494123
10 0.0977602 0.07002808 0.1425964 0.1014221 0.09689513 0.05033005 0.04830265 0.04215604 0.6751745 0.338162 0.30884 0.06654595
11 0.09437402 0.07711017 0.1373191 0.1095208 0.09203339 0.05149018 0.05640879 0.03647343 1.134217 0.3887599 0.3213201 0.06957039
12 0.1077226 0.07357749 0.142697 0.09593597 0.09673387 0.04793948 0.04056086 0.0432201 1.063451 0.3727582 0.305521 0.06947753
13 0.09592672 0.07036231 0.1368386 0.09827017 0.09338732 0.04771862 0.04546471 0.04124664 1.072018 0.3785309 0.3197913 0.07053497
14 0.1020081 0.0740296 0.1364952 0.09783224 0.09346054 0.04618177 0.04358272 0.04268341 0.9800267 0.3580639 0.3278038 0.0685238
15 0.1045729 0.0738522 0.1518135 0.1035386 0.1103483 0.05414588 0.05094078 0.03794422 1.011982 0.35571 0.2961631 0.06464706
16 0.103878 0.08212924 0.1393231 0.1080956 0.09355267 0.04999709 0.05213019 0.04222237 0.8991416 0.355281 0.3032611 0.06599082
17 0.09935767 0.07762455 0.1341457 0.1051476 0.08912094 0.04775489 0.05250666 0.0380955 1.060298 0.3678422 0.3021344 0.06825226
18 0.09291735 0.06387417 0.1360805 0.0906458 0.09535378 0.04525151 0.03960717 0.04563931 1.614019 0.374293 0.3101384 0.06871643
19 0.09692174 0.07232708 0.1408079 0.1046138 0.09564327 0.05122994 0.05332027 0.03876279 0.9239415 0.3637362 0.2995501 0.06725872
20 0.09745243 0.07224375 0.1395795 0.100979 0.09493979 0.04810565 0.0476725 0.04074838 0.7920843 0.351019 0.3284634 0.06636675
21 0.09824842 0.06506077 0.146392 0.09468859 0.1030351 0.05010698 0.04178799 0.04113188 0.9221998 0.3651284 0.3051182 0.06861011
22 0.1048379 0.07478886 0.1489438 0.1028008 0.1103576 0.05336758 0.04802621 0.04929937 0.9862759 0.3520628 0.3096539 0.06581463
23 0.1049564 0.06483762 0.1509529 0.09101039 0.1128437 0.04798483 0.03905146 0.04128447 1.297923 0.3757683 0.3085146 0.0668561
24 0.09886132 0.06915724 0.1437415 0.09837596 0.1003635 0.05034021 0.04458178 0.04482735 0.7288844 0.3833408 0.2863842 0.06700306
25 0.09753078 0.07348138 0.1297894 0.09686499 0.08194678 0.04608976 0.04504881 0.03731166 1.035862 0.4486987 0.3221328 0.08005983
26 0.09188132 0.06554079 0.135379 0.0946206 0.08724037 0.04421062 0.04288011 0.04017061 0.8574897 0.4011052 0.3288344 0.0741488
27 0.1001301 0.06469204 0.1435556 0.08845009 0.0987251 0.04426072 0.03549141 0.0445731 0.7138441 0.332136 0.281191 0.05921135
28 0.09514839 0.0683827 0.1324013 0.09442478 0.08437875 0.04403242 0.0412791 0.04309753 0.8087521 0.3515041 0.2726484 0.06381806
29 0.0890445 0.06359441 0.131519 0.09256956 0.08498924 0.0422773 0.03959207 0.04153968 0.8045668 0.3500962 0.2936079 0.06474196
30 0.09293333 0.06446509 0.1386872 0.09160256 0.09203717 0.04478496 0.04029239 0.03811365 1.330391 0.4121146 0.32593 0.0761996
31 0.1033253 0.07342665 0.1348758 0.09350246 0.0859905 0.04130303 0.03812813 0.0383619 0.662444 0.3583445 0.2836472 0.06414112
32 0.09035291 0.06848536 0.127761 0.09392188 0.07916034 0.04374596 0.04178431 0.04144232 0.8558219 0.3564909 0.3942005 0.0696113
33 0.09807495 0.06992597 0.1367691 0.09703594 0.09138267 0.04664184 0.04511695 0.04474341 0.741276 0.3164847 0.3136031 0.06229793
34 0.0883404 0.06853371 0.1241592 0.09470786 0.07810252 0.04142712 0.03991624 0.03894551 0.8358581 0.4102542 0.2951161 0.07380871
35 0.09845723 0.07013479 0.145485 0.1011753 0.1019103 0.05159795 0.04918169 0.04125091 1.086562 0.3336878 0.2951971 0.06136902
36 0.1016011 0.06839121 0.1439994 0.09539957 0.1012404 0.04771373 0.04332114 0.04655102 0.652162 0.3193083 0.2965769 0.06045363
37 0.09756541 0.07677332 0.1359799 0.1053966 0.09054745 0.05106948 0.05419422 0.04259125 0.8515439 0.309684 0.2969197 0.05781638
38 0.108449 0.07924557 0.1492286 0.1089327 0.1051678 0.05593831 0.05508464 0.04541018 0.82701 0.3136101 0.2683607 0.05574797
39 0.1019003 0.07507 0.1382551 0.100086 0.09247811 0.04874175 0.04803712 0.04435669 0.7898813 0.4607443 0.3428971 0.07426008
40 0.09136456 0.06401871 0.1475959 0.09879881 0.1012922 0.05038427 0.04410198 0.04421633 0.7475771 0.3417339 0.3129516 0.06437968
41 0.1001177 0.06847187 0.1422455 0.09660886 0.09826987 0.04752816 0.04386222 0.04167476 0.8674501 0.3902765 0.3053307 0.06997398
42 0.09996029 0.06042361 0.1423844 0.08328921 0.0980379 0.04038585 0.03245678 0.03902532 0.8817443 0.3587615 0.29596 0.06837421
43 0.09635866 0.06575036 0.145033 0.09844263 0.1037697 0.04947579 0.04425422 0.03425043 0.9959535 0.3478833 0.313852 0.06936382
44 0.1003911 0.07687786 0.1376367 0.1028636 0.09146082 0.04941608 0.04901834 0.04325652 1.569642 0.3298074 0.2591719 0.06032477
45 0.09473837 0.07035706 0.1420186 0.1004287 0.09591957 0.04877857 0.04559902 0.04488728 0.6603286 0.3021817 0.3162932 0.06076267
46 0.10808 0.07259736 0.1455004 0.09698585 0.1092537 0.05109617 0.04484359 0.03831973 1.65964 0.3529906 0.3052901 0.06758032
47 0.09723736 0.06871185 0.1368634 0.09331809 0.08871713 0.04343317 0.03906927 0.04243536 0.816093 0.3564571 0.3063213 0.06734192
48 0.09270147 0.06820288 0.1281679 0.0940281 0.08514269 0.04278994 0.0434316 0.03175326 0.9483625 0.3363967 0.3047718 0.06348772
49 0.1011459 0.08881066 0.1349602 0.1141973 0.08643337 0.05161215 0.05991218 0.04284697 0.9453427 0.3332652 0.2830375 0.06353578
50 0.09568711 0.06850447 0.1337108 0.09404034 0.08807198 0.04425594 0.04518711 0.04102116 1.000482 0.3655125 0.3322376 0.0699556
51 0.09884465 0.06551693 0.1416117 0.09224894 0.1017711 0.04837703 0.04117373 0.04771887 1.347317 0.4050845 0.3116728 0.07435517
52 0.09953753 0.07328357 0.1367984 0.100054 0.0892403 0.04834052 0.04554745 0.03913102 0.7685112 0.4015894 0.3190096 0.07575125
53 0.09810646 0.07261806 0.1375317 0.09965961 0.08988405 0.04638492 0.04802567 0.03689001 0.763393 0.3902518 0.3100048 0.07107421
54 0.1038995 0.06277988 0.1430658 0.08571594 0.1029602 0.04374277 0.03416509 0.0396457 1.190199 0.3900047 0.3043595 0.0692779
55 0.1100584 0.07745757 0.149403 0.1047247 0.110645 0.05612741 0.0530163 0.04133798 1.102591 0.3728899 0.3057655 0.06564489
56 0.1024605 0.0741159 0.149167 0.1050327 0.1078473 0.05534674 0.05165363 0.04300739 0.8493443 0.3328742 0.2896553 0.05929115
57 0.08967142 0.07598349 0.1272087 0.1055937 0.07812193 0.04692178 0.0520188 0.0407156 0.8181377 0.3250307 0.2785091 0.05854664
58 0.101129 0.06618556 0.13641 0.08778909 0.08934773 0.04196045 0.03565584 0.03987415 0.6055451 0.4009796 0.3175384 0.07030222
59 0.09433185 0.07491684 0.1332508 0.1016362 0.08743012 0.04708142 0.04908484 0.04561656 0.7707698 0.3218554 0.2749319 0.059185
60 0.1019283 0.07000895 0.1443451 0.09689963 0.09970505 0.04852083 0.04407148 0.03772708 0.7868009 0.3836769 0.3203183 0.06534268
61 0.1028066 0.06710956 0.1430047 0.09282452 0.09683282 0.04515495 0.04161709 0.03788918 0.9903973 0.3714312 0.2900731 0.06429748
62 0.09715539 0.06464534 0.1431514 0.09330253 0.1038245 0.0465512 0.04048857 0.0394069 1.077625 0.3905731 0.3026494 0.07118009
63 0.09138293 0.07775024 0.1273278 0.1062241 0.08193984 0.0470865 0.05253424 0.03735056 0.6429523 0.3823416 0.3260445 0.06304301
64 0.08633827 0.07357272 0.123443 0.1056121 0.07478659 0.04702817 0.05401237 0.04307189 0.7206335 0.3778367 0.3120481 0.0680065
65 0.09506876 0.07321785 0.1357809 0.1033534 0.09269065 0.05061903 0.05157372 0.04628546 0.7435074 0.3974806 0.3566635 0.06970767
66 0.09957791 0.06561208 0.1325319 0.08642545 0.08559792 0.0403219 0.03338496 0.03719059 0.7607288 0.3671893 0.3128116 0.07178569
67 0.1065896 0.07272019 0.1531313 0.1024305 0.1171301 0.05360067 0.05050215 0.04206466 0.7721695 0.3187487 0.3112361 0.06510004
68 0.09354695 0.06569764 0.1367657 0.09309521 0.09085812 0.04565389 0.03980964 0.04824312 0.7122664 0.3780332 0.3190846 0.06953992
69 0.09529214 0.06579634 0.1368319 0.09462384 0.09059782 0.04523343 0.04280646 0.03834827 0.8739463 0.3185141 0.2906346 0.05950626
70 0.08770672 0.06988758 0.1327519 0.1047387 0.08879764 0.04965166 0.05237065 0.03800051 0.8210068 0.3249312 0.2695169 0.05897499
71 0.08543483 0.06877669 0.1222351 0.09716893 0.07294607 0.0423132 0.04659561 0.04092572 0.7890919 0.397853 0.3348015 0.07573042
72 0.0811645 0.06419417 0.1197838 0.09202484 0.0706054 0.03918439 0.0412728 0.03870181 0.6593462 0.3765969 0.3354853 0.06966211
73 0.1028043 0.07411397 0.1410091 0.09918579 0.1004604 0.0521999 0.04897283 0.04697969 1.039114 0.3333341 0.3122558 0.06283823
74 0.09124817 0.06780377 0.1266733 0.09202661 0.07741339 0.03980288 0.03959221 0.03809321 0.7514796 0.3845004 0.2946125 0.06716046
75 0.09807107 0.07038283 0.1391146 0.1007392 0.09335077 0.04918444 0.04786101 0.04636564 0.6757044 0.328615 0.3133072 0.05989972
76 0.09839977 0.06070778 0.1428782 0.08731442 0.09761937 0.0424059 0.03431311 0.03957178 0.6609798 0.344299 0.309987 0.06520044
77 0.1149164 0.08192612 0.1546791 0.1100087 0.1148905 0.05864658 0.05404091 0.04784925 0.8753232 0.3282336 0.2763107 0.05527274
78 0.09193753 0.07799792 0.1275394 0.1049642 0.0796158 0.04709095 0.04944052 0.0416199 0.6360772 0.3883453 0.2949177 0.07019025
79 0.09479143 0.07039024 0.1402 0.1003596 0.09990752 0.04995912 0.04811575 0.04156583 0.9676672 0.3741411 0.3010124 0.06424058
80 0.08679871 0.07227727 0.1284619 0.1032766 0.08082626 0.04510494 0.0504285 0.03786303 1.260743 0.3952582 0.3517844 0.07195019
81 0.1007884 0.07105672 0.1344116 0.09415465 0.08638318 0.04467503 0.04307827 0.04415266 0.9091848 0.3679977 0.3460834 0.07166625
82 0.09602262 0.0802062 0.132906 0.1107912 0.08806479 0.0517961 0.05865456 0.04046313 0.6812408 0.3401465 0.2919137 0.06116811
83 0.1009619 0.06941816 0.1426422 0.09608533 0.1009879 0.04658536 0.04310416 0.04169301 0.9189095 0.4204693 0.3322732 0.07508592
84 0.1074104 0.07319352 0.1500968 0.09891969 0.1104285 0.05020277 0.04496857 0.03927348 0.9862151 0.405665 0.3244885 0.06917547
85 0.1071815 0.07289849 0.1455028 0.09832039 0.1067832 0.0492676 0.04278824 0.04779085 0.6543993 0.3257052 0.295987 0.05962516
86 0.09253124 0.07634172 0.1336768 0.1088133 0.08794687 0.05268031 0.05649082 0.03923664 1.878545 0.3897273 0.3447183 0.07477181
87 0.08655498 0.06525286 0.1224823 0.09233957 0.07663814 0.04048848 0.03984054 0.04154331 0.647106 0.4156549 0.3331854 0.07296169
88 0.09795053 0.07747461 0.1357568 0.1046397 0.0922391 0.04916358 0.05330771 0.03719514 1.465248 0.3378218 0.3485085 0.06767365
89 0.09424494 0.06937513 0.1409471 0.09800123 0.09507953 0.0477258 0.04625322 0.03651806 0.9015925 0.3503322 0.30581 0.06568451
90 0.109435 0.07816907 0.1538326 0.1080955 0.1148632 0.0596546 0.05493032 0.03926251 1.265639 0.3349673 0.3022062 0.06203114
91 0.09154428 0.06947797 0.1334356 0.09714138 0.08760367 0.04654383 0.04391736 0.0448962 1.246337 0.4104972 0.3625046 0.07979496
92 0.09398736 0.06895962 0.1336123 0.09678788 0.08503546 0.0447772 0.04560472 0.03961786 0.8403383 0.3186493 0.2804871 0.06184853
93 0.1117107 0.07762268 0.1473089 0.09979043 0.1046164 0.05094201 0.04481934 0.04579592 0.611113 0.3233834 0.3087685 0.0610887
94 0.09895028 0.07393249 0.1373107 0.1001664 0.09284438 0.0488458 0.04724997 0.04478333 0.8969368 0.3679408 0.2818957 0.06376016
95 0.09835045 0.07606929 0.136738 0.1028722 0.09080833 0.05128028 0.04861626 0.04705653 0.9083251 0.3579517 0.2930006 0.06229529
96 0.09809062 0.07149986 0.1350813 0.09708524 0.09224748 0.0471961 0.04699286 0.04504253 1.50138 0.4416614 0.3032392 0.07782042
97 0.09711534 0.06987243 0.1267969 0.09046029 0.07809641 0.04067499 0.03803616 0.0370186 0.7252391 0.3700487 0.3025066 0.0693383
98 0.09669064 0.06885844 0.1356348 0.09230247 0.08804138 0.04318109 0.03981772 0.04166027 0.9265676 0.3941789 0.3752141 0.07644542
99 0.1066773 0.06615113 0.1506721 0.09212614 0.1119387 0.04985048 0.04005113 0.05068505 0.8000401 0.3448295 0.3048464 0.06535482
100 0.1016456 0.07075738 0.1425101 0.09674363 0.09769932 0.04862471 0.04119609 0.04538865 1.213551 0.3227333 0.2641468 0.06031314
