1 0.1068477 0.08109615 0.1511463 0.1127668 0.1423822 0.08055893 0.0734255 0.07819876 0.3760376 0.2850253 0.06973806
2 0.1070682 0.07533232 0.1526468 0.1066803 0.1339859 0.07060684 0.06276631 0.07942787 0.3684501 0.2911776 0.0686209
3 0.1264253 0.08880091 0.1723526 0.1192565 0.1753267 0.08730918 0.07836984 0.08453302 0.4098063 0.3245402 0.07259883
4 0.1204703 0.08640717 0.1619122 0.1127263 0.1523978 0.08141965 0.07332457 0.0830061 0.3944168 0.3106825 0.0685612
5 0.1282666 0.09750937 0.1895438 0.1420355 0.2061263 0.117763 0.1008101 0.1334304 0.3511029 0.2948422 0.06447464
6 0.1317585 0.07880129 0.1821617 0.1056943 0.1910722 0.09285734 0.06497323 0.08797845 0.3518842 0.2910124 0.06342114
7 0.1067593 0.08780866 0.1485147 0.1217093 0.127479 0.07506123 0.07958795 0.07928978 0.3562397 0.2882418 0.064534
8 0.1096276 0.0829973 0.1554238 0.1162678 0.1522177 0.08691562 0.07598936 0.08577553 0.4263603 0.3214627 0.07751478
9 0.1221052 0.1038958 0.1634844 0.1357857 0.156099 0.09038907 0.09799657 0.09505443 0.3430749 0.3211891 0.06494123
10 0.1083321 0.08745418 0.1570147 0.126325 0.1450499 0.08564629 0.08473534 0.09037361 0.338162 0.30884 0.06654595
11 0.1080294 0.08577558 0.1566233 0.1228738 0.1394836 0.07785808 0.07711266 0.08322776 0.3887599 0.3213201 0.06957039
12 0.1164659 0.08273539 0.155821 0.1088397 0.1412302 0.07707897 0.0640588 0.08564392 0.3727582 0.305521 0.06947753
13 0.1064883 0.07794643 0.1552771 0.1111261 0.138004 0.0742648 0.06428551 0.08281004 0.3785309 0.3197913 0.07053497
14 0.1248435 0.08124225 0.1693802 0.107712 0.161071 0.07844469 0.06232694 0.08500929 0.3580639 0.3278038 0.0685238
15 0.123479 0.08551904 0.1768137 0.1200176 0.1750089 0.08856586 0.07613695 0.1023106 0.35571 0.2961631 0.06464706
16 0.121058 0.0958275 0.1603203 0.1234198 0.1475664 0.08302631 0.07973766 0.09095022 0.355281 0.3032611 0.06599082
17 0.1132798 0.08875401 0.1530317 0.1181015 0.1392214 0.07629724 0.07500963 0.07654458 0.3680497 0.3025554 0.06831431
18 0.1083754 0.07062563 0.1589251 0.1016736 0.1543023 0.07878722 0.06373054 0.07567487 0.374293 0.3101384 0.06871643
19 0.1076122 0.08352842 0.1584537 0.1228226 0.143232 0.08067754 0.08079955 0.09087979 0.3637362 0.2995501 0.06725872
20 0.1096754 0.08152226 0.1591375 0.1144585 0.1530277 0.08455101 0.0749769 0.08655589 0.351019 0.3284634 0.06636675
21 0.1074281 0.07609321 0.1591137 0.1093645 0.1497705 0.08075908 0.06618425 0.08724412 0.3651284 0.3051182 0.06861011
22 0.1243972 0.08889884 0.1768901 0.1218482 0.1880304 0.09698722 0.08320509 0.09637277 0.3520628 0.3096539 0.06581463
23 0.1135955 0.07284953 0.1665796 0.1036549 0.157309 0.07505076 0.05994457 0.07710676 0.3757683 0.3085146 0.0668561
24 0.1229764 0.0911062 0.1751547 0.1259297 0.1779928 0.09755367 0.08244751 0.110626 0.3833408 0.2863842 0.06700306
25 0.1061963 0.08176137 0.144643 0.1095604 0.1243778 0.07252009 0.06441356 0.07666713 0.4486987 0.3221328 0.08005983
26 0.1066559 0.08094278 0.1527823 0.1141041 0.1376522 0.07620445 0.06982453 0.07989084 0.4011052 0.3288344 0.0741488
27 0.1203754 0.08322928 0.1703199 0.1142814 0.1759769 0.08981804 0.07707426 0.08681344 0.332136 0.281191 0.05921135
28 0.1136187 0.08226589 0.1576513 0.1113903 0.1578544 0.08549026 0.07379167 0.08338701 0.3515041 0.2726484 0.06381806
29 0.1123194 0.07716474 0.1625769 0.1103091 0.1569405 0.07915315 0.06865662 0.07758945 0.3500962 0.2936079 0.06474196
30 0.1021439 0.0746754 0.1513561 0.105642 0.1310423 0.06781621 0.05870316 0.0744695 0.4121146 0.32593 0.0761996
31 0.1297275 0.08810311 0.1690914 0.1125173 0.1633153 0.08263781 0.06599999 0.0849099 0.3583445 0.2836472 0.06414112
32 0.1101952 0.08475171 0.1553113 0.1142763 0.1457751 0.07970268 0.0715857 0.08024401 0.3564909 0.3942005 0.0696113
33 0.1219786 0.08502916 0.172087 0.1169591 0.1753551 0.09139853 0.07584944 0.09507699 0.3164847 0.3136031 0.06229793
34 0.1173274 0.07878592 0.164687 0.1082524 0.1624844 0.08185838 0.0683321 0.07341643 0.4102542 0.2951161 0.07380871
35 0.1113571 0.09016224 0.1641041 0.1282749 0.1524949 0.08451104 0.08126951 0.08891689 0.3336878 0.2951971 0.06136902
36 0.1257701 0.08466114 0.1806998 0.1191274 0.1962686 0.0995656 0.08988484 0.09837355 0.3193083 0.2965769 0.06045363
37 0.1157269 0.09681512 0.1642983 0.1328377 0.1580194 0.0918846 0.08912015 0.104675 0.309684 0.2969197 0.05781638
38 0.119712 0.09648872 0.1715314 0.1354207 0.1778158 0.09854208 0.09437228 0.09418891 0.3136101 0.2683607 0.05574797
39 0.1260415 0.08846534 0.1726298 0.1189169 0.1672356 0.086586 0.0756371 0.09986732 0.4607443 0.3428971 0.07426008
40 0.1164702 0.0796884 0.1845548 0.1232617 0.2011733 0.1017016 0.08449277 0.09310442 0.3417339 0.3129516 0.06437968
41 0.1173998 0.07810651 0.1691326 0.1105845 0.1611397 0.08336787 0.06697906 0.09257254 0.3902765 0.3053307 0.06997398
42 0.1187239 0.07102879 0.1665821 0.0982885 0.1559402 0.07058107 0.05460402 0.07663441 0.3587615 0.29596 0.06837421
43 0.1110974 0.07599797 0.1644874 0.1109282 0.151392 0.08008372 0.06513709 0.08902824 0.3478833 0.313852 0.06936382
44 0.111942 0.08507143 0.1533888 0.1136535 0.1405701 0.07840417 0.07114074 0.08194279 0.3298074 0.2591719 0.06032477
45 0.1200416 0.09456735 0.1728527 0.1317682 0.1962378 0.1126098 0.104465 0.09777755 0.3021817 0.3162932 0.06076267
46 0.1207579 0.07834469 0.1652205 0.1045679 0.152959 0.07499835 0.05746749 0.08323051 0.3529906 0.3052901 0.06758032
47 0.1194895 0.09173498 0.164846 0.1221366 0.1713453 0.09211163 0.08369087 0.08060442 0.3564571 0.3063213 0.06734192
48 0.1200587 0.08928894 0.1676646 0.1222138 0.1527915 0.07977663 0.07452248 0.0812876 0.3363967 0.3047718 0.06348772
49 0.1132666 0.1008621 0.1517277 0.1316957 0.1350989 0.08210282 0.0866905 0.09576433 0.3332652 0.2830375 0.06353578
50 0.1082759 0.08636387 0.150764 0.1170368 0.1345497 0.07557192 0.07715653 0.08226227 0.3655125 0.3322376 0.0699556
51 0.1180065 0.07502874 0.1691336 0.1051622 0.1660903 0.08135914 0.06339289 0.08249309 0.4050845 0.3116728 0.07435517
52 0.1213285 0.08661427 0.1631848 0.1142727 0.1525384 0.08091109 0.06825345 0.08973694 0.4015894 0.3190096 0.07575125
53 0.1255234 0.08881202 0.1691182 0.1187415 0.1593453 0.08410383 0.07392945 0.09450028 0.3902518 0.3100048 0.07107421
54 0.122094 0.07252045 0.1694843 0.09817028 0.1610983 0.07268495 0.05282656 0.07684042 0.3900047 0.3043595 0.0692779
55 0.1207665 0.09192919 0.1670115 0.1263088 0.1581834 0.08589386 0.07927635 0.09162266 0.3728899 0.3057655 0.06564489
56 0.1236448 0.08595072 0.1775245 0.12012 0.1828197 0.09787954 0.08126674 0.1136604 0.3328742 0.2896553 0.05929115
57 0.1045696 0.08859745 0.1530255 0.128034 0.1445384 0.08543362 0.08776447 0.08159383 0.3250307 0.2785091 0.05854664
58 0.119865 0.08776077 0.1641265 0.1178878 0.15229 0.08024639 0.07209 0.08915373 0.4009796 0.3175384 0.07030222
59 0.1155351 0.09622138 0.1642716 0.1323509 0.1637972 0.09501926 0.08839662 0.1025043 0.3218554 0.2749319 0.059185
60 0.11465 0.0898887 0.1612653 0.1234837 0.1489196 0.08296285 0.07625576 0.09274942 0.3836769 0.3203183 0.06534268
61 0.1118714 0.07931508 0.158647 0.1116073 0.143226 0.07278179 0.06742229 0.08182266 0.3714312 0.2900731 0.06429748
62 0.1180279 0.07592959 0.1671421 0.1049924 0.1579651 0.07571701 0.05835846 0.08507244 0.3905731 0.3026494 0.07118009
63 0.1196224 0.1010019 0.1617417 0.1350981 0.1497722 0.08860205 0.09382296 0.09054956 0.3823416 0.3260445 0.06304301
64 0.1065497 0.09488398 0.1494113 0.1319792 0.1435752 0.09289726 0.09622612 0.08998548 0.3778367 0.3120481 0.0680065
65 0.13316 0.0960871 0.1885276 0.1332754 0.1979389 0.1044352 0.09094614 0.1142111 0.3974806 0.3566635 0.06970767
66 0.1160618 0.07559399 0.1595553 0.1015252 0.15739 0.07969337 0.05975313 0.07012464 0.3671893 0.3128116 0.07178569
67 0.1342954 0.08496635 0.185996 0.1165482 0.1916757 0.09254859 0.07319654 0.09928295 0.3187487 0.3112361 0.06510004
68 0.1175458 0.08483225 0.1702779 0.119019 0.1702585 0.09142217 0.07425121 0.1034388 0.3780332 0.3190846 0.06953992
69 0.1100197 0.08112832 0.1595362 0.1149135 0.1451442 0.07721665 0.06991104 0.08807978 0.3185141 0.2906346 0.05950626
70 0.1155163 0.08532203 0.1709796 0.1271332 0.1670187 0.09155148 0.08285649 0.09762841 0.3249312 0.2695169 0.05897499
71 0.1138869 0.08968026 0.1604056 0.1228564 0.1453089 0.07956519 0.07602275 0.09000877 0.397853 0.3348015 0.07573042
72 0.1107463 0.0923655 0.1576047 0.1291684 0.1505123 0.09000307 0.08968308 0.09229273 0.3765969 0.3354853 0.06966211
73 0.1219098 0.1061638 0.1651359 0.1403488 0.178958 0.1133079 0.1346931 0.09425453 0.3333341 0.3122558 0.06283823
74 0.1107792 0.08114269 0.1512723 0.1098322 0.1394208 0.07697311 0.06770137 0.07702416 0.3845004 0.2946125 0.06716046
75 0.1293658 0.0907032 0.183095 0.125789 0.1942169 0.09777179 0.08512737 0.1043997 0.328615 0.3133072 0.05989972
76 0.1149382 0.07459303 0.169608 0.1062643 0.1636162 0.07946751 0.06111199 0.08704869 0.344299 0.309987 0.06520044
77 0.1382661 0.09036573 0.1904817 0.1224361 0.20218 0.09653024 0.08017053 0.1051214 0.3282336 0.2763107 0.05527274
78 0.1180617 0.09103251 0.1605398 0.1215482 0.1544435 0.0911226 0.08075341 0.097598 0.3883453 0.2949177 0.07019025
79 0.1137328 0.08715248 0.1659365 0.1222695 0.1592077 0.08510562 0.07743665 0.08959947 0.3741411 0.3010124 0.06424058
80 0.0989504 0.08178558 0.1451862 0.1172601 0.1240182 0.07040994 0.07203082 0.06835627 0.3952582 0.3517844 0.07195019
81 0.1159007 0.08472291 0.1579581 0.1132366 0.1548509 0.08327072 0.07454633 0.07517747 0.3679977 0.3460834 0.07166625
82 0.134513 0.0967742 0.1888676 0.1348255 0.2017094 0.1075748 0.09356429 0.1277521 0.3401465 0.2919137 0.06116811
83 0.1211287 0.07762486 0.1713466 0.1081005 0.1661199 0.08075312 0.06549238 0.08627979 0.4204693 0.3322732 0.07508592
84 0.1206769 0.08020838 0.1714169 0.1109062 0.1643625 0.08035936 0.06610759 0.09129751 0.405665 0.3244885 0.06917547
85 0.1501916 0.08667373 0.2058431 0.1176837 0.2366744 0.106384 0.07798396 0.1124033 0.3257052 0.295987 0.05962516
86 0.09729008 0.0800232 0.141821 0.1139429 0.1180295 0.07042296 0.06896596 0.07746599 0.3897273 0.3447183 0.07477181
87 0.1090383 0.07786631 0.1620053 0.1130763 0.1546444 0.08224128 0.07043178 0.08732611 0.4156549 0.3331854 0.07296169
88 0.1090395 0.08486494 0.151107 0.1138029 0.1311776 0.07140264 0.06792753 0.0751404 0.3378218 0.3485085 0.06767365
89 0.1059887 0.07952705 0.1573549 0.1149609 0.1425164 0.07730287 0.06951889 0.09005237 0.3503322 0.30581 0.06568451
90 0.1157011 0.09027543 0.1629066 0.1226606 0.1533071 0.08477052 0.07769532 0.094983 0.3349673 0.3022062 0.06203114
91 0.106779 0.07693043 0.1525749 0.1064459 0.1432352 0.07686241 0.06651373 0.07638767 0.4104972 0.3625046 0.07979496
92 0.1059262 0.08635384 0.1504232 0.118518 0.1309327 0.07360102 0.07099885 0.08553105 0.3186493 0.2804871 0.06184853
93 0.1459442 0.1024563 0.1924781 0.1316458 0.2042212 0.1032391 0.08820231 0.1177123 0.3233834 0.3087685 0.0610887
94 0.1135492 0.09089996 0.1589261 0.1247786 0.1565007 0.08806182 0.07926331 0.08978122 0.3679408 0.2818957 0.06376016
95 0.1200802 0.1060417 0.1659362 0.1446971 0.1625274 0.1036582 0.1039571 0.1146582 0.3579517 0.2930006 0.06229529
96 0.1100044 0.08261712 0.151804 0.1115211 0.1379012 0.07542879 0.06817489 0.07866331 0.4416614 0.3032392 0.07782042
97 0.1369065 0.08727865 0.181109 0.1138124 0.1869276 0.09079406 0.07759499 0.07208686 0.3700487 0.3025066 0.0693383
98 0.1097652 0.08563487 0.1520338 0.1144665 0.140547 0.0770478 0.07097982 0.07567916 0.3941789 0.3752141 0.07644542
99 0.1300584 0.08070509 0.1851944 0.1118842 0.19398 0.09135667 0.06951373 0.0976959 0.3448295 0.3048464 0.06535482
100 0.1116428 0.0808357 0.1565004 0.1090244 0.1471473 0.07841863 0.06439792 0.08485134 0.3227333 0.2641468 0.06031314
