1 5.262534 -0.4117106 -0.1561525 -0.5614748 0.5148877 0.2931343 0.1291635 0.1562905 5.518803 -3.55437 -0.5084783 0.2268998
2 5.426376 -0.332247 -0.1061814 -0.6686516 0.449798 0.4342493 0.05533319 0.178833 5.685909 -3.384514 -0.3475896 0.1421104
3 5.208253 -0.1997784 0.1701321 -0.9476882 0.5022391 0.3599587 0.1724076 0.176512 4.324303 -3.728572 -0.4748902 0.1810072
4 5.414209 -0.3742523 -0.2832594 -0.5316923 0.5259119 0.3736078 0.129331 0.182424 5.757244 -3.611021 -0.6676147 0.1998272
5 5.467364 -0.4824381 -0.2523264 -0.457398 0.4555902 0.4834795 0.02401018 0.1912208 4.686282 -3.428028 -0.5800244 0.1858315
6 5.383735 -0.2021177 0.03641196 -0.7416259 0.4538954 0.4920013 0.08629016 0.1463093 4.475596 -3.214244 -0.6771506 0.1440045
7 5.276252 -0.1825404 -0.03033004 -0.7226926 0.440365 0.4503075 0.1035653 0.2696503 6.899857 -3.337798 -0.2847868 0.1238085
8 5.243877 -0.256467 -0.1134496 -0.692703 0.5182207 0.33014 0.09546537 0.1774682 5.343219 -3.859146 -0.1064916 0.173061
9 5.341248 -0.3752235 -0.1131589 -0.5685717 0.5161145 0.3446289 0.1143502 0.2306772 4.831566 -3.021561 -1.050998 0.1012158
10 5.179253 -0.3320074 0.2213711 -0.7026253 0.4690187 0.4607837 0.05256935 0.2443208 4.320022 -3.1411 -0.3729397 0.04584883
11 5.433409 -0.3333461 -0.3581947 -0.604352 0.4645496 0.437313 0.1476982 0.3152374 6.430836 -3.62345 -0.4557485 0.1643006
12 5.369666 -0.2037046 -0.2283164 -0.7209914 0.5307324 0.4271259 0.01657261 0.1682014 6.016823 -3.120399 -0.7120644 0.1042937
13 5.340194 -0.3821773 0.01395993 -0.7215212 0.493016 0.406209 0.05289979 0.211377 5.835073 -3.457337 -0.6982264 0.1680505
14 5.442996 -0.2984013 -0.2586385 -0.6993851 0.5156402 0.3805666 0.08643286 0.1954118 5.592835 -3.082617 -1.051573 0.1023047
15 5.264113 -0.2084936 0.1291183 -0.729499 0.4530712 0.6061386 0.009826636 0.2596206 5.67535 -3.302947 -0.6913259 0.1676325
16 5.579851 -0.4498197 -0.2040852 -0.5972262 0.4969826 0.4157711 0.09250802 0.2604092 5.292413 -3.104514 -0.7933183 0.1094286
17 5.313433 -0.3241226 0.139785 -0.62956 0.4617695 0.3972312 0.0962491 0.2744213 5.86518 -3.294256 -0.522589 0.1138734
18 5.560884 -0.4335461 -0.2052399 -0.5861962 0.5781732 0.347814 0.1378526 0.1278279 7.571045 -3.433931 -0.6677611 0.168033
19 5.348847 -0.3079716 -0.170334 -0.5707873 0.4786595 0.4583766 0.02556047 0.2726379 5.481824 -3.448992 -0.1902525 0.1190568
20 5.296755 -0.3363952 -0.1091521 -0.6856897 0.4884881 0.428506 0.1074264 0.2254965 5.021117 -3.158478 -0.8274196 0.1044016
21 5.295019 -0.3702909 0.03047334 -0.705575 0.476384 0.4979405 0.02062775 0.1788049 5.258379 -3.447322 -0.7435509 0.2068688
22 5.452964 -0.3513842 -0.1724004 -0.6075755 0.5988962 0.4706095 0.1235405 0.2047646 5.692623 -3.257483 -0.8192817 0.1470897
23 5.45484 -0.3588684 -0.2243902 -0.5992281 0.5113581 0.5689694 0.1215897 0.1523809 6.663728 -3.493567 -0.533274 0.1696325
24 5.374088 -0.2638859 -0.2574781 -0.609424 0.5237816 0.4385204 0.09304933 0.1860643 4.675672 -3.761603 -0.4317302 0.2455698
25 5.442406 -0.2551883 -0.1044569 -0.7477977 0.4612604 0.3401518 0.04220027 0.2095057 5.757523 -3.81351 -0.5447345 0.2153359
26 5.430055 -0.3020664 -0.2411204 -0.635129 0.4869841 0.381462 0.1056259 0.1939521 5.273391 -3.557099 -0.7626605 0.1776956
27 5.224679 -0.2662191 -0.01853235 -0.6804973 0.4943669 0.4547673 0.1421364 0.1162674 4.506891 -3.239057 -0.476718 0.1482232
28 5.348052 -0.2729677 -0.133027 -0.7363271 0.4802339 0.3433876 0.1141764 0.1625577 4.808811 -3.285797 -0.505861 0.1896887
29 5.34212 -0.3251318 -0.1256065 -0.5600609 0.4910804 0.3325502 0.1187414 0.1591912 4.925981 -3.344389 -0.2706025 0.1105891
30 5.337734 -0.3145539 -0.1030526 -0.783555 0.4647293 0.4431836 0.08684611 0.1700637 6.735694 -3.715086 -0.7336928 0.2333118
31 5.491834 -0.2323525 -0.158596 -0.7497111 0.4326304 0.3839987 0.09211834 0.1593595 4.314062 -3.09976 -0.6193863 0.1272916
32 5.275488 -0.2991858 -0.148437 -0.5995226 0.4962238 0.2932398 0.1397849 0.1711609 5.208624 -3.026895 -1.721767 0.1320355
33 5.54405 -0.398664 -0.2660475 -0.5927222 0.5368774 0.366309 0.09786783 0.1912485 4.78331 -2.763305 -0.8162279 0.008473203
34 5.378268 -0.4419026 -0.1490236 -0.3465954 0.454381 0.2941311 0.1437 0.1701967 4.993156 -4.01125 -0.6160699 0.3097929
35 5.44283 -0.3776721 -0.348237 -0.5685648 0.5110287 0.4818481 0.1135163 0.2226003 6.044474 -3.148674 -0.6589616 0.140969
36 5.303795 -0.2511769 -0.07448898 -0.6423548 0.5405854 0.4326806 0.1246132 0.1628718 4.353644 -3.008457 -0.6849691 0.08933192
37 5.463666 -0.3124638 -0.1828354 -0.6158348 0.518792 0.3665454 0.08827606 0.2526056 5.20905 -2.836412 -0.7754824 0.05872876
38 5.339035 -0.4025073 -0.1675705 -0.6199842 0.5089347 0.5064067 0.1259845 0.2729207 4.90748 -3.217749 -0.2484599 0.1400178
39 5.472734 -0.2726653 -0.2865541 -0.678273 0.5377648 0.373437 0.07168984 0.2098977 5.007649 -4.454864 -0.413126 0.2975479
40 5.377492 -0.3795154 -0.1490156 -0.6082982 0.5208895 0.4408002 0.1339299 0.1840171 4.767683 -3.34863 -0.5542832 0.1571897
41 5.317117 -0.2072365 -0.03077841 -0.7441322 0.4945489 0.4583128 0.05144719 0.195587 5.128988 -3.634044 -0.1984011 0.1536604
42 5.265896 -0.3100888 0.03374859 -0.6466352 0.461485 0.4909183 0.0888564 0.1136058 5.235502 -3.276694 -0.6177399 0.140351
43 5.287859 -0.3234166 0.08289342 -0.6625835 0.424841 0.54468 0.006688805 0.2323976 5.797178 -3.11017 -0.3886856 0.03500146
44 5.387422 -0.3631793 -0.08070794 -0.6323384 0.5338178 0.3781902 0.1234717 0.2266235 7.510058 -3.095708 -0.2410207 0.1211384
45 5.271838 -0.4543821 -0.1196744 -0.5366978 0.5189491 0.4041327 0.09531471 0.200471 4.467687 -2.849219 -1.108887 0.09750452
46 5.274396 -0.2199285 -0.04031867 -0.651557 0.5007593 0.5183852 0.0650135 0.2046641 7.827377 -3.041152 -0.9034062 0.1120737
47 5.408777 -0.4291769 -0.1766443 -0.6000049 0.4924247 0.3853502 0.1055217 0.161302 5.002347 -3.184213 -0.846659 0.1405931
48 5.332816 -0.31057 -0.04687789 -0.8024757 0.3919948 0.3916081 0.1177989 0.2168386 5.471151 -2.983937 -0.6970356 0.07400301
49 5.270103 -0.2770598 -0.04498569 -0.6451724 0.5130496 0.3470674 0.0357767 0.3013694 5.483695 -2.928533 -0.7391586 0.1051498
50 5.378191 -0.3987512 -0.1630681 -0.5173409 0.4995528 0.3645821 0.1352694 0.1841126 5.673293 -3.204366 -1.133555 0.1452085
51 5.460697 -0.4653953 -0.2592211 -0.462831 0.6129773 0.3838616 0.1125516 0.1289224 6.929292 -3.72246 -0.5092448 0.2121801
52 5.238695 -0.4505119 -0.2183921 -0.4040026 0.4690992 0.4029612 -0.0008567053 0.2264552 4.981889 -3.602838 -0.6494166 0.1836338
53 5.390329 -0.4625909 -0.02023872 -0.5239109 0.4280797 0.4461633 0.08037098 0.2452115 4.732424 -3.673451 -0.2502838 0.1512167
54 5.386424 -0.302098 -0.1217474 -0.7184951 0.5009936 0.4817941 0.1135856 0.1230711 6.445314 -3.555749 -0.3768233 0.1608331
55 5.514933 -0.4655225 -0.2290043 -0.4866164 0.5171807 0.5350559 0.07639126 0.2567432 6.025082 -3.540757 -0.4561902 0.1605288
56 5.488343 -0.1717231 -0.3736249 -0.8585411 0.5166043 0.5221663 0.006521822 0.2406754 5.230512 -3.072353 -0.6127698 0.1218614
57 5.307092 -0.2989171 -0.1246227 -0.6654377 0.4749428 0.295869 0.1481141 0.2581524 5.028862 -3.20752 -0.2819283 0.1248583
58 5.179024 -0.3010856 0.110723 -0.6303446 0.4558339 0.4014681 0.07198969 0.1406778 4.108472 -3.788282 -0.4695058 0.1988284
59 5.32359 -0.3916243 -0.04479597 -0.6142383 0.5366957 0.3115859 0.1379183 0.2031451 4.85934 -3.11806 -0.7729576 0.1776749
60 5.362416 -0.2769131 -0.1408683 -0.6732548 0.4508308 0.5115264 0.01057112 0.2096542 4.985085 -3.661524 -0.6310698 0.1999234
61 5.322316 -0.1862546 -0.03182609 -0.7617476 0.4590501 0.5000251 0.1029867 0.1796835 5.785343 -3.479909 -0.2818473 0.15791
62 5.314539 -0.301822 -0.1696411 -0.6395508 0.4754297 0.489631 0.08392905 0.174645 5.871616 -3.593879 -0.4489284 0.1925165
63 5.329081 -0.2925438 -0.02842386 -0.754254 0.4465498 0.3303069 0.05011838 0.2901646 4.378545 -3.669025 -0.1390719 0.1152442
64 5.444093 -0.3186623 -0.2361612 -0.5446524 0.5080689 0.2328033 0.07750646 0.2644732 4.654532 -3.426641 -0.4572009 0.1268158
65 5.296307 -0.3132533 -0.1694843 -0.6864337 0.5674719 0.3333501 0.1206867 0.2324703 4.818227 -3.703051 -0.7718789 0.1736908
66 5.182685 -0.2473503 -0.02649552 -0.5990947 0.4454319 0.3686268 0.1251168 0.1328132 4.863466 -3.219491 -0.5611299 0.08386599
67 5.219142 -0.3334215 0.1643546 -0.6460493 0.5049216 0.5897225 0.07658956 0.2480562 4.830452 -2.873386 -0.5280276 -0.01628316
68 5.531199 -0.4604985 -0.3261864 -0.4939222 0.5496269 0.3393137 0.1074273 0.1396872 4.521021 -3.391906 -0.7807861 0.1702363
69 5.346726 -0.3207058 0.01378361 -0.6057657 0.4582671 0.4209801 0.06946138 0.1883068 5.303108 -3.01649 -0.5960922 0.08959702
70 5.517672 -0.2857545 -0.1911059 -0.6588564 0.4577679 0.3710964 0.07886762 0.2630849 5.057605 -3.18646 -0.160694 0.1147299
71 5.222461 -0.3153995 0.008156058 -0.5960264 0.4778308 0.2459934 0.1373613 0.2167758 4.840176 -3.597481 -0.9806332 0.2019497
72 5.242654 -0.2573075 0.1370805 -0.6221923 0.4643309 0.2280666 0.1213265 0.1794222 4.458787 -3.440039 -0.6667393 0.117656
73 5.357312 -0.3235578 -0.2136951 -0.6553574 0.5967537 0.37363 0.1900185 0.1853262 5.989187 -2.908546 -0.858678 0.06158794
74 5.42967 -0.2182878 -0.1425368 -0.7189795 0.4424726 0.3169846 0.08473293 0.1806733 4.796123 -3.449948 -0.1909466 0.1226187
75 5.367501 -0.4485802 -0.01289956 -0.5441167 0.5429523 0.3754891 0.1339367 0.2101869 4.456172 -3.376237 -0.7354757 0.1453252
76 5.513637 -0.4445819 -0.2397546 -0.5563301 0.4332 0.4940372 0.04544373 0.1336986 4.251801 -3.172972 -0.8923637 0.1522603
77 5.369701 -0.2015409 -0.1072276 -0.7615096 0.5766073 0.5398748 0.1185828 0.2543543 5.331085 -3.200503 -0.128994 0.09727195
78 5.403574 -0.3918993 -0.2925128 -0.43675 0.4606816 0.31142 0.006143163 0.2430666 4.238285 -3.634293 -0.7634837 0.2452783
79 5.345292 -0.2831167 -0.01765192 -0.6132039 0.5067592 0.4304899 0.1502012 0.2165058 5.618026 -3.788506 -0.6906248 0.2604502
80 5.455804 -0.2414986 -0.219601 -0.6968407 0.4689558 0.3347435 0.1713315 0.2698269 6.501974 -3.493561 -0.7668372 0.1293982
81 5.37522 -0.3347637 0.08770432 -0.5985396 0.5273889 0.3352204 0.1737988 0.1748076 5.26181 -3.154789 -0.8917937 0.05600988
82 5.220283 -0.3253786 -0.01186435 -0.7044266 0.4835875 0.3579247 0.01319541 0.3065389 4.604406 -3.399492 -0.3767536 0.1495013
83 5.436045 -0.3590343 0.0546459 -0.6321467 0.4913151 0.4771948 0.1258606 0.1881844 5.26099 -3.781048 -0.7165782 0.2134389
84 5.413087 -0.2577514 -0.08515796 -0.6608145 0.4947884 0.5680525 0.08071232 0.2074656 5.952207 -3.759401 -0.7082137 0.2262093
85 5.513927 -0.2493694 -0.2731379 -0.7306673 0.5406721 0.4602887 0.1682104 0.1745043 4.252336 -2.993285 -0.3971582 0.04000232
86 5.149543 -0.277566 -0.01988811 -0.7509594 0.4979377 0.3833055 0.02464134 0.3139357 8.364962 -3.436237 -0.9504944 0.1700067
87 5.440143 -0.411126 -0.3738331 -0.5219666 0.485824 0.2492361 0.09482029 0.1628786 4.311096 -3.963092 -0.352934 0.2210877
88 5.227445 -0.2296197 -0.07477643 -0.7092127 0.4813099 0.414402 0.107658 0.2810198 7.261714 -2.789974 -1.144051 0.0121077
89 5.372 -0.3392418 -0.2805309 -0.6523569 0.4456697 0.4779557 0.03520644 0.2258067 5.550664 -3.284795 -0.5600838 0.1363147
90 5.359091 -0.1726577 -0.08131133 -0.8099567 0.5067264 0.6123263 -0.01140398 0.286288 6.874269 -2.967273 -0.7046079 0.06870408
91 5.253345 -0.3245332 -0.1114419 -0.6225593 0.5553694 0.3253231 0.1028613 0.1844724 6.660641 -3.502412 -0.9640471 0.155786
92 5.298622 -0.4165951 0.006910822 -0.5741134 0.4482355 0.3878992 0.01785217 0.2100983 4.926332 -2.985122 -0.7716515 0.1260546
93 5.388944 -0.417316 -0.1087791 -0.5321463 0.5270832 0.4628563 0.1161545 0.1916182 4.141221 -2.812416 -1.024942 0.06480557
94 5.341224 -0.30852 -0.01902402 -0.6516055 0.5283799 0.3713709 0.1231369 0.2045314 5.30585 -3.59802 -0.6358977 0.2449301
95 5.463778 -0.2916061 -0.2859026 -0.7761589 0.5706506 0.329861 0.1240014 0.2053783 5.47959 -3.395779 -0.2684916 0.1346428
96 5.321001 -0.4027033 -0.02946815 -0.5573381 0.5630928 0.3434778 0.1347592 0.1793582 7.207697 -4.064044 -0.5141741 0.300687
97 5.294475 -0.4027494 0.03436874 -0.5273706 0.4532046 0.3018904 0.1305477 0.1561853 4.76834 -3.452472 -0.2083645 0.1099431
98 5.353532 -0.3999823 -0.1112576 -0.7211438 0.5121171 0.371525 0.1006642 0.161509 5.543839 -3.309485 -1.213115 0.125764
99 5.196176 -0.2888938 0.2008014 -0.6406479 0.5888816 0.488042 0.08382334 0.1303684 4.784164 -3.228216 -0.7025942 0.1282434
100 5.308013 -0.2417194 -0.1409568 -0.6474362 0.5402266 0.4288424 0.05209336 0.1610409 6.411284 -2.968689 -0.7001779 0.1486577
