1 5.368277 -0.2311831 -0.06576149 -0.7864804 0.4423272 0.401073 0.06680343 0.209845 4.860375 -2.85528
3 5.432716 -0.3167118 -0.03230243 -0.5565601 0.4602486 0.3161313 0.07394882 0.1882969 4.896292 -2.987041
4 5.274169 -0.2093651 0.08845469 -0.7783051 0.5213635 0.3651636 0.03936821 0.1762141 5.225246 -2.832216
5 5.516272 -0.3112397 -0.1797975 -0.6753574 0.4707254 0.326729 0.1415679 0.2274139 4.661979 -3.210468
6 5.197527 -0.2456508 0.002201447 -0.6716384 0.5001525 0.3418788 0.1507326 0.1326291 5.850875 -3.051167
7 5.23446 -0.2892406 -0.09099857 -0.626607 0.4153968 0.4619071 0.1626207 0.1759881 4.311809 -2.941564
8 5.32116 -0.3561873 0.1651906 -0.6002382 0.4870357 0.4366712 0.1235829 0.20377 5.009027 -3.072886
9 5.438103 -0.1779665 -0.3387903 -0.7601964 0.4621665 0.4805452 0.0886402 0.1568387 4.792773 -2.856272
10 5.325201 -0.3389227 -0.05034194 -0.6349832 0.5064069 0.4692765 0.0437081 0.2438211 7.559482 -2.945432
11 5.413779 -0.3938272 -0.0160984 -0.6169694 0.5858015 0.3954721 0.06237121 0.2806872 6.282654 -3.20199
12 5.326299 -0.4272761 -0.2241765 -0.5299668 0.5063598 0.3976787 0.1368414 0.1600815 6.322259 -3.271144
13 5.314392 -0.3760067 -0.1773624 -0.6341389 0.4418357 0.4188541 0.1306818 0.1792975 4.823031 -2.958246
14 5.182321 -0.2683735 -0.07779545 -0.604187 0.599648 0.4730773 0.097346 0.2968625 5.467441 -2.983153
15 5.493755 -0.3277784 -0.2659421 -0.6621147 0.4886894 0.5795852 0.1248257 0.240519 5.214883 -3.119296
16 5.459854 -0.3684046 -0.05475595 -0.5800682 0.4338285 0.3478279 0.09957918 0.2275715 4.353216 -2.946386
17 5.410195 -0.3681016 -0.06008541 -0.6105159 0.4694032 0.5406421 0.115344 0.1964139 4.502576 -2.987041
18 5.376944 -0.3590536 -0.1003902 -0.6998596 0.5800783 0.3241069 0.08397526 0.2947478 6.183748 -3.050336
19 5.408901 -0.3665809 -0.1539762 -0.4850066 0.4813626 0.352932 0.1489039 0.1606603 4.718488 -3.058036
20 5.470246 -0.2993337 -0.1903107 -0.6755706 0.4782633 0.4458001 0.05073985 0.224192 5.027028 -3.150504
21 5.436347 -0.2866281 -0.2307494 -0.6610909 0.5175933 0.2096936 0.1479551 0.2213003 6.517153 -2.796494
22 5.457969 -0.4458883 -0.1877408 -0.4749214 0.5831311 0.5793351 0.1295764 0.2783397 6.401555 -3.247972
23 5.352904 -0.4141197 -0.2141027 -0.5965992 0.4265095 0.2990273 0.07023701 0.1461906 4.360454 -2.967022
24 5.342724 -0.3816483 0.1584976 -0.4340966 0.4540911 0.4928362 0.07217581 0.2253097 4.28291 -2.951238
25 5.475508 -0.2703813 -0.2028161 -0.7604703 0.5406708 0.4282447 0.03844147 0.2649509 4.296202 -2.974759
26 5.686621 -0.3764622 -0.3316255 -0.6037304 0.4899511 0.4350874 0.1042441 0.185149 5.776195 -3.158418
27 5.349055 -0.2891391 -0.1422262 -0.6352413 0.520218 0.3690763 0.1582443 0.148817 5.04987 -3.011297
28 5.388935 -0.3973173 -0.007564307 -0.5593925 0.5059922 0.3186175 0.1412274 0.2052308 3.673242 -2.819393
29 5.395629 -0.2701037 -0.2563252 -0.6540478 0.4878556 0.4397311 0.185159 0.2000888 5.307737 -3.189353
30 5.493337 -0.3207084 -0.1075697 -0.6411532 0.5314938 0.4820454 0.01751414 0.2562651 5.961763 -2.913516
31 5.284567 -0.3607505 0.04070809 -0.7169231 0.531462 0.6492711 0.09088467 0.1852949 5.00495 -3.081528
32 5.309247 -0.2621895 -0.06567152 -0.7311754 0.4650965 0.4382986 0.090169 0.1640445 5.09337 -3.101625
33 5.344353 -0.2677863 -0.1262354 -0.8069018 0.5133138 0.42473 0.05744365 0.2483362 5.983586 -2.875191
34 5.341361 -0.2862924 -0.1241192 -0.6031926 0.4985722 0.3220282 0.03261479 0.1935765 4.790323 -3.007205
35 5.274822 -0.199842 -0.152559 -0.7468857 0.5872361 0.3677015 0.1375737 0.1729439 5.093122 -3.1102
36 5.356407 -0.3606995 -0.06807852 -0.596527 0.5149631 0.4363007 0.1061269 0.1547918 6.012358 -3.259034
37 5.298016 -0.2686438 -0.1318147 -0.6312544 0.5143359 0.3607248 0.137109 0.191139 5.944046 -3.292126
38 5.285096 -0.3587398 -0.09100879 -0.5696043 0.4908436 0.2431119 0.09403111 0.2604862 6.019277 -2.938681
39 5.199403 -0.4278484 -0.08523855 -0.5179001 0.4815232 0.3404526 0.1221688 0.1881222 5.266028 -3.311852
40 5.441248 -0.3648304 -0.3615182 -0.5691668 0.533474 0.4874589 0.1521421 0.2309487 6.193552 -2.889397
41 5.284789 -0.3912879 -0.1144484 -0.361339 0.4869769 0.5261545 0.06089377 0.1584199 5.884398 -2.916805
42 5.215111 -0.2821018 -0.04371187 -0.5761511 0.5778513 0.5490704 0.1896529 0.2332879 7.683054 -2.984347
43 5.187736 -0.3312603 0.05529107 -0.6105572 0.552396 0.4709067 0.1059222 0.222429 5.237751 -3.055156
44 5.328932 -0.3481744 0.08724362 -0.5300109 0.4481706 0.4220455 -0.001287048 0.1647624 4.297731 -2.938681
45 5.206988 -0.3584553 0.06137787 -0.6221126 0.4694525 0.3458531 0.1422075 0.1700652 4.981393 -2.933857
46 5.237383 -0.2856564 -0.03871351 -0.7065733 0.4581006 0.4413851 -0.03378828 0.2525136 4.773198 -3.297687
47 5.269823 -0.1753213 0.01593761 -0.8014815 0.4692052 0.4146207 0.08545887 0.2015461 6.196888 -2.99477
48 5.300127 -0.3006168 -0.08963689 -0.7224685 0.4480406 0.3715577 0.09073064 0.1559977 5.611182 -2.940604
49 5.30346 -0.2757162 0.05343211 -0.6341823 0.4651702 0.5158018 0.04061677 0.2229519 4.762632 -3.020903
50 5.317779 -0.3765301 -0.2210311 -0.5623685 0.4826435 0.2381005 0.128837 0.210552 4.357683 -2.944439
51 5.349679 -0.2770785 -0.001684115 -0.7016343 0.5253284 0.4317262 0.1080255 0.1508205 5.553895 -2.8759
52 5.360764 -0.3796664 -0.1761226 -0.5421897 0.5087258 0.6604061 0.00280636 0.1991815 4.686281 -3.210468
53 5.291089 -0.2901132 0.2104622 -0.7945182 0.4799575 0.3470567 0.1465024 0.1245067 6.516274 -3.134549
54 5.400044 -0.4266645 -0.3732878 -0.5615258 0.4663655 0.4488 0.07213281 0.1454371 5.898216 -3.050336
55 5.258118 -0.32177 -0.1774322 -0.6760855 0.6232789 0.3736886 0.09689599 0.2784261 8.822438 -2.806386
56 5.607798 -0.2570345 -0.3331721 -0.613946 0.4666179 0.3302628 0.1193017 0.2195044 4.068817 -3.07797
57 5.205474 -0.2619871 0.1066012 -0.8389308 0.5432498 0.343742 0.1366943 0.2581465 6.10755 -3.20199
58 5.337921 -0.4164917 -0.2091147 -0.533677 0.5564758 0.4039481 0.1445524 0.2125939 5.038768 -2.936611
59 5.391334 -0.4280184 -0.2136262 -0.5641558 0.4597385 0.5200408 0.0514149 0.1961915 6.39328 -2.967022
60 5.36995 -0.3666942 -0.1735368 -0.580104 0.5150394 0.5676347 0.04706745 0.1969473 9.328836 -2.886466
61 5.51956 -0.2334582 -0.4544787 -0.7576508 0.5246373 0.3569595 0.1026508 0.1933269 5.154396 -3.057077
62 5.396997 -0.3511473 -0.1041555 -0.6256321 0.459469 0.5128949 -0.02133734 0.2832631 5.630304 -2.922585
63 5.319067 -0.4075643 -0.04190439 -0.5741166 0.5090589 0.418208 0.1211289 0.2074048 4.844595 -3.231181
64 5.361164 -0.3782289 -0.06842574 -0.5671757 0.4763027 0.4555096 0.1538045 0.2581905 5.685027 -3.025291
65 5.310427 -0.2330409 0.02164502 -0.7566862 0.5496293 0.2094313 0.05424188 0.2153723 6.781867 -3.017072
66 5.455569 -0.3342792 -0.2033776 -0.7547455 0.4914036 0.3716726 0.1266283 0.1767383 4.318685 -2.826327
67 5.211045 -0.2952134 -0.02512431 -0.5919553 0.5338076 0.2780885 0.07655987 0.2143542 5.667204 -2.990913
68 5.423176 -0.3469519 -0.2769337 -0.4979706 0.5046852 0.330379 0.06522268 0.2442801 5.018376 -2.923162
69 5.292869 -0.3907656 -0.1228107 -0.5754747 0.4733032 0.5451213 -0.03155817 0.2287792 4.619505 -3.112096
70 5.31346 -0.283128 -0.1558798 -0.7196212 0.4789034 0.4878064 0.09590659 0.174179 3.774147 -2.975702
71 5.356522 -0.2805464 0.09391589 -0.5889024 0.5758433 0.447354 0.04836733 0.2082339 5.120871 -2.991004
72 5.23251 -0.3530459 -0.04655799 -0.6351497 0.5028185 0.3271077 0.06685691 0.1858054 4.096449 -2.891346
73 5.413288 -0.4663378 0.05894001 -0.5439478 0.5523313 0.2871129 0.1483502 0.2050354 5.574288 -2.84531
74 5.565561 -0.3352909 -0.4215709 -0.5578685 0.4403866 0.4165342 0.07463999 0.2060359 4.305102 -3.007205
75 5.353151 -0.3408752 0.07542204 -0.7909972 0.4205814 0.3610615 0.0801632 0.1342022 4.044442 -3.180891
76 5.673535 -0.2877619 -0.5379891 -0.5917839 0.5426109 0.4561019 0.1147509 0.1736113 8.132008 -3.066628
77 5.395675 -0.4426959 -0.1294501 -0.5552409 0.4909213 0.3678429 0.12793 0.1981017 4.971641 -3.160305
78 5.390439 -0.3728518 -0.0329416 -0.5348564 0.5136157 0.3850405 0.09437058 0.2016059 5.302748 -3.179946
79 5.476972 -0.4792442 -0.2591 -0.4920283 0.4429658 0.4632409 0.09186476 0.1420444 4.695412 -3.051167
80 5.289564 -0.3553812 -0.0281176 -0.6494349 0.4748846 0.4550481 0.06867591 0.2213565 5.000464 -3.168751
81 5.502319 -0.4945855 -0.3082187 -0.5946001 0.4707072 0.490563 0.1864632 0.1813319 4.338665 -3.042616
82 5.507092 -0.2014336 -0.2174469 -0.772975 0.4945469 0.2539068 0.07132659 0.1558076 4.58465 -3.30597
83 5.366844 -0.4635912 -0.09738625 -0.4804221 0.4775353 0.3131469 0.1290392 0.1682288 3.873931 -3.240544
84 5.20288 -0.1637037 0.016948 -0.8655158 0.5269453 0.4644497 0.1149595 0.2708541 5.766283 -2.953337
85 5.316558 -0.3205576 -0.02891669 -0.7757739 0.3946779 0.3424836 0.03686333 0.1915575 4.863717 -3.196816
86 5.457194 -0.4171861 -0.188615 -0.5746446 0.530602 0.4760086 0.1130817 0.1782712 5.448679 -3.005302
87 5.283803 -0.3126528 0.06401252 -0.7208731 0.5088665 0.394345 0.1375552 0.2111776 7.048014 -2.933857
88 5.271352 -0.3566091 -0.1336974 -0.6086075 0.4622246 0.4365316 -0.001608076 0.249119 4.909644 -3.202935
89 5.278181 -0.3001624 -0.1164989 -0.5974476 0.466922 0.5015152 0.03564695 0.2137163 6.325483 -3.381178
90 5.320837 -0.4246183 -0.1120199 -0.5890054 0.4923761 0.3367689 0.1373481 0.176045 5.256249 -2.920225
91 5.287528 -0.3076393 0.04189001 -0.6637683 0.462454 0.5659043 0.0536476 0.1459097 3.904344 -3.200527
92 5.148717 -0.3648172 0.1150002 -0.6362708 0.5208719 0.3045558 0.1110937 0.2169297 4.615555 -3.108301
93 5.306932 -0.2411152 0.06041942 -0.7246742 0.4933131 0.3872571 0.08937166 0.2172616 4.22792 -2.883526
94 5.365329 -0.3356758 -0.1367033 -0.7481238 0.4606214 0.4345945 0.07217292 0.1623453 3.921012 -2.969931
95 5.407611 -0.3301057 -0.1280173 -0.6555979 0.5045969 0.5294824 0.01887454 0.2221128 4.858203 -3.063772
96 5.297244 -0.4276758 -0.1881358 -0.4898712 0.5492196 0.3777862 0.1059172 0.1886479 7.174302 -2.953173
97 5.470424 -0.3699449 -0.328052 -0.5433902 0.5049048 0.363337 0.08956962 0.1752585 5.07368 -3.088197
98 5.396644 -0.3599436 -0.0717122 -0.661492 0.5020888 0.4978149 0.08851442 0.1545568 5.420861 -3.094823
99 5.36958 -0.4633854 -0.0815713 -0.5908149 0.4890715 0.5290167 0.05271195 0.1878502 4.41363 -3.099709
100 5.167121 -0.3944253 0.2279454 -0.6184146 0.5148061 0.4601864 0.108023 0.2029658 5.47728 -3.165667
101 5.305116 -0.3546104 -0.07508536 -0.5357895 0.4902491 0.4337606 0.1131563 0.246479 4.911314 -2.990913
