1 5.301472 -0.3811676 -0.2446824 -0.5845388 1.023391 0.3335328 0.2183515 0.2156148 -2.851979
2 5.401963 -0.3222303 -0.1637936 -0.6750819 0.9780816 0.3951903 0.182416 0.1881186 -2.961831
3 5.120456 -0.2162808 0.2338777 -0.8856247 1.142233 0.581845 0.3438949 0.2679259 -3.208591
4 5.417783 -0.3027934 -0.225628 -0.5849969 1.048781 0.4666042 0.2479954 0.210666 -3.083438
5 5.489562 -0.4605811 -0.4137365 -0.3450601 1.297585 0.7547866 -0.01917396 0.439292 -2.878607
6 5.377184 -0.204409 0.05614642 -0.8089053 1.044187 0.8293735 0.2616977 0.1376155 -2.922184
7 5.305433 -0.2014688 -0.06006905 -0.7476351 0.8668985 0.4166723 0.2781798 0.3760939 -2.971865
8 5.294798 -0.2804981 -0.2264542 -0.6425355 1.179524 0.2847302 0.1974582 0.2323577 -3.213279
9 5.337261 -0.3510814 -0.1067972 -0.5847696 1.159975 0.404739 0.3261418 0.4111264 -3.091042
10 5.176321 -0.320737 0.1643427 -0.7249595 1.134516 0.3370937 0.2332835 0.3638261 -3.1262
11 5.446508 -0.3339664 -0.3528197 -0.5328344 0.9800807 0.4539424 0.2788663 0.3538749 -3.126951
12 5.295548 -0.1550541 -0.1083296 -0.8199516 1.090849 0.3417575 0.1445616 0.168664 -3.046425
13 5.409239 -0.368366 -0.04183385 -0.7794026 1.012362 0.4074635 0.192139 0.2225099 -3.040706
14 5.377739 -0.326279 -0.1156568 -0.6449413 1.068197 0.5843848 0.2198746 0.1700162 -3.120582
15 5.296005 -0.1894609 -0.01215973 -0.7481821 1.042796 0.7357685 0.1725749 0.2974106 -2.881561
16 5.559756 -0.4618309 -0.1975026 -0.5604066 1.101978 0.3934477 0.2369099 0.2939995 -3.059952
17 5.321404 -0.3529521 0.1055694 -0.6296517 0.9539042 0.3819676 0.2709128 0.2891584 -3.090095
18 5.571423 -0.4095701 -0.08303255 -0.636506 1.003918 0.4629565 0.1964361 0.1239769 -2.984127
19 5.287688 -0.2956353 -0.11772 -0.5487505 1.050881 0.421736 0.2195753 0.3358099 -3.048325
20 5.344931 -0.332406 -0.1275165 -0.7553802 1.116316 0.3847544 0.2297807 0.2285878 -3.064725
21 5.302277 -0.393357 -0.02605726 -0.6535156 1.023515 0.445623 0.198154 0.1952406 -2.872005
22 5.404169 -0.4232784 -0.1656593 -0.4990814 1.29148 0.5422008 0.2992984 0.2386529 -2.993807
23 5.496964 -0.329823 -0.2390488 -0.6221071 0.978979 0.6042645 0.2379204 0.1504144 -2.989946
24 5.330337 -0.2382503 -0.180442 -0.6012222 1.283536 0.5203416 0.2130819 0.283455 -2.888421
25 5.465871 -0.3041432 -0.1100385 -0.7589989 0.9297532 0.3144382 0.1654758 0.2339799 -3.155581
26 5.40426 -0.310731 -0.2189044 -0.6511534 1.047327 0.3446687 0.2224984 0.2661765 -3.111662
27 5.222875 -0.1974641 -0.05440064 -0.7056996 1.136372 0.5476796 0.2726419 0.1868363 -2.841158
28 5.323649 -0.2468289 -0.1649944 -0.7432176 1.039254 0.4138729 0.2313897 0.185723 -2.74084
29 5.372347 -0.3407093 -0.005396084 -0.6066775 1.047603 0.4914534 0.2649487 0.1990881 -3.017072
30 5.361044 -0.3224565 -0.06253675 -0.832697 0.8955627 0.4308025 0.2138841 0.1932847 -3.008397
31 5.379627 -0.1875667 -0.09274982 -0.8248992 1.063713 0.5386669 0.2424327 0.1719442 -2.904165
32 5.274814 -0.3171779 -0.2051796 -0.5333858 1.059219 0.3707772 0.2388913 0.2358616 -3.066628
33 5.538206 -0.4193843 -0.3079029 -0.4711468 1.272261 0.4811474 0.2462924 0.2126968 -3.076089
34 5.305241 -0.4326387 -0.1060066 -0.3326576 0.9541749 0.6033893 0.3059922 0.1998805 -2.932674
35 5.551182 -0.4302551 -0.548288 -0.591175 1.026846 0.5205544 0.3421743 0.3885496 -2.832232
36 5.309175 -0.333028 -0.01488592 -0.5914631 1.248621 0.643464 0.3113383 0.2168892 -2.934824
37 5.524117 -0.3462706 -0.1962904 -0.5540706 1.160552 0.4293139 0.1947426 0.3891142 -2.928037
38 5.343482 -0.418468 -0.193985 -0.5914061 1.167083 0.5414565 0.4154788 0.4098256 -2.772589
39 5.527142 -0.3026719 -0.2994607 -0.6462386 1.195336 0.5479241 0.1977512 0.2480959 -3.308107
40 5.321552 -0.4318685 -0.14106 -0.5819688 1.221064 0.6676758 0.3504577 0.2409127 -2.897292
41 5.382901 -0.2577639 -0.2093057 -0.6580518 1.086349 0.5764276 0.1616155 0.2031778 -3.090095
42 5.223295 -0.3098002 0.07218751 -0.6401601 0.9899702 0.6066343 0.1900308 0.1072452 -2.984347
43 5.278725 -0.3353497 0.1490413 -0.6554808 0.9580192 0.5884711 0.06908354 0.2460729 -3.136439
44 5.434427 -0.3469395 -0.1898256 -0.6333254 0.9906217 0.3773583 0.2333457 0.2361941 -2.73594
45 5.286976 -0.5216245 -0.3300271 -0.4542003 1.310151 0.4601217 0.347227 0.3363616 -2.893291
46 5.23164 -0.230885 0.02186621 -0.6439513 0.9380375 0.6132194 0.1329435 0.166871 -2.988979
47 5.511352 -0.4910748 -0.3596791 -0.5350327 1.124261 0.4680714 0.3298437 0.2913798 -2.99477
48 5.386313 -0.2855313 -0.1352766 -0.9430221 0.8512266 0.7300332 0.3013543 0.3927578 -3.001485
49 5.251209 -0.2712715 -0.04553913 -0.6830239 1.112302 0.2539021 0.1616941 0.3722474 -2.876633
50 5.428335 -0.4435839 -0.2160449 -0.4263287 0.9918132 0.353672 0.2344833 0.2891 -3.067578
51 5.42698 -0.4933829 -0.2356598 -0.4353332 1.082145 0.5752284 0.215641 0.1367929 -3.056117
52 5.343746 -0.5135755 -0.3093414 -0.3165802 1.14408 0.4182185 0.2023235 0.2052112 -3.180891
53 5.412963 -0.5026102 0.00974628 -0.529217 1.071216 0.5766493 0.1558426 0.2904157 -3.191224
54 5.454072 -0.3018285 -0.1995419 -0.7349895 0.9787184 0.664833 0.2000532 0.113391 -3.068527
55 5.525646 -0.4294828 -0.158993 -0.5395186 1.043424 0.5715654 0.2824109 0.357014 -3.083438
56 5.559814 -0.1815513 -0.4116757 -0.8883514 1.166147 0.6489993 0.1900116 0.248205 -2.830268
57 5.283435 -0.2751996 -0.06727067 -0.7032585 1.034439 0.3430894 0.3004938 0.3651223 -2.823361
58 5.163365 -0.2770563 0.1476279 -0.678444 1.12425 0.4525828 0.2289077 0.2621042 -3.187479
59 5.427577 -0.4574014 -0.1094602 -0.5577215 1.24318 0.3531859 0.2430252 0.316599 -2.710068
60 5.362496 -0.2199911 -0.120491 -0.7339849 1.064969 0.4622885 0.2067317 0.3325137 -3.076736
61 5.342704 -0.1270627 -0.01890741 -0.8677756 0.9874367 0.4773389 0.2438091 0.222671 -2.935789
62 5.365705 -0.3254675 -0.2920252 -0.5958094 0.9713293 0.6292481 0.2107547 0.1687691 -3.003545
63 5.405734 -0.2402749 -0.06099862 -0.8604419 1.136558 0.4101337 0.3225776 0.4746679 -3.274841
64 5.374527 -0.2642949 -0.2007144 -0.576382 1.144433 0.2188105 0.2140154 0.4012289 -3.109251
65 5.430896 -0.3405404 -0.2759737 -0.7183437 1.292481 0.7656644 0.1870379 0.3969191 -3.292126
66 5.168482 -0.3135821 0.03729209 -0.5488192 0.9739431 0.5044745 0.233631 0.1489663 -3.159362
67 5.115378 -0.2729923 0.2731427 -0.6855845 1.159608 0.8161702 0.2307577 0.2527026 -3.178979
68 5.583985 -0.4879168 -0.3632632 -0.4900959 1.312799 0.4067698 0.1712079 0.1833904 -2.994751
69 5.356812 -0.3167023 0.0189795 -0.5904688 1.031601 0.4503609 0.227623 0.2517076 -2.896203
70 5.445104 -0.2856437 -0.2235378 -0.6395459 1.017152 0.6422981 0.2717019 0.3670153 -2.78246
71 5.097082 -0.2995377 0.1775024 -0.5785925 1.098691 0.4264133 0.2068059 0.3312805 -3.152364
72 5.277475 -0.2648619 0.1898731 -0.7983758 1.203162 0.3005261 0.2462349 0.3641104 -3.234937
73 5.425793 -0.3826561 -0.3121964 -0.6681178 1.142272 0.446829 0.4219107 0.4879771 -3.063772
74 5.556614 -0.2309859 -0.2389501 -0.7116225 1.029803 0.3302166 0.2129348 0.2163875 -3.037025
75 5.350466 -0.4526789 0.1673481 -0.6190634 1.284213 0.6706449 0.3592434 0.2976996 -3.087247
76 5.482254 -0.451823 -0.1319795 -0.6174905 1.087678 0.567407 0.1963745 0.1376295 -2.87298
77 5.371956 -0.1457834 -0.1215665 -0.8067326 1.271067 0.8067607 0.3401086 0.2382993 -2.869074
78 5.387432 -0.3631341 -0.1603386 -0.4652898 1.163032 0.3622719 0.1814983 0.2458011 -2.936611
79 5.337944 -0.2622542 0.019126 -0.6511416 1.054305 0.5341492 0.315157 0.3017547 -2.901225
80 5.423633 -0.2171714 -0.1345059 -0.6864805 0.8906584 0.3501439 0.2873676 0.3414816 -3.238678
81 5.309464 -0.3677646 0.2072445 -0.5090265 1.052636 0.416469 0.2779639 0.2466473 -3.323928
82 5.322288 -0.4156975 -0.09906235 -0.5864786 1.27361 0.7792755 0.07841348 0.3957259 -2.972831
83 5.449368 -0.3606208 0.03018679 -0.673627 1.057207 0.6345132 0.2465275 0.177486 -3.152736
84 5.410134 -0.2273299 -0.1688775 -0.6588334 1.090909 0.6086403 0.2267005 0.1889593 -3.058036
85 5.453798 -0.3197321 -0.2235277 -0.6855576 1.366337 1.037353 0.282283 0.1505415 -3.034953
86 5.138784 -0.2636843 0.03039738 -0.7633468 0.9296343 0.270367 0.1443653 0.2869112 -3.095766
87 5.343608 -0.3524472 -0.3069041 -0.530999 1.145428 0.4006368 0.2157004 0.208795 -3.178054
88 5.208552 -0.1846486 0.01326334 -0.7254025 0.9026981 0.4292081 0.2479226 0.2900687 -3.212343
89 5.373713 -0.3585541 -0.2512057 -0.623476 1.044731 0.4048427 0.1910501 0.2356389 -2.95703
90 5.383384 -0.1668044 -0.1581105 -0.7353809 1.084538 0.468915 0.202221 0.3130338 -2.995732
91 5.22296 -0.3325656 -0.1399705 -0.5970306 1.033535 0.3505304 0.1990284 0.1720968 -3.253395
92 5.368395 -0.4242748 -0.03124987 -0.5305108 1.022569 0.3167861 0.1837628 0.2746349 -2.804337
93 5.52253 -0.4462164 -0.227016 -0.6255727 1.369783 0.7303158 0.2640018 0.2955838 -3.042616
94 5.382663 -0.2955188 -0.01829031 -0.6392404 1.099717 0.3870514 0.2725489 0.2973168 -2.809798
95 5.482299 -0.2922745 -0.2961417 -0.7348083 1.282399 0.3533184 0.05560503 0.5103426 -2.981204
96 5.308819 -0.3603565 -0.03228301 -0.6086135 1.011257 0.3473866 0.2107995 0.2076881 -3.006459
97 5.236704 -0.5158517 0.1129955 -0.4227672 0.930925 0.8662778 0.4430701 0.2710033 -3.136439
98 5.387996 -0.4239002 -0.1492263 -0.6956437 1.04708 0.3349994 0.2427029 0.2583704 -3.290266
99 5.23742 -0.3547191 0.001159129 -0.5368829 1.275053 0.7169113 0.2430404 0.1497375 -3.007205
100 5.347673 -0.2641201 -0.1101283 -0.6311377 1.056083 0.38065 0.1785623 0.1518959 -2.669641
