1 0.09065744 0.06629734 0.1290132 0.0929854 0.08212269 0.04460381 0.04123722 0.04333561 0.9695878 0.1338941
2 0.09566653 0.06430321 0.1369226 0.09133731 0.08904581 0.04412592 0.04061337 0.03682867 0.9564579 0.1395578
3 0.09897785 0.07016477 0.1349097 0.0942896 0.08979463 0.04360959 0.04275602 0.04440275 0.6861074 0.1555496
4 0.1028199 0.07517727 0.1368937 0.0975385 0.09332158 0.04620975 0.04293454 0.04287524 1.004688 0.147606
5 0.09672256 0.06690207 0.1425466 0.09650112 0.1005518 0.04988314 0.04325614 0.03923341 0.7174704 0.1361251
6 0.1053235 0.06748804 0.1439581 0.08913518 0.09963659 0.04579785 0.03702798 0.03992708 0.697674 0.1384207
7 0.0964272 0.07382406 0.1363872 0.1034598 0.09097238 0.04764152 0.0514973 0.03382682 1.269597 0.1408336
8 0.09384631 0.06706324 0.1322854 0.09396057 0.08510297 0.04457942 0.04167036 0.04191899 0.8681216 0.1555354
9 0.1016136 0.07973448 0.135199 0.104591 0.08808702 0.04782021 0.05154136 0.04282374 0.7446534 0.1491433
10 0.09755091 0.06971743 0.1425573 0.1013257 0.09657686 0.05041813 0.0475925 0.0419319 0.6776933 0.1490312
11 0.09440859 0.07664204 0.1370875 0.1093759 0.09148356 0.05125546 0.05587063 0.03635325 1.126873 0.15064
12 0.1077991 0.07369508 0.1428253 0.09580089 0.09643398 0.04784655 0.04091054 0.04343605 1.063704 0.1447431
13 0.09610537 0.07086497 0.1370192 0.09877228 0.09369042 0.04801557 0.04555128 0.04141922 1.071136 0.144762
14 0.1023052 0.07420199 0.1367185 0.09828713 0.09355962 0.04637852 0.04377002 0.04251888 0.9848436 0.1490489
15 0.1045819 0.07381284 0.1518009 0.1036229 0.1106698 0.05397846 0.05113814 0.0382024 1.008671 0.1361145
16 0.1038383 0.08147364 0.1391741 0.1064981 0.09416323 0.05011277 0.05157926 0.04221057 0.8948638 0.1461681
17 0.09950225 0.07792539 0.1342995 0.1050361 0.08873618 0.04743402 0.05220457 0.03822052 1.066314 0.1475846
18 0.09300402 0.06409024 0.1362342 0.09078475 0.09530639 0.04556486 0.03994658 0.04618393 1.61731 0.1421391
19 0.09697087 0.07219699 0.1408063 0.1047032 0.09552548 0.05119181 0.05340535 0.03919788 0.9270138 0.1447369
20 0.09750484 0.07151527 0.1395751 0.1000002 0.09458405 0.04772385 0.04674527 0.04090095 0.7928737 0.1461525
21 0.09818289 0.0649958 0.1462633 0.09400107 0.1021162 0.04936435 0.04170073 0.04088506 0.916999 0.1349703
22 0.1048237 0.0756564 0.1490149 0.103608 0.1101672 0.0532667 0.04820468 0.04903393 0.9826684 0.1421062
23 0.10452 0.06635713 0.1505761 0.09199951 0.1121315 0.04812473 0.03915379 0.04146009 1.302451 0.1421193
24 0.09866442 0.06773505 0.1434249 0.09764934 0.1002964 0.05017083 0.04493282 0.04464551 0.7290503 0.1360898
25 0.09753462 0.07320535 0.1297952 0.09625369 0.08204664 0.04594337 0.04515227 0.03711139 1.03174 0.1522143
26 0.09174959 0.06553427 0.1355174 0.09446065 0.0874658 0.04456479 0.04307729 0.03998697 0.8558416 0.147516
27 0.09988499 0.06466465 0.1430954 0.08837971 0.09763115 0.04421698 0.0356219 0.04415909 0.7133808 0.1339338
28 0.09525068 0.0682793 0.1325146 0.09307019 0.08419278 0.04426426 0.04149447 0.04325134 0.8124524 0.1289692
29 0.08883657 0.06282456 0.1311475 0.09175152 0.08412806 0.0420211 0.03955395 0.04164436 0.8049225 0.1434139
30 0.09294093 0.0643952 0.1385737 0.09147595 0.09221051 0.04478412 0.04070555 0.03802874 1.329645 0.143443
31 0.1033022 0.07360482 0.1346971 0.09300812 0.08588791 0.04168046 0.0383891 0.03858182 0.6628345 0.1372429
32 0.09037509 0.06831159 0.1276139 0.09302371 0.07919989 0.04374065 0.0420308 0.04134352 0.8619671 0.1461463
33 0.09798098 0.07024788 0.1369916 0.09766396 0.09132646 0.0468491 0.04515456 0.04449801 0.7391764 0.1461156
34 0.08839226 0.06840559 0.1240961 0.09382865 0.07829462 0.04124971 0.0402098 0.03900572 0.8406011 0.1396593
35 0.09830542 0.07015868 0.1453928 0.1010498 0.1018761 0.05158227 0.04922097 0.04126685 1.093236 0.1328459
36 0.101383 0.06934303 0.1438898 0.09587493 0.1011564 0.04790275 0.04369568 0.04677875 0.6547121 0.1383763
37 0.09735157 0.0761805 0.1360657 0.1045417 0.09009709 0.05021806 0.05382381 0.04288511 0.852517 0.1384001
38 0.1085453 0.08017725 0.1491622 0.1095018 0.1052504 0.05634737 0.05517393 0.04563533 0.8278588 0.1298656
39 0.1019589 0.0753136 0.1383819 0.1002979 0.09251448 0.04847946 0.04805948 0.04426912 0.7915685 0.163031
40 0.09152957 0.06381438 0.1481186 0.09879736 0.1015823 0.0508966 0.0443205 0.04429041 0.751841 0.1372675
41 0.09986219 0.06824808 0.1420285 0.09633343 0.09830283 0.04773698 0.04360393 0.04172743 0.8694201 0.1475846
42 0.1000688 0.0595998 0.1425644 0.08280838 0.09806164 0.04029332 0.0323329 0.03883429 0.8797971 0.1407911
43 0.09638002 0.06536092 0.1451545 0.09804904 0.1035932 0.04970337 0.04429478 0.03442418 0.9977448 0.1506101
44 0.1003719 0.07791393 0.1377044 0.1044641 0.09179698 0.04991138 0.04851876 0.04261755 1.561396 0.127019
45 0.09467743 0.07023652 0.1419129 0.1005637 0.09649293 0.04859138 0.04596164 0.0448566 0.6598497 0.1360723
46 0.1080623 0.07286971 0.1454384 0.09784662 0.1098081 0.05170838 0.04443848 0.03849363 1.678147 0.1421226
47 0.0972183 0.06893924 0.1367298 0.09352871 0.08830102 0.04305981 0.03892514 0.04222984 0.8192175 0.1421029
48 0.09267506 0.06811812 0.1280297 0.09367203 0.08464267 0.04258985 0.04345949 0.03173035 0.9449725 0.1420802
49 0.1010098 0.0899968 0.1348138 0.115104 0.08655245 0.05143408 0.06026448 0.0430552 0.9459083 0.1361323
50 0.09565674 0.0689854 0.1337389 0.09430249 0.08835458 0.04432345 0.04496472 0.04071349 0.9977434 0.1461432
51 0.09880134 0.06570618 0.1414694 0.09198542 0.1013302 0.04838317 0.04095051 0.04774522 1.346618 0.1461806
52 0.0994922 0.07321171 0.1366738 0.1001248 0.08950674 0.04859216 0.04610168 0.03903566 0.770353 0.1538556
53 0.09821685 0.07249473 0.1374549 0.09986129 0.09023147 0.04671701 0.04838314 0.03715283 0.7673064 0.1538241
54 0.1042054 0.06253735 0.1434096 0.08562856 0.1034094 0.04374237 0.0343825 0.03961942 1.190132 0.1461401
55 0.1099547 0.0777179 0.1493026 0.1047428 0.1102259 0.0558988 0.05275059 0.04125207 1.103835 0.147606
56 0.1024301 0.07402708 0.149182 0.1046801 0.1078519 0.05465557 0.05149129 0.04322571 0.8527434 0.1328531
57 0.08944624 0.07577333 0.1269821 0.1055095 0.07845489 0.0464908 0.05188073 0.04074089 0.8156761 0.1328788
58 0.1013217 0.06602744 0.1366254 0.08795153 0.08949239 0.04206947 0.03569241 0.03993081 0.6070562 0.1538355
59 0.09410539 0.07427052 0.1331514 0.1017064 0.08696697 0.04725485 0.04874055 0.04554668 0.7734297 0.1271203
60 0.1019311 0.07076327 0.1443597 0.0977207 0.09972519 0.04844637 0.04376007 0.03793671 0.7885265 0.1476277
61 0.1028447 0.06731205 0.1432168 0.09305688 0.09734631 0.04544547 0.04201693 0.03780802 0.9907942 0.1383729
62 0.09722948 0.06439278 0.1432386 0.09324377 0.1035427 0.04691023 0.040928 0.03949559 1.080668 0.1434594
63 0.09130274 0.07758197 0.1271528 0.1060443 0.0821849 0.04718872 0.05271461 0.03739524 0.6449094 0.1590998
64 0.08631395 0.07345031 0.1234955 0.1063669 0.07507218 0.04676873 0.05432521 0.04337821 0.7199684 0.1490848
65 0.09497996 0.07260155 0.1357215 0.1032855 0.09283942 0.05069202 0.05163581 0.0464787 0.7453103 0.161026
66 0.09950568 0.06568463 0.1323159 0.08603925 0.08559472 0.04044865 0.03353137 0.03724255 0.7592485 0.1522026
67 0.1067942 0.07299644 0.1533641 0.1027311 0.1175003 0.0538704 0.05014876 0.04212147 0.767791 0.1521423
68 0.09343618 0.06611439 0.1365349 0.09381927 0.09066307 0.04518561 0.03979245 0.04842367 0.7173485 0.1434894
69 0.09528235 0.06677677 0.1368711 0.0950981 0.09021934 0.04499216 0.04276563 0.03803121 0.8725552 0.1360619
70 0.08770256 0.07001065 0.1325634 0.1054566 0.08871706 0.04952862 0.05259311 0.03779991 0.8195063 0.1298281
71 0.08537659 0.06853113 0.1224957 0.09713641 0.07277549 0.04201894 0.04631156 0.04075299 0.7878897 0.1505606
72 0.08110331 0.06433228 0.1196632 0.09249275 0.07045798 0.03916117 0.04138114 0.03886971 0.6607174 0.1573109
73 0.1029344 0.07301188 0.1410595 0.09842727 0.1001174 0.05113556 0.04829435 0.04688109 1.035386 0.1461556
74 0.09122225 0.06807615 0.1268568 0.09317683 0.07733643 0.04021028 0.04014571 0.03799495 0.7497642 0.1433477
75 0.09812233 0.07093983 0.1392302 0.1015531 0.09359415 0.04945334 0.04817829 0.0464318 0.6745772 0.1475937
76 0.09823973 0.06063445 0.1428006 0.08685163 0.09754269 0.04220641 0.03421821 0.03967468 0.66133 0.1349668
77 0.1146025 0.08212151 0.1543497 0.1098527 0.1145947 0.0584343 0.05404024 0.04805173 0.8803257 0.1349809
78 0.09181796 0.0786315 0.1274863 0.1054564 0.07978575 0.04706089 0.04984134 0.04103825 0.6361732 0.1396454
79 0.09476383 0.07005464 0.1402732 0.1004094 0.09945039 0.04999992 0.04801008 0.04148788 0.9672993 0.1372534
80 0.086812 0.0721456 0.1282964 0.1030299 0.08118665 0.04527085 0.05078385 0.03787162 1.268814 0.1572998
81 0.1005763 0.07114968 0.1342178 0.09391668 0.08607132 0.0446949 0.04338486 0.04413196 0.9091598 0.1629858
82 0.09583158 0.08016776 0.1327702 0.1122489 0.08785602 0.05219864 0.05893058 0.04020808 0.6812182 0.1408303
83 0.1009163 0.06838808 0.1427685 0.09523347 0.1011344 0.04642224 0.04319951 0.04171399 0.9181515 0.1522232
84 0.1073314 0.07312084 0.1501764 0.09865084 0.110598 0.05038084 0.04526691 0.03898462 0.9840653 0.1461743
85 0.1071351 0.07228707 0.1454986 0.09793703 0.1072055 0.04918809 0.04275227 0.04724161 0.6462751 0.144781
86 0.09247963 0.07637642 0.1335966 0.1088557 0.08842716 0.0524607 0.05553735 0.03933308 1.893404 0.1475664
87 0.0865429 0.06562388 0.1224145 0.092601 0.0765997 0.04037333 0.03984469 0.04158989 0.6488573 0.1538644
88 0.09798232 0.07820179 0.1356794 0.105628 0.09219963 0.04939299 0.05319019 0.03746984 1.472325 0.1555382
89 0.09431744 0.07076752 0.1411867 0.09919712 0.09555042 0.04805676 0.04652126 0.03645792 0.9023053 0.1395743
90 0.1094132 0.0772751 0.1538378 0.1069216 0.1151646 0.05943079 0.05477931 0.03948137 1.269526 0.1420996
91 0.09162057 0.0693588 0.1335289 0.09683648 0.08754232 0.04686598 0.0437536 0.04510156 1.24883 0.1591626
92 0.09417903 0.06957525 0.1339609 0.09779501 0.0854196 0.04505642 0.04625121 0.03944622 0.8412538 0.1307884
93 0.1116149 0.07737857 0.1473266 0.0995859 0.1044335 0.05075464 0.04546486 0.04591465 0.6114586 0.1447557
94 0.09887627 0.07494686 0.137444 0.1007242 0.09253998 0.04835674 0.04697069 0.04439695 0.8888602 0.1318355
95 0.09823941 0.07674229 0.1366747 0.1028072 0.09081301 0.05175082 0.04935287 0.04720379 0.9090143 0.1421491
96 0.09805123 0.07171615 0.1349604 0.09727909 0.09200204 0.04690365 0.04611888 0.04513185 1.515226 0.1434496
97 0.09725846 0.07083777 0.1269 0.09133904 0.07810683 0.04027979 0.03751898 0.03698332 0.7256057 0.1506101
98 0.0967035 0.06732239 0.1357572 0.09117493 0.08819383 0.04327966 0.03958137 0.04180689 0.9294103 0.1610313
99 0.1066444 0.06676835 0.1505312 0.09227383 0.1122009 0.0499668 0.04031167 0.05039698 0.8004956 0.142061
100 0.1015825 0.07051428 0.1425667 0.09650477 0.09799295 0.04892428 0.04152075 0.04538101 1.211697 0.124486
