1 0.1069364 0.08210854 0.1512221 0.1128702 0.1430329 0.08090458 0.07520821 0.07874366 0.1338941
2 0.1069755 0.07491087 0.1525191 0.1066061 0.134378 0.0709272 0.06357529 0.08118483 0.1395578
3 0.1262204 0.08796024 0.1722273 0.1189489 0.1743821 0.08712361 0.07843894 0.08357219 0.1555496
4 0.1204406 0.08552329 0.1615989 0.1127231 0.1534018 0.0821837 0.07309819 0.08395564 0.147606
5 0.1284659 0.09718244 0.1896196 0.1406175 0.2081029 0.1203361 0.1019295 0.134437 0.1361251
6 0.131847 0.07966445 0.1824582 0.1062167 0.1899247 0.09269006 0.06275025 0.08607542 0.1384207
7 0.1068153 0.08844088 0.1486602 0.1224843 0.1281085 0.07650451 0.08190145 0.08130576 0.1408336
8 0.1094895 0.08284662 0.1553117 0.1163764 0.1515559 0.08668863 0.07628787 0.08492303 0.1555354
9 0.1222108 0.1040071 0.1637472 0.1355521 0.1577548 0.09106459 0.09872487 0.09770257 0.1491433
10 0.1081973 0.08727576 0.1568723 0.1260386 0.1461129 0.08686533 0.08523639 0.09084855 0.1490312
11 0.1082995 0.08569069 0.1567632 0.1227512 0.1408063 0.07853833 0.07676332 0.08408172 0.15064
12 0.1165171 0.08371613 0.1558377 0.1093628 0.1418026 0.07696055 0.06427155 0.08704116 0.1447431
13 0.1066338 0.0789617 0.1555592 0.111682 0.1389122 0.07488419 0.06452082 0.08242629 0.144762
14 0.1248746 0.08084381 0.169533 0.1072019 0.1597221 0.07778468 0.0617918 0.08462272 0.1490489
15 0.12368 0.08544992 0.1769049 0.1201322 0.1747941 0.08983735 0.0766304 0.102319 0.1361145
16 0.1211855 0.0961529 0.1604578 0.1236459 0.1480395 0.08431291 0.07972798 0.0922426 0.1461681
17 0.1120737 0.08651875 0.1513037 0.1157716 0.1324613 0.07212385 0.07151234 0.07500829 0.1475846
18 0.1082397 0.07125638 0.1587849 0.101338 0.1553767 0.07895471 0.0629993 0.07560763 0.1421391
19 0.1076269 0.08372197 0.1582752 0.1224772 0.1427214 0.08054867 0.07917141 0.09072605 0.1447369
20 0.1098257 0.08091631 0.1590889 0.1145537 0.1542418 0.08500085 0.07634439 0.08813146 0.1461525
21 0.1072886 0.07656388 0.1591268 0.1105538 0.1496606 0.0799706 0.06550131 0.08700937 0.1349703
22 0.1243627 0.08880215 0.176723 0.1224996 0.187284 0.0962366 0.0832116 0.09755788 0.1421062
23 0.1133138 0.07206468 0.1663476 0.1036872 0.1574404 0.0761004 0.0603233 0.07747111 0.1421193
24 0.1231777 0.09043364 0.1753372 0.1268916 0.1796646 0.09916619 0.08257747 0.1114726 0.1360898
25 0.1063404 0.08331567 0.1448943 0.1108494 0.1241257 0.07237694 0.06499677 0.07637435 0.1522143
26 0.1066785 0.08265471 0.1525653 0.1151858 0.1371548 0.07648955 0.06994198 0.08043059 0.147516
27 0.1202581 0.08274526 0.1701392 0.1141615 0.1758453 0.08941622 0.0753281 0.08662128 0.1339338
28 0.1135124 0.08160486 0.1577334 0.1123139 0.1554163 0.08533894 0.07442837 0.08072457 0.1289692
29 0.1125376 0.07804867 0.1625984 0.1105497 0.1572785 0.07942649 0.06820648 0.0790276 0.1434139
30 0.1023032 0.07332158 0.151593 0.105399 0.1312728 0.06810234 0.05864637 0.0733922 0.143443
31 0.1295231 0.08703842 0.168818 0.1119354 0.1625587 0.08173566 0.06584973 0.08323446 0.1372429
32 0.1101404 0.0846145 0.1552655 0.1144557 0.1461372 0.08063187 0.0710678 0.08009418 0.1461463
33 0.1219256 0.08578933 0.1719689 0.1177225 0.1761519 0.09185904 0.07615815 0.09575074 0.1461156
34 0.1178323 0.07852496 0.1651529 0.1091914 0.1634335 0.08235604 0.0690487 0.07438543 0.1396593
35 0.1109409 0.0909784 0.1639113 0.129657 0.1535742 0.0860854 0.08141619 0.09204892 0.1328459
36 0.1255172 0.08396117 0.1805808 0.1186868 0.1941236 0.09885826 0.08868885 0.09931446 0.1383763
37 0.1156057 0.09604218 0.1642139 0.1326816 0.1597329 0.09365184 0.08978228 0.1048286 0.1384001
38 0.119805 0.09604792 0.1716117 0.1350301 0.1773969 0.09900991 0.09384752 0.09218171 0.1298656
39 0.1259514 0.08753501 0.1726041 0.1182913 0.1662361 0.08715489 0.0762177 0.09913019 0.163031
40 0.1166477 0.07891685 0.1847545 0.1227006 0.2014504 0.1042093 0.08509086 0.09334525 0.1372675
41 0.1177245 0.07792843 0.1693938 0.1105042 0.1624804 0.08414526 0.06770242 0.09478525 0.1475846
42 0.118714 0.07121523 0.1664562 0.09792672 0.1551879 0.06967911 0.05434242 0.0768949 0.1407911
43 0.1110822 0.07617385 0.1645055 0.1107854 0.151573 0.07972758 0.06503707 0.08913353 0.1506101
44 0.1116498 0.08372731 0.1527449 0.1132821 0.1390426 0.07761968 0.06965186 0.07934515 0.127019
45 0.1201411 0.09546749 0.1730282 0.1323416 0.1975039 0.1113961 0.1036639 0.09798789 0.1360723
46 0.1204872 0.07851586 0.1650309 0.1043906 0.1528053 0.07626877 0.05843674 0.08452141 0.1421226
47 0.1198284 0.09212 0.1651158 0.1231317 0.1722964 0.09231602 0.08401815 0.08153251 0.1421029
48 0.1199848 0.08890376 0.1675769 0.121763 0.1529525 0.07965919 0.07457227 0.08060258 0.1420802
49 0.1131826 0.1007832 0.1517808 0.1324238 0.1355681 0.08258217 0.08719046 0.09594562 0.1361323
50 0.1080804 0.08697576 0.1506304 0.1172709 0.1346317 0.07592923 0.07645855 0.08212777 0.1461432
51 0.1178867 0.0743032 0.1690046 0.1042174 0.1669291 0.08174382 0.06358983 0.08346853 0.1461806
52 0.1213261 0.08657276 0.1630565 0.1143575 0.1522169 0.08044673 0.06818082 0.08865575 0.1538556
53 0.1256284 0.08830401 0.1690651 0.1187287 0.1606727 0.08491379 0.07387015 0.09579429 0.1538241
54 0.1220487 0.0723457 0.1695705 0.09848942 0.1607038 0.07313148 0.05310839 0.07621783 0.1461401
55 0.1206754 0.0908818 0.1670932 0.1245707 0.1580761 0.08591316 0.07900839 0.0908395 0.147606
56 0.1235129 0.08635738 0.1775187 0.1194949 0.1827762 0.09830416 0.08101902 0.1109078 0.1328531
57 0.1046496 0.08795308 0.1529054 0.1273198 0.1446911 0.08608239 0.08767227 0.08381292 0.1328788
58 0.1195663 0.08767632 0.163567 0.1173827 0.1515123 0.08012228 0.07213974 0.08872976 0.1538355
59 0.1155743 0.09640516 0.1639296 0.1316076 0.1640708 0.09400147 0.08860471 0.1053125 0.1271203
60 0.1146671 0.0900152 0.1614423 0.1241412 0.1490558 0.08246483 0.07618315 0.09192211 0.1476277
61 0.1117374 0.07985843 0.1584768 0.1116279 0.1437335 0.0739246 0.06696947 0.08181008 0.1383729
62 0.1180133 0.07621439 0.1671403 0.1055959 0.1573407 0.07627425 0.0579863 0.08400063 0.1434594
63 0.1195715 0.1008407 0.1617885 0.1360638 0.1501165 0.08897333 0.09414578 0.09016277 0.1590998
64 0.1066151 0.0948536 0.1495873 0.1310172 0.1432798 0.09319048 0.09578213 0.0893189 0.1490848
65 0.1332143 0.09567054 0.188444 0.1327729 0.1985128 0.1039014 0.09090396 0.1126479 0.161026
66 0.1160484 0.07619381 0.1595436 0.1022798 0.1564909 0.07911666 0.06034828 0.07044824 0.1522026
67 0.1341922 0.08479636 0.185886 0.1166899 0.1898917 0.09126485 0.07319253 0.09819932 0.1521423
68 0.1175721 0.08505358 0.1701683 0.1180826 0.169592 0.09145339 0.07416705 0.1025445 0.1434894
69 0.1100603 0.0811819 0.1591699 0.1166199 0.1447341 0.0771947 0.06923457 0.08713084 0.1360619
70 0.1154475 0.0860252 0.1710467 0.1257684 0.166979 0.09487442 0.08471114 0.1018442 0.1298281
71 0.1141548 0.08881311 0.1606242 0.1215637 0.145814 0.07977175 0.07575095 0.08993001 0.1505606
72 0.1107431 0.09155317 0.1576008 0.1280839 0.150433 0.0889576 0.08917279 0.09275788 0.1573109
73 0.1219248 0.1054349 0.1651167 0.1400002 0.17915 0.1163402 0.1466679 0.09436144 0.1461556
74 0.1107961 0.08190205 0.1512079 0.111338 0.1395067 0.0770108 0.06815946 0.07686627 0.1433477
75 0.1294861 0.09247424 0.1833011 0.1266483 0.1928616 0.09789294 0.08550315 0.1006578 0.1475937
76 0.1151223 0.07606347 0.169621 0.1072657 0.1621225 0.07904632 0.06082886 0.0868872 0.1349668
77 0.1383701 0.09060753 0.1905551 0.1229611 0.2021487 0.09683629 0.08097711 0.1064465 0.1349809
78 0.1183021 0.09105844 0.1610444 0.1214586 0.1568636 0.09319119 0.08122773 0.1001664 0.1396454
79 0.1136234 0.08600798 0.1658719 0.1213311 0.1585761 0.08516003 0.07651459 0.08904894 0.1372534
80 0.09890513 0.08197944 0.1452137 0.1175764 0.1238947 0.07058989 0.07188752 0.06844354 0.1572998
81 0.1157412 0.08482561 0.1578244 0.1134972 0.1541263 0.08206899 0.07362415 0.07533979 0.1629858
82 0.1345136 0.09688806 0.1889935 0.1356378 0.1996371 0.1060996 0.09213207 0.1224303 0.1408303
83 0.1210225 0.07696828 0.1713697 0.1075656 0.1658558 0.08053815 0.06471133 0.08652855 0.1522232
84 0.1207265 0.07984294 0.1714821 0.1103456 0.1631474 0.07921427 0.06582411 0.0896179 0.1461743
85 0.1501515 0.08588664 0.2057661 0.1158237 0.2348501 0.1039196 0.07680613 0.1101626 0.144781
86 0.09724182 0.0799421 0.1416872 0.1136291 0.1174085 0.06978495 0.06766131 0.07699246 0.1475664
87 0.1090213 0.07877856 0.1619533 0.1142021 0.1546445 0.08237702 0.07032633 0.08785209 0.1538644
88 0.1087432 0.08453596 0.1508016 0.1137141 0.1302287 0.0710865 0.06757923 0.07466469 0.1555382
89 0.106081 0.0787953 0.157468 0.1142777 0.1419766 0.07683846 0.06892909 0.0877989 0.1395743
90 0.1157006 0.08881443 0.1627934 0.1222713 0.1529559 0.08447239 0.07722681 0.09383539 0.1420996
91 0.1066275 0.07619146 0.1523112 0.1059552 0.1429534 0.07712894 0.06663373 0.07473197 0.1591626
92 0.1059694 0.08505849 0.1505446 0.1175951 0.1311938 0.07412502 0.07041813 0.08497937 0.1307884
93 0.1457286 0.1018448 0.1922953 0.1318027 0.2020518 0.1029383 0.08626369 0.1161181 0.1447557
94 0.1133877 0.09073058 0.158751 0.1235284 0.1548809 0.08756421 0.07933763 0.08773494 0.1318355
95 0.1198126 0.1075236 0.1655164 0.1460895 0.1629413 0.1043526 0.1048827 0.1159923 0.1421491
96 0.1099638 0.08252053 0.1516997 0.1107282 0.138472 0.07559229 0.06791786 0.078975 0.1434496
97 0.1365787 0.08730587 0.1806279 0.1151122 0.1853114 0.08876087 0.07768135 0.07202546 0.1506101
98 0.1097342 0.08590766 0.1519967 0.1151801 0.1410098 0.07741615 0.07109878 0.07621341 0.1610313
99 0.1300878 0.08009724 0.1853568 0.1119708 0.1949482 0.09138798 0.06966711 0.0981797 0.142061
100 0.1116528 0.08089521 0.1561842 0.109758 0.1454508 0.07802858 0.06362802 0.08256251 0.124486
