1 0.1132406 0.1078046 0.1587251 0.1279199 0.1625422 0.09282941 0.08476339 0.11756 0.6486237 0.3944356 0.1272198 0.2530116
3 0.1154167 0.08652164 0.1626581 0.1179598 0.1614069 0.08998951 0.0775164 0.09841708 0.4875572 0.3055469 0.0886457 0.1312646
4 0.1150848 0.09066562 0.1624636 0.1216827 0.1589931 0.0917435 0.07978595 0.1087819 0.6180277 0.3224631 0.1153459 0.1973622
5 0.1133894 0.1019897 0.1593208 0.1310012 0.1527266 0.08832572 0.08897409 0.1014621 0.4597938 0.406162 0.1848025 0.2254086
6 0.1105512 0.07632291 0.1556233 0.1029938 0.1505909 0.07674264 0.06474454 0.06851152 0.4934122 0.3660898 0.1078232 0.1473553
7 0.1231974 0.0929153 0.1731646 0.1186131 0.1775256 0.09106388 0.08422596 0.1109128 0.4096472 0.3618674 0.2145645 0.2595584
8 0.1147742 0.0995802 0.1617096 0.1268216 0.155833 0.08928061 0.08313314 0.09895113 0.6245907 0.358942 0.1379431 0.2297054
9 0.1304267 0.09295349 0.1835558 0.115386 0.1905865 0.08760175 0.06992775 0.09902302 0.545899 0.3727639 0.1143577 0.1760114
10 0.1090137 0.08948306 0.1532783 0.117351 0.1407246 0.08072929 0.0711495 0.09665246 0.5576081 0.3317219 0.1353874 0.2057257
11 0.1111766 0.09281564 0.1564534 0.1253044 0.1454924 0.08386465 0.08059672 0.09564261 0.5362988 0.3614224 0.117141 0.1566322
12 0.1131334 0.077023 0.1594762 0.1042805 0.1487039 0.07350681 0.06000375 0.08446503 0.5151066 0.3518425 0.1532274 0.2157441
13 0.1149803 0.08884445 0.1622702 0.1201298 0.1571322 0.08608683 0.07820998 0.1058479 0.4353036 0.3266296 0.1394827 0.1787296
14 0.124462 0.1039965 0.1754369 0.1379654 0.1868204 0.1067304 0.1049018 0.1113025 0.396577 0.3234548 0.1265474 0.1600898
15 0.1234345 0.09331885 0.173672 0.1248235 0.1737933 0.09093991 0.08121726 0.08858343 0.4324628 0.3291601 0.127578 0.1487453
16 0.1162711 0.08933222 0.1634715 0.1189043 0.1582812 0.08625543 0.0755099 0.09472756 0.4544668 0.3374517 0.1239095 0.1618489
17 0.1303616 0.09712462 0.1836699 0.1293779 0.1943505 0.1002857 0.0870539 0.1269428 0.4201454 0.3807997 0.15966 0.2198141
18 0.1096235 0.09985548 0.1539295 0.1337183 0.1437827 0.08730925 0.09316276 0.09706161 0.5150504 0.3452692 0.1073772 0.1473715
19 0.1258221 0.09160718 0.177321 0.1218433 0.1767347 0.08728536 0.07684451 0.09936979 0.4552856 0.3269868 0.1214847 0.1644897
20 0.1150374 0.09780499 0.1611627 0.1237706 0.1621354 0.08885731 0.07881302 0.1174094 0.6066307 0.4488569 0.1533715 0.2436423
21 0.1005817 0.09336058 0.1419285 0.1217012 0.1383156 0.08637185 0.0870774 0.08024016 0.579251 0.3346767 0.108446 0.1794832
22 0.1263037 0.09533029 0.1773967 0.1244598 0.1785183 0.09063504 0.08362906 0.1065279 0.4533514 0.4144129 0.1399177 0.193115
23 0.1116083 0.0997422 0.1567241 0.1226447 0.1476902 0.08346052 0.07339002 0.09304875 0.4832625 0.3691227 0.1381302 0.2083562
24 0.1246064 0.07650774 0.1751675 0.1315491 0.1360337 0.05460849 0.09162972 NA 0.4009304 0.2791744 NA NA
25 0.1263724 0.1070929 0.1779353 0.1426756 0.1943233 0.1112512 0.1140344 0.1493114 0.4162119 0.3853705 0.1324972 0.1578906
26 0.1126512 0.08881289 0.1590206 0.1119229 0.1505628 0.08121042 0.06621186 0.09212008 0.5466563 0.4006226 0.1661549 0.2423951
27 0.1185145 0.08400491 0.1672393 0.1148225 0.1731674 0.08827506 0.07728149 0.08296029 0.4576487 0.3191527 0.09787866 0.1288455
28 0.1242834 0.1108703 0.1748347 0.1414048 0.1897608 0.1089079 0.1065477 0.1239977 0.3897243 0.2819999 0.1068217 0.1510575
29 0.1203823 0.08827936 0.1698631 0.1172603 0.1712298 0.08692667 0.08059863 0.09460398 0.5106283 0.3957114 0.1422719 0.2036207
30 0.11673 0.09214407 0.1643586 0.1216007 0.1631038 0.09010363 0.07967881 0.1210289 0.5194667 0.3368478 0.1421315 0.2026829
31 0.1418453 0.09246964 0.2000721 0.1169658 0.2266015 0.1006391 0.07302172 0.1246953 0.389668 0.3500994 0.1917319 0.234412
32 0.1173191 0.0801815 0.1652316 0.1033653 0.1577056 0.07685281 0.05976391 0.08226501 0.7406136 0.3853892 0.1521403 0.2647025
33 0.1169427 0.09275865 0.1647704 0.1238788 0.1617143 0.08881062 0.08140015 0.1168102 0.4877119 0.3482301 0.1340991 0.1898102
34 0.1221426 0.09434456 0.1714476 0.120149 0.1747642 0.09397375 0.07516389 0.1280236 0.5766595 0.3672954 0.1385944 0.2323071
35 0.1255698 0.09134198 0.1767985 0.1180153 0.1860288 0.09403199 0.0772419 0.09616291 0.4328397 0.3458372 0.1232298 0.1735755
36 0.1128405 0.07913086 0.159476 0.1067288 0.1487584 0.0767441 0.06426082 0.0886031 0.5965577 0.3940907 0.1736502 0.2471481
37 0.1072327 0.08839783 0.1508568 0.118394 0.1399696 0.07978622 0.07724254 0.08394417 0.6342234 0.4317955 0.1101476 0.1601548
38 0.101113 0.09072685 0.1424479 0.1216918 0.1295064 0.08025841 0.08220546 0.07905398 0.5460235 0.3067694 0.09599296 0.1447741
39 0.1101324 0.08071991 0.1553797 0.1085611 0.1490804 0.0789815 0.06995158 0.07779765 0.5138603 0.368304 0.1499143 0.2082512
40 0.1184066 0.104556 0.1659017 0.1284631 0.1652952 0.08899181 0.08452458 0.11968 0.4517633 0.3820535 0.1708858 0.2529439
41 0.1150623 0.08161208 0.162162 0.107228 0.1553303 0.07686346 0.06310188 0.09941154 0.4909662 0.3026763 0.1672113 0.2350266
42 0.1207605 0.1038719 0.1700244 0.1229517 0.1773504 0.09066336 0.07678415 0.115905 0.4141695 0.3774883 0.1843679 0.2609147
43 0.125039 0.0948097 0.176278 0.1292517 0.1825861 0.09672226 0.09371109 0.1089755 0.4304783 0.3548732 0.1136925 0.1441005
44 0.1322178 0.09098371 0.1866079 0.110911 0.2116639 0.1060061 0.07499231 0.1613778 0.7657443 0.3205603 0.1599223 0.3510975
45 0.1106715 0.09808611 0.1556058 0.123851 0.1507574 0.08351009 0.08235152 0.09298123 0.4330468 0.3222531 0.1193602 0.1786835
46 0.1180087 0.08568558 0.1665702 0.1129403 0.1552772 0.08135092 0.06721285 0.09897606 0.7562654 0.4338865 0.1411243 0.2566182
47 0.1065117 0.07819722 0.1499814 0.108154 0.130428 0.06880868 0.06523587 0.07544342 0.529017 0.3320337 0.09550167 0.1278539
48 0.1107093 0.08008418 0.1560754 0.1044254 0.1419859 0.0736291 0.06258721 0.07747492 0.5466061 0.342084 0.1248882 0.1963852
49 0.1273528 0.08628341 0.1800148 0.1192348 0.1821588 0.09077395 0.0785119 0.1136097 0.4486861 0.3066781 0.1022766 0.1319607
50 0.112044 0.1019243 0.1584142 0.1280387 0.1618819 0.09487061 0.0910504 0.1171494 0.5253417 0.3782625 0.1437294 0.2426635
51 0.1273562 0.08330454 0.1792869 0.1099576 0.1837769 0.09091014 0.06632937 0.09949572 0.4240634 0.3089891 0.118588 0.1576474
52 0.1342807 0.08897139 0.1894784 0.1167389 0.2005588 0.0974201 0.07800938 0.1183358 0.4886543 0.4038446 0.1488243 0.221325
53 0.1130579 0.07215325 0.1590536 0.09693091 0.1501394 0.0712726 0.05684762 0.06752712 0.6496556 0.3634743 0.1133086 0.1898299
54 0.1122923 0.07800618 0.1583395 0.1042719 0.1465433 0.07420957 0.06570575 0.08625613 0.497228 0.3665208 0.1188438 0.1663765
55 0.1084928 0.1050439 0.1521085 0.1334717 0.1444219 0.08908009 0.08779387 0.1024185 0.4716284 0.3374773 0.1043168 0.1607278
56 0.1219329 0.1119638 0.1706348 0.1438162 0.1695334 0.09825701 0.09811131 0.1213261 0.5387858 0.4190073 0.1281514 0.195027
57 0.1163802 0.09026635 0.1641934 0.1222246 0.1646289 0.08981887 0.08474154 0.09373246 0.4847764 0.361303 0.1512798 0.2067637
58 0.1258769 0.09697069 0.1773003 0.1270149 0.1869093 0.09766053 0.08374679 0.1071592 0.4265198 0.3209301 0.1402354 0.1768923
59 0.1139572 0.07067434 0.1606568 0.1115449 0.1228426 0.05617654 0.066819 NA 0.4445049 0.2185126 NA NA
60 0.1128162 0.08317981 0.1592048 0.1094606 0.1457249 0.0741196 0.0631768 0.09463216 0.5357596 0.353635 0.1488804 0.2131889
61 0.114129 0.09266064 0.1599739 0.1184817 0.1541092 0.08572164 0.08225647 0.08958239 0.5833181 0.4360091 0.1206012 0.1846887
62 0.118834 0.09759403 0.1664181 0.1288999 0.1646805 0.09610449 0.08822321 0.1099762 0.6370739 0.3515646 0.1077157 0.1879882
63 0.1199152 0.09572631 0.1689001 0.1306556 0.1705104 0.09861663 0.0914795 0.1029002 0.4397347 0.384514 0.107953 0.149515
64 0.1168326 0.1195175 0.1645383 0.1284374 0.1608375 0.09781101 0.08151225 0.1169024 0.392656 0.3496092 0.3058202 0.3991196
65 0.1015415 0.08658941 0.1429743 0.1177665 0.1290324 0.07867077 0.07245748 0.09148026 0.5626093 0.3376557 0.1431477 0.199768
66 0.1156897 0.09642373 0.1626366 0.1266628 0.1705611 0.09873298 0.09355678 0.09908848 0.4091541 0.3233418 0.1166333 0.1527367
67 0.1048278 0.09483857 0.1476452 0.1249153 0.148715 0.0965736 0.08988004 0.1003339 0.5104884 0.3242835 0.1120852 0.189973
68 0.1117863 0.08837372 0.1571621 0.1196706 0.1532671 0.08671875 0.08048883 0.09328082 0.4543307 0.3031522 0.09967684 0.1347489
69 0.1157848 0.090143 0.1632135 0.1214499 0.1566511 0.08730446 0.0782618 0.1073358 0.4879425 0.3699586 0.1467162 0.2115829
70 0.1478523 0.1035831 0.2080614 0.1288691 0.238155 0.106076 0.09015176 0.1210868 0.3852928 0.3289943 0.1549226 0.19968
71 0.1257033 0.174442 0.1748043 0.150181 0.2456449 0.1316544 0.1011599 0.3233666 0.8111354 0.384045 0.3138973 0.6334183
72 0.1157453 0.1005645 0.1629964 0.136404 0.1751789 0.1065842 0.1025898 0.1131512 0.3919547 0.2911859 0.09519926 0.1277864
73 0.1157181 0.1155092 0.1624787 0.140085 0.1767978 0.105414 0.1111298 0.1067448 0.432771 0.3338553 0.1500951 0.2153147
74 0.120475 0.0993593 0.1697191 0.1256478 0.1713548 0.09089763 0.0813109 0.1186686 0.4954744 0.3914304 0.1698609 0.2205204
75 0.116285 0.09083219 0.1639762 0.1134245 0.1622513 0.08299231 0.06990211 0.1262791 0.5667892 0.4140144 0.213836 0.3311466
76 0.1134012 0.08051065 0.1595639 0.1068523 0.1524306 0.0808899 0.06484889 0.08127264 0.5663224 0.3913973 0.1345363 0.1851055
77 0.1175661 0.08908652 0.16524 0.1193506 0.155442 0.08236947 0.07262711 0.09455718 0.5094724 0.3753357 0.1031337 0.1421418
78 0.1150079 0.08765126 0.1618171 0.1163634 0.1604271 0.08712916 0.07407307 0.09259912 0.5112269 0.3718532 0.1277551 0.174201
79 0.1134018 0.0840155 0.1592797 0.1107482 0.1559329 0.0817641 0.0670521 0.08635815 0.4683661 0.3677845 0.1303089 0.1776916
80 0.1187916 0.09394355 0.167631 0.1196047 0.1640124 0.08897264 0.07510909 0.1075261 0.4647012 0.383736 0.2226965 0.303015
81 0.1251643 0.1063705 0.1754062 0.125844 0.1822381 0.09178698 0.08081993 0.1093344 0.4230246 0.3678552 0.2003328 0.2847982
82 0.1104067 0.0885268 0.1559496 0.1231225 0.1430756 0.08107692 0.08278896 0.08843207 0.4371916 0.3635788 0.1098882 0.1209521
83 0.1239673 0.1043063 0.1746904 0.1415131 0.1871794 0.1044191 0.1105286 0.0856379 0.3811872 0.3480835 0.1129063 0.1198093
84 0.1219812 0.1055991 0.1716985 0.1306962 0.1830133 0.09835776 0.09250562 0.1243794 0.4710176 0.3698476 0.1949152 0.2501332
85 0.1091789 0.08683169 0.1530559 0.1083216 0.143016 0.08148373 0.06326603 0.1009708 0.6100946 0.4509425 0.2238594 0.3301192
86 0.1174052 0.08870766 0.1652868 0.1164459 0.1610119 0.08428683 0.07369214 0.09483669 0.5018871 0.3610505 0.1109714 0.1664022
87 0.111074 0.08704669 0.1564198 0.1160751 0.1495685 0.08347361 0.07262391 0.08822748 0.4224182 0.3478723 0.1494555 0.1751404
88 0.1131566 0.1125897 0.1591737 0.1374353 0.1563906 0.09927039 0.09156995 0.1300339 0.6255343 0.5302321 0.2288379 0.3747152
89 0.1173573 0.08185685 0.1654182 0.1102044 0.1539425 0.07852602 0.06357685 0.09464267 0.5853835 0.3925762 0.1842557 0.2402135
90 0.1165886 0.08995621 0.163746 0.118478 0.173512 0.09612462 0.08373563 0.08723383 0.4652504 0.3498377 0.1263374 0.1603965
91 0.1575995 0.09117088 0.2223408 0.1251961 0.268366 0.123674 0.08730218 0.132179 0.4581879 0.3341794 0.111854 0.1433418
92 0.1185306 0.0874898 0.1671596 0.121045 0.168163 0.0885983 0.08099114 0.08777379 0.3617819 0.3156434 0.09514662 0.1076976
93 0.1211669 NA 0.1695399 0.09430855 0.1551839 0.04848218 0.09378151 NA NA 0.2153266 NA NA
94 0.1318576 0.1113 0.1856164 0.1215953 0.2274786 0.108499 0.07692729 0.180061 0.5181623 0.3770949 0.1874353 0.3192791
95 0.1340482 0.09916217 0.1892587 0.1247217 0.2029119 0.1045295 0.07927085 0.1434657 0.5900638 0.3605713 0.1646466 0.2689329
96 0.1099872 0.08518073 0.1546255 0.111165 0.1464148 0.08189687 0.07363913 0.0935316 0.4824942 0.3415143 0.1374189 0.2280506
97 0.1158141 0.08931472 0.1629561 0.1160199 0.15943 0.0835752 0.07065632 0.09894474 0.5144557 0.3790112 0.1380834 0.1911068
98 0.1226674 0.0805428 0.1727597 0.107513 0.1737653 0.08285246 0.06692549 0.08897881 0.4534997 0.3374854 0.1180004 0.1578508
99 0.1327624 0.09442696 0.1865214 0.1199024 0.1941471 0.09820991 0.07885194 0.1198431 0.5001345 0.3639593 0.1563047 0.2435251
100 0.1230498 0.07088815 0.1729381 0.1205833 0.1617953 0.08785196 0.083138 0.0705976 0.4161252 0.3290284 NA NA
101 0.1145981 0.1090757 0.1606971 0.1430827 0.1581982 0.09797932 0.1024079 0.1159778 0.4165256 0.3437115 0.1625242 0.1912718
