1 5.305943 -0.4284833 -0.2474668 -0.5600896 1.032372 0.3396975 0.2211299 0.2110433 -2.689384 -0.7449875 0.317568 -0.2767882
2 5.415406 -0.3851923 -0.1732356 -0.6524761 0.9973792 0.3935078 0.1779049 0.2032308 -1.868532 -0.7998168 0.2889591 -0.4755173
3 5.125746 -0.2710225 0.225277 -0.8664185 1.157695 0.5864448 0.3534382 0.2701552 -2.806067 -0.7623987 0.3749411 -0.4055996
4 5.421443 -0.4131267 -0.2288931 -0.5264541 1.095818 0.4544881 0.2550389 0.2206853 -1.85537 -1.190155 0.528809 -0.7586124
5 5.502815 -0.6120413 -0.4245683 -0.278348 1.380126 0.7378582 -0.001841488 0.466365 -1.969003 -1.070528 0.5637381 -0.7665518
6 5.371081 -0.3011753 0.06266376 -0.7573085 1.078268 0.8278665 0.2718778 0.1515135 -1.565427 -1.236244 0.3928947 -0.609085
7 5.318626 -0.3021037 -0.06982025 -0.7216932 0.8983711 0.3987877 0.2760644 0.4255282 -1.780521 -0.9247796 0.4570779 -0.6838588
8 5.297953 -0.3590809 -0.2223381 -0.6239171 1.226865 0.2531589 0.1950737 0.2540286 -2.055163 -0.653761 0.4426419 -0.7114854
9 5.336126 -0.4978842 -0.1097311 -0.4946475 1.191227 0.424918 0.3543918 0.4513195 -1.42307 -1.618024 0.3722147 -0.6533088
10 5.193842 -0.3964348 0.148647 -0.705438 1.157589 0.3383449 0.2428841 0.3875229 -1.677891 -0.8768741 0.2589819 -0.5637959
11 5.450538 -0.4085517 -0.3640602 -0.5022531 0.9971515 0.4623381 0.2841661 0.3687725 -2.511545 -0.8156459 0.4361959 -0.5193929
12 5.312635 -0.2425282 -0.1198502 -0.7737016 1.118619 0.343878 0.1503792 0.1825124 -1.255262 -1.364456 0.2997868 -0.599608
13 5.412841 -0.4831462 -0.03633087 -0.7167277 1.060264 0.3992721 0.211205 0.2331007 -1.402049 -1.482135 0.4965662 -0.8461419
14 5.402084 -0.4433884 -0.1451228 -0.569732 1.111784 0.5859236 0.2373468 0.181633 -1.075392 -1.696 0.4157224 -0.8102689
15 5.310062 -0.2747997 -0.03288518 -0.705598 1.065936 0.7342311 0.1779889 0.3075591 -2.05481 -1.073632 0.3602248 -0.4584138
16 5.563501 -0.5613678 -0.1891988 -0.5025825 1.127556 0.3779373 0.2281024 0.3228599 -1.672419 -1.211937 0.2920805 -0.5093299
17 5.329684 -0.4268978 0.104459 -0.5976953 0.968702 0.3845078 0.2795608 0.3025164 -1.974117 -0.8762611 0.3312233 -0.5165427
18 5.569558 -0.4806226 -0.08056842 -0.5998513 1.026703 0.4490663 0.2058552 0.1313402 -1.704877 -1.13733 0.3333919 -0.5444085
19 5.304818 -0.3719553 -0.1298652 -0.5320706 1.074488 0.4158184 0.2287233 0.3561374 -2.009683 -0.5456253 0.353959 -0.5732982
20 5.347323 -0.4029498 -0.1224052 -0.7162717 1.132695 0.3886884 0.2353984 0.243674 -1.790351 -1.277641 0.245685 -0.4431636
21 5.306363 -0.4535841 -0.02656729 -0.6223956 1.041359 0.4522532 0.1926749 0.1953525 -2.38706 -1.010721 0.3424661 -0.3748581
22 5.40477 -0.5269041 -0.1638028 -0.4380723 1.325965 0.5398466 0.310188 0.2475773 -2.066481 -1.175804 0.3792078 -0.5223598
23 5.489666 -0.4259621 -0.2235722 -0.5753499 1.017276 0.6115996 0.2513941 0.1573077 -1.667236 -1.187726 0.4788823 -0.7286542
24 5.336148 -0.3297684 -0.1813197 -0.5611565 1.321961 0.5174169 0.203441 0.2908374 -2.576004 -0.8081447 0.4524339 -0.4671933
25 5.467717 -0.356661 -0.110086 -0.7322847 0.9402512 0.316376 0.1660725 0.2395584 -2.504493 -0.9468196 0.3611108 -0.4202776
26 5.425114 -0.380624 -0.2367563 -0.6128133 1.070845 0.3391696 0.2233378 0.2718129 -2.134597 -1.233577 0.3793092 -0.5182201
27 5.222365 -0.3133295 -0.04929229 -0.6559689 1.176665 0.5642662 0.2949307 0.1971414 -1.605624 -1.013395 0.4236971 -0.6551299
28 5.343877 -0.3909419 -0.1954971 -0.6794633 1.101584 0.3656288 0.2423974 0.218982 -1.236451 -1.360516 0.4965105 -0.7874687
29 5.359249 -0.4226076 0.01877991 -0.5817264 1.079997 0.4781317 0.2781823 0.2164203 -1.724021 -0.7433772 0.3620389 -0.6336715
30 5.361338 -0.3735322 -0.06438119 -0.7989896 0.9045125 0.4371451 0.2123989 0.1930713 -2.646884 -1.063286 0.371258 -0.3660222
31 5.393456 -0.3024465 -0.106147 -0.769629 1.099343 0.5415444 0.2628213 0.1915888 -1.376979 -1.270797 0.3889115 -0.6397393
32 5.290179 -0.4463796 -0.2131274 -0.4299616 1.088863 0.3782578 0.2560088 0.247999 -1.234646 -2.315367 0.3994217 -0.6972835
33 5.555455 -0.5273629 -0.3170375 -0.4124315 1.30635 0.4995115 0.267074 0.2346476 -0.7122261 -1.474715 0.1782267 -0.6407432
34 5.301729 -0.5194992 -0.1128397 -0.2918158 0.9858462 0.5805762 0.308574 0.203063 -3.127172 -0.8728534 0.6594597 -0.5853345
35 5.563053 -0.5497003 -0.5494482 -0.5266811 1.058521 0.5291015 0.3617567 0.4056348 -2.027368 -1.167134 0.4458578 -0.5717656
36 5.318302 -0.4418481 -0.02217739 -0.5354826 1.285608 0.6264906 0.3265238 0.2437187 -1.709456 -1.032471 0.3300467 -0.5572205
37 5.527573 -0.5014588 -0.1881192 -0.4689551 1.209475 0.43569 0.2178415 0.4289875 -0.8985173 -1.264079 0.3344747 -0.7498025
38 5.345703 -0.524171 -0.1916399 -0.5603457 1.199269 0.5479249 0.4323627 0.4248736 -2.317349 -0.5392114 0.4010748 -0.4856462
39 5.522747 -0.3502249 -0.2968449 -0.624583 1.218876 0.5428358 0.1999506 0.2394538 -3.507002 -0.6914011 0.4880992 -0.392972
40 5.325589 -0.5352697 -0.1566269 -0.5338322 1.255399 0.6814175 0.3737303 0.2508815 -2.408186 -0.8721206 0.4775701 -0.5711122
41 5.377296 -0.3312745 -0.1929365 -0.6390041 1.122658 0.573023 0.1736899 0.2064254 -1.796651 -0.7894887 0.385121 -0.6486777
42 5.230415 -0.3903344 0.06860385 -0.6011547 1.017418 0.6122838 0.2011956 0.1118998 -1.651603 -1.0269 0.3867986 -0.6361295
43 5.286172 -0.4033994 0.1455445 -0.6325163 0.9772643 0.5960829 0.08315365 0.2629467 -1.217972 -0.8776894 0.2123381 -0.6097175
44 5.440173 -0.4260945 -0.1740509 -0.6111194 1.014158 0.3800985 0.2375346 0.2449309 -1.714101 -0.6501155 0.2977835 -0.4769715
45 5.304371 -0.6254195 -0.3450803 -0.3832659 1.331021 0.4484988 0.3694683 0.3369093 -1.848831 -1.423687 0.2541594 -0.3990026
46 5.233972 -0.3442312 0.01594579 -0.5784528 0.9752462 0.6071792 0.1637371 0.1771785 -0.886012 -1.517709 0.4074327 -0.806541
47 5.507194 -0.5581485 -0.3516965 -0.4950597 1.130016 0.453409 0.3452122 0.2879663 -2.287072 -1.179322 0.2887713 -0.3430148
48 5.396794 -0.3703729 -0.1421435 -0.9004163 0.8638525 0.7392771 0.3249912 0.4107887 -1.973418 -1.259544 0.3788604 -0.5208861
49 5.250925 -0.4426203 -0.03403564 -0.591665 1.161073 0.2276151 0.1813391 0.4263099 -1.051004 -1.446318 0.4244673 -0.7879933
50 5.436996 -0.5438921 -0.2190221 -0.3578084 1.017908 0.342198 0.2329355 0.3076686 -1.718722 -1.459773 0.3702354 -0.5856358
51 5.436043 -0.5600857 -0.2509222 -0.4037672 1.107174 0.5738488 0.2198473 0.1351834 -2.448542 -0.7987922 0.412164 -0.5056067
52 5.349659 -0.5707588 -0.3154896 -0.2853962 1.161746 0.4197581 0.1992485 0.2096785 -2.441748 -0.9097832 0.3203654 -0.40706
53 5.421645 -0.5868103 0.006814312 -0.5107059 1.118676 0.5736039 0.1841034 0.2906233 -1.826136 -0.8326465 0.4475511 -0.7645776
54 5.444986 -0.3759298 -0.1772406 -0.7103748 1.009462 0.6544363 0.2144522 0.1203783 -1.735006 -1.067701 0.4289503 -0.6842394
55 5.539232 -0.5105469 -0.1747885 -0.5064656 1.067062 0.5719509 0.2690357 0.3820869 -2.421659 -0.7476516 0.403493 -0.507321
56 5.561373 -0.2942866 -0.3990183 -0.8307062 1.212868 0.6438311 0.1761668 0.2783098 -1.411433 -1.352281 0.3308654 -0.5526534
57 5.293421 -0.3471324 -0.07332202 -0.6820433 1.048587 0.3422886 0.3075237 0.3785574 -2.179997 -0.5796951 0.2885215 -0.3843539
58 5.154587 -0.3385674 0.164727 -0.6507011 1.145021 0.4634471 0.2288051 0.2629306 -2.761827 -0.7683093 0.4173398 -0.4543914
59 5.447164 -0.6278705 -0.1227939 -0.4624751 1.302399 0.3427279 0.2555598 0.3460409 -1.616333 -1.265062 0.4542867 -0.6571292
60 5.360126 -0.3177373 -0.1150059 -0.6815104 1.099355 0.4613393 0.2180967 0.3307232 -2.375585 -1.106939 0.5062737 -0.5969063
61 5.357742 -0.2190315 -0.03047223 -0.8409194 1.020513 0.4625529 0.2564552 0.2436373 -1.720302 -0.9459903 0.4437199 -0.668181
62 5.355826 -0.3990472 -0.2749269 -0.5666187 1.001526 0.5970377 0.2059404 0.1852284 -2.149858 -0.9182575 0.4149081 -0.5481363
63 5.407636 -0.2749225 -0.05641331 -0.8550771 1.144198 0.4132658 0.3198557 0.4727273 -2.857909 -0.4084268 0.2380415 -0.286416
64 5.377155 -0.3295836 -0.206992 -0.5512771 1.157118 0.2318598 0.2249933 0.4032347 -2.229564 -0.8222389 0.2913051 -0.4193526
65 5.429136 -0.4222118 -0.2685163 -0.6693935 1.317892 0.7725039 0.1934881 0.4042213 -2.573623 -1.221532 0.4087303 -0.4944367
66 5.161817 -0.3882303 0.05418294 -0.5155087 0.9968197 0.4884048 0.250311 0.1601858 -1.474489 -0.9516677 0.3084502 -0.6519534
67 5.13353 -0.3543763 0.2616683 -0.655329 1.186693 0.8181036 0.2435208 0.2828409 -1.36596 -0.9228798 0.2344889 -0.6218178
68 5.565858 -0.5790207 -0.3379423 -0.4385661 1.349377 0.4060592 0.177146 0.1950446 -1.801908 -1.238922 0.3161749 -0.511367
69 5.381608 -0.4175666 -0.01037612 -0.5494391 1.065915 0.4510068 0.2407532 0.2702233 -1.458613 -0.9697192 0.3634528 -0.6359598
70 5.463012 -0.3727225 -0.2339961 -0.6267389 1.045232 0.6492863 0.2757082 0.3914205 -2.077993 -0.5379932 0.3757699 -0.5025463
71 5.104812 -0.3483581 0.1743906 -0.5472735 1.111276 0.4346493 0.2058612 0.3311568 -2.79719 -1.137276 0.3348445 -0.3119132
72 5.287655 -0.3351877 0.184903 -0.762506 1.220138 0.3028514 0.2524208 0.376805 -2.199193 -1.097287 0.2839114 -0.4348332
73 5.431109 -0.4566429 -0.3167238 -0.6234839 1.152716 0.440532 0.4353739 0.5061234 -2.012552 -1.164259 0.2023602 -0.3340133
74 5.566589 -0.2833453 -0.2378614 -0.6985032 1.041928 0.3253879 0.2157857 0.2233211 -1.979737 -0.6406296 0.2489344 -0.4249568
75 5.359338 -0.5241105 0.1622142 -0.5787609 1.303389 0.682123 0.3605073 0.3048929 -2.443011 -0.9476598 0.2989826 -0.365467
76 5.490074 -0.5293255 -0.1427075 -0.5681622 1.111048 0.5644005 0.1953748 0.1457674 -1.821713 -1.29832 0.3057956 -0.456471
77 5.365385 -0.2555133 -0.1090553 -0.7839078 1.326782 0.8193157 0.3655253 0.2548132 -1.688683 -0.7694773 0.4061103 -0.6471756
78 5.388235 -0.4679401 -0.1679933 -0.4070373 1.200347 0.3536886 0.1768009 0.2623994 -2.143602 -1.066785 0.4619095 -0.5695866
79 5.344532 -0.3512446 0.01875783 -0.6014024 1.083771 0.5252106 0.3091631 0.3021988 -2.875696 -0.9770363 0.5129203 -0.4536378
80 5.425484 -0.2980758 -0.128628 -0.6386192 0.9086865 0.3509078 0.2939704 0.3586382 -2.050391 -1.23573 0.4237152 -0.6130991
81 5.323137 -0.4307447 0.1964291 -0.4738266 1.065926 0.4055577 0.2894397 0.257646 -1.742221 -1.090482 0.2215892 -0.4944665
82 5.34168 -0.5239754 -0.1234584 -0.549089 1.32893 0.7678906 0.09753649 0.3993346 -2.140011 -0.7168192 0.4300566 -0.6100116
83 5.445683 -0.4212972 0.02324588 -0.6410895 1.08005 0.6209214 0.2443526 0.1864703 -2.588602 -1.036162 0.4186205 -0.4736074
84 5.407963 -0.2980759 -0.1637658 -0.6174704 1.116401 0.6095452 0.2240874 0.18838 -2.586954 -1.019961 0.4393894 -0.4661135
85 5.453134 -0.4007714 -0.2236058 -0.6551981 1.399823 1.017078 0.2960574 0.174214 -1.630607 -0.8971716 0.2336957 -0.4964142
86 5.155522 -0.3638844 0.02336073 -0.6973691 0.9579522 0.2608629 0.1609485 0.2977558 -1.770204 -1.50262 0.482138 -0.7177392
87 5.339231 -0.3884605 -0.3010836 -0.5143762 1.156323 0.4010337 0.2131693 0.2046674 -3.182797 -0.5616172 0.3420291 -0.2895866
88 5.222522 -0.3073177 0.009975741 -0.6415359 0.9302079 0.4398578 0.2722731 0.3257599 -0.4150548 -1.977174 0.3405639 -0.8907329
89 5.3835 -0.4530838 -0.255154 -0.5765018 1.079356 0.4105767 0.198988 0.2434018 -1.685858 -1.066303 0.3754248 -0.6200798
90 5.38478 -0.3178989 -0.1439098 -0.6544057 1.141029 0.4718113 0.2317008 0.3470541 -0.6828025 -1.657627 0.4293434 -0.8844087
91 5.216111 -0.3979901 -0.1314355 -0.5562239 1.052278 0.3413661 0.2061954 0.1815869 -1.996335 -1.389585 0.3492562 -0.5454564
92 5.37856 -0.5577363 -0.03294047 -0.4595291 1.075411 0.3055855 0.1936048 0.2892466 -1.093923 -1.29055 0.3907509 -0.7336922
93 5.537717 -0.5326699 -0.2433713 -0.570158 1.386847 0.7340712 0.2590942 0.3183088 -1.775098 -1.386543 0.2061135 -0.3657282
94 5.384001 -0.3617597 -0.01883717 -0.6040532 1.114053 0.388604 0.2706882 0.2934615 -2.79281 -0.867071 0.4020256 -0.3246374
95 5.481386 -0.4553806 -0.288186 -0.6759966 1.367234 0.3245178 0.09363477 0.5558761 -1.624917 -1.103661 0.5511624 -0.8851784
96 5.300499 -0.416727 -0.02535284 -0.5801123 1.02693 0.3502096 0.2111539 0.2033174 -2.978827 -0.7858745 0.4513413 -0.3912927
97 5.227117 -0.5768547 0.1307366 -0.4067951 0.9415524 0.8799493 0.4689063 0.2882329 -2.54765 -0.3876308 0.3754889 -0.4957857
98 5.391871 -0.494729 -0.1470059 -0.6440377 1.060216 0.3284307 0.246989 0.2638072 -2.003036 -1.648949 0.288248 -0.4639562
99 5.244494 -0.4134471 0.002618061 -0.5103026 1.294598 0.7134849 0.2417838 0.1534558 -2.154442 -0.9487307 0.2546158 -0.3665847
100 5.36062 -0.3989122 -0.1095177 -0.5631299 1.10836 0.3692385 0.1875625 0.16942 -0.8219627 -1.338629 0.3602693 -0.702513
