1 5.367043 -0.2691162 -0.06176579 -0.7583906 0.4451561 0.400022 0.06056866 0.2166635 4.894259 -2.383947 -1.267379 0.2696892 -0.2493032
3 5.435959 -0.3366917 -0.03682084 -0.5485847 0.4626274 0.3188713 0.0754309 0.1910528 4.924214 -2.496036 -0.6796052 0.1712496 -0.2045322
4 5.272283 -0.2297404 0.0893139 -0.7754003 0.5226577 0.3776707 0.03869605 0.1775915 5.250008 -2.861999 -0.3365017 0.2647411 -0.2120866
5 5.518324 -0.3477931 -0.1778766 -0.6566688 0.4767157 0.3297854 0.144313 0.2419893 4.749535 -1.972207 -1.093311 0.2169816 -0.3996119
6 5.202839 -0.2946377 0.001343364 -0.6416491 0.5191811 0.3236511 0.1751501 0.1329715 6.074781 -1.139223 -1.424813 0.1887897 -0.5156282
7 5.24209 -0.3368779 -0.09398197 -0.6013547 0.4303373 0.4721469 0.1724245 0.1790587 4.408702 -2.127469 -1.07897 0.3842259 -0.4816212
8 5.319521 -0.3706516 0.1671125 -0.594375 0.4879045 0.4396472 0.1237777 0.2035719 5.013473 -3.075084 -0.5390604 0.2257512 -0.1591711
9 5.439826 -0.2073992 -0.3389861 -0.7420091 0.4649907 0.4831737 0.08626091 0.1602536 4.824424 -2.398106 -1.01986 0.2555432 -0.248097
10 5.32403 -0.3802282 -0.05029274 -0.6067269 0.5106325 0.4681177 0.0457669 0.2401863 7.540334 -2.841937 -0.9534534 0.3574461 -0.2853148
11 5.414118 -0.4175138 -0.01450991 -0.6036012 0.5880576 0.3982858 0.06148378 0.2833864 6.316616 -2.984606 -1.09273 0.2579463 -0.2007811
12 5.326048 -0.4548038 -0.2222054 -0.51651 0.511835 0.3993784 0.1382104 0.1622108 6.379364 -2.538737 -0.7520975 0.260847 -0.3596066
13 5.311551 -0.4083562 -0.1797801 -0.6260194 0.4491334 0.4207143 0.1357319 0.1877808 4.920478 -2.350045 -0.7157065 0.2794956 -0.3521708
14 5.186783 -0.3092537 -0.08266913 -0.5909647 0.605714 0.4833942 0.1022858 0.3120068 5.567463 -2.30257 -0.6217193 0.2100227 -0.2997899
15 5.489016 -0.3555692 -0.2589958 -0.6489108 0.4933516 0.5809225 0.12515 0.2456801 5.249583 -2.899729 -0.5206331 0.2616042 -0.2505639
16 5.464199 -0.4095352 -0.05793116 -0.5604644 0.4412938 0.3550047 0.1076934 0.2337462 4.438725 -2.092162 -0.9822633 0.2582732 -0.3605589
17 5.41098 -0.4119005 -0.05710909 -0.5945209 0.4782638 0.5462925 0.1208897 0.2124759 4.599383 -1.855293 -0.7825572 0.2254095 -0.4116525
18 5.37402 -0.3894187 -0.09413323 -0.6845377 0.5812489 0.32547 0.08016841 0.3013105 6.229138 -2.804429 -0.830856 0.2550942 -0.2214846
19 5.409864 -0.3854296 -0.1548905 -0.4738061 0.4818238 0.3562078 0.1471748 0.1618294 4.736792 -2.907267 -0.8454874 0.2352114 -0.1763787
20 5.478733 -0.3406583 -0.1933605 -0.6424503 0.487731 0.4410996 0.05435931 0.2217656 5.09243 -2.51482 -1.733546 0.3562971 -0.3632138
21 5.444196 -0.3164671 -0.2401373 -0.6463991 0.5303203 0.1718217 0.1682481 0.2095261 6.569167 -2.557027 -0.7474668 0.2571392 -0.2269929
22 5.459793 -0.4880966 -0.1892086 -0.4417614 0.5887303 0.5848876 0.1333752 0.2819998 6.484344 -2.179984 -1.637212 0.2426658 -0.3553525
23 5.352957 -0.4525883 -0.2128542 -0.5685192 0.4292058 0.3068515 0.07332437 0.1509955 4.383065 -1.651655 -1.575316 0.1903313 -0.3542598
24 5.343615 -0.4225108 0.1623212 -0.4154482 0.4651683 0.4891629 0.08355327 0.2302038 4.365511 -2.10632 -0.7505856 0.2687017 -0.383599
25 5.482133 -0.3185884 -0.2120896 -0.7383055 0.5542275 0.4262322 0.04767789 0.2800332 4.39792 -1.886061 -1.178007 0.2618904 -0.4099039
26 5.691511 -0.4057772 -0.3382169 -0.5879926 0.4947137 0.4371771 0.1090659 0.1886096 5.841928 -2.430425 -1.051578 0.2497572 -0.3115722
27 5.351323 -0.3306908 -0.1468953 -0.6124292 0.5315901 0.3604938 0.1813381 0.1495671 5.154435 -1.706652 -0.9076834 0.1460911 -0.3561962
28 5.390326 -0.4236607 -0.005504661 -0.5532376 0.5079668 0.3214864 0.1387834 0.2140547 3.701349 -2.463321 -0.5403299 0.1964003 -0.2147606
29 5.398908 -0.2994366 -0.2618537 -0.6451207 0.4939249 0.4389056 0.1898655 0.2060261 5.347592 -2.236984 -0.8179646 0.2290297 -0.3697918
30 5.502806 -0.3610909 -0.1057957 -0.6137337 0.5400458 0.4889838 0.01893194 0.2607506 6.070533 -2.324495 -0.8708826 0.2991246 -0.3439216
31 5.287472 -0.4006213 0.03603829 -0.6957974 0.5412835 0.6405946 0.09667029 0.1895383 5.046445 -2.305462 -1.070555 0.3009586 -0.3890625
32 5.306352 -0.2766816 -0.06330911 -0.7222068 0.4656902 0.4449214 0.09071548 0.1628179 5.108305 -3.485937 -0.6339249 0.3134242 -0.1544238
33 5.354328 -0.3093957 -0.128184 -0.7908147 0.5184475 0.4337737 0.05967256 0.2554497 6.05832 -1.87075 -0.8928619 0.2400079 -0.3819066
34 5.346987 -0.3204596 -0.1256702 -0.5858075 0.5032378 0.3261561 0.0342668 0.1986688 4.817511 -1.944162 -0.8941776 0.1842057 -0.3320826
35 5.277832 -0.2378953 -0.152808 -0.7249428 0.5935236 0.3786315 0.1484468 0.1774741 5.17814 -2.070312 -1.088516 0.1895561 -0.3237602
36 5.356047 -0.3835714 -0.0701975 -0.5891285 0.5190008 0.4399714 0.1072556 0.1592676 6.083868 -2.718052 -0.7420443 0.2844984 -0.3314296
37 5.302197 -0.2938227 -0.1339432 -0.6146579 0.5188703 0.357511 0.1354694 0.1951161 6.001558 -2.73699 -1.330037 0.2672337 -0.2705218
38 5.285476 -0.3733536 -0.09031732 -0.5627388 0.4903492 0.2441975 0.09133158 0.2636812 6.032897 -3.257415 -0.4231075 0.2502551 -0.1192168
39 5.201672 -0.4514974 -0.0871654 -0.5073304 0.4860067 0.3378176 0.1241368 0.1906665 5.338528 -2.699686 -0.7666783 0.2389324 -0.3040554
40 5.451208 -0.4195354 -0.371147 -0.5396298 0.544675 0.4966029 0.1512054 0.245616 6.428027 -1.858074 -1.174893 0.2542743 -0.3821201
41 5.282259 -0.4172219 -0.1085438 -0.3538384 0.4907243 0.5256351 0.06525752 0.1576503 5.928096 -2.875512 -0.403611 0.3345053 -0.2944903
42 5.219792 -0.3356304 -0.04051777 -0.5438911 0.5892237 0.5549462 0.1929871 0.2499035 8.025101 -1.651204 -1.243699 0.2038813 -0.404043
43 5.187775 -0.3651637 0.05565476 -0.599795 0.5569317 0.4812733 0.1013285 0.2403602 5.338223 -2.313764 -0.7637097 0.2363601 -0.3303312
44 5.334992 -0.3810115 0.08562703 -0.5185343 0.4565235 0.4285622 -0.002985421 0.1717164 4.335934 -2.014577 -0.5004259 0.2246273 -0.380022
45 5.21053 -0.3937815 0.06020345 -0.6010883 0.4747737 0.3466006 0.1439864 0.1790781 5.080374 -1.913563 -1.01274 0.165344 -0.3031704
46 5.242164 -0.3000885 -0.04295013 -0.7003229 0.4599524 0.4435122 -0.03198553 0.2505262 4.794554 -3.015513 -0.5036939 0.1739678 -0.1756584
47 5.271412 -0.1997564 0.01659072 -0.7920723 0.4720606 0.419683 0.080904 0.2079256 6.243306 -2.448645 -0.7844967 0.2112668 -0.2445296
48 5.306037 -0.32732 -0.09326186 -0.7097583 0.4516126 0.377278 0.08988891 0.1587865 5.65456 -2.274026 -0.8838143 0.2220114 -0.2789699
49 5.308162 -0.2940086 0.05133479 -0.6325194 0.4689708 0.5196258 0.04109198 0.2268701 4.801389 -2.951679 -0.4183679 0.2457365 -0.2092768
50 5.320017 -0.4190172 -0.2183012 -0.5439327 0.4919442 0.2369791 0.131996 0.219777 4.414848 -1.863546 -0.6333947 0.2007775 -0.3971128
51 5.353593 -0.3246929 0.001034025 -0.6732063 0.5313714 0.4471446 0.11058 0.1592826 5.64704 -1.726033 -0.9558271 0.2225727 -0.3899718
52 5.365647 -0.408843 -0.1778 -0.5320537 0.5122145 0.6674478 -0.0006528743 0.213945 4.751434 -2.118547 -0.7607412 0.1734702 -0.3566508
53 5.291196 -0.3099331 0.2103789 -0.7827414 0.4840735 0.34446 0.1547777 0.1208963 6.567919 -2.608927 -0.8542314 0.2131572 -0.2377514
54 5.404927 -0.4646935 -0.383139 -0.5483676 0.474497 0.4566996 0.07860142 0.1588602 6.085528 -1.691553 -0.9128248 0.1723654 -0.4173515
55 5.257485 -0.3940098 -0.175815 -0.6249691 0.630906 0.3877182 0.09213233 0.2979026 9.172204 -1.685727 -1.450428 0.2173273 -0.3426389
56 5.610392 -0.2806859 -0.3333759 -0.5974595 0.4679277 0.3352735 0.116224 0.2231467 4.07749 -2.553611 -1.4901 0.2441163 -0.2263144
57 5.206035 -0.2907674 0.1077324 -0.8309159 0.5465894 0.348507 0.1426022 0.2621815 6.170026 -2.695571 -0.4387055 0.2222994 -0.2896497
58 5.334727 -0.4480683 -0.2053133 -0.52256 0.5597137 0.4127224 0.1497316 0.214993 5.090113 -2.747725 -0.529226 0.2697117 -0.2508799
59 5.394951 -0.481716 -0.2138536 -0.5424799 0.4766072 0.5125736 0.06167733 0.2035638 6.622646 -1.736456 -0.9677487 0.35776 -0.5712078
60 5.37702 -0.4077899 -0.1803946 -0.5627895 0.5220652 0.5787812 0.04396645 0.2090154 9.775715 -2.108496 -0.9174862 0.2788071 -0.3657834
61 5.521146 -0.2850323 -0.452637 -0.7195117 0.5319181 0.3643677 0.1004542 0.2121761 5.283855 -1.80743 -1.79096 0.2395307 -0.3674701
62 5.404577 -0.3787984 -0.1090173 -0.6071126 0.461087 0.5184233 -0.02799512 0.291492 5.658893 -2.36917 -1.317158 0.2218024 -0.2184178
63 5.323081 -0.4371336 -0.04542589 -0.5577166 0.5157337 0.4212698 0.1199332 0.2167247 4.897313 -2.435743 -1.27201 0.2287271 -0.2986605
64 5.361761 -0.4302065 -0.06718151 -0.534022 0.4843044 0.4599786 0.1659601 0.2655919 5.816037 -2.257684 -1.022112 0.2827691 -0.3599824
65 5.315369 -0.2683277 0.01778893 -0.7393694 0.5571002 0.2096412 0.05766032 0.2159128 6.850256 -2.51624 -0.7466107 0.298108 -0.3315396
66 5.452975 -0.3722054 -0.2013055 -0.736794 0.500529 0.3738795 0.1332976 0.1872219 4.403467 -2.005396 -1.052938 0.25271 -0.3394348
67 5.212601 -0.3429086 -0.02139225 -0.5769801 0.5464278 0.28096 0.08830724 0.2304902 5.832875 -1.557264 -0.6611585 0.1854466 -0.4645546
68 5.422798 -0.3910339 -0.2712653 -0.4800768 0.5138835 0.3329499 0.0689903 0.2602026 5.123851 -1.897285 -0.766473 0.2131154 -0.3734176
69 5.298445 -0.4434304 -0.1215743 -0.5481779 0.4854502 0.5542115 -0.02658937 0.2481987 4.783606 -1.179282 -1.084448 0.1557596 -0.5322432
70 5.315118 -0.3141169 -0.1615957 -0.7043916 0.4833672 0.49965 0.09148331 0.1846238 3.823842 -2.468827 -1.058891 0.2375727 -0.2478217
71 5.36694 -0.3334014 0.0911258 -0.5594235 0.5883619 0.464208 0.04087274 0.2311595 5.273417 -1.526323 -0.8622364 0.1827566 -0.4359961
72 5.234868 -0.3774292 -0.04988984 -0.6268281 0.507181 0.3298317 0.06607766 0.1944491 4.136488 -2.399561 -0.5464683 0.1934817 -0.2461488
73 5.41468 -0.5180252 0.05883016 -0.5105573 0.5700083 0.2489358 0.1746304 0.1970091 5.651234 -2.21447 -1.254253 0.2839785 -0.3118333
74 5.576744 -0.3714349 -0.4340972 -0.5334678 0.4463727 0.4158555 0.06876763 0.2151645 4.360992 -2.752438 -1.274524 0.3575472 -0.3051352
75 5.353141 -0.3663104 0.07400352 -0.7799486 0.4278387 0.3628943 0.08087237 0.140461 4.120221 -2.300767 -0.8845434 0.2664319 -0.3851545
76 5.678335 -0.3505416 -0.541253 -0.5490204 0.5565805 0.4722645 0.1412472 0.1761006 8.506346 -1.275357 -1.637364 0.2658021 -0.5293847
77 5.396201 -0.4649311 -0.1279511 -0.5399907 0.4944301 0.3697742 0.1292729 0.1993731 5.008861 -2.576549 -1.355616 0.2142392 -0.2203057
78 5.388946 -0.391839 -0.03156247 -0.5213987 0.515866 0.386805 0.09258823 0.2037093 5.330796 -2.976086 -1.259798 0.2565765 -0.1836937
79 5.473609 -0.5133073 -0.2522415 -0.4713088 0.4490397 0.469231 0.09777316 0.1419646 4.74642 -1.933804 -1.345334 0.2449078 -0.3839813
80 5.291101 -0.3905552 -0.0246321 -0.6330737 0.4811151 0.4639479 0.07333578 0.2284882 5.074898 -2.239566 -1.010418 0.2993795 -0.4246017
81 5.506932 -0.5266739 -0.316028 -0.5816883 0.4765314 0.494641 0.1935015 0.1875105 4.38124 -2.127257 -0.900524 0.2202587 -0.3511866
82 5.50849 -0.2166467 -0.2128097 -0.7728377 0.4965727 0.2560114 0.06781473 0.163594 4.616856 -2.593524 -0.4859065 0.1792366 -0.2845137
83 5.365099 -0.4819195 -0.09051613 -0.4716525 0.4875519 0.2915385 0.1444125 0.1596727 3.896718 -2.882741 -0.8869704 0.2473705 -0.2364578
84 5.20431 -0.2127026 0.0154541 -0.8380317 0.5366593 0.4594474 0.1142791 0.2767522 5.822116 -2.834096 -1.006395 0.4145633 -0.3499917
85 5.323097 -0.3568998 -0.03193335 -0.7568612 0.4053546 0.3458393 0.04574777 0.1937167 4.947337 -1.930758 -1.22193 0.3253259 -0.5192289
86 5.463249 -0.4431091 -0.1935651 -0.5620667 0.5336219 0.4786685 0.1121103 0.1817683 5.486356 -2.453145 -0.9576173 0.2170178 -0.2446684
87 5.290239 -0.3659181 0.05633859 -0.6941853 0.5221983 0.3954464 0.1535476 0.216387 7.281007 -1.898774 -1.077635 0.3141481 -0.4598802
88 5.273799 -0.399112 -0.1369125 -0.5824566 0.4687398 0.4501634 0.001631778 0.2577569 4.992339 -1.607828 -1.587932 0.2274075 -0.4617069
89 5.280813 -0.3224956 -0.116536 -0.5843895 0.4699076 0.5011224 0.03469464 0.2129608 6.344402 -3.112376 -1.016423 0.3341386 -0.296123
90 5.319242 -0.4763244 -0.1095677 -0.5523834 0.5049068 0.3317335 0.154497 0.1705654 5.338568 -2.159698 -1.454018 0.3310193 -0.3789167
91 5.290272 -0.3280828 0.04204188 -0.6553788 0.4669684 0.5806777 0.04628531 0.1569059 3.952165 -2.47453 -0.5815312 0.1811605 -0.2831791
92 5.14499 -0.3886622 0.1200595 -0.6308314 0.5255654 0.3044679 0.1155876 0.2249003 4.680187 -2.250468 -0.667533 0.1314015 -0.2701539
93 5.309856 -0.2855786 0.05778411 -0.6921447 0.4976937 0.3972626 0.09075913 0.2274566 4.272926 -1.879397 -1.361175 0.1828534 -0.2777524
94 5.364962 -0.3720261 -0.1348568 -0.7295208 0.469494 0.4322404 0.07909359 0.1677029 3.963214 -2.071395 -0.9189361 0.2254432 -0.347716
95 5.412825 -0.355552 -0.1307236 -0.6454965 0.5079767 0.532595 0.01795663 0.2245306 4.885291 -2.691365 -0.6888133 0.2445183 -0.2531746
96 5.300605 -0.4856467 -0.1825634 -0.458531 0.5639478 0.3796147 0.1083136 0.2049957 7.502261 -1.449179 -1.089406 0.2122692 -0.4761034
97 5.474764 -0.4072302 -0.3332671 -0.5169662 0.510133 0.367269 0.09235039 0.1805283 5.162635 -2.162202 -1.420114 0.2517369 -0.3357762
98 5.400667 -0.3966182 -0.07421137 -0.6397233 0.5105155 0.4974604 0.09556044 0.1599777 5.553133 -2.120519 -0.9041747 0.2289719 -0.3715543
99 5.366179 -0.4918588 -0.07344352 -0.5759311 0.4918667 0.5405518 0.05149478 0.1928059 4.444177 -2.390152 -0.9550189 0.2258322 -0.2904139
100 5.161901 -0.4302026 0.2352158 -0.5938622 0.5209849 0.4608366 0.1075315 0.2030811 5.511353 -2.805757 -1.219827 0.3266707 -0.2942802
101 5.30788 -0.3865766 -0.07781209 -0.5196319 0.4951193 0.4326643 0.1096344 0.2488565 4.957147 -2.775572 -0.9203438 0.3169027 -0.2723113
