1 0.09927175 0.07936109 0.1352799 0.1021953 0.08840476 0.0473038 0.04605258 0.03764465 0.7473609 0.5362268 0.3298585 0.07904514 0.127785
3 0.08931145 0.0680043 0.1274722 0.09520773 0.08248852 0.0436654 0.04199248 0.03834102 0.75755 0.4800471 0.3023532 0.0759334 0.1005153
4 0.09573161 0.06907807 0.136575 0.09640674 0.0962281 0.04868429 0.04467105 0.04421401 0.9012054 0.5710023 0.2943832 0.08761842 0.136707
5 0.09320714 0.07371934 0.1295759 0.1008859 0.08205311 0.04518823 0.04961889 0.03991009 0.7512123 0.4653784 0.3610075 0.1036513 0.1171083
6 0.09037574 0.06230788 0.1309251 0.08682796 0.08569869 0.04292187 0.03878078 0.0433856 1.222057 0.4887158 0.3498802 0.09239008 0.1207002
7 0.1007718 0.06731666 0.1394531 0.09070933 0.09827386 0.04543179 0.04007161 0.03728668 0.6778449 0.4229963 0.3235816 0.1240687 0.1518714
8 0.09927109 0.06959139 0.1413425 0.09784884 0.09479456 0.04693355 0.0446497 0.04132651 0.7930119 0.5286203 0.3170789 0.08839763 0.1242963
9 0.09980224 0.06610993 0.1430569 0.09231874 0.09855682 0.04539031 0.03894328 0.03993808 0.7543276 0.4967714 0.3282823 0.08114549 0.1067281
10 0.1049763 0.0845868 0.1431724 0.1062776 0.09960282 0.05294968 0.05087718 0.04103942 1.588311 0.6136689 0.3304115 0.1081852 0.1759528
11 0.1018214 0.08153717 0.1424433 0.1104458 0.0990879 0.05568161 0.05755092 0.04788587 1.183578 0.5761794 0.3604545 0.09966855 0.1389389
12 0.09991705 0.0677275 0.1364276 0.09105743 0.09267247 0.04395931 0.03932486 0.0403973 1.20832 0.5336286 0.3484789 0.1162608 0.1592727
13 0.09556381 0.06754744 0.1356485 0.09451131 0.09352444 0.04388822 0.04328761 0.03882703 0.8206866 0.4553566 0.3116464 0.09552076 0.1194385
14 0.1086563 0.08413096 0.1513153 0.1156637 0.1124633 0.06227501 0.06363966 0.05049125 0.9485026 0.4192394 0.3074316 0.08706992 0.1100484
15 0.1092425 0.07641895 0.1523744 0.1032133 0.115486 0.05513494 0.05039993 0.04173289 0.901973 0.4802771 0.328444 0.1013156 0.1297236
16 0.09375986 0.07287119 0.1298757 0.1001175 0.08377964 0.04492801 0.04754082 0.03864471 0.6960144 0.4683246 0.3187369 0.09474875 0.122033
17 0.1060719 0.07235013 0.1490999 0.09889377 0.1090242 0.04975482 0.04637308 0.04204326 0.7336693 0.4303188 0.3187924 0.09283527 0.1193395
18 0.09370392 0.08389458 0.135649 0.1137496 0.08896638 0.05237259 0.06060926 0.0473878 1.110879 0.5477506 0.3357589 0.09122035 0.1290696
19 0.09476083 0.06691901 0.1331544 0.09176332 0.08657036 0.04272522 0.04073954 0.04059049 0.7221483 0.497758 0.3204734 0.08709475 0.1248241
20 0.0992789 0.07297026 0.1404021 0.09783105 0.09655148 0.04934513 0.04857136 0.04001037 0.8336129 0.5641293 0.4083846 0.1041546 0.1403411
21 0.08475034 0.07565153 0.1183119 0.1003985 0.06860789 0.04256025 0.0477667 0.04235071 1.166704 0.5662742 0.3110031 0.08583998 0.1358638
22 0.1102098 0.08027422 0.1555306 0.1086829 0.1205867 0.05930259 0.05748308 0.04600227 1.199578 0.4786262 0.4003702 0.1030799 0.1370807
23 0.09013854 0.06652985 0.1242914 0.08876226 0.07610204 0.03974674 0.03752514 0.0369856 0.6689749 0.4299548 0.3435399 0.08590591 0.10678
24 0.1017422 0.072457 0.1433116 0.1003469 0.1018316 0.04973992 0.04970525 0.04089642 0.6783257 0.4365882 0.2961408 0.1042447 0.1361341
25 0.09909876 0.07649571 0.1437274 0.1091128 0.1034947 0.05670116 0.06015556 0.04824637 0.6916966 0.408232 0.3411827 0.09342382 0.1043062
26 0.1009889 0.06951913 0.1400055 0.09490246 0.09575162 0.04664287 0.04225237 0.04049405 1.03772 0.5407718 0.3593598 0.1024506 0.1368653
27 0.09995285 0.07062038 0.1366772 0.09380304 0.08934343 0.04517876 0.04051866 0.04548819 0.8677958 0.4751608 0.3139286 0.08344541 0.1177267
28 0.09376371 0.07209905 0.1335605 0.1022706 0.08669247 0.04815165 0.04942065 0.04834407 0.5511219 0.384433 0.2759992 0.07422972 0.0862171
29 0.09819496 0.07014736 0.1398141 0.09776509 0.09529171 0.04650672 0.04371296 0.04015313 0.844676 0.4684944 0.3516332 0.09755506 0.1135247
30 0.107157 0.08858754 0.1468885 0.1099227 0.1038863 0.05509976 0.05378767 0.04578022 1.106903 0.5992825 0.3258432 0.1092335 0.1787547
31 0.1111861 0.07066116 0.1585337 0.09869865 0.1258692 0.05381834 0.04504512 0.04546348 0.8108413 0.3834091 0.3289577 0.1048922 0.1145623
32 0.09826077 0.06749167 0.1391114 0.09073458 0.09671257 0.044162 0.03962788 0.03972591 0.8612561 0.6685453 0.3478761 0.1058363 0.16964
33 0.1007034 0.07558185 0.140506 0.1041772 0.09772595 0.05159423 0.0526232 0.04186519 1.065962 0.495134 0.3168371 0.09009353 0.1275891
34 0.09291242 0.07413334 0.1313527 0.09835243 0.08381879 0.04542539 0.04573733 0.04279284 0.7568897 0.5379455 0.328039 0.0832016 0.1189373
35 0.1008934 0.07248221 0.141217 0.09855824 0.09982023 0.05018575 0.04508159 0.05006619 0.8871625 0.4287362 0.3339431 0.08831302 0.1098048
36 0.09802059 0.06389017 0.1406384 0.09137402 0.0976253 0.04446165 0.03977622 0.04291448 1.152983 0.6055982 0.3601414 0.1147241 0.1579486
37 0.09411395 0.06921627 0.1339364 0.09594961 0.0871 0.04482868 0.04478627 0.04155155 1.076954 0.6671926 0.4114532 0.1012995 0.1505433
38 0.08652394 0.07733856 0.1220955 0.1054952 0.07383956 0.0460176 0.05298427 0.0399752 1.045888 0.5392737 0.3008208 0.0839479 0.1163079
39 0.0937254 0.06966651 0.1303827 0.0949745 0.08483285 0.04453885 0.04206386 0.04151723 0.9428767 0.5500653 0.3579889 0.1105723 0.1523901
40 0.1075763 0.08014014 0.1470869 0.1060082 0.1071675 0.05234204 0.05319908 0.0464234 1.261574 0.4493096 0.3266505 0.09002135 0.1216855
41 0.1066413 0.06749023 0.1468685 0.09153248 0.1050487 0.04748764 0.03925875 0.04168589 1.11613 0.5055162 0.2883115 0.1015843 0.1329129
42 0.1068885 0.07835012 0.1525753 0.1063708 0.1180479 0.05710539 0.05402423 0.04612525 1.804943 0.4084124 0.3298191 0.09542301 0.1223172
43 0.1001641 0.07231641 0.1480126 0.1050536 0.1074898 0.05426718 0.05523788 0.04600821 0.8901255 0.470999 0.3306083 0.09261851 0.1273699
44 0.09803705 0.06759187 0.1370791 0.0923096 0.09344319 0.04573568 0.04088297 0.03935042 0.6516361 0.5116307 0.2880326 0.08265015 0.1323338
45 0.09144558 0.06877156 0.1309368 0.09392748 0.08465189 0.04246913 0.04286726 0.03980614 0.8386485 0.4065603 0.3060796 0.08145559 0.1023087
46 0.1036753 0.07652587 0.1395892 0.1020241 0.09294491 0.04907821 0.04773767 0.04015923 0.7978049 0.6389057 0.3708819 0.09510529 0.1460078
47 0.09699769 0.07136017 0.1365079 0.09708789 0.09087749 0.04632208 0.04602862 0.03926361 1.151525 0.6198258 0.3416829 0.09368332 0.1550545
48 0.09453425 0.0654797 0.1315129 0.08927881 0.08600005 0.04311756 0.03909277 0.03692169 0.9857633 0.5243892 0.3235407 0.09255211 0.138633
49 0.1003851 0.07097718 0.1460324 0.1004803 0.1036243 0.04948345 0.04711027 0.03939806 0.7418405 0.4891846 0.3051408 0.086467 0.1167273
50 0.08844687 0.07166885 0.1225917 0.09952835 0.07449215 0.04357013 0.04832807 0.04174096 0.6481987 0.4650771 0.3075977 0.08536922 0.1091235
51 0.1001904 0.07048556 0.142316 0.09428874 0.1035748 0.04736695 0.04127743 0.04365219 0.9801725 0.4269369 0.297741 0.0871863 0.1111292
52 0.1153642 0.07053574 0.1595562 0.09901415 0.1266055 0.05645268 0.04753507 0.04323472 0.7493563 0.4850777 0.3502677 0.09595801 0.1302562
53 0.09150273 0.06231394 0.1292685 0.08501503 0.08668927 0.03830489 0.03361922 0.03806271 1.231654 0.5798966 0.3432152 0.09307347 0.1385814
54 0.09737611 0.06633329 0.1398486 0.09084924 0.09663144 0.04488885 0.0392529 0.03912553 1.112449 0.48799 0.3461031 0.09669182 0.1261031
55 0.1027233 0.09227661 0.1426696 0.1181405 0.102396 0.05919488 0.06437182 0.05057898 2.254759 0.4915757 0.3285348 0.0836972 0.1285297
56 0.0908224 0.07177509 0.1307297 0.09958233 0.08124274 0.04404921 0.04605641 0.04053336 0.5721725 0.5147986 0.3716179 0.08716814 0.1163039
57 0.09693101 0.07918764 0.1349722 0.107531 0.08967756 0.04896572 0.05322191 0.04438586 1.099144 0.5048123 0.3368852 0.09850126 0.129746
58 0.09981601 0.0777681 0.1432207 0.1054969 0.09744539 0.05054603 0.04810318 0.05071276 0.8829826 0.4679138 0.3048318 0.08983337 0.1158985
59 0.1007932 0.06973303 0.1436983 0.09592383 0.1049984 0.04939171 0.0456943 0.03900553 1.314911 0.5446564 0.3367035 0.1196966 0.1735343
60 0.1040547 0.06938595 0.1496997 0.09779151 0.1122363 0.05230958 0.04888359 0.04135645 2.609435 0.5235698 0.3177898 0.09586705 0.1272877
61 0.09392057 0.07539832 0.1361091 0.1010657 0.09383286 0.04855002 0.05014055 0.04491712 0.9201636 0.5625811 0.4072997 0.09412158 0.1354868
62 0.1051973 0.08143026 0.144568 0.107148 0.1052997 0.05793228 0.05706748 0.03770529 1.014888 0.6204931 0.3445474 0.09400421 0.1628992
63 0.09919846 0.07137328 0.1402314 0.09971233 0.09797693 0.04915039 0.04769121 0.04216999 0.7474353 0.4864636 0.3735795 0.08952307 0.1282838
64 0.1020574 0.08076541 0.1407893 0.1061342 0.09696076 0.05209717 0.05464265 0.04094182 1.113527 0.4092531 0.3193318 0.106229 0.1289521
65 0.08751758 0.07389971 0.1225079 0.1011516 0.07649664 0.04588079 0.04907197 0.04333249 1.313876 0.5986542 0.3273437 0.105696 0.1546623
66 0.09650038 0.07058333 0.1366241 0.09773612 0.08981589 0.04775503 0.04529915 0.04615253 0.7225327 0.4427719 0.3100993 0.08711958 0.1179894
67 0.09439787 0.07669439 0.1299876 0.1027362 0.08309583 0.04903382 0.05195374 0.04556854 1.040902 0.5111571 0.3076681 0.08908429 0.1395103
68 0.09460991 0.07711396 0.1329433 0.1065924 0.08605746 0.05015284 0.05422219 0.04478652 0.873361 0.4518079 0.2985532 0.08734595 0.1107907
69 0.1080496 0.07472408 0.1499615 0.1022631 0.1081472 0.054979 0.05094274 0.04394847 0.8183999 0.4687145 0.3326411 0.09691118 0.1258596
70 0.1010941 0.06938185 0.1446762 0.09612526 0.1081223 0.04939413 0.04518674 0.04355681 0.555385 0.3813098 0.3163131 0.08611257 0.1017145
71 0.1050529 0.07787318 0.1477723 0.1037442 0.1108891 0.05768139 0.05482717 0.04761985 0.850116 0.4984486 0.3055566 0.08942633 0.1364749
72 0.09064882 0.06889158 0.1334496 0.09763207 0.08774168 0.04686844 0.04636612 0.04527749 0.6308304 0.3865828 0.2841251 0.07584897 0.09232485
73 0.09304107 0.07741348 0.1298155 0.1031915 0.07959014 0.04564678 0.04810968 0.04712424 0.9067757 0.4131616 0.3119112 0.08577783 0.09928988
74 0.09633115 0.07083051 0.1350346 0.09641836 0.09330617 0.04638846 0.04693433 0.03785478 0.6603091 0.5145089 0.3540843 0.1024116 0.1207176
75 0.09189018 0.06271956 0.130127 0.08581563 0.08096734 0.03836941 0.03502127 0.0383197 0.6280504 0.5322464 0.3513499 0.110107 0.1462787
76 0.1026323 0.07065881 0.143965 0.09531408 0.1053239 0.05034454 0.04390505 0.04287683 1.933591 0.5499322 0.3726312 0.104158 0.1375984
77 0.09416846 0.07123111 0.1341767 0.09776648 0.08871309 0.04587924 0.0444753 0.04208019 0.8324685 0.5304682 0.370895 0.08948813 0.1272528
78 0.09746328 0.07163808 0.1375076 0.09904033 0.09181636 0.04852267 0.0448234 0.04226979 0.862164 0.5674634 0.3668541 0.09552788 0.1314315
79 0.1016856 0.06408783 0.1413129 0.08694079 0.09565376 0.04317429 0.03541611 0.03877665 0.7566674 0.4683834 0.3465618 0.09675276 0.1248183
80 0.1029088 0.07073611 0.1423632 0.09840287 0.09939809 0.04994213 0.04773745 0.04119994 0.8989544 0.4724178 0.342397 0.1172063 0.1460216
81 0.1037281 0.07032255 0.1452599 0.09453259 0.103184 0.04783969 0.0432213 0.0413845 0.6734457 0.4205195 0.3272093 0.0910264 0.112034
82 0.08700507 0.06251202 0.1232653 0.09076877 0.07528957 0.03937135 0.03938994 0.04174198 0.7148705 0.4129266 0.351941 0.09592227 0.09677366
83 0.09063318 0.06561276 0.1286977 0.09094327 0.07685864 0.03995735 0.0389862 0.04348443 0.5584642 0.4242963 0.3462991 0.1012986 0.1187964
84 0.101138 0.08314453 0.1448311 0.11093 0.1028832 0.05556798 0.05730161 0.04368254 0.975443 0.4630821 0.324663 0.1149614 0.1381907
85 0.08767307 0.0667004 0.1252065 0.09158449 0.07808241 0.04143405 0.03948013 0.03423144 0.8120716 0.5773342 0.3795127 0.129536 0.1681569
86 0.1008822 0.06929916 0.1466338 0.09675937 0.1025769 0.04858624 0.04481775 0.04520772 0.9435083 0.504392 0.3294851 0.08375522 0.1152674
87 0.09689332 0.07465532 0.136803 0.09974747 0.09486433 0.04940373 0.04648798 0.04154854 1.466618 0.4449413 0.3290102 0.110867 0.1391044
88 0.09698136 0.07496199 0.1392843 0.1029438 0.0974885 0.05138838 0.05255166 0.03949341 0.8351439 0.5731022 0.4026831 0.1096919 0.1613748
89 0.102532 0.07086672 0.1417911 0.09668902 0.1024162 0.04792081 0.0430856 0.0372406 1.158439 0.6476431 0.3901685 0.131797 0.1831471
90 0.09357459 0.07286682 0.1320982 0.09673678 0.08468142 0.04483689 0.04187951 0.04304077 0.8981324 0.4832406 0.3434933 0.1015769 0.1438671
91 0.1058535 0.06323343 0.1505523 0.08897081 0.1133337 0.04800597 0.03858869 0.04019109 0.5604922 0.5010961 0.3328179 0.09479522 0.1321015
92 0.0953156 0.07302877 0.1312326 0.1019991 0.08362161 0.04663926 0.04799141 0.04589112 0.7532976 0.3783857 0.3127232 0.0823191 0.09428445
93 0.1009285 0.07924907 0.1385765 0.1042023 0.09380257 0.04915058 0.049324 0.04446888 0.6589933 0.4102632 0.3188739 0.08114316 0.1126079
94 0.09727214 0.0685957 0.1396958 0.09394154 0.09383299 0.04575807 0.04061564 0.04254789 0.5786963 0.4242378 0.3125464 0.08594266 0.1024812
95 0.1058182 0.07270518 0.1488371 0.1012805 0.1102927 0.05478375 0.0477455 0.04305721 0.7724628 0.5316023 0.3248556 0.09084239 0.1233971
96 0.09845595 0.07630356 0.1377561 0.1009028 0.09714606 0.05024278 0.0490015 0.04480561 1.589474 0.5126888 0.3183427 0.1020931 0.1700272
97 0.09359866 0.0691887 0.1344568 0.09528856 0.09063972 0.04480403 0.04181434 0.04334096 0.8856803 0.5211029 0.3621205 0.09699261 0.1267488
98 0.1032308 0.07005599 0.1454591 0.09321756 0.1041282 0.0455534 0.03994244 0.04179425 0.943246 0.4635356 0.3258109 0.09015966 0.1141614
99 0.1014218 0.06915374 0.1496806 0.09656418 0.1089176 0.05056204 0.04478388 0.04306222 0.6959909 0.5113083 0.3353402 0.0952057 0.1405594
100 0.1046727 0.07425308 0.1437109 0.09915147 0.1007122 0.04901615 0.04634054 0.04288041 0.9161634 0.509261 0.3569841 0.1003848 0.1316422
101 0.0960416 0.07318232 0.1413464 0.1029945 0.09648573 0.05098074 0.05275883 0.04172822 0.7915702 0.4586242 0.316808 0.09594042 0.1128578
