1 1.830366 1.600954 1.552108 3.50047 1.67873 1.616865
3 1.853457 1.606099 1.503619 2.167314 1.60454 1.643828
4 3.204213 2.777279 2.828185 3.689168 2.657951 2.575279
5 2.452878 1.979939 1.958093 4.110923 2.002423 2.018988
6 1.699074 1.042669 1.020258 2.544536 0.9458195 1.022242
7 3.385423 2.202435 2.245622 4.881559 2.326372 2.33365
8 2.475213 2.188772 2.217609 3.312586 2.041063 2.098351
9 2.071356 1.796155 1.897421 2.73754 1.71503 1.79058
10 2.55248 2.078155 2.134687 3.823625 2.118808 2.172628
11 2.036338 1.866985 1.734182 2.881882 1.875162 1.841666
12 3.238584 2.467299 2.377092 4.097652 2.35203 2.235709
13 2.22776 1.637048 1.712324 4.243468 1.719383 1.805344
14 2.159276 1.798623 1.826525 3.413054 1.698119 1.746777
15 2.27296 1.734001 1.746763 2.894041 1.684322 1.754981
16 3.026049 1.984302 2.072705 4.28501 1.991451 1.980453
17 2.570139 2.010014 2.03143 5.305272 2.108286 1.992734
18 1.95927 1.759021 1.620787 3.068324 1.677258 1.643993
19 1.231783 1.18976 1.141938 2.112691 1.269101 1.315673
20 3.325221 2.153576 2.311308 4.791222 2.39683 2.294127
21 1.748788 1.229841 1.307845 2.031438 1.176153 1.221531
22 1.724947 1.324704 1.251183 2.751933 1.20324 1.109264
23 2.507789 2.371352 2.273565 3.69283 2.337255 2.407081
24 2.592648 1.913582 1.984032 4.153693 1.932306 1.997416
25 2.422441 1.782913 1.817514 4.725964 1.894022 1.793002
26 1.835443 1.363161 1.373431 2.39512 1.416955 1.451625
27 1.996566 1.350402 1.299394 2.837516 1.283895 1.278533
28 3.748466 3.341132 3.102311 4.947444 3.011131 3.001865
29 3.973587 2.813773 2.682654 4.311972 2.603625 2.607793
30 2.333307 1.812165 1.853165 4.472694 1.933998 1.717081
31 3.239141 2.159894 2.192129 4.989949 2.166804 2.149658
32 1.462694 1.399604 1.387755 2.1112 1.384184 1.447494
33 1.654484 1.178963 1.189301 3.251543 1.245328 1.163541
34 1.369514 1.007457 1.00277 2.927281 1.10399 1.057507
35 2.437148 1.86322 1.750046 3.510429 1.890414 1.96599
36 1.561465 1.208306 1.239839 3.007493 1.299068 1.316019
37 1.88554 1.352633 1.34751 2.632534 1.28574 1.235091
38 1.45688 1.322548 1.382407 1.945614 1.486064 1.403449
39 1.539713 1.250024 1.215191 2.600609 1.198801 1.374703
40 1.082555 0.8126618 0.8930919 2.567438 0.8374131 0.9340023
41 1.641474 1.390857 1.452717 2.774853 1.48572 1.536203
42 2.332214 1.743839 1.662022 3.77485 1.853682 1.708058
43 2.294933 1.926288 1.890897 4.37765 2.004721 2.010895
44 6.222405 2.766562 3.727968 4.99835 2.966747 3.124139
45 1.949655 1.558674 1.607671 2.831197 1.644366 1.581284
46 1.600074 1.534457 1.496828 2.43361 1.56107 1.607976
47 1.700846 1.374841 1.374081 2.213887 1.412626 1.359533
48 1.421907 1.174143 1.221351 1.796681 1.23153 1.153181
49 1.141501 1.158514 1.152802 1.872961 1.312877 1.262253
50 2.902104 2.158139 2.093377 4.937873 2.150261 2.234007
51 3.199483 2.068722 2.097794 4.336309 2.316327 2.225026
52 11.22281 9.232192 8.876381 12.13497 8.659684 8.672156
53 2.164367 1.980488 1.980796 2.716379 1.904196 1.860944
54 3.47503 2.145608 2.412675 3.640471 2.141378 1.99675
55 2.582275 1.783505 1.829237 3.658275 1.845744 1.802671
56 1.152752 1.012662 0.991007 2.423775 1.078095 1.093565
57 1.685091 1.476631 1.505016 3.000506 1.553169 1.472253
58 0.8783285 0.7881908 0.7443639 2.587465 0.7623463 0.7517549
59 2.382373 1.537095 1.537845 4.527875 1.60027 1.553685
60 2.382242 1.832708 1.875811 3.490932 1.733771 1.749569
61 3.349194 2.150769 2.164628 4.401084 2.132192 2.052385
62 1.685482 1.343155 1.440731 1.937905 1.321198 1.334046
63 3.086971 1.71889 1.942011 3.455624 1.790635 1.698549
64 2.195054 1.644972 1.694323 3.636406 1.7371 1.725905
65 1.552717 1.476497 1.423615 2.605148 1.435217 1.464145
66 2.722537 2.142968 2.220483 4.484672 2.239825 2.335502
67 2.282797 1.223474 1.252074 3.387854 1.273217 1.354713
68 2.345739 1.660794 1.717134 2.651456 1.695963 1.538858
69 1.701439 1.419416 1.42449 4.006985 1.445563 1.297611
70 1.888284 1.538768 1.510698 3.275493 1.587318 1.618017
71 2.805011 1.694018 1.765433 4.813467 1.555837 1.618521
72 2.124808 1.660031 1.735815 3.614746 1.706158 1.691852
73 1.911952 1.2203 1.253049 3.272659 1.230495 1.186551
74 2.467469 1.978773 2.024994 4.175704 1.991752 2.159802
75 1.962178 1.345967 1.36683 3.106835 1.299038 1.312147
76 2.73392 1.533967 1.624649 3.882364 1.489714 1.484249
77 1.162652 0.8746883 0.8689981 1.657583 0.8537465 0.9651538
78 1.272208 1.254481 1.166347 2.233176 1.307593 1.284444
79 2.908326 2.256466 2.309806 3.912467 2.136152 2.096736
80 3.81316 3.058602 2.975724 5.541042 3.045692 2.88426
81 3.232174 2.812498 2.468174 4.069337 2.617543 2.616907
82 3.563383 0.9410575 1.835266 2.35616 1.465081 1.444179
83 4.647968 3.630324 3.57028 4.488367 3.432988 3.357796
84 2.545403 2.0856 2.144827 4.286325 2.126421 2.111035
85 3.093987 1.859432 1.904173 3.74412 2.015383 1.970411
86 1.185491 1.041337 1.030738 2.109118 1.071298 1.025341
87 2.030733 1.595879 1.640228 3.456567 1.639138 1.598979
88 1.265271 0.9422827 0.9479906 3.135487 0.8613247 0.9619387
89 1.366483 1.032555 1.013654 2.937311 1.1678 1.155615
90 2.924447 2.16176 2.173338 4.569161 2.143309 2.067642
91 3.211348 2.121979 1.689173 2.978503 1.714189 1.794508
92 2.344933 1.723255 1.797932 2.804934 1.63312 1.720826
93 2.715895 2.182805 2.111732 4.085991 2.182322 2.176488
94 3.307908 1.831614 1.827471 4.350284 1.784986 1.78686
95 1.417166 1.152938 1.177475 2.65617 1.232718 1.183561
96 2.183709 1.703086 1.690046 3.091231 1.698203 1.781478
97 2.024438 1.532238 1.529124 3.439639 1.548625 1.589346
98 1.404546 0.8665621 0.9197653 2.563544 0.9689339 0.9031646
99 2.934486 2.166524 1.845994 4.00417 1.769377 1.861465
100 2.347933 2.015966 2.105985 3.605138 2.021283 1.999983
101 2.079561 1.792587 1.790306 4.15867 1.965333 1.807383
