1 1200001
3 1200003
4 1200004
5 1200005
6 1200006
7 1200007
8 1200008
9 1200009
10 1200010
11 1200011
12 1200012
13 1200013
14 1200014
15 1200015
16 1200016
17 1200017
18 1200018
19 1200019
20 1200020
21 1200021
22 1200022
23 1200023
24 1200024
25 1200025
26 1200026
27 1200027
28 1200028
29 1200029
30 1200030
31 1200031
32 1200032
33 1200033
34 1200034
35 1200035
36 1200036
37 1200037
38 1200038
39 1200039
40 1200040
41 1200041
42 1200042
43 1200043
44 1200044
45 1200045
46 1200046
47 1200047
48 1200048
49 1200049
50 1200050
51 1200051
52 1200052
53 1200053
54 1200054
55 1200055
56 1200056
57 1200057
58 1200058
59 1200059
60 1200060
61 1200061
62 1200062
63 1200063
64 1200064
65 1200065
66 1200066
67 1200067
68 1200068
69 1200069
70 1200070
71 1200071
72 1200072
73 1200073
74 1200074
75 1200075
76 1200076
77 1200077
78 1200078
79 1200079
80 1200080
81 1200081
82 1200082
83 1200083
84 1200084
85 1200085
86 1200086
87 1200087
88 1200088
89 1200089
90 1200090
91 1200091
92 1200092
93 1200093
94 1200094
95 1200095
96 1200096
97 1200097
98 1200098
99 1200099
100 1200100
101 1200101
