1 6986.511 7001.239 7011.491 7327.373 7341.498 7351.524
2 7378.803 7387.531 7402.188 7900.523 7909.054 7923.846
3 6996.803 7009.75 7028.278 7350.402 7360.425 7378.959
4 7141.876 7159.265 7168.323 7460.32 7472.983 7481.578
5 6954.279 6963.448 6990.594 7295.655 7302.121 7329.137
6 6975.839 6997.593 7024.553 7179.306 7197.658 7224.859
7 7000.707 7027.319 7043.635 7281.377 7303.798 7320.549
8 6970.536 6987.157 6998.428 7319.336 7334.358 7345.281
9 6953.578 6961.516 6980.89 7270.736 7276.331 7295.961
10 7061.103 7069.65 7091.111 7422.49 7431.156 7452.545
11 7129.285 7146.182 7157.428 7496.178 7508.294 7519.373
12 7130.105 7146.388 7170.81 7611.215 7625.025 7649.466
13 7094.506 7107.254 7112.719 7378.912 7387.933 7393.745
14 6992.098 7006.174 7025.352 7416.754 7428.934 7448.155
15 6962.27 6974.842 6983.374 7236.828 7249.4 7257.651
16 7245.898 7254.084 7282.189 7571.146 7578.489 7606.453
17 6967.904 6979.042 6998.576 7212.5 7219.581 7239.523
18 6931.03 6942.604 6975.123 7173.966 7183.606 7216.354
19 7144.498 7151.832 7168.393 7559.71 7564.043 7580.186
20 7022.125 7041.18 7053.978 7308.296 7326.737 7339.345
21 7049.89 7058.098 7083.255 7481.783 7486.911 7511.789
22 7044.222 7061.468 7087.079 7425.046 7441.304 7467.306
23 7216.141 7220.19 7241.327 7578.68 7581.095 7602.241
24 7173.616 7181.29 7206.561 7492.667 7499.024 7524.572
25 7235.512 7247.237 7275.899 7476.127 7485.097 7513.677
26 6974.964 6982.407 7006.083 7260.001 7264.981 7288.522
27 7085.696 7101.037 7117.364 7362.302 7374.71 7389.748
28 7116.143 7127.701 7147.852 7449.839 7458.002 7478.876
29 7065.923 7078.543 7095.482 7355.773 7368.792 7385.707
30 6905.633 6931.625 6949.856 7202.035 7226.161 7244.161
31 6888.827 6906.686 6942.135 7259.461 7276.32 7312.067
32 7250.791 7259.231 7281.186 7526.728 7532.282 7553.534
33 6905.115 6919.868 6935.027 7147.414 7160.556 7176.132
34 6934.52 6960.851 6977.685 7207.413 7235.482 7251.554
35 7181.084 7194.521 7229.494 7465.893 7478.103 7513.299
36 6924.589 6937.687 6964.827 7264.903 7275.506 7302.94
37 6943.243 6965.25 6983.043 7222.178 7242.867 7260.732
38 7322.034 7338.943 7346.314 7672.564 7688.285 7695.332
39 7019.486 7030.111 7057.158 7353.281 7360.591 7387.936
40 6997.336 7008.395 7038.736 7393.421 7401.289 7430.914
41 6988.532 6998.507 7019.938 7432.901 7441.261 7462.201
42 7070.796 7078.981 7093.908 7345.528 7351.485 7366.523
43 7052.689 7062.224 7085.191 7432.017 7434.574 7456.999
44 7059.838 7083.021 7092.128 7377.132 7392.691 7400.898
45 6801.203 6810.2 6839.099 7097.475 7106.968 7135.815
46 7210.918 7220.163 7246.601 7548.116 7556.044 7582.654
47 7316.562 7333.097 7333.148 7637.537 7655.349 7655.178
48 7048.252 7070.947 7091.549 7434.774 7457.32 7477.401
49 7140.565 7159.909 7198.475 7510.365 7533.193 7571.903
50 7112.74 7118.173 7139.321 7522.426 7525.922 7547.429
51 7040.116 7046.534 7067.841 7334.854 7340.766 7362.058
52 7121.046 7144.98 7165.711 7432.706 7456.961 7478.13
53 7069.285 7079.022 7120.627 7368.74 7376.059 7417.715
54 6874.566 6883.55 6917.244 7138.485 7146.763 7179.862
55 6991.098 7004.379 7034.023 7370.516 7378.47 7408.365
56 6985.284 6999.445 7019.911 7200.624 7211.948 7232.022
57 7028.15 7041.66 7052.184 7478.329 7489.33 7499.827
58 7113.573 7125.291 7141.208 7387.155 7396.469 7412.205
59 6871.815 6890.525 6900.018 7264.569 7281.318 7290.343
60 6992.036 7003.533 7017.473 7297.371 7304.049 7318.339
61 7088.875 7104.878 7128.495 7437.257 7455.549 7479.731
62 6956.6 6964.077 7002.32 7282.303 7286.859 7325.169
63 6840.884 6865.927 6883.381 7198.379 7222.475 7241.164
64 7056.381 7075.762 7090.748 7382.695 7397.382 7412.221
65 6895.666 6909.703 6923.045 7220.689 7232.627 7246.22
66 7026.291 7050.374 7058.209 7208.51 7231.225 7239.034
67 6988.964 7001.366 7024.667 7332.745 7344.681 7368.089
68 7108.748 7114.945 7133.171 7833.499 7841.772 7859.792
69 7143.406 7154.038 7166.352 7604.02 7614.134 7625.992
70 7227.943 7236.025 7251.962 7529.273 7534.91 7550.706
71 6945.716 6963.711 6976.189 7123.827 7140.269 7153.075
72 7191.511 7205.882 7223.781 7547.03 7556.824 7574.542
73 6973.469 6990.342 6999.315 7276.789 7290.813 7299.984
74 7087.965 7103.129 7112.826 7512.736 7524.007 7534.098
75 7121.082 7130.188 7144.144 7318.572 7326.107 7340.272
76 7040.012 7059.204 7072.332 7457.498 7473.903 7486.683
77 7163.028 7187.332 7213.345 7474.495 7496.349 7522.619
78 7046.584 7058.346 7079.713 7321.23 7328.535 7350.409
79 7082.749 7101.317 7130.723 7421.901 7436.856 7466.987
80 6978.833 6998.144 7013.569 7284.378 7299.368 7315.259
81 7165.41 7175.116 7180.085 7513.567 7521.909 7526.639
82 7090.634 7110.426 7118.678 7448.044 7468.42 7477.259
83 7186.305 7205.957 7219.579 7536.477 7554.601 7568.601
84 7041.543 7049.5 7079.847 7323.496 7330.629 7360.721
85 6958.945 6971.993 6986.21 7267.326 7278.963 7292.522
86 7109.779 7121.499 7155.181 7438.264 7451.471 7485.588
87 7193.784 7209.048 7223.345 7583.266 7600.055 7614.474
88 7063.358 7077.947 7099.233 7584.093 7592.564 7613.785
89 7099.019 7105.678 7120.2 7362.379 7368.051 7382.491
90 7088.209 7104.68 7131.491 7452.746 7465.197 7493.056
91 6978.132 6983.09 7012.333 7338.027 7339.221 7368.647
92 6839.143 6856.445 6867.846 7210.737 7223.02 7234.146
93 7140.542 7148.32 7162.251 7534.492 7540.552 7554.334
94 7280.399 7290.845 7333.294 7656.394 7666.003 7707.591
95 7031.045 7046.497 7055.159 7421.886 7438.821 7447.509
96 6975.589 6991.113 7016.822 7237.562 7250.991 7277.495
97 6943.334 6966.149 6982.735 7226.723 7241.583 7257.651
98 6941.254 6965.319 6979.539 7319.31 7339.772 7354.092
99 7183.476 7196.407 7209.486 7596.018 7604.068 7617.686
100 7029.862 7046.678 7052.65 7420.832 7434.363 7440.509
