1 7038.4 7049.137 7051.406 7375.27 7385.404 7387.447
2 7430.692 7435.429 7442.102 7948.421 7952.96 7959.769
3 7048.692 7057.647 7068.193 7398.299 7404.331 7414.883
4 7193.765 7207.163 7208.238 7508.218 7516.889 7517.501
5 7006.168 7011.346 7030.509 7343.553 7346.028 7365.061
6 7027.728 7045.491 7064.468 7227.203 7241.564 7260.782
7 7052.596 7075.217 7083.55 7329.275 7347.705 7356.472
8 7022.425 7035.055 7038.342 7367.233 7378.264 7381.204
9 7005.467 7009.413 7020.804 7318.634 7320.237 7331.884
10 7112.992 7117.547 7131.025 7470.388 7475.062 7488.468
11 7181.174 7194.079 7197.343 7544.075 7552.2 7555.296
12 7181.994 7194.285 7210.725 7659.112 7668.931 7685.389
13 7146.395 7155.151 7152.634 7426.809 7431.84 7429.668
14 7043.987 7054.071 7065.267 7464.652 7472.84 7484.078
15 7014.159 7022.74 7023.289 7284.725 7293.306 7293.575
16 7297.787 7301.982 7322.104 7619.043 7622.396 7642.376
17 7019.793 7026.94 7038.49 7260.397 7263.487 7275.446
18 6982.919 6990.502 7015.038 7221.863 7227.512 7252.277
19 7196.387 7199.73 7208.307 7607.608 7607.949 7616.109
20 7074.014 7089.077 7093.893 7356.194 7370.643 7375.268
21 7101.779 7105.995 7123.17 7529.681 7530.817 7547.712
22 7096.111 7109.366 7126.993 7472.943 7485.21 7503.229
23 7268.03 7268.088 7281.242 7626.577 7625.001 7638.164
24 7225.505 7229.188 7246.475 7540.565 7542.931 7560.495
25 7287.401 7295.135 7315.813 7524.025 7529.003 7549.601
26 7026.853 7030.305 7045.998 7307.898 7308.887 7324.445
27 7137.585 7148.934 7157.279 7410.2 7418.616 7425.671
28 7168.032 7175.599 7187.767 7497.736 7501.909 7514.799
29 7117.812 7126.44 7135.396 7403.671 7412.699 7421.63
30 6957.522 6979.522 6989.771 7249.933 7270.067 7280.085
31 6940.716 6954.584 6982.05 7307.359 7320.226 7347.99
32 7302.68 7307.128 7321.101 7574.625 7576.188 7589.458
33 6957.004 6967.765 6974.942 7195.312 7204.462 7212.055
34 6986.409 7008.748 7017.6 7255.31 7279.388 7287.477
35 7232.973 7242.419 7269.408 7513.79 7522.009 7549.222
36 6976.478 6985.585 7004.742 7312.801 7319.413 7338.864
37 6995.132 7013.148 7022.957 7270.075 7286.773 7296.655
38 7373.923 7386.841 7386.229 7720.462 7732.191 7731.255
39 7071.375 7078.008 7097.073 7401.178 7404.497 7423.86
40 7049.225 7056.292 7078.651 7441.318 7445.195 7466.837
41 7040.421 7046.404 7059.853 7480.798 7485.167 7498.124
42 7122.685 7126.878 7133.823 7393.426 7395.391 7402.447
43 7104.578 7110.122 7125.106 7479.915 7478.48 7492.922
44 7111.727 7130.918 7132.043 7425.029 7436.597 7436.821
45 6853.092 6858.098 6879.014 7145.373 7150.874 7171.738
46 7262.807 7268.06 7286.515 7596.013 7599.95 7618.577
47 7368.451 7380.995 7373.063 7685.434 7699.255 7691.101
48 7100.141 7118.844 7131.464 7482.672 7501.226 7513.324
49 7192.454 7207.807 7238.39 7558.262 7577.099 7607.826
50 7164.629 7166.07 7179.235 7570.324 7569.828 7583.353
51 7092.005 7094.432 7107.756 7382.752 7384.672 7397.981
52 7172.935 7192.878 7205.625 7480.603 7500.867 7514.053
53 7121.174 7126.92 7160.541 7416.638 7419.965 7453.638
54 6926.455 6931.447 6957.159 7186.382 7190.669 7215.785
55 7042.987 7052.277 7073.937 7418.414 7422.376 7444.288
56 7037.173 7047.343 7059.826 7248.521 7255.854 7267.945
57 7080.039 7089.558 7092.098 7526.227 7533.237 7535.75
58 7165.462 7173.188 7181.123 7435.053 7440.375 7448.128
59 6923.704 6938.423 6939.932 7312.467 7325.224 7326.266
60 7043.925 7051.431 7057.387 7345.269 7347.955 7354.262
61 7140.764 7152.776 7168.41 7485.154 7499.455 7515.654
62 7008.489 7011.974 7042.235 7330.201 7330.765 7361.093
63 6892.773 6913.825 6923.295 7246.277 7266.381 7277.087
64 7108.27 7123.659 7130.663 7430.593 7441.288 7448.144
65 6947.555 6957.6 6962.96 7268.586 7276.533 7282.143
66 7078.18 7098.272 7098.123 7256.407 7275.131 7274.957
67 7040.853 7049.263 7064.582 7380.642 7388.587 7404.012
68 7160.637 7162.843 7173.086 7881.397 7885.678 7895.715
69 7195.295 7201.936 7206.266 7651.917 7658.04 7661.915
70 7279.833 7283.923 7291.876 7577.171 7578.817 7586.63
71 6997.605 7011.608 7016.104 7171.725 7184.175 7188.998
72 7243.4 7253.78 7263.696 7594.927 7600.73 7610.465
73 7025.358 7038.239 7039.23 7324.686 7334.719 7335.907
74 7139.854 7151.027 7152.741 7560.634 7567.913 7570.021
75 7172.971 7178.086 7184.059 7366.47 7370.013 7376.196
76 7091.901 7107.101 7112.246 7505.395 7517.809 7522.606
77 7214.917 7235.23 7253.26 7522.393 7540.255 7558.542
78 7098.473 7106.244 7119.628 7369.128 7372.441 7386.332
79 7134.638 7149.215 7170.638 7469.798 7480.762 7502.911
80 7030.722 7046.041 7053.484 7332.276 7343.274 7351.183
81 7217.299 7223.013 7220 7561.465 7565.815 7562.563
82 7142.523 7158.324 7158.592 7495.942 7512.326 7513.183
83 7238.194 7253.855 7259.494 7584.375 7598.507 7604.524
84 7093.432 7097.397 7119.761 7371.394 7374.535 7396.644
85 7010.834 7019.891 7026.124 7315.223 7322.869 7328.446
86 7161.668 7169.396 7195.096 7486.161 7495.377 7521.511
87 7245.673 7256.945 7263.26 7631.163 7643.961 7650.397
88 7115.247 7125.844 7139.148 7631.991 7636.47 7649.708
89 7150.908 7153.576 7160.114 7410.276 7411.957 7418.415
90 7140.098 7152.578 7171.406 7500.643 7509.103 7528.979
91 7030.021 7030.988 7052.248 7385.924 7383.127 7404.57
92 6891.032 6904.343 6907.76 7258.635 7266.926 7270.07
93 7192.431 7196.217 7202.166 7582.389 7584.458 7590.257
94 7332.288 7338.743 7373.208 7704.292 7709.909 7743.514
95 7082.934 7094.395 7095.074 7469.784 7482.727 7483.432
96 7027.478 7039.011 7056.736 7285.459 7294.897 7313.419
97 6995.223 7014.047 7022.649 7274.62 7285.489 7293.575
98 6993.143 7013.217 7019.453 7367.207 7383.678 7390.015
99 7235.365 7244.305 7249.401 7643.915 7647.975 7653.609
100 7081.751 7094.576 7092.564 7468.73 7478.27 7476.432
