1 0.24
2 0.2325
3 0.2625
4 0.24
5 0.2425
6 0.2475
7 0.2525
8 0.27
9 0.2375
10 0.2
11 0.2275
12 0.2625
13 0.24
14 0.2275
15 0.2575
16 0.25
17 0.245
18 0.28
19 0.2475
20 0.215
21 0.2375
22 0.2675
23 0.2825
24 0.235
25 0.29
26 0.26
27 0.285
28 0.2475
29 0.25
30 0.2675
31 0.255
32 0.23
33 0.25
34 0.28
35 0.2425
36 0.27
37 0.3025
38 0.235
39 0.2225
40 0.26
41 0.2975
42 0.2575
43 0.2425
44 0.2925
45 0.275
46 0.2275
47 0.2275
48 0.2875
49 0.265
50 0.2275
51 0.245
52 0.2675
53 0.2725
54 0.2325
55 0.2375
56 0.255
57 0.2425
58 0.2275
59 0.2675
60 0.25
61 0.2525
62 0.2475
63 0.2675
64 0.2225
65 0.25
66 0.2475
67 0.3125
68 0.2625
69 0.2375
70 0.1925
71 0.2925
72 0.2725
73 0.27
74 0.24
75 0.2375
76 0.275
77 0.25
78 0.275
79 0.26
80 0.2775
81 0.245
82 0.25
83 0.2525
84 0.2625
85 0.235
86 0.2775
87 0.255
88 0.2475
89 0.2325
90 0.2625
91 0.2525
92 0.2475
93 0.255
94 0.2425
95 0.26
96 0.235
97 0.315
98 0.2525
99 0.26
100 0.265
