1 -3583.666 -3589.783 -3596.693 -3761.968 -3766.169 -3773.234
2 -3547.936 -3558.249 -3564.434 -3689.244 -3698.403 -3704.667
3 -3598.259 -3604.828 -3613.762 -3864.596 -3871.403 -3880.111
4 -3460.734 -3465.402 -3484.402 -3571.341 -3575.877 -3595.001
5 -3501.961 -3512.109 -3517.312 -3622.069 -3630.512 -3635.943
6 -3563.688 -3573.102 -3583.237 -3713.633 -3722.353 -3732.616
7 -3597.744 -3604.779 -3613.108 -3739.924 -3745.559 -3754.05
8 -3602.762 -3612.777 -3622.107 -3801.312 -3811.62 -3820.809
9 -3575.227 -3582.385 -3593.79 -3724.615 -3731.408 -3742.409
10 -3585.182 -3593.159 -3600.33 -3733.568 -3741.82 -3748.897
11 -3397.847 -3409.159 -3426.421 -3556.066 -3566.817 -3584.065
12 -3541.59 -3546.799 -3567.161 -3732.827 -3737.369 -3757.74
13 -3537.116 -3540.129 -3549.481 -3659.543 -3662.638 -3671.934
14 -3573.785 -3582.658 -3594.939 -3770.375 -3779.403 -3792.003
15 -3710.442 -3720.117 -3724.396 -3909.55 -3918.282 -3922.264
16 -3512.178 -3518.264 -3532.632 -3637.742 -3642.213 -3657.131
17 -3637.098 -3639.559 -3647.138 -3778.05 -3780.303 -3787.913
18 -3533.377 -3542.569 -3556.735 -3691.697 -3701.125 -3715.165
19 -3569.773 -3576.972 -3584.105 -3758.669 -3765.353 -3772.424
20 -3601.258 -3608.698 -3615.305 -3752.12 -3759.293 -3765.634
21 -3518.877 -3524.489 -3539.461 -3653.708 -3660.142 -3675.173
22 -3528.353 -3539.917 -3549.549 -3650.725 -3663.266 -3672.939
23 -3462.674 -3470.993 -3480.531 -3675.534 -3683.364 -3692.679
24 -3500.496 -3511.177 -3522.714 -3752.998 -3764.962 -3776.529
25 -3525.09 -3528.838 -3540.507 -3651.914 -3655.352 -3667.018
26 -3554.769 -3564.093 -3575.917 -3669.551 -3677.357 -3689.055
27 -3553.075 -3557.396 -3566.521 -3674.575 -3677.699 -3686.803
28 -3471.664 -3476.569 -3485.712 -3694.248 -3698.43 -3707.879
29 -3452.742 -3462.116 -3476.965 -3656.646 -3664.317 -3679.172
30 -3480.885 -3492.193 -3497.232 -3659.287 -3668.479 -3673.294
31 -3540.925 -3547.465 -3556.264 -3666.601 -3673.733 -3682.259
32 -3547.885 -3559.264 -3566.941 -3697.539 -3709.74 -3717.232
33 -3436.764 -3441.823 -3450.588 -3586.115 -3589.735 -3598.367
34 -3410.737 -3418.563 -3427.187 -3537.131 -3545.022 -3553.896
35 -3426.479 -3430.992 -3443.227 -3588.121 -3590.998 -3603.332
36 -3384.207 -3391.726 -3401.099 -3550.546 -3554.492 -3563.742
37 -3574.901 -3579.984 -3595.69 -3776.711 -3782.103 -3797.649
38 -3567.484 -3577.451 -3581.536 -3703.016 -3711.414 -3715.541
39 -3463.449 -3479.446 -3485.391 -3654.573 -3673.646 -3679.475
40 -3598.307 -3601.863 -3618.656 -3734.109 -3736.405 -3753.461
41 -3547.555 -3553.496 -3564.43 -3673.646 -3678.76 -3689.659
42 -3621.587 -3630.652 -3638.733 -3831.615 -3838.3 -3846.037
43 -3592.478 -3605.023 -3608.072 -3761.091 -3772.466 -3774.976
44 -3523.773 -3528.038 -3553.191 -3695.853 -3700.877 -3726.082
45 -3430.777 -3437.759 -3456.508 -3546.03 -3552.821 -3571.838
46 -3519.279 -3523.624 -3530.857 -3818.915 -3820.326 -3827.868
47 -3485.009 -3495.873 -3507.043 -3582.451 -3592.759 -3603.676
48 -3561.627 -3573.135 -3585.355 -3697.406 -3708.409 -3720.504
49 -3447.858 -3461.151 -3469.125 -3560.456 -3572.759 -3580.686
50 -3552.208 -3564.344 -3574.903 -3695.072 -3707.075 -3717.956
51 -3504.835 -3520.391 -3537.268 -3616.141 -3629.231 -3646.51
52 -3487.682 -3494.207 -3502.196 -3686.378 -3692.258 -3700.165
53 -3551.965 -3562.618 -3567.082 -3686.642 -3694.437 -3699.005
54 -3475.127 -3490.562 -3500.985 -3635.162 -3649.35 -3659.709
55 -3539.09 -3545.612 -3553.36 -3732.928 -3739.685 -3747.349
56 -3477.377 -3488.051 -3494.552 -3646.958 -3655.735 -3662.074
57 -3480.09 -3486.553 -3503.21 -3645.263 -3651.116 -3667.814
58 -3516.758 -3524.442 -3532.709 -3647.782 -3654.246 -3662.237
59 -3521.656 -3534.491 -3551.01 -3657.808 -3670.595 -3687.135
60 -3553.022 -3560.285 -3576.145 -3724.09 -3731.111 -3746.944
61 -3421.138 -3429.913 -3441.536 -3531.125 -3539.521 -3550.939
62 -3543.405 -3550.569 -3560.437 -3752.922 -3760.143 -3770.029
63 -3497.762 -3504.729 -3513.275 -3663.669 -3671.265 -3679.686
64 -3484.129 -3492.306 -3503.59 -3642.877 -3651.183 -3662.282
65 -3582.66 -3589.493 -3599.6 -3788.233 -3795.385 -3805.46
66 -3542.642 -3548.428 -3560.83 -3735.096 -3741.881 -3754.07
67 -3486.631 -3495.891 -3504.283 -3598.441 -3606.827 -3615.197
68 -3540.902 -3546.868 -3561.669 -3666.451 -3671.247 -3686.335
69 -3545.311 -3551.198 -3566.172 -3725.222 -3730.09 -3745.322
70 -3429.418 -3435.188 -3446 -3533.496 -3540.132 -3550.951
71 -3550.533 -3558.93 -3572.781 -3749.252 -3755.624 -3769.245
74 -3464.657 -3474.432 -3483.475 -3619.218 -3628.324 -3637.294
75 -3574 -3584.276 -3591.491 -3709.345 -3718.39 -3725.535
76 -3491.14 -3496.756 -3511.096 -3722.518 -3726.243 -3740.653
77 -3596.147 -3601.256 -3612.77 -3846.811 -3850.487 -3862.12
78 -3569.123 -3574.385 -3586.734 -3738.076 -3741.215 -3753.627
79 -3497.367 -3503.806 -3514.706 -3601.823 -3607.988 -3618.683
80 -3513.714 -3517.765 -3532.466 -3649.489 -3652.291 -3666.76
81 -3582.684 -3587.575 -3598.377 -3687.745 -3690.103 -3701.036
82 -3581.249 -3587.378 -3597.275 -3749.534 -3754.352 -3764.308
83 -3524.275 -3532.961 -3543.776 -3699.107 -3706.807 -3717.457
84 -3532.945 -3543.994 -3557.781 -3701.064 -3710.763 -3724.465
85 -3524.067 -3526.643 -3540.962 -3679.487 -3681.456 -3695.87
86 -3570.413 -3577.433 -3587.149 -3753.631 -3760.362 -3770.056
87 -3547.601 -3554.178 -3570.274 -3814.957 -3823.145 -3839.288
88 -3549.397 -3557.7 -3562.528 -3692.19 -3699.615 -3704.391
89 -3453.434 -3464.042 -3468.931 -3589.256 -3599.937 -3605.005
90 -3574.121 -3590.437 -3595.51 -3721.59 -3736.804 -3741.832
91 -3582.047 -3590.583 -3605.959 -3842.587 -3850.684 -3866.04
92 -3478.012 -3483.673 -3494.54 -3622.453 -3627.963 -3638.846
93 -3502.845 -3512.975 -3517.594 -3681.528 -3689.351 -3694.372
94 -3543.032 -3551.198 -3562.987 -3685.08 -3693.225 -3704.966
95 -3623.58 -3631.035 -3638.889 -3863.827 -3870.795 -3878.757
96 -3534.496 -3543.399 -3553.939 -3722.201 -3730.781 -3741.468
97 -3561.233 -3565.396 -3576.891 -3702.339 -3705.185 -3716.485
98 -3521.423 -3525.479 -3539.385 -3666.918 -3669.55 -3683.75
99 -3546.662 -3554.039 -3559.356 -3724.708 -3732.126 -3737.517
100 -3528.386 -3544.215 -3551.685 -3818.384 -3832.437 -3839.944
101 -3571.829 -3578.413 -3587.156 -3830.27 -3836.131 -3844.833
102 -3565.871 -3572.619 -3583.573 -3731.438 -3738.299 -3749.666
