1 1.119261 0.9831683 0.9864217 1.501278 0.9770198 0.9789168
2 1.149705 0.9870282 0.9819057 1.758963 0.9946109 1.01148
3 1.05799 0.9221484 0.9063429 1.309332 0.9329524 0.8823576
4 1.247326 1.079835 1.086408 1.685496 1.067175 1.090045
5 1.140319 1.013833 1.014918 1.467053 1.046279 1.004792
6 1.016598 0.8848543 0.8705486 1.419311 0.8796243 0.8662323
7 1.122165 0.9005447 0.8871748 1.679144 0.8575094 0.8872003
8 1.039381 0.9191471 0.92314 1.295707 0.9060381 0.8853939
9 1.238546 1.139302 1.137823 1.562199 1.17903 1.164089
10 1.114038 0.9912844 1.013632 1.421496 1.025285 1.003047
11 1.225437 0.9867926 0.9915194 1.601655 0.9929283 0.9874886
12 1.209419 1.034451 1.03721 1.793845 1.03933 1.007469
13 0.9723537 0.8968876 0.8883785 1.223191 0.8907729 0.8812385
14 1.153926 0.9850439 0.961909 1.464001 0.9644061 0.9471819
15 1.232316 1.088249 1.100626 1.501958 1.127568 1.147831
16 0.9986142 0.8887605 0.8637704 1.302672 0.8523247 0.8645992
17 1.345421 1.168419 1.217901 1.763269 1.178551 1.168596
18 0.9995787 0.9572035 0.9549141 1.339558 0.9488551 0.9700506
19 1.139332 0.9979372 0.9713585 1.403307 1.00648 1.007312
20 1.285066 1.030204 1.03094 1.658632 1.027587 0.9977154
21 1.175827 1.043018 1.01863 1.579207 1.054355 1.061801
22 1.128482 0.9797724 0.9813355 1.523375 0.9733856 0.9782251
23 0.9691944 0.8994847 0.8885085 1.298681 0.891482 0.8923114
24 1.233261 1.100003 1.086397 1.451228 1.111719 1.090209
25 1.071387 0.9545822 0.9464442 1.451623 0.9686652 0.9544228
26 1.014398 0.8887303 0.8851408 1.470995 0.9248254 0.9231515
27 1.159686 1.012065 1.0309 1.557796 1.004297 1.006577
28 1.249764 1.122649 1.111495 1.654696 1.143558 1.106411
29 1.257507 1.074253 1.059595 1.822358 1.064442 1.069827
30 1.22856 0.9711675 0.975504 1.735988 0.9568927 0.9728662
31 1.100491 0.9201125 0.921396 1.439572 0.9593604 0.953273
32 1.264361 1.103327 1.085146 1.692372 1.116554 1.086024
33 1.010207 0.9159641 0.8933809 1.430703 0.9059701 0.9196049
34 1.126982 0.9523895 0.9619665 1.407369 0.9350802 0.9386149
35 1.07336 0.9611185 0.926432 1.379256 0.9429462 0.9359432
36 0.9535428 0.8677538 0.8702279 1.21576 0.8575582 0.8412064
37 1.072036 0.9005245 0.89677 1.540908 0.9013454 0.9336466
38 1.051202 0.8880478 0.8853771 1.437529 0.9578166 0.9007897
39 1.070678 0.8807606 0.8555648 1.435841 0.9018778 0.9104659
40 1.19168 0.9902497 0.981306 1.509128 0.9795804 0.9774014
41 1.081585 0.9563084 0.9740817 1.43671 0.9898647 0.959729
42 1.014296 0.9211126 0.9088368 1.346634 0.9448136 0.9433343
43 1.066055 0.9634799 0.9446028 1.290686 0.9632173 0.9730323
44 1.273844 0.9974299 0.9772338 1.542901 0.9874431 1.006148
45 0.9252629 0.8399159 0.850069 1.176212 0.8245292 0.8366808
46 1.063998 0.9835519 0.9880064 1.369931 0.9802202 0.9880341
47 0.9918482 0.9311868 0.9244965 1.351473 0.9079338 0.8991865
48 1.024491 0.863396 0.8604183 1.72892 0.8839673 0.8677145
49 1.168021 1.065845 1.052125 1.669577 1.072949 1.083044
50 0.9763154 0.9332224 0.9241993 1.200369 0.9041735 0.9354647
51 1.002624 0.9005505 0.9035826 1.272512 0.9059105 0.8917803
52 1.014271 0.871446 0.8416579 1.322584 0.8895472 0.8782314
53 1.044147 0.9701178 0.9638496 1.609343 0.938512 0.965981
54 0.9186548 0.8286339 0.8109349 1.373522 0.8089172 0.7957711
55 1.065268 0.9050695 0.8596521 1.42133 0.8735061 0.8801721
56 1.116364 0.9497514 0.9322418 1.575507 0.9418932 0.9355886
57 1.231109 1.094279 1.095649 1.455155 1.133949 1.130432
58 1.088666 0.9737027 0.9722732 1.535315 0.9816051 0.982561
59 1.010166 0.9208084 0.9418312 1.367205 0.9457601 0.9169469
60 1.108894 0.9493296 0.9421687 1.346815 0.9420388 0.9680323
61 1.08802 0.9391135 0.9416181 1.625949 0.9460698 0.9264733
62 1.026113 0.9466267 0.9517045 1.308524 0.9680269 0.9274405
63 0.9813402 0.8446009 0.8439787 1.470424 0.8406203 0.8638347
64 1.333356 1.094126 1.11219 1.671986 1.093796 1.141335
65 1.127931 0.9410795 0.9758114 1.506487 0.9476953 0.9762601
66 1.002779 0.8496733 0.8402398 1.325039 0.8284933 0.8454556
67 1.123077 1.001999 1.007629 1.283797 0.9860488 1.001343
68 0.9327489 0.8677151 0.8954233 1.21489 0.9173974 0.9268785
69 1.040732 0.9243738 0.9373581 1.416919 0.9336651 0.9206671
70 0.9559383 0.910016 0.9079373 1.130959 0.9069775 0.8937596
71 1.032034 0.9244312 0.9144086 1.420001 0.9301321 0.9236552
72 1.225582 1.092285 1.082123 1.652627 1.111654 1.105564
73 0.9711451 0.8981846 0.8897293 1.340136 0.8932321 0.8561625
74 1.031677 0.9121728 0.9202151 1.256695 0.9354198 0.9274247
75 1.110717 0.9827901 0.9725855 1.317336 1.014484 1.010629
76 1.236934 1.136252 1.11439 1.580513 1.092002 1.096152
77 1.17993 1.035908 1.031403 1.546815 1.018349 1.000571
78 1.07531 0.9225127 0.9327753 1.541523 0.9254787 0.9404658
79 1.187399 1.001761 0.9895946 1.604654 1.023814 1.001512
80 0.9927863 0.8500107 0.8681983 1.370732 0.8752867 0.8468328
81 1.191489 1.039865 1.026571 1.425701 1.045758 1.045839
82 1.233697 1.014152 1.020108 1.625 1.003944 1.001586
83 0.8959992 0.7604042 0.7455496 1.587187 0.7134346 0.7225709
84 0.9508032 0.8436095 0.8451106 1.321165 0.8647911 0.8493773
85 1.076991 0.9407298 0.942039 1.410635 0.9494577 0.9396667
86 1.06046 0.9570119 0.9764873 1.401488 0.9898043 0.9946114
87 1.123423 1.021996 1.01739 1.465467 1.014255 0.9895033
88 1.026176 0.9479503 0.9384494 1.744129 0.9208104 0.9408767
89 0.9987289 0.9361042 0.9390425 1.211846 0.9462067 0.9275625
90 1.105123 0.9827669 0.9717399 1.897367 0.970451 0.9853924
91 0.9970868 0.917664 0.9131604 1.420099 0.9534745 0.9415255
92 1.194926 1.023664 1.029 1.534231 1.021028 1.035565
93 1.082117 0.978744 0.9765183 1.280982 1.025612 0.9973347
94 1.126196 1.021378 0.9959377 1.449194 1.043539 1.021132
95 0.9280476 0.8135868 0.8227676 1.394925 0.844856 0.8302151
96 1.038766 0.8823828 0.9145594 1.476669 0.9170893 0.9128939
97 1.060818 0.9231336 0.916492 1.407101 0.9142728 0.9301235
98 1.198466 0.9798071 1.007701 1.555387 0.9951297 1.003704
99 0.9254411 0.8172014 0.8149635 1.421007 0.7924284 0.8243395
100 1.121682 0.9843234 0.9771817 1.403782 1.018096 1.003865
