1 0.2446975 0.2297775 0.2335283 0.3085864 0.2381882 0.2364597
2 0.2031047 0.1823053 0.1814071 0.327605 0.1811978 0.1882715
3 0.3399362 0.280177 0.27948 0.3595158 0.2835925 0.2756311
4 0.3348827 0.3213289 0.3285496 0.3912047 0.3297673 0.3288253
5 0.2427582 0.2055767 0.2086544 0.2878714 0.2146628 0.2013609
6 0.2438874 0.2297421 0.2244869 0.3226501 0.2329238 0.2294549
7 0.4982947 0.3580391 0.3356072 0.5410334 0.2896526 0.3010622
8 0.2643685 0.2362004 0.2384256 0.3088169 0.2318224 0.2316576
9 0.282222 0.2877533 0.2823838 0.3083965 0.2936895 0.2938728
10 0.2277995 0.2189723 0.2236762 0.2776633 0.2260202 0.2246447
11 0.2550402 0.2401615 0.2382491 0.3229041 0.241831 0.2377314
12 0.2664978 0.2327569 0.2330462 0.3796455 0.2347136 0.2275599
13 0.303518 0.2991757 0.291552 0.3321519 0.292378 0.2870829
14 0.3503079 0.274317 0.2516078 0.3636667 0.2638619 0.2586825
15 0.324146 0.3321554 0.3282768 0.3841503 0.3668898 0.3740152
16 0.2325382 0.2252224 0.2183434 0.2706806 0.2128972 0.2146186
17 0.2656797 0.2808461 0.2731915 0.3448553 0.2906974 0.2781005
18 0.2460869 0.3169789 0.3012757 0.313276 0.3031597 0.3069872
19 0.233149 0.2159336 0.2079742 0.2967102 0.2206906 0.2254465
20 0.2670224 0.2140244 0.2117071 0.3429636 0.2065065 0.2016313
21 0.2661635 0.2734988 0.2661611 0.3364636 0.2653408 0.2722378
22 0.2834362 0.2605894 0.27251 0.3257984 0.2600043 0.2732739
23 0.214235 0.2039344 0.2025134 0.2695718 0.1985012 0.2019126
24 0.3010209 0.2921061 0.2898411 0.3355045 0.2903994 0.2885692
25 0.2353922 0.2253275 0.2245359 0.2888573 0.2258286 0.2218138
26 0.2145191 0.1991568 0.1983696 0.2934417 0.2041812 0.2066732
27 0.2974055 0.2431873 0.2502968 0.3524518 0.2337617 0.238273
28 0.3177164 0.3188863 0.3076889 0.3821459 0.3414445 0.3424674
29 0.2678281 0.2458363 0.2402056 0.374626 0.2416008 0.2424683
30 0.2668222 0.2005368 0.2002977 0.3694051 0.1938636 0.2033528
31 0.2444517 0.2109499 0.2098716 0.306693 0.2168468 0.2188263
32 0.2565267 0.2335712 0.2283544 0.316535 0.2453867 0.2368168
33 0.2200853 0.2105554 0.208036 0.2973315 0.2076541 0.2124226
34 0.2694058 0.2251907 0.2338794 0.3296691 0.2267768 0.2255958
35 0.4685929 0.5179721 0.4457925 0.41213 0.4462281 0.5180828
36 0.2184878 0.2137017 0.2123521 0.2617645 0.2094198 0.2062934
37 0.2716913 0.2226211 0.2198974 0.3460954 0.2094654 0.2216717
38 0.5782087 0.401464 0.3463389 0.5872063 0.4446274 0.4561525
39 0.2490183 0.2236292 0.2116894 0.3129982 0.2292758 0.2295978
40 0.258357 0.2222121 0.220571 0.3157298 0.2200012 0.2227785
41 0.2911646 0.242814 0.2644428 0.3201306 0.2574031 0.2463488
42 0.2374404 0.2452275 0.2424759 0.2942144 0.260653 0.2537485
43 0.3306717 0.338149 0.3413228 0.3666592 0.3300848 0.349654
44 0.354865 0.3250028 0.3253738 0.3952103 0.3272115 0.3360958
45 0.2882084 0.221943 0.260461 0.3238954 0.1986085 0.1976567
46 0.3236821 0.3305207 0.3467649 0.3660305 0.3673481 0.4392265
47 0.304497 0.321298 0.3126401 0.3798175 0.3206485 0.3171005
48 0.2280026 0.2254997 0.2281443 0.3754359 0.2322473 0.2330892
49 0.2865224 0.281856 0.277762 0.3737236 0.2891787 0.2890612
50 0.1901701 0.1873167 0.1839501 0.2329093 0.1808006 0.185322
51 0.1929928 0.176601 0.1771229 0.2407506 0.1771063 0.1748169
52 0.3398928 0.3253532 0.3117415 0.3680342 0.3281696 0.3432745
53 0.23633 0.2401176 0.2362717 0.3396615 0.2262223 0.2343676
54 0.1974341 0.1864196 0.1817961 0.2743072 0.181049 0.1740939
55 0.334894 0.2841923 0.27108 0.3686032 0.269374 0.2772212
56 0.3113011 0.2804948 0.2807011 0.3625095 0.2769313 0.2710588
57 0.2749009 0.2698107 0.2651996 0.2976279 0.2940321 0.288418
58 0.3668852 0.6706403 0.589307 0.411843 0.6033484 0.6025348
59 0.3192337 0.3349257 0.3441629 0.367995 0.3456717 0.3421397
60 0.5507389 0.3961938 0.3891815 0.3902114 0.3936094 0.3931752
61 0.2751161 0.2611792 0.2592506 0.3634883 0.2611365 0.2575816
62 0.2457069 0.2450219 0.2486788 0.2907098 0.2510341 0.2432644
63 0.2759147 0.206517 0.2009151 0.3494714 0.2121529 0.2359522
64 0.4986561 0.6720958 0.7286329 0.5877255 0.6851266 0.7634095
65 0.2817615 0.2383036 0.25112 0.3348844 0.2375249 0.2454722
66 0.4017201 0.7670213 1.024039 0.6503755 1.051318 1.028483
67 0.3311 0.2961682 0.3087655 0.3218801 0.3026494 0.3140205
68 0.3639054 0.3661809 0.3913906 0.3955535 0.3830824 0.3881215
69 0.4075405 0.6966016 0.614361 0.3779107 0.8624945 0.5799149
70 0.2446355 0.2534938 0.2457879 0.2597507 0.2601834 0.2514936
71 0.259956 0.252011 0.2464796 0.3266052 0.2529341 0.2461067
72 0.3430457 0.3508504 0.3441041 0.3974923 0.3628232 0.3550767
73 0.3206522 0.2920251 0.283173 0.3787962 0.2819098 0.2792229
74 0.5766854 0.4967519 0.5105901 0.5647755 0.546985 0.5148387
75 0.2502303 0.2392733 0.2316176 0.2821188 0.243173 0.2433442
76 0.2670788 0.2555487 0.2476747 0.3207643 0.2453209 0.2525809
77 1.326208 0.664259 0.7394012 2.108922 0.5512295 0.4670288
78 0.2765001 0.3238214 0.2630959 0.4696009 0.3260436 0.3433112
79 0.3819808 0.3730248 0.3766877 0.4617985 0.4047569 0.3955176
80 0.2665843 0.2432321 0.2378016 0.3351882 0.2545291 0.2556606
81 0.3412911 0.3754132 0.3812849 0.3926976 0.402685 0.3825459
82 0.3857659 0.2866621 0.2943347 0.4354954 0.2736563 0.2634964
83 0.2044656 0.1798653 0.179624 0.353354 0.1731951 0.1749429
84 0.1986434 0.1708003 0.1724769 0.2662793 0.181064 0.1789406
85 0.2844394 0.2727933 0.2779482 0.3215584 0.2792167 0.277527
86 0.3442671 0.3392939 0.3362491 0.3346586 0.3329911 0.3542263
87 0.2473362 0.2337066 0.2327401 0.323098 0.2319529 0.2233949
88 0.7260269 0.7677182 0.7854262 0.6545985 0.7917983 0.824327
89 0.2817358 0.2740321 0.2729404 0.3089282 0.2811212 0.2771588
90 0.2683008 0.2838028 0.2820916 0.4474816 0.3139114 0.3082561
91 0.2129587 0.2075327 0.2040731 0.278244 0.2128982 0.2121391
92 2.755143 3.447778 3.151113 2.648965 3.522521 3.536057
93 16.23741 8.360412 8.003753 10.29114 4.810556 2.255085
94 0.2912178 0.2975599 0.2929178 0.3320223 0.2975566 0.2965189
95 0.1973144 0.1843273 0.1824133 0.2967352 0.1958182 0.1899664
96 0.1953939 0.1772394 0.1824389 0.2761656 0.1847321 0.1818443
97 0.289261 0.2805931 0.2824476 0.3481677 0.2937341 0.2975313
98 0.5332374 0.324651 0.3466849 0.4029993 0.4343033 0.4210432
99 0.2384923 0.2227496 0.2310889 0.3233861 0.223255 0.2320182
100 0.3642971 0.2986667 0.2991825 0.3778353 0.3219469 0.3125839
