1 5.380047 -0.3338986 -0.03097377 -0.621536 0.4656392 0.3577045 0.06196831 0.1879613 4.968988 -3.431327 -0.4790264 0.1294378
2 5.368329 -0.3287315 -0.06792771 -0.6757161 0.571855 0.2520223 0.1052216 0.1978527 4.566651 -3.287155 -0.6978247 0.1131387
3 5.340605 -0.4616253 -0.1155566 -0.4827588 0.4760192 0.3470976 0.147591 0.175483 4.50917 -3.156446 -0.715396 0.1266527
4 5.495068 -0.3964045 -0.2612291 -0.4804201 0.485133 0.5054143 0.02008426 0.2466465 5.638421 -3.262578 -0.5365423 0.1003608
5 5.218205 -0.3629452 0.09440372 -0.6430278 0.4485427 0.4021944 0.1110389 0.1902991 5.010612 -3.410493 -0.8076477 0.1719898
6 5.397034 -0.256195 -0.1162765 -0.5952126 0.5072769 0.3536727 0.1305901 0.2069933 6.325339 -3.409352 -0.8491507 0.1588327
7 5.266889 -0.3550309 0.04209031 -0.658246 0.5119001 0.400344 0.1169199 0.1532249 5.531416 -3.225014 -0.7010693 0.1216658
8 5.457635 -0.3805041 -0.1966453 -0.551385 0.4696894 0.4327029 0.05759328 0.2041902 4.686274 -2.962255 -0.6816051 0.07335027
9 5.40994 -0.311134 -0.22191 -0.6626322 0.4952569 0.3707015 0.09522663 0.1546063 5.628337 -3.569628 -0.5661359 0.1728196
10 5.360026 -0.3513157 0.0171419 -0.6635518 0.4679562 0.3432673 0.0672167 0.2064021 5.229048 -3.419903 -0.984109 0.1248237
11 5.2891 -0.3184778 -0.08410631 -0.6971203 0.4989816 0.4209056 0.1309903 0.1456739 4.90907 -3.321462 -0.5964416 0.1103646
12 5.406065 -0.3359036 -0.09258294 -0.6842926 0.4711207 0.4152421 0.07042353 0.1771408 4.023577 -3.206804 -0.8507608 0.1301796
13 5.40979 -0.3453782 -0.2234872 -0.5509828 0.5274754 0.3653521 0.1325135 0.2347184 6.772237 -3.469832 -0.2576389 0.1209116
14 5.441015 -0.431014 -0.08076311 -0.5859756 0.4391934 0.4909738 0.09874754 0.1867143 4.537043 -3.130396 -0.9131424 0.0931438
15 5.309537 -0.3215648 -0.06580422 -0.6545604 0.4655074 0.4203323 0.09459438 0.1797235 5.332764 -3.097412 -0.5691235 0.0838191
16 5.29153 -0.355516 0.06039859 -0.6187009 0.5248427 0.4475537 0.07743455 0.2849878 4.929069 -3.396991 -0.8457655 0.1709927
17 5.291694 -0.3341769 0.04810982 -0.6691385 0.4993191 0.2932416 0.1343109 0.2592481 6.310151 -3.664201 -0.448174 0.1919825
18 5.406402 -0.3612044 -0.1324571 -0.5115278 0.4954836 0.4634121 0.09300567 0.1783237 5.954698 -3.202243 -0.9361465 0.1567044
19 5.404701 -0.3255455 -0.2769084 -0.6225561 0.5261895 0.3190692 0.07761773 0.2072639 5.143968 -3.35818 -0.5901922 0.1368181
20 5.367256 -0.3900397 -0.1586517 -0.5459339 0.5198157 0.3759116 0.07549821 0.2008555 5.874409 -3.206126 -0.7834912 0.08568314
21 5.408622 -0.3190241 -0.09586269 -0.5514179 0.4986308 0.3511529 0.11981 0.1885975 4.750068 -3.68159 -0.6032684 0.1959404
22 5.372863 -0.3007382 0.03486024 -0.7132775 0.4796968 0.4477708 0.1281899 0.1784866 4.807378 -3.195767 -0.8210437 0.1368932
23 5.372387 -0.3266106 -0.07057174 -0.6929122 0.5029783 0.4053843 0.02868883 0.2416729 4.818905 -3.374814 -0.4999934 0.1719174
24 5.353666 -0.328954 0.09840771 -0.737284 0.547768 0.3708472 0.1286128 0.2115061 5.179471 -3.244021 -0.9130883 0.1309528
25 5.237455 -0.3395387 0.01505969 -0.5875936 0.5433099 0.4710154 0.1095108 0.2290057 5.903317 -3.274889 -0.7301858 0.168279
26 5.381625 -0.4174465 -0.123207 -0.5298389 0.4909516 0.5205128 0.05638212 0.1426179 5.402975 -3.576517 -0.5390277 0.1956201
27 5.29344 -0.3348655 -0.04980461 -0.6019908 0.4995514 0.4549724 0.1126432 0.1930521 5.219769 -3.331843 -0.4562515 0.1563033
28 5.412619 -0.3659415 -0.1438353 -0.5717664 0.4885199 0.4026183 0.1242036 0.2141275 5.097629 -3.358598 -0.735477 0.1384965
29 5.419532 -0.3583363 -0.160318 -0.5971213 0.4768067 0.3835866 0.1159781 0.2406226 5.164406 -3.462111 -0.5197131 0.1568934
30 5.243595 -0.3351619 -0.07548099 -0.6535182 0.4856985 0.3725346 0.1491521 0.1962318 5.237554 -3.072418 -0.7346497 0.107251
31 5.394863 -0.3941057 -0.1697471 -0.5833376 0.4406485 0.4166861 0.1543868 0.20051 5.277828 -3.164554 -1.083355 0.1425205
32 5.419615 -0.4561029 -0.1623698 -0.4332688 0.5121528 0.468518 0.05189918 0.2829265 5.436092 -3.473886 -0.7761769 0.1567769
33 5.239208 -0.301601 0.02040159 -0.6777151 0.4767901 0.5900163 0.03170754 0.191514 6.507431 -3.426427 -0.5180614 0.1547436
34 5.348907 -0.4025387 -0.1961881 -0.5456938 0.462524 0.4686572 0.1496222 0.1884199 5.455709 -2.914512 -0.7413086 0.08616684
35 5.462476 -0.2503154 -0.1506111 -0.7013943 0.5169686 0.3954997 0.1484006 0.2107822 5.366796 -3.135839 -1.131842 0.1196988
36 5.424225 -0.294087 -0.1747541 -0.6668418 0.4501433 0.4563769 0.09590886 0.2038154 5.146939 -3.160184 -0.9140131 0.12697
37 5.448818 -0.3179148 -0.2076221 -0.6064588 0.5009885 0.3154027 0.1076412 0.1710965 5.168229 -3.276582 -0.4294593 0.1587605
38 5.351122 -0.3243741 -0.2145018 -0.6316999 0.5333885 0.4810122 0.1037367 0.2175844 4.6498 -3.572902 -0.2034715 0.1387008
39 5.460101 -0.4279624 -0.2044083 -0.5129355 0.4545159 0.3809109 0.07566997 0.192554 4.726443 -3.441804 -0.8883576 0.1609814
40 5.271539 -0.2849551 -0.09128001 -0.7041304 0.4703268 0.4086658 0.0965568 0.2205141 4.884962 -3.23678 -0.8937799 0.1539975
41 5.390926 -0.3600912 -0.1476699 -0.6205206 0.4649701 0.3303363 0.1194173 0.209689 4.240045 -3.262977 -0.5027343 0.1592752
42 5.382398 -0.2923418 -0.09814169 -0.7109565 0.5527957 0.3895973 0.03217626 0.2093247 6.143283 -3.279703 -0.598864 0.12867
43 5.315203 -0.2680157 -0.1143702 -0.7000209 0.4846229 0.2919133 0.1282374 0.1921582 4.747068 -3.427256 -0.6862124 0.16228
44 5.375141 -0.275272 -0.0967114 -0.7399438 0.5074833 0.4375164 0.1307821 0.2125727 4.867673 -3.138307 -0.3667145 0.1121604
45 5.292629 -0.2269468 -0.06626422 -0.6612351 0.4652946 0.1947634 0.1192708 0.1892412 4.993434 -3.459991 -0.6490886 0.1951051
46 5.339811 -0.2714012 -0.1808715 -0.7244721 0.5505159 0.3220205 0.1358384 0.153045 5.331356 -3.340478 -0.9497735 0.1330105
47 5.588885 -0.3519391 -0.3959473 -0.6245296 0.5171282 0.4464202 0.06991156 0.2684769 5.103507 -3.266335 -0.2521911 0.06332251
48 5.353957 -0.3346478 -0.07817079 -0.6522517 0.4985917 0.4097197 0.08327553 0.2328747 5.014711 -2.992277 -0.7545272 0.1000233
49 5.324772 -0.3489876 0.03435663 -0.6109227 0.5361861 0.3695804 0.07429498 0.2016313 4.65762 -3.08933 -1.164286 0.1385302
50 5.333757 -0.2679327 -0.02610542 -0.7233999 0.4739599 0.4896163 0.06711305 0.1993338 4.995413 -3.496868 -0.6422534 0.1560299
51 5.383217 -0.283457 -0.1942184 -0.6255973 0.4541261 0.4277346 0.09032544 0.2349918 4.967223 -3.410415 -0.6950832 0.1505229
52 5.35601 -0.297932 -0.1102791 -0.6942374 0.5457895 0.3993767 0.125615 0.1713534 5.51576 -2.916035 -0.9055886 0.07792253
53 5.488428 -0.3696802 -0.3024279 -0.6905411 0.4994926 0.5352131 0.08694752 0.1985403 5.283885 -3.833591 -0.4844653 0.2578558
54 5.350022 -0.3969759 -0.1179809 -0.5118174 0.4764109 0.4109592 0.06811997 0.1869272 5.913986 -3.528309 -0.9319274 0.193424
55 5.412689 -0.3024555 -0.214813 -0.684625 0.4575746 0.3626364 0.1039841 0.1699953 4.245124 -3.331412 -0.9356012 0.1507423
56 5.268143 -0.3033655 -0.02720633 -0.7072368 0.5328884 0.3616676 0.0910582 0.1989573 6.981732 -3.278145 -0.7372745 0.1399295
57 5.44129 -0.3111925 -0.1770786 -0.5834518 0.4569742 0.5132384 0.009311381 0.2016718 4.595871 -3.222566 -0.587865 0.09954544
58 5.332522 -0.346763 -0.1520385 -0.6456075 0.4937233 0.4016783 0.09807842 0.2391692 5.649644 -3.589101 -0.5136213 0.166518
59 5.388305 -0.3270853 -0.1901884 -0.579626 0.4306138 0.439349 0.07417752 0.1939508 5.245021 -3.2312 -0.4366788 0.1160508
60 5.371583 -0.2782862 -0.2199651 -0.6693232 0.4834044 0.3577084 0.08624096 0.2308264 5.508272 -3.65679 -0.2762831 0.1791251
61 5.3717 -0.3560306 -0.01186103 -0.6260103 0.5068062 0.3115661 0.1049309 0.1958547 4.582437 -3.500598 -0.6161385 0.1821905
62 5.400988 -0.4110351 -0.2438132 -0.5988364 0.4698307 0.3457205 0.124818 0.2052333 4.809406 -3.503465 -0.9407684 0.1979838
63 5.225294 -0.2856293 -0.04729094 -0.5805212 0.4448767 0.4353603 0.08131525 0.1783106 5.343051 -3.004386 -0.7898168 0.09485319
64 5.359363 -0.3496544 -0.09334386 -0.5885105 0.4964495 0.3616403 0.1469965 0.1751176 5.232796 -3.538875 -0.5808724 0.1520928
65 5.440621 -0.2776858 -0.204961 -0.7296421 0.4633155 0.4174134 0.09592825 0.1418972 4.768378 -3.409195 -0.4589368 0.1454672
66 5.376338 -0.3025352 -0.1957469 -0.6180268 0.4965124 0.4207759 0.1584174 0.2123733 6.724134 -3.447599 -0.3196862 0.1315292
67 5.338372 -0.3143449 -0.007177917 -0.5875336 0.4742838 0.4575163 0.1103785 0.2039858 5.286105 -2.958887 -0.7382355 0.1218914
68 5.248088 -0.3712768 0.02739192 -0.5988738 0.5155251 0.3914427 0.1079204 0.1701182 4.639696 -3.358765 -0.5702343 0.1558153
69 5.367156 -0.3201792 -0.1441373 -0.7168346 0.4547645 0.4201047 0.06759797 0.2143693 4.727065 -3.371993 -0.5460922 0.1235316
70 5.325547 -0.325317 -0.1197505 -0.5825302 0.5122475 0.4518463 0.1211358 0.2021249 5.765682 -3.509185 -0.8325566 0.1170885
71 5.35654 -0.4061766 -0.1112508 -0.5126163 0.5173268 0.3869242 0.07176639 0.232125 7.315961 -3.204035 -0.4382513 0.1352562
72 5.338187 -0.3484664 -0.1837002 -0.5534035 0.5314755 0.5000136 0.09038006 0.2146753 4.736201 -3.166064 -0.6801078 0.1235138
73 5.507215 -0.3491709 -0.1515151 -0.5627743 0.4790404 0.3826639 0.112968 0.2419218 5.345783 -3.480349 -0.1662066 0.1458471
74 5.328381 -0.3063302 -0.07997171 -0.5984443 0.4835662 0.3738746 0.09337559 0.1945304 4.956128 -3.161477 -0.6445672 0.07911937
75 5.295119 -0.3779427 -0.09123456 -0.591718 0.5519587 0.3929835 0.1505886 0.2066856 6.741499 -3.24535 -0.6571368 0.1162261
76 5.45248 -0.3065916 -0.130341 -0.6419834 0.4921335 0.403118 0.1139906 0.1984977 4.400397 -3.044838 -0.6218284 0.09832432
77 5.397637 -0.3379224 -0.1519611 -0.5566842 0.5039697 0.5149355 0.102713 0.1999214 5.161102 -2.924734 -1.031819 0.08382146
78 5.412789 -0.3718323 -0.07187288 -0.5929373 0.5251674 0.4016991 0.1315156 0.1912085 5.558652 -3.458605 -0.4756693 0.1823964
79 5.38474 -0.3094076 0.03015783 -0.7033022 0.4990267 0.4107042 0.1483444 0.1750694 5.097164 -3.208302 -0.9307216 0.1369799
80 5.256069 -0.3081958 0.02762276 -0.6803532 0.4786369 0.4141702 0.07692607 0.1812029 4.989279 -3.395017 -0.4123398 0.1615736
81 5.228292 -0.3226049 -0.05752191 -0.5924055 0.5244224 0.3300877 0.1340085 0.1859913 4.863722 -3.356139 -0.3165437 0.1114649
82 5.327396 -0.4046164 -0.08724489 -0.5443006 0.5086737 0.3752715 0.1000003 0.1347512 4.396489 -3.162912 -0.5169779 0.0961657
83 5.326967 -0.398317 -0.01918825 -0.5484745 0.5334225 0.4600491 0.03024172 0.2134397 5.002187 -3.248648 -0.6375559 0.1159271
84 5.436949 -0.3383324 -0.08332905 -0.5271286 0.4945592 0.3723867 0.1208991 0.1853525 5.313273 -3.358112 -0.841318 0.1697026
85 5.371533 -0.3216283 -0.1107119 -0.6512747 0.4615929 0.4020163 0.1315909 0.1567039 5.036857 -3.60882 -0.3962079 0.1617718
86 5.397603 -0.3331515 -0.234631 -0.7035543 0.5187961 0.4110126 0.1194181 0.1957096 4.845478 -3.076829 -0.9447531 0.1365403
87 5.436841 -0.4257476 -0.1622258 -0.5912977 0.5248482 0.4685118 0.1793499 0.1784146 5.185703 -3.08274 -0.6814033 0.09730046
88 5.407189 -0.2598458 -0.1414403 -0.7172985 0.4857155 0.4473788 0.08111789 0.2264953 5.482835 -3.444828 -0.5831399 0.1548923
89 5.338999 -0.4416036 -0.08899446 -0.6149668 0.5119587 0.427577 0.07833638 0.2594098 6.272574 -3.330804 -0.6538071 0.1248788
90 5.347115 -0.2665163 -0.1081215 -0.7369889 0.485984 0.4960959 0.0782402 0.2275179 5.07314 -3.290667 -0.83129 0.1497956
91 5.416148 -0.2940493 -0.2196498 -0.6394719 0.4942188 0.3758638 0.08757255 0.2122094 6.196269 -3.876267 -0.4964138 0.2343466
92 5.339504 -0.3457673 -0.2144538 -0.6114806 0.4129499 0.3855769 0.07171475 0.1938996 4.464743 -3.337337 -0.5267741 0.1252422
93 5.314757 -0.3823473 -0.1155271 -0.574741 0.478231 0.4894628 0.1082382 0.1498634 4.674121 -3.22923 -0.5958553 0.1248478
94 5.389134 -0.3204216 -0.1785933 -0.5860667 0.5178657 0.2926604 0.1107413 0.1573026 4.224188 -3.380881 -1.22321 0.1709671
95 5.416895 -0.3380176 -0.2506539 -0.5817604 0.4711731 0.2852554 0.08634251 0.2353667 4.988314 -3.155393 -0.5206836 0.0931816
96 5.484335 -0.2989664 -0.2146408 -0.7260521 0.4953073 0.4469647 0.06107937 0.2265471 6.179384 -3.341392 -0.9184774 0.1368276
97 5.339894 -0.3661583 -0.0511552 -0.6758218 0.5041015 0.4424328 0.1257223 0.1895195 5.304243 -2.883389 -0.6627184 0.09948911
98 5.322197 -0.3735276 -0.1281634 -0.5833898 0.4637572 0.3330781 0.09974451 0.1597811 4.684738 -2.965814 -0.7973203 0.06882371
99 5.291412 -0.2881444 -0.08010908 -0.5543758 0.4607695 0.4127168 0.06601219 0.2153187 4.61528 -3.347823 -0.5028947 0.1361824
100 5.393506 -0.3381857 -0.05078091 -0.6341383 0.4666114 0.3187813 0.08410566 0.2066105 4.682398 -3.245139 -0.3428395 0.1060697
