1 5.313874 -0.3177295 -0.1249705 -0.5830709 1.081927 0.4746393 0.2635551 0.2616064 -3.245371 -0.7198013 0.07672158
2 5.396043 -0.3951969 -0.1229962 -0.567037 1.068948 0.3951918 0.2226246 0.2669705 -3.147728 -0.6113989 0.07920974
3 5.464493 -0.4881725 -0.1929064 -0.4959909 1.344289 0.4869647 0.1914133 0.2076711 -3.502111 -0.4634986 0.1528954
4 5.389424 -0.3566352 -0.1595222 -0.7129046 1.019367 0.4275663 0.2507868 0.2390598 -3.673887 -0.5770616 0.2290117
5 5.428994 -0.2970882 -0.4288542 -0.610432 1.053918 0.4146695 0.2430241 0.2272465 -3.477407 -0.1642954 0.1327543
6 5.464848 -0.3224342 -0.1890616 -0.6379433 1.08576 0.3666711 0.2571392 0.2718526 -3.393687 -0.6966275 0.1296037
7 5.418709 -0.4635897 -0.152224 -0.4770156 1.119383 0.4458808 0.1973065 0.2473936 -3.608964 -0.4795033 0.1569853
8 5.212812 -0.2579621 0.2521348 -0.8602207 1.187563 0.4174654 0.2549206 0.2993176 -2.973092 -0.7814287 0.07353121
9 5.30464 -0.3323517 -0.07957657 -0.6371775 1.081129 0.3939651 0.2216696 0.282876 -3.170829 -1.030238 0.07447906
10 5.269025 -0.3344476 -0.05706762 -0.5927732 1.124938 0.5021657 0.2251854 0.2019411 -3.204783 -0.5026275 0.1119469
11 5.258762 -0.251411 0.005957709 -0.7400998 0.9892277 0.4515848 0.2012244 0.1981103 -3.064303 -0.9945351 0.124871
12 5.235305 -0.3188282 0.1001511 -0.5892756 1.166282 0.675589 0.2142606 0.1674295 -3.544971 -1.019713 0.200185
13 5.314902 -0.3775108 0.04966708 -0.5137679 1.060798 0.3374889 0.2373988 0.2484372 -3.566202 -0.4717486 0.1691894
14 5.399603 -0.4961198 -0.08230352 -0.4248111 1.132231 0.5502722 0.3485639 0.4171747 -3.053273 -0.8287081 0.1066935
15 5.288476 -0.3078773 0.1115254 -0.6375109 1.254562 0.5150769 0.3486699 0.3458675 -3.121334 -0.4243534 0.0762939
16 5.334626 -0.3356519 -0.1648374 -0.4878782 0.9916437 0.4292597 0.2309016 0.2634424 -3.333126 -0.9358 0.137316
17 5.45724 -0.3417492 -0.2704097 -0.6978817 1.139519 0.4629476 0.2745349 0.2894547 -3.908171 -0.3852254 0.1699748
18 5.374473 -0.3714945 -0.1407937 -0.6372006 1.089831 0.3346125 0.2186793 0.2777918 -3.255504 -0.9495239 0.1237436
19 5.430957 -0.3035855 -0.1895868 -0.6450288 1.111214 0.3656562 0.2576756 0.3301436 -3.726518 -0.2408705 0.161054
20 5.477249 -0.3566754 -0.1441004 -0.6276681 1.120055 0.5134882 0.2118424 0.2270015 -3.498356 -0.4395879 0.1288703
21 5.247286 -0.3396447 -0.03832016 -0.5818944 1.043399 0.6995314 0.24898 0.1649177 -3.55154 -0.6774212 0.1903882
22 5.489679 -0.3189128 -0.2891434 -0.6152233 1.011148 0.4131713 0.3009082 0.3268089 -3.422285 -0.4725825 0.1459931
23 5.373789 -0.3554826 -0.1651167 -0.5872995 1.052996 0.5014688 0.2624339 0.1996948 -3.090167 -0.8164068 0.08086963
24 5.216049 -0.4047606 -0.1523994 -0.5210607 1.143312 0.8344558 0.4149939 0.2647008 -2.890565 -0.8960976 0.07246923
25 5.344523 -0.2740172 -0.06615503 -0.6713038 1.063854 0.4181881 0.2051766 0.2195166 -3.98687 -0.3226415 0.2235458
26 5.298562 -0.373278 -0.007726021 -0.5868259 1.109041 0.3935482 0.2294477 0.25917 -3.25073 -0.7038653 0.1394157
27 5.482528 -0.3800124 -0.1850512 -0.6109163 1.068356 0.3737258 0.2458526 0.2768339 -3.484764 -0.4263596 0.1562335
28 5.434407 -0.4060147 -0.2892685 -0.4951764 1.127455 0.4378248 0.2056344 0.20627 -3.76129 -0.2369217 0.1884964
29 5.255062 -0.3315842 -0.0994043 -0.568198 1.115525 0.4374007 0.2293527 0.2906459 -3.24673 -0.8829686 0.1429675
30 5.37505 -0.3047821 0.01090231 -0.7407789 1.028622 0.6839013 0.3075387 0.2385171 -3.250255 -0.327455 0.1059488
31 5.391336 -0.3438619 -0.1952627 -0.7551548 1.029791 0.4611831 0.297103 0.2577237 -3.503338 -0.3417967 0.1569592
32 5.325157 -0.4520232 -0.06867745 -0.4853765 1.083084 0.5009109 0.2670429 0.2331001 -3.095489 -0.6301728 0.094158
33 5.235382 -0.3646548 -0.07257595 -0.615121 0.9565332 0.3425843 0.1884958 0.2549251 -3.447995 -0.5838236 0.1425436
34 5.385753 -0.3955526 -0.09953698 -0.5404456 0.9152152 0.329405 0.2830721 0.4058272 -3.305906 -0.6000301 0.1244528
35 5.281501 -0.3863606 -0.05807911 -0.5920694 1.022687 0.3575292 0.2287371 0.2534815 -3.604622 -0.5247808 0.1932622
36 5.294748 -0.3123403 -0.04454324 -0.6421377 0.9587977 0.4924697 0.190575 0.2160656 -3.742951 -0.111495 0.196539
37 5.248406 -0.3540899 -0.08481867 -0.6650339 1.169011 0.6480133 0.2615944 0.2163071 -3.334728 -0.8211142 0.1580233
38 5.274259 -0.3193297 -0.06206209 -0.6091141 1.103071 0.3733475 0.2275619 0.2523578 -3.213474 -0.3358616 0.09317916
39 5.227794 -0.3403245 -0.01885133 -0.5681497 1.016497 0.5813739 0.4602499 0.4629846 -3.03653 -0.5031746 0.08426282
40 5.354984 -0.2618145 -0.1966086 -0.578554 1.086672 0.3601086 0.2547205 0.2988465 -3.724777 -0.8414049 0.1975529
41 5.281959 -0.3207568 -0.1478967 -0.6550745 1.016574 0.3840481 0.2983702 0.3750574 -3.384597 -0.7202026 0.1358517
42 5.3153 -0.2488055 -0.07591572 -0.7908563 1.23346 0.7769532 0.327762 0.2525594 -3.105663 -0.6467547 0.08797517
43 5.258016 -0.2623666 -0.04333675 -0.7157007 1.209951 0.5043068 0.2420963 0.2786197 -3.178057 -0.3410223 0.07288011
44 5.363559 -0.472388 -0.1133539 -0.4653944 1.137919 0.5027664 0.2648101 0.2549317 -3.419832 -1.185265 0.195905
45 5.38902 -0.3937095 -0.1190865 -0.5715392 0.9948868 0.5152364 0.2329593 0.1945546 -3.276757 -1.047382 0.1518369
46 5.364402 -0.4524075 -0.1717321 -0.5008404 1.290677 0.4907296 0.1735712 0.2912918 -3.511778 -0.3548919 0.1496705
47 5.401608 -0.3946844 -0.1948822 -0.5647735 1.010874 0.3784683 0.2407359 0.2521821 -3.246329 -0.739082 0.1252669
48 5.314422 -0.3339567 -0.0184703 -0.6181732 1.098727 0.4086992 0.2096936 0.2413232 -3.176278 -0.876342 0.110437
49 5.424384 -0.3861726 -0.2524307 -0.5430032 0.9235419 0.4494675 0.2378561 0.1924924 -3.16518 -0.7015903 0.08793467
50 5.314506 -0.329025 -0.05323423 -0.6925907 1.052168 0.652667 0.3120018 0.2468689 -3.084398 -0.8173403 0.09096561
51 5.333986 -0.3560868 -0.08890962 -0.5839009 1.066851 0.3916356 0.245737 0.2433778 -2.994655 -0.9826232 0.1177697
52 5.297924 -0.3521184 -0.005747473 -0.704518 1.075339 0.6030002 0.2008481 0.2216178 -3.511919 -0.4113651 0.1490033
53 5.397775 -0.2774239 0.02481008 -0.65415 1.084323 0.4821761 0.2068389 0.2378225 -3.289222 -0.2297454 0.1113479
54 5.272999 -0.262059 -0.06021146 -0.8183352 1.106626 0.5611014 0.2681157 0.2168694 -2.923202 -0.7132184 0.09271921
55 5.436205 -0.3707811 -0.2033877 -0.7720597 1.098887 0.5143823 0.2923695 0.264783 -3.280818 -0.5339099 0.1142836
56 5.326521 -0.3226823 0.02006468 -0.655868 1.072657 0.6478082 0.2434853 0.2235538 -3.121055 -0.5771766 0.08799397
57 5.473137 -0.3345075 -0.2028639 -0.5836627 1.06033 0.5781052 0.2981905 0.2202033 -3.339274 -0.6698131 0.1786041
58 5.514381 -0.271316 -0.2509046 -0.6508274 1.029307 0.541719 0.2576378 0.2131295 -3.565689 -0.2995549 0.1580597
59 5.317049 -0.3310827 -0.001774819 -0.7095979 1.088617 0.5409204 0.2922029 0.254074 -2.916598 -1.017184 0.100681
60 5.294808 -0.206992 -0.05569786 -0.7655256 1.129337 0.4004509 0.2971475 0.3294641 -3.598523 -0.7636053 0.1883439
61 5.334889 -0.3223209 -0.1033705 -0.6178079 0.9306639 0.4616505 0.1799286 0.2266672 -3.322755 -0.818049 0.1270152
62 5.371671 -0.4139912 -0.2233568 -0.5335343 1.211881 0.3631046 0.23944 0.3724561 -3.077279 -0.4557822 0.1338292
63 5.387509 -0.2889977 -0.1264156 -0.677333 1.012004 0.4078757 0.2853794 0.3354179 -3.753308 -0.2475245 0.1833148
64 5.280775 -0.3438334 -0.0872181 -0.5880898 1.048369 0.4694322 0.2352111 0.2622663 -3.539392 -0.6547821 0.1655769
65 5.480327 -0.3524618 -0.2041297 -0.694803 1.176313 0.5300646 0.2977916 0.2636489 -3.515828 -0.5350692 0.1509443
66 5.478621 -0.3642428 -0.1622407 -0.5663944 1.195369 0.3460551 0.2183559 0.2318114 -3.317811 -0.7430271 0.139598
67 5.225921 -0.3631009 0.02159916 -0.5661307 1.01567 0.5670289 0.2440485 0.1773045 -3.200789 -0.5960299 0.1197004
68 5.381648 -0.4074552 -0.2051597 -0.6108289 1.064055 0.3363809 0.1595921 0.2819487 -3.543172 -0.8756291 0.1687208
69 5.355035 -0.2608606 -0.114438 -0.8351775 1.052826 0.5518561 0.2742517 0.2846748 -3.318675 -0.9742901 0.1253026
70 5.317047 -0.3644332 -0.03159684 -0.7228155 0.9534529 0.3433473 0.2345265 0.2619389 -3.818804 -0.3726464 0.2042278
71 5.404819 -0.4163674 -0.2652369 -0.5167792 1.14427 0.6504885 0.2419185 0.2145229 -3.277727 -0.7972169 0.143439
74 5.216789 -0.3573043 0.1453614 -0.6219374 1.02298 0.4085868 0.2180706 0.229423 -3.273932 -0.6181626 0.1282279
75 5.244556 -0.3655071 -0.0111877 -0.59663 1.08715 0.3890585 0.2407547 0.2659108 -3.020972 -0.5829693 0.0891884
76 5.332205 -0.2384359 -0.1726636 -0.8062652 1.161329 0.6964315 0.2375499 0.326128 -3.48184 -0.531215 0.1828735
77 5.297362 -0.3950036 -0.04863128 -0.5211006 1.230324 0.6372875 0.3029746 0.2364466 -3.377881 -0.7740337 0.1406243
78 5.343015 -0.3165564 -0.06395301 -0.6069858 1.150108 0.522942 0.2118806 0.1851557 -3.327713 -0.7244079 0.1437595
79 5.398387 -0.3359218 -0.1825477 -0.6137521 0.982141 0.3847568 0.2162102 0.2379025 -3.577529 -0.4952026 0.1751604
80 5.305241 -0.3486313 0.02709747 -0.6181255 1.107525 0.4141355 0.1297407 0.2642254 -3.337091 -0.8076588 0.1599379
81 5.400212 -0.4340901 -0.06402742 -0.5029971 1.124443 0.5578007 0.2520041 0.2273709 -3.253658 -0.4613985 0.1540432
82 5.27821 -0.2820529 -0.2235296 -0.6854923 1.126102 0.6237237 0.2112464 0.2767499 -3.42582 -0.4940732 0.1496468
83 5.350102 -0.2562627 -0.1669714 -0.7772644 1.092313 0.4736232 0.2877044 0.2792542 -3.145321 -0.7508414 0.1075598
84 5.065564 -0.280557 0.3325792 -0.7402021 1.126022 0.6381218 0.2130161 0.2003196 -3.038946 -0.9281028 0.108149
85 5.3764 -0.2294902 -0.1452371 -0.6717728 1.009807 0.3624978 0.2502159 0.2999105 -3.593853 -0.8294964 0.1637814
86 5.379315 -0.2922723 -0.1108837 -0.669245 1.147466 0.4641866 0.2516305 0.2300244 -3.367789 -0.5787315 0.1343487
87 5.364416 -0.4573253 -0.03785875 -0.4634479 1.19875 0.52786 0.3178167 0.2617341 -3.346382 -0.9959439 0.1454079
88 5.493103 -0.3071639 -0.1167706 -0.7170189 1.057633 0.4149448 0.201264 0.2646013 -3.622558 -0.2855051 0.1270987
89 5.387016 -0.4100335 -0.0923096 -0.6204073 0.9926789 0.3197455 0.2276857 0.2545762 -3.2107 -0.3188498 0.1073835
90 5.32121 -0.3062309 -0.01803895 -0.6468775 1.0795 0.5633228 0.3497632 0.284702 -3.053277 -0.5083915 0.07135664
91 5.330461 -0.3954908 -0.07338083 -0.5589731 1.174965 0.6300383 0.3305945 0.3352648 -2.874542 -1.125361 0.06430465
92 5.32718 -0.3145717 -0.004703121 -0.712168 1.028803 0.5730282 0.2991281 0.2153087 -3.314593 -0.5866261 0.1428394
93 5.348667 -0.3660956 -0.1098282 -0.5657695 1.071547 0.6913434 0.1785375 0.1535105 -3.246312 -0.4327157 0.08936811
94 5.377623 -0.3608585 -0.08479304 -0.6254522 1.102004 0.6257879 0.2694955 0.2289168 -3.343478 -0.7071553 0.1409424
95 5.318413 -0.3829905 -0.06626711 -0.5675135 1.275127 0.4133169 0.2206371 0.3203185 -3.216021 -0.6722956 0.09569825
96 5.379563 -0.3588434 -0.1442446 -0.6603229 1.152444 0.6023012 0.2905673 0.2036352 -3.223577 -0.6207248 0.1297698
97 5.382208 -0.3394672 -0.17064 -0.6902372 1.08533 0.3875699 0.2806435 0.3313401 -3.427944 -0.6568868 0.1485359
98 5.415377 -0.3883243 -0.2044158 -0.5550981 1.099042 0.4258337 0.1611109 0.2089401 -3.580616 -0.6199097 0.1878545
99 5.556315 -0.411155 -0.3131076 -0.59175 1.097006 0.6558393 0.2560081 0.2081507 -3.446301 -0.4864715 0.09994596
100 5.454291 -0.4042472 -0.1098662 -0.5027978 1.311918 0.3837216 0.2059447 0.2587067 -2.993465 -0.6190741 0.08223399
101 5.513409 -0.3493901 -0.3131173 -0.6433007 1.245848 0.6974403 0.2876901 0.2098715 -3.282224 -0.5825703 0.1168516
102 5.328702 -0.3759797 -0.2010656 -0.6048559 1.097206 0.4982118 0.3087274 0.2964421 -3.276637 -0.7051967 0.1251424
