1 0.08144117 0.05866374 0.1148827 0.08124912 0.1076143 0.05694656 0.05017823 0.05833887 0.2612882 0.2381321 0.0501838
2 0.07888213 0.05942733 0.1111808 0.08265784 0.1016682 0.05654693 0.0508572 0.059847 0.2487828 0.2205662 0.04801692
3 0.08806475 0.06129833 0.1241892 0.08527231 0.127416 0.06749927 0.05620977 0.07587938 0.2648948 0.218892 0.04821734
4 0.07908746 0.05843611 0.111283 0.08051913 0.1032103 0.05469873 0.04967479 0.05793058 0.2742634 0.2144026 0.04889248
5 0.07902893 0.05734926 0.1115944 0.08029545 0.1058739 0.05663732 0.05037648 0.05694497 0.2651596 0.2118545 0.04716379
6 0.07846469 0.05990839 0.1103833 0.08270446 0.1061512 0.05933087 0.05472192 0.05691586 0.273119 0.2309091 0.05010759
7 0.08147192 0.05865336 0.1149913 0.08188111 0.1069106 0.05710967 0.05122669 0.06432756 0.2799095 0.2265745 0.05173259
8 0.08268281 0.06426449 0.1163075 0.08753213 0.112779 0.06204059 0.05943036 0.06729785 0.2310609 0.2158399 0.04437343
9 0.07904046 0.06044874 0.1113576 0.08354862 0.1021225 0.05645949 0.05235189 0.0606821 0.2585614 0.2563845 0.05022433
10 0.08344167 0.05857053 0.1176956 0.08002515 0.1126924 0.05742815 0.05127964 0.06370023 0.2463654 0.2081682 0.04635939
11 0.0787862 0.0565567 0.1108575 0.07689052 0.1010982 0.05276539 0.04596747 0.05873484 0.2452631 0.222578 0.04692008
12 0.08964293 0.05789303 0.1261932 0.07875623 0.1255641 0.0592318 0.04729478 0.0664375 0.2775809 0.2359311 0.05183782
13 0.07670794 0.05824967 0.108174 0.080995 0.1050327 0.05906325 0.05396606 0.05586712 0.2722306 0.2150983 0.05064514
14 0.0853735 0.06840071 0.1202006 0.09400476 0.1174065 0.06451074 0.06508126 0.06948697 0.2284693 0.213808 0.04316004
15 0.08691483 0.06625193 0.1225366 0.09224459 0.1278153 0.07036663 0.06642698 0.06829839 0.2280774 0.2057868 0.04204732
16 0.07812353 0.05792033 0.1099722 0.08033006 0.09868198 0.05350859 0.04776346 0.05705756 0.2698596 0.238286 0.05103801
17 0.08242587 0.0604774 0.1163256 0.08455828 0.1102445 0.05844191 0.05466052 0.06200614 0.316669 0.2501383 0.05594089
18 0.07751061 0.06057433 0.1090286 0.08387205 0.1014949 0.05732077 0.05266516 0.06004118 0.2609596 0.2390003 0.04937121
19 0.07886852 0.06259548 0.1112853 0.08710918 0.1046322 0.05909927 0.05683744 0.06120932 0.2795606 0.2219753 0.048711
20 0.08370853 0.05815577 0.1180203 0.08025273 0.1132014 0.05949066 0.05046258 0.06493237 0.2711224 0.2237898 0.0490227
21 0.08757238 0.05483036 0.1233704 0.07501204 0.1202422 0.05589151 0.04407019 0.05920837 0.2668739 0.219998 0.04902245
22 0.07796262 0.06181106 0.1099554 0.08567447 0.1011906 0.05588824 0.05604017 0.05624146 0.2611867 0.2143845 0.04591424
23 0.0818134 0.05660757 0.1152477 0.07752014 0.1124106 0.05737687 0.05000462 0.05550309 0.2466968 0.2279692 0.04732012
24 0.09350074 0.06218764 0.1317393 0.08515932 0.1463178 0.07006484 0.06064579 0.0635875 0.2237428 0.2187416 0.04419947
25 0.07937442 0.05684679 0.1119723 0.07859434 0.1026306 0.05426814 0.04695918 0.05986581 0.3111235 0.2266687 0.05479384
26 0.07999437 0.06140166 0.1126286 0.08417057 0.106999 0.05882414 0.05267706 0.06303243 0.2499924 0.2143231 0.04724783
27 0.07830049 0.06057116 0.1102009 0.08351615 0.1057196 0.05927181 0.05404905 0.05997566 0.2675758 0.2127081 0.04827986
28 0.08152534 0.05755605 0.1150132 0.08024515 0.1091161 0.05732495 0.04908091 0.06282509 0.2788633 0.2162032 0.04964758
29 0.08157484 0.06360233 0.1148732 0.08639647 0.1097275 0.06050209 0.05425631 0.06624394 0.2549047 0.2252548 0.04852717
30 0.08658403 0.05830779 0.1222448 0.0808987 0.1219771 0.06136659 0.04930773 0.06117532 0.2429794 0.2049493 0.04394452
31 0.07980123 0.05850971 0.1126591 0.08202652 0.1112273 0.05918783 0.05405502 0.05419578 0.2596447 0.2128191 0.04635831
32 0.0825877 0.05857538 0.1163879 0.08108209 0.1113869 0.05726807 0.05076992 0.05923735 0.2358975 0.2108775 0.04566751
33 0.07424669 0.05754669 0.1045101 0.07910158 0.08912509 0.04924955 0.04686298 0.05446865 0.2737205 0.2246523 0.05273062
34 0.07287566 0.06393333 0.1025744 0.08859204 0.08775423 0.0523467 0.0578618 0.0533568 0.2570156 0.2182064 0.04808529
35 0.07657158 0.05952103 0.1078361 0.08172057 0.09976901 0.05668239 0.05184118 0.05794768 0.275429 0.2168771 0.05146387
36 0.0792152 0.05532382 0.1118604 0.07736788 0.1022809 0.05482877 0.04425712 0.05942892 0.2748789 0.2049306 0.04911721
37 0.08888003 0.06076052 0.125105 0.0822595 0.1235238 0.05927382 0.05032835 0.06709557 0.2542378 0.2241687 0.04718575
38 0.07891607 0.05929438 0.111396 0.08246924 0.1072438 0.05913108 0.05286622 0.0619655 0.2448308 0.2066507 0.04597993
39 0.08357425 0.06895859 0.1178853 0.09533472 0.1171282 0.06569868 0.07136114 0.05927952 0.2223498 0.2034411 0.04144148
40 0.0781591 0.06158205 0.1100304 0.08483927 0.102467 0.05693755 0.05470293 0.05829122 0.2973089 0.2453253 0.05306667
41 0.07734646 0.06420868 0.1087633 0.08757998 0.09999396 0.05701968 0.05685519 0.05651547 0.2656173 0.2307441 0.04970657
42 0.09379972 0.06277936 0.1321499 0.08637539 0.1411669 0.06985123 0.05935199 0.07373687 0.2376413 0.2179217 0.04341993
43 0.08558425 0.06314359 0.1207512 0.08714871 0.1193254 0.06346653 0.05835159 0.07150478 0.2433739 0.2119423 0.0460138
44 0.08422074 0.06290624 0.1183318 0.08442595 0.1155029 0.06027411 0.05346936 0.06510797 0.2636633 0.2412932 0.04913469
45 0.08098573 0.05705294 0.1139661 0.07715872 0.1044495 0.05185788 0.04394782 0.05699932 0.2608877 0.2366893 0.04868841
46 0.08700041 0.06429888 0.1228201 0.08936858 0.1391951 0.08884133 0.0784472 0.08687688 0.2628627 0.215207 0.04860727
47 0.07692338 0.05896198 0.1083641 0.08114755 0.09971818 0.05473645 0.05103548 0.05672508 0.2574106 0.2232896 0.0483107
48 0.0800675 0.05943055 0.1126699 0.08174404 0.1057006 0.05727628 0.05064555 0.06344609 0.2504415 0.2286013 0.04775961
49 0.07683964 0.05409372 0.1083973 0.07386682 0.09805639 0.05039472 0.04361917 0.05053209 0.254692 0.22507 0.04873677
50 0.08639624 0.05962915 0.1217047 0.08156407 0.1190388 0.05868446 0.04981265 0.06173232 0.241643 0.2242773 0.04580556
51 0.0793489 0.06107275 0.1113348 0.08213411 0.1072073 0.06025229 0.05427656 0.05928262 0.2369424 0.2166578 0.04539091
52 0.08534 0.05833197 0.1202527 0.08009477 0.1142517 0.05673527 0.04741377 0.0644426 0.2673724 0.2190252 0.04877581
53 0.08187917 0.05876642 0.115584 0.08169996 0.1075859 0.05664668 0.05126558 0.06534752 0.2424942 0.19916 0.04374941
54 0.08518221 0.05988709 0.1199698 0.08220633 0.1191133 0.06265736 0.05382301 0.06414967 0.2247017 0.2049415 0.04255233
55 0.08345223 0.06116383 0.1174907 0.08371613 0.1141519 0.05966412 0.05264762 0.06135998 0.2576079 0.2196257 0.0476261
56 0.08667199 0.05923653 0.1221763 0.08067748 0.1198698 0.06153699 0.05255542 0.06761753 0.2423122 0.2137991 0.04585513
57 0.08445073 0.05918618 0.1189025 0.08067435 0.1179947 0.05931192 0.05172384 0.05877437 0.2545347 0.2046843 0.04560703
58 0.08240839 0.05678375 0.1162353 0.0789354 0.1134126 0.0572605 0.04773239 0.06080533 0.2718011 0.2122302 0.04711072
59 0.0842278 0.06144734 0.1184624 0.08421289 0.1169058 0.06069557 0.05317387 0.06308665 0.231525 0.2184391 0.04467729
60 0.08065856 0.06368855 0.1136732 0.08787376 0.1119857 0.06402672 0.06115502 0.0611454 0.272141 0.2301947 0.04901195
61 0.07746694 0.05511858 0.1091775 0.07618602 0.09515353 0.04993885 0.04315782 0.05494461 0.2702732 0.2346093 0.0511866
62 0.08168762 0.0688924 0.1151102 0.09413958 0.1110573 0.06385068 0.06312189 0.07397225 0.2240029 0.1886634 0.04149499
63 0.0778411 0.06139429 0.1099069 0.08579089 0.09942644 0.05544455 0.05446852 0.05735627 0.2867106 0.2157647 0.05135039
64 0.08075101 0.05961065 0.1137182 0.08198123 0.1044355 0.05463544 0.05014805 0.06240222 0.2772413 0.228652 0.05201277
65 0.08552691 0.06106359 0.1205456 0.08480207 0.1214379 0.06380438 0.05599481 0.06444193 0.2670846 0.2259077 0.04713688
66 0.08044194 0.06029276 0.1132985 0.08337774 0.111723 0.06197995 0.05587579 0.06231649 0.2546568 0.2216593 0.04641368
67 0.08299417 0.05544731 0.1169424 0.07602187 0.1137929 0.05691207 0.04540403 0.05811991 0.249175 0.2099487 0.04830008
68 0.07687066 0.06009859 0.1080717 0.08300482 0.09756736 0.05649696 0.05232576 0.06272756 0.2872561 0.2453082 0.05398808
69 0.08339746 0.0597641 0.1173763 0.08267491 0.1095909 0.05684691 0.05177355 0.06081362 0.2568623 0.2477862 0.04655626
70 0.07409585 0.05816967 0.1045224 0.08059665 0.09171668 0.05039748 0.04779097 0.0521913 0.2978657 0.2254632 0.05398842
71 0.08846536 0.0601494 0.124608 0.08160159 0.123976 0.06235098 0.04900376 0.06686392 0.2551556 0.2212424 0.04774715
74 0.07819471 0.05816139 0.1101875 0.07994629 0.09977985 0.05240493 0.04687417 0.05857008 0.2518428 0.2138271 0.04832478
75 0.07931653 0.06053505 0.1116149 0.08323859 0.1060708 0.05807425 0.05633241 0.06168788 0.2307908 0.2034418 0.04470201
76 0.09028153 0.06591424 0.127156 0.09031377 0.1272793 0.06512623 0.05819661 0.07539037 0.2604482 0.2126907 0.04600484
77 0.08987982 0.06170383 0.1266314 0.08423335 0.1308448 0.06523955 0.056607 0.06825545 0.262038 0.2280001 0.04988237
78 0.08479048 0.0576381 0.1193923 0.07917797 0.1160819 0.05848639 0.04996716 0.06586908 0.2584577 0.2198222 0.04775642
79 0.07627585 0.05656008 0.1076415 0.07846357 0.09819825 0.0542002 0.04779104 0.05645898 0.2806975 0.2184371 0.05101159
80 0.08064324 0.06108503 0.1135485 0.08384596 0.1068925 0.05930395 0.0535659 0.07033529 0.2636228 0.2206705 0.04975444
81 0.08541277 0.0599542 0.1203244 0.08338832 0.1194653 0.06325912 0.05269367 0.06870184 0.2350944 0.1947299 0.04316578
82 0.08721937 0.06099743 0.1229945 0.08421611 0.1197029 0.06162047 0.05231788 0.06917191 0.2582468 0.2165287 0.04678174
83 0.08206188 0.0626317 0.1154835 0.08509253 0.1120212 0.06077467 0.05882884 0.06297952 0.2494572 0.2210765 0.04667318
84 0.08767747 0.05876905 0.1235781 0.08032173 0.1208753 0.05954703 0.04829955 0.0680662 0.2352387 0.2201428 0.046136
85 0.07621425 0.06015524 0.1073728 0.08272231 0.0954581 0.05290717 0.05131646 0.0545348 0.2880581 0.247105 0.05103331
86 0.08286499 0.05949608 0.1168053 0.08190794 0.1136617 0.0592548 0.05229724 0.0624911 0.254011 0.218907 0.0454387
87 0.08609798 0.06186564 0.1211387 0.084613 0.1279942 0.06710852 0.05942153 0.0613651 0.2440532 0.2369887 0.04503395
88 0.07893405 0.05852879 0.1114575 0.08189821 0.1010599 0.05470765 0.04933244 0.06033744 0.2854179 0.2291976 0.05086482
89 0.07436021 0.05769551 0.1049151 0.08085013 0.09559313 0.05338347 0.05145651 0.0547167 0.2438184 0.2014325 0.04573351
90 0.08440139 0.06109768 0.1189736 0.0848992 0.1241919 0.06579794 0.05745583 0.05811807 0.2322868 0.2082924 0.04356418
91 0.08854505 0.0655849 0.1246757 0.08960154 0.1238014 0.06396124 0.06101904 0.0702421 0.2269192 0.2342908 0.04436426
92 0.08346716 0.05718971 0.1176941 0.07924333 0.1167007 0.05810082 0.04966956 0.05608721 0.2489821 0.2126808 0.04521376
93 0.08781757 0.05419114 0.1239014 0.07471436 0.1218897 0.05866964 0.04453929 0.06349981 0.2499021 0.216069 0.04670777
94 0.08671094 0.05948874 0.1222117 0.08143814 0.1205136 0.06062822 0.04927522 0.06479586 0.2600306 0.2235717 0.04771809
95 0.08448883 0.06560356 0.1189583 0.09042833 0.1180739 0.06781608 0.0605292 0.07298305 0.2482446 0.2250162 0.04688452
96 0.08726113 0.0587235 0.1229827 0.0809709 0.1307935 0.06650385 0.05421458 0.06440378 0.245468 0.2117477 0.04522021
97 0.07909598 0.06361425 0.1115647 0.08742092 0.1049838 0.05906918 0.05653963 0.05990272 0.2619429 0.2257647 0.04761027
98 0.08058254 0.05734623 0.1136128 0.07940012 0.1046944 0.05543917 0.04663673 0.06318675 0.2773294 0.2223416 0.05037208
99 0.08725484 0.05737091 0.1230928 0.07903209 0.1190352 0.05710184 0.04713813 0.06216825 0.2725255 0.2365518 0.04905965
100 0.08471804 0.06415759 0.1190993 0.08794578 0.1209684 0.06786258 0.05994443 0.07434069 0.2244944 0.2052098 0.04184642
101 0.09192487 0.0606595 0.1294906 0.08337144 0.1352938 0.06675357 0.05403238 0.06994804 0.2513348 0.2194692 0.04514447
102 0.08274395 0.06147676 0.1165992 0.08548567 0.1130804 0.06033043 0.05561542 0.06113966 0.2487921 0.2241737 0.04584428
