1 0.06230447 0.04456209 0.0938689 0.06638626 0.05927957 0.03085022 0.02936379 0.02767441 0.5716621 0.2612697 0.223769 0.04882996
2 0.06392128 0.05016266 0.09194212 0.07067392 0.05778012 0.03264711 0.03332957 0.03362228 0.471672 0.2506946 0.2243816 0.04602113
3 0.06706632 0.0488695 0.09344342 0.06699978 0.06031617 0.03140416 0.02914957 0.02951087 0.5024115 0.2381015 0.2104218 0.04545359
4 0.07405466 0.05165987 0.102228 0.07111267 0.07277351 0.03705863 0.03484103 0.02757647 0.6784779 0.2588652 0.217594 0.04734762
5 0.06946445 0.04937718 0.09514889 0.06649486 0.06125166 0.03040928 0.02949671 0.02665393 0.5712749 0.2657955 0.2213388 0.04948129
6 0.06462392 0.04837894 0.0940886 0.06899146 0.06204772 0.03231719 0.0318495 0.02889262 0.8392963 0.2686257 0.2332115 0.04890941
7 0.06752995 0.04636519 0.09750361 0.06480063 0.06532854 0.03132295 0.02824131 0.02953951 0.6628975 0.2505192 0.2186434 0.04782738
8 0.06757158 0.04831834 0.09855575 0.06896633 0.06653574 0.03352803 0.03229812 0.02852312 0.5370773 0.2254961 0.2133606 0.04369244
9 0.06689777 0.04608626 0.09463533 0.0639881 0.06282293 0.03053088 0.02736766 0.02820327 0.6746158 0.2823501 0.224689 0.05122014
10 0.06495159 0.04857 0.09151337 0.06730226 0.05761954 0.03092273 0.0304115 0.02688322 0.5994772 0.2700704 0.2560629 0.05105613
11 0.07233849 0.04614534 0.09902603 0.06299621 0.06651312 0.03116508 0.02752661 0.02974276 0.5657953 0.261383 0.2245632 0.04836247
12 0.0663966 0.04607376 0.09818302 0.06641557 0.06594281 0.03195441 0.02940097 0.02948881 0.4135537 0.2377703 0.2242765 0.04370828
13 0.06598179 0.05058464 0.09553168 0.072624 0.06310982 0.03401821 0.03486841 0.02932086 0.8987774 0.2641714 0.216292 0.04792132
14 0.07454928 0.04907211 0.1005572 0.06558157 0.0703097 0.03216601 0.02994028 0.02648719 0.5022983 0.2447721 0.2331977 0.04669749
15 0.06653924 0.04591795 0.09696265 0.06554765 0.06381372 0.03167613 0.02889306 0.02710977 0.6292443 0.238362 0.2137004 0.04627421
16 0.06873457 0.05421566 0.1018632 0.07756521 0.07207767 0.03899009 0.03983555 0.03142451 0.5610483 0.2593193 0.2264344 0.04914829
17 0.06361341 0.05289349 0.08985509 0.07396719 0.05684077 0.03297649 0.03547127 0.02875899 0.8181727 0.2772165 0.2163098 0.04983986
18 0.06818748 0.04690999 0.1002582 0.06741057 0.07174557 0.0333675 0.02943963 0.0285844 0.7504978 0.2425466 0.2194164 0.04580621
19 0.06700574 0.05150513 0.09343156 0.07005115 0.06050163 0.03293642 0.03333632 0.03077193 0.5896268 0.2531918 0.2207547 0.04558137
20 0.06886149 0.05049777 0.09619748 0.06932376 0.06367197 0.03386126 0.03163921 0.02963295 0.7087915 0.2596042 0.2368758 0.05010624
21 0.06497612 0.04798444 0.09428568 0.06842799 0.06183426 0.03214179 0.03045348 0.02949513 0.5249177 0.2635463 0.2231555 0.04637627
22 0.06799832 0.04733082 0.0996581 0.0666147 0.06879368 0.0335404 0.02916409 0.02869832 0.5353712 0.2387097 0.2180743 0.04360951
23 0.07406735 0.05603981 0.09900953 0.0736083 0.06700678 0.03623538 0.03565814 0.03085204 0.5538965 0.2589857 0.2003856 0.04664436
24 0.07158602 0.0536954 0.09752754 0.07182342 0.06765136 0.03543783 0.03405922 0.0323586 0.6145765 0.2544756 0.2305047 0.04681364
25 0.07261 0.05281272 0.1029951 0.07288911 0.07345927 0.03673708 0.03620039 0.03202529 0.7536283 0.2373908 0.20761 0.04390238
26 0.07068597 0.04512058 0.1040064 0.06357065 0.07474829 0.03295714 0.0269181 0.02888296 0.6562357 0.2669972 0.2122198 0.04856427
27 0.0685761 0.04782436 0.1009069 0.06901924 0.06979431 0.03383894 0.03201307 0.02982555 0.6237236 0.2449948 0.2023778 0.04589446
28 0.06515246 0.04928726 0.09750688 0.07011129 0.06414133 0.03266819 0.03212825 0.02920221 0.5896911 0.2477259 0.2299103 0.04503363
29 0.06729129 0.05213875 0.09493069 0.07198237 0.06243525 0.03383773 0.03499371 0.02871352 0.619152 0.2527764 0.2135715 0.04548873
30 0.06640503 0.04906766 0.09493923 0.0687621 0.06295839 0.03276402 0.03188205 0.02887348 0.6217727 0.2326862 0.2155825 0.043599
31 0.06835295 0.04934559 0.0954255 0.06754461 0.06243097 0.03091287 0.02969527 0.02578133 0.6095184 0.2501209 0.2309759 0.0480052
32 0.07315941 0.0555508 0.1015856 0.07683461 0.07084948 0.03836291 0.03843295 0.03031325 0.6558573 0.2665292 0.2330117 0.04926688
33 0.07745916 0.04942636 0.106498 0.06731964 0.07778522 0.03603327 0.03022489 0.02667874 0.8468662 0.2678348 0.2136163 0.0500709
34 0.07120282 0.04953063 0.09991989 0.06713606 0.0670034 0.03236321 0.0298754 0.02714334 0.6437891 0.2260143 0.2062861 0.04306139
35 0.07107223 0.05224981 0.09769093 0.07019774 0.06580118 0.0339732 0.03233405 0.03011139 0.6414298 0.2541573 0.2405983 0.04593661
36 0.0649722 0.04608416 0.09911271 0.06788839 0.0679491 0.0330535 0.03103148 0.02622243 0.5909434 0.2404357 0.2329144 0.04466121
37 0.06679239 0.04920312 0.09228173 0.06735537 0.05826403 0.03081525 0.02973771 0.03004457 0.6034931 0.2504812 0.1958626 0.04550258
38 0.0739255 0.05024691 0.1042754 0.0714682 0.07384635 0.0366688 0.03416279 0.03219361 0.511816 0.2646593 0.217694 0.04686252
39 0.0709818 0.05214312 0.0945786 0.06762908 0.06198227 0.0307458 0.0297378 0.02734533 0.5298346 0.2811536 0.2343459 0.05161647
40 0.06852137 0.05081949 0.09705351 0.06996857 0.06357989 0.03313297 0.03330227 0.02813655 0.5410346 0.2529308 0.2221842 0.04769405
41 0.06467924 0.05002606 0.09194189 0.0694719 0.05843297 0.03212698 0.03291762 0.02915183 0.4598232 0.2380336 0.1996784 0.04292389
42 0.06809496 0.05068384 0.0984087 0.07164048 0.06849368 0.03575565 0.03341166 0.03187426 0.7825561 0.2564167 0.2197824 0.04813264
43 0.06755558 0.0511704 0.09039114 0.0680583 0.05657687 0.03064811 0.03044384 0.02877173 0.5293437 0.267131 0.2198066 0.04808818
44 0.06959389 0.05098758 0.1003582 0.07169669 0.06977564 0.03542902 0.03413659 0.03100623 0.5585158 0.2356948 0.1986391 0.04285439
45 0.05872234 0.04979381 0.08171262 0.06824791 0.04706722 0.02759141 0.03098535 0.02844596 0.5899462 0.2730328 0.2112265 0.04989612
46 0.06669492 0.04682599 0.09469296 0.06522054 0.06263208 0.03160565 0.02860693 0.03204075 0.6191132 0.266032 0.2470547 0.04831312
47 0.07536286 0.05571069 0.1017477 0.07519315 0.0701403 0.03704308 0.0381286 0.03080494 0.6029713 0.2627833 0.2201016 0.04708541
48 0.06717636 0.05074854 0.09801988 0.07262746 0.06653206 0.03502681 0.03528678 0.03034938 0.589763 0.2030908 0.213525 0.03572964
49 0.06825079 0.05208221 0.09782082 0.07099071 0.06591564 0.03478521 0.03333199 0.03285217 0.5127736 0.2460676 0.2315066 0.04728582
50 0.07557165 0.0522964 0.1019049 0.06835448 0.07075604 0.03341484 0.03100416 0.02769267 0.55152 0.269796 0.2268191 0.04611603
51 0.06725025 0.05069969 0.0970866 0.07080868 0.06499547 0.03327239 0.03322523 0.02727834 0.5781652 0.265412 0.2258183 0.04767918
52 0.0698252 0.04942482 0.09940756 0.0681922 0.06790298 0.03371945 0.03073971 0.03185582 0.6635422 0.2308993 0.2229692 0.04471215
53 0.07349171 0.04919886 0.1051231 0.06961057 0.07674431 0.03603826 0.03196951 0.02987069 0.6353648 0.2797056 0.2175193 0.04836202
54 0.07033068 0.04962672 0.09686768 0.06675709 0.06364209 0.03199137 0.02982351 0.02743363 0.727958 0.279266 0.232649 0.05152593
55 0.06614211 0.04875524 0.09379561 0.06562581 0.06071779 0.0303033 0.02826002 0.02895543 0.4611875 0.2668076 0.2329959 0.04839495
56 0.06634938 0.04884508 0.0951349 0.06889778 0.06375014 0.03290689 0.03219843 0.02930928 0.9293737 0.2575061 0.2208787 0.04907619
57 0.07130856 0.04957253 0.1025841 0.06846453 0.07308697 0.03476056 0.03092435 0.02769609 0.4995391 0.2499275 0.2203199 0.04603917
58 0.06966624 0.05180631 0.09663828 0.07161952 0.06458724 0.03387006 0.03458611 0.02865371 0.7021776 0.2802219 0.2237179 0.05131485
59 0.06769074 0.04758824 0.09640753 0.06603067 0.06353023 0.03114037 0.02912912 0.02519104 0.603644 0.2443077 0.2046731 0.04514528
60 0.06685201 0.05122422 0.09338664 0.07058497 0.06142166 0.03332449 0.03340833 0.0276649 0.6539084 0.2791213 0.2126843 0.05007943
61 0.06719888 0.05102678 0.09258208 0.06982024 0.05913524 0.03165761 0.03193104 0.03103366 0.50874 0.2643874 0.2135484 0.04771912
62 0.06565359 0.04994784 0.09247091 0.06944235 0.05941505 0.03068534 0.03136877 0.02831824 0.5424195 0.2657126 0.2358849 0.04871215
63 0.06815991 0.04720446 0.09659134 0.0652398 0.06481291 0.03114596 0.02873098 0.02580544 0.6121712 0.2300491 0.2118609 0.04414625
64 0.06859327 0.04877741 0.09435675 0.06578312 0.0623651 0.0312524 0.02905656 0.02836114 0.6055655 0.2721352 0.225762 0.04984187
65 0.06934551 0.0455389 0.09652906 0.06225537 0.06615062 0.0301618 0.02601946 0.02801613 0.5524795 0.2684265 0.214464 0.04906601
66 0.06864759 0.0496472 0.09722959 0.06900915 0.06563131 0.03300036 0.03204731 0.02804025 0.923744 0.2649396 0.2135358 0.04870303
67 0.07046844 0.05126134 0.09963077 0.06985311 0.06866195 0.03353341 0.03251021 0.02794791 0.6297288 0.2228235 0.1963469 0.04198772
68 0.0692486 0.04831489 0.09782985 0.06757206 0.06715715 0.03295512 0.02989204 0.03093427 0.5014891 0.2479859 0.2124697 0.04667881
69 0.06797801 0.04809228 0.0965563 0.06845447 0.06313138 0.03240139 0.03182663 0.02708051 0.5164608 0.257961 0.2223804 0.04731872
70 0.06988783 0.04745273 0.1000496 0.06755327 0.06953324 0.03366243 0.031322 0.02867185 0.699159 0.2726172 0.2589983 0.0491221
71 0.06935836 0.05291527 0.09623973 0.07282853 0.06372616 0.03515038 0.03434586 0.02974781 1.066326 0.2429481 0.1958579 0.04571639
72 0.07229246 0.05080033 0.1056723 0.07203398 0.07555533 0.0371445 0.03443287 0.03274848 0.5402618 0.234021 0.2153879 0.04365203
73 0.06762438 0.05203588 0.09533847 0.07260602 0.06253747 0.03350373 0.03516137 0.02855938 0.6299505 0.2593561 0.2019992 0.04513468
74 0.06495075 0.04722521 0.09480331 0.06745274 0.06299022 0.03212117 0.0305286 0.02795693 0.5546909 0.2343178 0.2268041 0.04332959
75 0.0726496 0.05309472 0.09848666 0.07049885 0.06762621 0.03443348 0.03353153 0.03079869 0.9166451 0.25764 0.2189591 0.04883391
76 0.06683051 0.04994182 0.09766869 0.06998155 0.0668551 0.03382236 0.03200977 0.03017816 0.4721568 0.234216 0.2078161 0.04367195
77 0.07564193 0.05230591 0.1041013 0.06938964 0.07523389 0.03531119 0.03145509 0.03004094 0.6096409 0.2384576 0.2229123 0.04529101
78 0.07162437 0.05070384 0.09876359 0.06928854 0.06700642 0.03480882 0.03183223 0.03069142 0.6680908 0.2603347 0.2015769 0.04665911
79 0.06772454 0.04702751 0.0981265 0.06692583 0.06625434 0.03238578 0.02953235 0.02925407 0.5774862 0.2486563 0.225794 0.04530223
80 0.06870755 0.04774979 0.0971078 0.06699435 0.06616153 0.03239136 0.03017875 0.02859902 0.5826443 0.2550009 0.2051137 0.04756174
81 0.06565293 0.04837059 0.09454235 0.06860248 0.06113151 0.03226251 0.03083058 0.03123163 0.538311 0.2495602 0.2118634 0.04738858
82 0.07174436 0.04797925 0.0971925 0.06415544 0.06487621 0.03106142 0.0262462 0.03119743 0.4740735 0.2458066 0.2112792 0.04683235
83 0.06802223 0.04893215 0.1027074 0.0721 0.074036 0.03675226 0.03366975 0.0318426 0.5709277 0.2448712 0.22475 0.04645516
84 0.06662897 0.04855872 0.09515765 0.06731529 0.06223331 0.03169911 0.03156159 0.02971698 0.6494747 0.2614456 0.2189526 0.04769142
85 0.06629965 0.04526396 0.09494719 0.06338864 0.06502686 0.02966749 0.02669302 0.02734929 0.5909975 0.2786452 0.2240866 0.04910781
86 0.07087832 0.053612 0.09952951 0.07115869 0.0670712 0.03376477 0.03245846 0.03138931 0.5406116 0.2349186 0.2181745 0.0430502
87 0.07544515 0.05144421 0.1030239 0.06852238 0.07291983 0.03465598 0.03108994 0.03068883 0.5814349 0.2289516 0.2098721 0.04177394
88 0.07018807 0.05161818 0.09878163 0.07096004 0.0692868 0.03459494 0.03375395 0.02780039 0.6327784 0.2300732 0.2154253 0.03906448
89 0.06839024 0.05239952 0.09861374 0.07347551 0.06751427 0.03668571 0.03700854 0.02873578 0.8044877 0.2594807 0.2260337 0.04922934
90 0.06934057 0.05040562 0.1023589 0.07168594 0.0733886 0.03559837 0.03406839 0.02924308 0.5883064 0.2482167 0.2250212 0.04565427
91 0.06238003 0.04626976 0.09633653 0.06999507 0.06214207 0.0329886 0.03183345 0.02797617 0.7610129 0.289514 0.2288076 0.05134279
92 0.06291295 0.04504302 0.09286145 0.06573658 0.05927481 0.02954806 0.02913887 0.02530534 0.492769 0.2560285 0.2208801 0.04875422
93 0.07591131 0.04887302 0.1018736 0.06460634 0.07340201 0.03168724 0.02640144 0.0290918 0.5233425 0.2492235 0.2087307 0.04719766
94 0.0620374 0.04539771 0.09227638 0.06467748 0.05839366 0.03010051 0.02864396 0.03188486 0.4509632 0.2687414 0.2524767 0.05026616
95 0.06233899 0.0514152 0.08841125 0.07199675 0.05410058 0.03134847 0.03330978 0.02839244 0.5695116 0.2383645 0.2119535 0.04438241
96 0.0693548 0.05041206 0.09911715 0.07072427 0.06786253 0.03489012 0.03366444 0.02826087 0.7851636 0.2673706 0.2451551 0.04875263
97 0.07031542 0.04957019 0.09989552 0.06992387 0.0718412 0.03502521 0.0318035 0.03005556 0.6406418 0.2145483 0.1972637 0.04132332
98 0.06437355 0.04673214 0.09141603 0.06368479 0.05747526 0.02897709 0.02752652 0.02754842 0.5080016 0.235258 0.2204804 0.04661215
99 0.06882775 0.05003585 0.09666815 0.06933388 0.06358202 0.03280062 0.03140562 0.02767033 0.4931157 0.247057 0.2076158 0.0454066
100 0.06421422 0.04943725 0.09054695 0.06877715 0.0570269 0.03119945 0.03228725 0.02814911 0.525527 0.2470483 0.2049445 0.04574399
