1 5.377352 -0.3647651 -0.04050689 -0.6210486 1.031087 0.4211151 0.2180679 0.2243765 -3.092462
2 5.467142 -0.3910114 -0.09666421 -0.5928862 1.392092 0.3089346 0.2229999 0.3268135 -3.127043
3 5.280049 -0.4391705 -0.0499378 -0.4907459 1.086047 0.5053208 0.3155987 0.2621896 -2.974557
4 5.49669 -0.3715963 -0.2380171 -0.5030691 1.073387 0.5294231 0.1376389 0.2787286 -3.099529
5 5.204372 -0.3224493 0.08883742 -0.6773027 1.029517 0.4665383 0.2224038 0.2465834 -3.075458
6 5.368223 -0.2365687 -0.1129234 -0.6274981 0.9706516 0.4060788 0.2470425 0.2237982 -3.054573
7 5.290745 -0.3415158 0.01178923 -0.651952 1.050991 0.5090199 0.2331465 0.1743088 -3.027404
8 5.371649 -0.4001649 -0.02237774 -0.5434363 1.092143 0.466972 0.2346912 0.2813531 -2.942488
9 5.434261 -0.3166807 -0.2596028 -0.6504754 1.038477 0.4976522 0.1932882 0.1731576 -3.096768
10 5.30072 -0.3816604 0.02398043 -0.5774493 1.025606 0.389567 0.24644 0.2831436 -3.300456
11 5.363187 -0.34228 -0.1382845 -0.6653783 1.101354 0.5525791 0.2493204 0.1922105 -3.153018
12 5.481738 -0.3426126 -0.1661697 -0.6322853 1.202004 0.5003092 0.2873726 0.3462695 -2.985201
13 5.469266 -0.355965 -0.2932829 -0.5380084 1.041234 0.3814782 0.2573661 0.256285 -3.092462
14 5.331531 -0.408231 -0.01924382 -0.6289758 1.032357 0.6443294 0.3031265 0.3563115 -3.145951
15 5.301138 -0.3708163 -0.05299583 -0.6431536 0.9820042 0.5027802 0.2477933 0.1949961 -3.012102
16 5.236052 -0.3984507 0.072046 -0.5994262 1.181407 0.532395 0.321995 0.3626288 -3.03351
17 5.341381 -0.3176129 -0.0005895353 -0.6881009 0.9936701 0.3227092 0.2373466 0.2673954 -3.062341
18 5.37086 -0.3830287 -0.07960562 -0.4909381 0.9940274 0.6930265 0.2491127 0.157171 -2.907584
19 5.413504 -0.3391299 -0.2412171 -0.6362935 1.194316 0.3449508 0.1992891 0.2901039 -3.053143
20 5.421084 -0.4348705 -0.2112769 -0.5345697 1.065698 0.4393251 0.2049125 0.2290522 -3.201517
21 5.410118 -0.3279618 -0.08181471 -0.6185189 1.086054 0.7886578 0.4150291 0.2884878 -3.090085
22 5.346692 -0.3038825 0.067267 -0.7403242 1.091842 0.6401852 0.350345 0.2446903 -2.961025
23 5.433769 -0.3726815 -0.1408591 -0.6284412 1.2209 0.3387649 0.1277248 0.3071689 -2.91081
24 5.354858 -0.3514782 0.06646995 -0.7379306 1.162323 0.5500026 0.2965472 0.2582427 -3.099229
25 5.21197 -0.3377136 0.07101844 -0.5820283 1.137463 0.441409 0.2251635 0.2825622 -2.879295
26 5.383484 -0.4210527 -0.02711615 -0.565282 1.038197 0.6561675 0.1867859 0.1527563 -2.993807
27 5.24142 -0.2975288 0.01079671 -0.6778117 1.069348 0.4817896 0.2693949 0.2810315 -2.892319
28 5.461964 -0.3727151 -0.1922939 -0.5086014 1.091893 0.4736054 0.2832564 0.2703932 -3.054096
29 5.423599 -0.4036094 -0.1451401 -0.532324 1.027736 0.4230932 0.303159 0.3746508 -3.040228
30 5.269544 -0.2865696 -0.149132 -0.7187956 1.012727 0.4672358 0.3179047 0.2913294 -2.95179
31 5.364498 -0.4379144 -0.1944492 -0.56442 0.9545598 0.6144395 0.3747492 0.3036236 -3.021381
32 5.407521 -0.4534081 -0.1591853 -0.4175127 1.117024 0.4595462 0.2599406 0.2967092 -3.138326
33 5.184842 -0.2850282 0.06072305 -0.6902642 0.9833015 0.6055862 0.1746238 0.1696359 -3.035914
34 5.385017 -0.3942578 -0.2452613 -0.6325349 0.9652333 0.5030739 0.3421781 0.3126774 -2.911477
35 5.47263 -0.2400531 -0.2188229 -0.7532573 1.084801 0.408415 0.2811744 0.2947708 -3.083044
36 5.359538 -0.2865971 -0.1808814 -0.6625996 1.008916 0.584671 0.2534367 0.2650294 -2.953173
37 5.403743 -0.2932317 -0.2094845 -0.6416581 1.07223 0.3491934 0.220948 0.2188986 -2.818028
38 5.404066 -0.3540015 -0.204796 -0.666971 1.234695 0.5093093 0.2982777 0.2979321 -3.106398
39 5.425061 -0.3928344 -0.221214 -0.5457733 1.042801 0.413684 0.1991796 0.2402756 -3.177586
40 5.178985 -0.2659447 -0.04338309 -0.7227488 1.106828 0.400368 0.2566774 0.3443629 -2.989463
41 5.394114 -0.337245 -0.1645351 -0.7300256 1.161202 0.4744996 0.2939031 0.2911265 -2.833213
42 5.358032 -0.2831654 -0.1168638 -0.7400888 1.14716 0.3967898 0.1360375 0.2077907 -2.998641
43 5.295194 -0.2493046 -0.05124747 -0.7672285 1.07745 0.3448833 0.2877298 0.3522799 -3.075458
44 5.372213 -0.2700236 -0.1141436 -0.7976825 1.11962 0.5657242 0.2909318 0.2349342 -2.852631
45 5.272724 -0.2282035 -0.08176646 -0.6931048 0.9955687 0.2761225 0.2100677 0.2319839 -2.92609
46 5.42501 -0.2580154 -0.3261276 -0.6814208 1.159937 0.3698965 0.2439031 0.2291955 -3.152078
47 5.614502 -0.3892088 -0.5084855 -0.602367 1.167879 0.3910966 0.2334124 0.372451 -3.152548
48 5.385694 -0.3150553 -0.1430433 -0.6614131 1.135319 0.692739 0.3325355 0.2831793 -2.871844
49 5.316638 -0.3605989 0.04908521 -0.6166725 1.273037 0.3395359 0.2147095 0.261162 -2.962644
50 5.437968 -0.2474517 -0.1808129 -0.774726 1.099695 0.5586161 0.2792798 0.3318757 -3.148312
51 5.411439 -0.275492 -0.1616623 -0.6829058 1.02674 0.4742568 0.2442253 0.2997389 -3.064725
52 5.335534 -0.3261805 -0.1556443 -0.7078388 1.144015 0.4675964 0.2603074 0.2111203 -2.962475
53 5.449561 -0.3227278 -0.3435637 -0.8003199 1.096488 0.709115 0.2715602 0.2332101 -2.936197
54 5.424162 -0.4001812 -0.1945283 -0.5025461 0.9812049 0.3856541 0.229669 0.2465699 -3.113754
55 5.428864 -0.3028159 -0.2493205 -0.6093076 1.10243 0.3920912 0.250897 0.2534553 -3.091521
56 5.261662 -0.2928786 0.01588501 -0.7452063 1.010411 0.3828517 0.1979308 0.2078347 -3.018031
57 5.439703 -0.3272323 -0.2117783 -0.5826782 1.1622 0.5170542 0.2048259 0.2247817 -3.06973
58 5.374015 -0.3627212 -0.2152175 -0.6389474 1.046639 0.3763055 0.2172384 0.2968804 -3.152078
59 5.370864 -0.3420654 -0.1272094 -0.5780495 1.00002 0.5034619 0.2464509 0.219439 -2.968736
60 5.3119 -0.2911187 -0.1376054 -0.6342185 1.007749 0.4658765 0.2227537 0.2898861 -3.04357
61 5.33347 -0.3709389 0.07325036 -0.6487838 1.152063 0.4053806 0.2893754 0.2952956 -3.019217
62 5.358998 -0.3845356 -0.1871873 -0.6324003 1.057856 0.405648 0.270063 0.2935424 -3.041632
63 5.247393 -0.3062244 -0.01429226 -0.5273836 0.9977972 0.5397261 0.2529817 0.2252912 -2.961025
64 5.341409 -0.3403283 0.01398249 -0.6302321 1.016557 0.6342126 0.3206832 0.2300317 -3.174301
65 5.429693 -0.3503206 -0.2701548 -0.6072035 1.02951 0.5138996 0.2188725 0.1981981 -3.032064
66 5.377156 -0.3587338 -0.26957 -0.5154881 0.9381312 0.4431808 0.2679902 0.2289149 -3.062635
67 5.321323 -0.375193 -0.05708825 -0.5357138 1.005911 0.5999303 0.4127371 0.389725 -2.787477
68 5.2446 -0.4080767 0.04600176 -0.6700768 1.385108 0.3563721 0.2963712 0.5410972 -2.974557
69 5.388012 -0.3337584 -0.1281179 -0.7521956 1.123727 0.4467937 0.222962 0.3324591 -3.112813
70 5.397934 -0.3087101 -0.1471866 -0.5695857 1.039212 0.5291767 0.3123504 0.2827562 -3.344191
71 5.425174 -0.461529 -0.1757928 -0.4444092 0.9755336 0.3667774 0.2169137 0.2214477 -2.863421
72 5.336073 -0.3438811 -0.184959 -0.4888034 1.263221 0.4885257 0.2429572 0.2805419 -2.927886
73 5.504922 -0.3138126 -0.1305538 -0.6027507 1.060961 0.3566387 0.2712958 0.3196334 -2.941999
74 5.372613 -0.3147196 -0.06305371 -0.6410687 1.082914 0.5362622 0.3170819 0.2665716 -3.093879
75 5.311606 -0.4026942 -0.1077018 -0.5975113 1.026508 0.4194165 0.2658246 0.2539095 -3.098194
76 5.352317 -0.288172 -0.1097188 -0.631708 1.226236 0.6193139 0.2438671 0.2142985 -2.912845
77 5.347646 -0.3056313 -0.1765678 -0.5635988 1.121584 0.6176485 0.2605821 0.2438894 -3.041661
78 5.448207 -0.3730903 -0.09144668 -0.625224 1.085722 0.4161485 0.2562409 0.2491289 -2.926577
79 5.464369 -0.308695 -0.08053964 -0.7181514 1.080336 0.5899997 0.2946777 0.2202521 -3.000528
80 5.221617 -0.3248681 0.02198311 -0.6634597 1.067704 0.4704992 0.210405 0.1897899 -2.920931
81 5.176542 -0.3389065 0.01196618 -0.55922 1.159113 0.4115223 0.2685368 0.2423031 -3.060908
82 5.329269 -0.4589939 -0.127546 -0.5062442 1.156231 0.6660168 0.2405143 0.1409227 -3.033028
83 5.365256 -0.4107286 -0.1373745 -0.5168152 1.241828 0.706452 0.1149587 0.1991553 -3.021149
84 5.401578 -0.3254347 -0.03399469 -0.6087401 1.046965 0.3961351 0.2607458 0.2647849 -2.987124
85 5.415043 -0.2794685 -0.2616251 -0.7229299 0.9951566 0.600164 0.2634098 0.1854171 -3.109726
86 5.416884 -0.3957763 -0.2133419 -0.6556704 1.157975 0.5319342 0.3023719 0.268382 -2.913134
87 5.411804 -0.4079227 -0.004894558 -0.6408412 1.152661 0.7704877 0.3909413 0.2463576 -3.015631
88 5.354124 -0.2297485 -0.07280754 -0.7389781 1.138509 0.6400295 0.1082821 0.5888288 -3.052189
89 5.329275 -0.4574463 -0.1052109 -0.6025691 1.047559 0.4489989 0.2133803 0.291307 -3.122791
90 5.371621 -0.2927935 -0.07510452 -0.6893943 1.151613 0.6680381 0.1896199 0.2540015 -2.980377
91 5.425194 -0.2822722 -0.1937969 -0.6889723 1.060627 0.4663654 0.1099648 0.3131904 -3.033143
92 5.321206 -0.3573815 -0.2568851 -0.5451549 0.9898633 0.5020616 0.1936257 0.240424 -3.050756
93 5.28853 -0.4219024 -0.06706026 -0.5345438 1.133791 0.6824148 0.235563 0.1315382 -3.027573
94 5.36278 -0.3272396 -0.0710776 -0.59826 1.208312 0.3440814 0.2215914 0.2349653 -3.091511
95 5.443533 -0.3612816 -0.2137647 -0.5711274 1.089211 0.2504099 0.2206586 0.3680886 -3.001007
96 5.526266 -0.3163625 -0.2882646 -0.6618092 1.034814 0.4185112 0.1837297 0.2653419 -3.104014
97 5.240622 -0.332742 0.1314076 -0.7659293 1.069798 0.6408432 0.24957 0.1951968 -2.76412
98 5.348841 -0.4070171 -0.1604634 -0.5552146 1.044999 0.4771318 0.235074 0.2239898 -3.031233
99 5.305258 -0.3130642 -0.05352445 -0.4897535 1.119843 0.568183 0.2689554 0.2180395 -3.01478
100 5.380276 -0.3316637 -0.07539817 -0.6726366 1.089468 0.3798768 0.2443687 0.2487405 -2.981002
