1 5.374361 -0.3541508 -0.1287002 -0.5532127 0.4772439 0.3195205 0.1037529 0.217399 4.615666 -3.247509
2 5.395845 -0.3744515 -0.1265073 -0.6018107 0.4967572 0.4432569 0.0856812 0.2215435 5.534697 -3.102933
3 5.437991 -0.407651 -0.1147525 -0.6032411 0.5139143 0.3837582 0.05893368 0.1872925 4.376577 -3.08582
4 5.412204 -0.3392426 -0.2010359 -0.7049464 0.4876302 0.4024529 0.1173426 0.1989458 5.430124 -2.963131
5 5.37709 -0.3097409 -0.3363386 -0.6190114 0.5214391 0.3887708 0.1369442 0.1822473 5.828257 -3.020666
6 5.449637 -0.3221411 -0.1720629 -0.6354148 0.540654 0.335747 0.1367374 0.2092677 5.94111 -3.151608
7 5.352528 -0.4442651 -0.04818199 -0.5000739 0.5384625 0.3656444 0.08127178 0.2263022 5.616422 -3.177117
8 5.220254 -0.2353055 0.1434453 -0.7848534 0.5082776 0.3509446 0.111847 0.1872923 4.471258 -3.016867
9 5.324942 -0.3387519 -0.1581937 -0.5839542 0.5111468 0.3791533 0.08278974 0.2603264 5.877591 -3.282487
10 5.264564 -0.2848366 -0.05970529 -0.6300234 0.5598409 0.4092147 0.07530894 0.1915866 6.26925 -2.984347
11 5.273591 -0.2215187 -0.02262686 -0.7551001 0.4517751 0.4585506 0.07643844 0.161602 5.507711 -2.962958
12 5.268834 -0.2887698 0.03616068 -0.6393206 0.5051282 0.4515052 0.1045998 0.1563047 4.837278 -3.105921
13 5.310771 -0.3147628 -0.02036902 -0.5582584 0.5149181 0.3019563 0.131348 0.1797674 5.100829 -3.074982
14 5.388342 -0.4248711 -0.1038267 -0.5227759 0.5082319 0.3540765 0.1216364 0.2401733 4.870205 -2.975722
15 5.26561 -0.2822288 0.07626697 -0.6513653 0.5543094 0.3737241 0.1752075 0.2168105 4.725265 -3.011
16 5.360604 -0.3028568 -0.1533976 -0.5388215 0.4913849 0.3984557 0.0995084 0.2278731 5.985715 -3.142088
17 5.472551 -0.3259453 -0.3063796 -0.6884809 0.5549692 0.4164811 0.1367367 0.2052428 5.475452 -3.372867
18 5.3861 -0.3548454 -0.1617012 -0.6068589 0.5097927 0.3082318 0.09969893 0.2101336 5.246662 -3.137383
19 5.423032 -0.3206775 -0.2146067 -0.6700854 0.4836843 0.3305273 0.08781212 0.2274793 4.763045 -3.165943
20 5.397614 -0.3020468 -0.1208761 -0.6755086 0.5153653 0.4058054 0.08651964 0.192905 5.0892 -3.16688
21 5.281944 -0.3321779 0.0001245979 -0.604218 0.4879947 0.4880227 0.07655712 0.1701771 5.177384 -3.051711
22 5.397008 -0.3051541 -0.1674503 -0.6077911 0.5200696 0.3937819 0.1451253 0.2369976 6.494923 -3.022336
23 5.328537 -0.3266598 -0.1176912 -0.6294117 0.447618 0.3642581 0.1058205 0.162124 4.663226 -3.113515
24 5.29793 -0.3681996 -0.1705461 -0.5155463 0.4736398 0.3839333 0.1325164 0.1792582 4.388053 -2.987526
25 5.32168 -0.2519215 -0.03617616 -0.7421766 0.5108182 0.4101822 0.0870461 0.1978564 5.688382 -3.180418
26 5.271992 -0.3641461 -0.02120518 -0.580112 0.574334 0.4166359 0.1105207 0.2216929 6.842066 -2.990913
27 5.493261 -0.3777093 -0.2143969 -0.6012962 0.53653 0.3198692 0.1635121 0.2138855 5.766428 -3.030277
28 5.383568 -0.3926399 -0.2165008 -0.5750851 0.4686156 0.4003465 0.07665059 0.1806877 4.963086 -3.093909
29 5.303818 -0.3597537 -0.1216115 -0.5820158 0.4767779 0.3123105 0.1426124 0.1608854 4.449523 -3.037281
30 5.344878 -0.2719269 -0.002878721 -0.7911251 0.4557654 0.4835489 0.1320154 0.2008804 5.097375 -2.973313
31 5.357556 -0.3560099 -0.1187804 -0.7159171 0.5392027 0.3871424 0.1667466 0.173604 6.377155 -3.022813
32 5.311405 -0.4155175 -0.0393106 -0.5283745 0.5031859 0.4337083 0.0920522 0.1880789 5.282339 -3.001007
33 5.299186 -0.4015778 -0.1149064 -0.5951038 0.4372938 0.3188938 0.06543721 0.2173982 5.210675 -3.141619
34 5.441358 -0.3729981 -0.1856833 -0.5282048 0.4531484 0.3652216 0.1116185 0.2610433 6.032822 -3.067333
35 5.261105 -0.3647126 -0.04651194 -0.6074146 0.4796467 0.3772459 0.1056805 0.1914937 5.688363 -3.053231
36 5.336719 -0.3520989 -0.0561207 -0.6502324 0.4164678 0.4140551 0.03146234 0.2118716 4.959431 -2.984238
37 5.237315 -0.3089288 -0.003685056 -0.6970901 0.4672811 0.4581778 0.08402961 0.2057116 4.370642 -3.044522
38 5.277226 -0.3204577 -0.03907095 -0.6337782 0.5244626 0.3680347 0.08651251 0.2305185 5.606172 -3.001007
39 5.282162 -0.3195895 -0.106468 -0.5912865 0.4853878 0.3911338 0.1214622 0.2128332 5.300841 -2.933271
40 5.35054 -0.2638918 -0.160127 -0.601273 0.5061404 0.3890853 0.08914386 0.2479447 5.163793 -3.217013
41 5.321775 -0.324113 -0.1665874 -0.6569745 0.5071285 0.382599 0.1019615 0.2656646 5.88531 -3.148312
42 5.36061 -0.326184 -0.07191317 -0.6357411 0.5034069 0.5755047 0.07531752 0.2179135 4.422071 -3.036874
43 5.3161 -0.2788218 -0.07975295 -0.6882176 0.5606574 0.3655603 0.09637409 0.198741 5.109871 -3.053712
44 5.282273 -0.3906842 -0.008734455 -0.5098368 0.5130209 0.3764876 0.101177 0.1886509 4.916396 -3.065893
45 5.364357 -0.3877594 -0.1106021 -0.5256383 0.4939282 0.501437 0.1157995 0.189149 6.563911 -3.071921
46 5.346032 -0.403029 -0.1321727 -0.5332115 0.5087503 0.2922294 0.1180968 0.1893662 4.5557 -3.077696
47 5.383664 -0.3564633 -0.1470731 -0.5703984 0.5399326 0.3637557 0.1042225 0.2281813 6.799625 -3.055156
48 5.343197 -0.3559897 -0.06466065 -0.6128071 0.532165 0.3650963 0.08002607 0.1957182 5.554228 -3.091516
49 5.427087 -0.3892689 -0.212201 -0.5279373 0.473601 0.4151382 0.1114395 0.1669516 6.193751 -3.119173
50 5.326735 -0.3143137 0.02478181 -0.6941164 0.5101612 0.4972115 0.1117146 0.2002676 5.622844 -3.065677
51 5.34788 -0.3716863 -0.04237897 -0.5777781 0.5367104 0.3707046 0.127836 0.2376277 6.079951 -2.926577
52 5.237822 -0.3108528 0.07568177 -0.7122539 0.4481661 0.4306899 0.09952833 0.195318 4.768846 -3.098669
53 5.402194 -0.316725 -0.05940143 -0.613787 0.5022033 0.413797 0.07001715 0.2306458 5.348368 -2.938199
54 5.270717 -0.2724875 -0.03965749 -0.7631099 0.4816043 0.3708862 0.08737876 0.2012375 4.427969 -2.868393
55 5.447153 -0.3347485 -0.2075196 -0.7445896 0.5083264 0.3828791 0.1341416 0.171116 5.345621 -3.067103
56 5.362572 -0.3273817 -0.02757436 -0.5968045 0.4969794 0.4598297 0.1026372 0.1562777 5.200548 -3.028683
57 5.500194 -0.3271855 -0.2565065 -0.5751299 0.4615752 0.4249745 0.119655 0.1656388 4.523952 -2.869074
58 5.48193 -0.2754699 -0.2470492 -0.6374378 0.5073401 0.4693152 0.1293419 0.2155317 6.142984 -3.031233
59 5.32907 -0.3150885 -0.01132658 -0.682368 0.5269012 0.3989531 0.1241185 0.2003697 5.364847 -2.92609
60 5.336918 -0.2111578 -0.09950849 -0.7621161 0.5070096 0.3130575 0.1443792 0.2325342 4.766457 -3.11614
61 5.351432 -0.2988064 -0.1069014 -0.6562241 0.4751016 0.4330239 0.08513154 0.2099073 6.800975 -3.145477
62 5.333252 -0.3613148 -0.1668354 -0.5872004 0.477405 0.3246203 0.08893092 0.2477381 4.366048 -2.749554
63 5.334281 -0.2733724 -0.07324598 -0.6615022 0.4927339 0.3500501 0.1328037 0.2238981 5.980571 -3.101987
64 5.282322 -0.339914 -0.03722991 -0.5873893 0.4603853 0.4065176 0.09525988 0.2097613 4.892193 -3.152261
65 5.390249 -0.3111099 -0.1063713 -0.6833533 0.4837641 0.4642827 0.1144359 0.1776923 4.351692 -3.122317
66 5.422138 -0.3027488 -0.1338947 -0.6693185 0.5118128 0.253647 0.07256773 0.1547459 4.351408 -3.047884
67 5.308979 -0.3540631 0.03599068 -0.5766021 0.519355 0.4204734 0.1148615 0.178018 5.984405 -2.990913
68 5.350917 -0.4169805 -0.1585452 -0.5611242 0.538444 0.3555221 0.08190735 0.2273616 6.477796 -3.211874
69 5.355348 -0.2504181 -0.08540533 -0.8227227 0.4705085 0.402919 0.09304017 0.2213067 5.027121 -3.192625
70 5.341036 -0.342808 -0.06677225 -0.7301833 0.5015288 0.3453416 0.120659 0.2039775 6.776392 -3.148453
71 5.414543 -0.3831662 -0.2703615 -0.5550561 0.4722479 0.4199978 0.07745383 0.1743801 4.225675 -3.032665
74 5.225332 -0.3569403 0.108494 -0.6111751 0.4719805 0.3369868 0.1057587 0.195314 5.399779 -3.030755
75 5.255951 -0.3585743 -0.06424091 -0.5584993 0.5303267 0.3657824 0.1079618 0.2348631 5.696753 -2.933953
76 5.433323 -0.3044377 -0.2600705 -0.720312 0.499862 0.4250382 0.09959848 0.2210493 5.385429 -2.961668
77 5.31356 -0.4066639 -0.05076696 -0.4737374 0.4887895 0.4387579 0.07975979 0.1967385 4.400608 -3.136911
78 5.346737 -0.3059233 -0.07895608 -0.6174207 0.503061 0.422372 0.05534934 0.1771463 4.697526 -3.044522
79 5.377382 -0.3109755 -0.1448368 -0.601523 0.5094583 0.3537422 0.08994926 0.2122563 6.337712 -3.069476
80 5.402282 -0.3762055 -0.08815567 -0.5700729 0.545838 0.3471453 0.0815416 0.2310046 6.247456 -3.023078
81 5.416454 -0.432534 -0.1161942 -0.5411865 0.5674985 0.5899563 0.09520825 0.2076801 6.694623 -2.829776
82 5.292383 -0.3048837 -0.2023842 -0.6479217 0.4674795 0.5575394 0.08787885 0.2255899 4.716261 -3.044998
83 5.354817 -0.2407352 -0.1187275 -0.7596091 0.5031633 0.4061255 0.1067425 0.1986577 5.231823 -3.038792
84 5.11553 -0.2933943 0.2640186 -0.7409873 0.4876462 0.4828194 0.06481449 0.1930587 4.903301 -2.99477
85 5.353008 -0.2427582 -0.08669364 -0.6651593 0.4711493 0.3284707 0.09847089 0.2409705 5.315879 -3.232894
86 5.377161 -0.2900236 -0.1492525 -0.683077 0.5034443 0.3708321 0.08469662 0.1761801 4.796005 -3.068053
87 5.355309 -0.422992 -0.04577358 -0.5271191 0.4735776 0.3551293 0.1129969 0.1615965 4.280081 -3.149255
88 5.431444 -0.3084517 -0.1005458 -0.693849 0.4846666 0.3906254 0.08298335 0.1902267 4.984637 -3.22731
89 5.378961 -0.3866296 -0.04565919 -0.6130239 0.4789419 0.272252 0.1226013 0.1966961 5.470341 -2.936272
90 5.351716 -0.3513804 -0.1026728 -0.6156782 0.5119412 0.3764291 0.1760579 0.2006224 4.87337 -3.00005
91 5.370188 -0.360776 -0.1342896 -0.5848959 0.4351785 0.3762786 0.07776161 0.2116133 3.742291 -3.064051
92 5.313735 -0.3120668 -0.00852538 -0.7070655 0.4948526 0.4147983 0.1177375 0.1731148 5.476296 -2.988495
93 5.292692 -0.3616052 -0.07195739 -0.5611258 0.4860933 0.4671989 0.06382322 0.1487006 5.15461 -3.089621
94 5.440792 -0.32519 -0.1322591 -0.6520304 0.5014709 0.4826037 0.08974258 0.2206731 5.12592 -3.065893
95 5.34166 -0.3778823 -0.04468751 -0.574407 0.513161 0.3930954 0.06349722 0.2216422 4.545779 -3.126572
96 5.39109 -0.362133 -0.0825515 -0.6498261 0.4996112 0.3320137 0.1326676 0.1819651 4.526367 -2.968962
97 5.375111 -0.3685691 -0.1426166 -0.6919953 0.5165093 0.3562556 0.1314692 0.1926396 5.093754 -3.10735
98 5.420524 -0.3943545 -0.1837576 -0.5665052 0.532767 0.3669267 0.03090082 0.204989 6.047393 -3.063296
99 5.470277 -0.3383692 -0.2586306 -0.6291269 0.4996854 0.450338 0.129316 0.1720452 5.117763 -3.259033
100 5.437832 -0.4374253 -0.1100527 -0.4513451 0.4904087 0.360159 0.054578 0.1946115 4.567744 -2.941538
101 5.416739 -0.2993484 -0.1950977 -0.6762802 0.4638734 0.611072 0.1032845 0.1913042 4.402822 -3.061386
102 5.256382 -0.3346132 -0.08216606 -0.6259759 0.5152858 0.3728527 0.1219729 0.2068987 5.248819 -3.076885
