1 0.06499174 0.05125974 0.09100069 0.06997354 0.05739624 0.03073327 0.03177392 0.02903461 0.5140364 0.1112093
2 0.06934973 0.04944423 0.09949539 0.0699989 0.06831853 0.03432421 0.03374631 0.02901676 0.6624728 0.1048767
3 0.0707523 0.04973844 0.09761016 0.06848535 0.06621818 0.03333212 0.03076405 0.03084006 0.4613816 0.1043678
4 0.06951892 0.05026744 0.09686642 0.06930787 0.0638763 0.03279841 0.03132375 0.02980829 0.6849657 0.09960568
5 0.06957725 0.0495741 0.09748938 0.06831169 0.06532543 0.03327185 0.03062749 0.03104339 0.739449 0.1019012
6 0.0667865 0.04966651 0.09449765 0.06972044 0.06200442 0.03315118 0.03346697 0.03004965 0.7168187 0.1070474
7 0.06753222 0.05077252 0.096267 0.07170049 0.06448098 0.03427732 0.0344071 0.03067354 0.6737421 0.1081876
8 0.06757353 0.04946081 0.09516453 0.06742716 0.06217743 0.03231846 0.03114018 0.03038708 0.4814698 0.1009159
9 0.06989186 0.05482662 0.09608791 0.07402194 0.06288737 0.03529712 0.03645116 0.02925781 0.7192429 0.1131771
10 0.07181191 0.05158697 0.09973385 0.06967254 0.07017105 0.03443375 0.03229371 0.03155977 0.7954138 0.09955431
11 0.06995737 0.04646223 0.09855783 0.06361973 0.06650578 0.03074746 0.02793478 0.02635154 0.6538742 0.09913956
12 0.07063043 0.04776004 0.1002799 0.06571722 0.07142278 0.03207138 0.02822172 0.03010538 0.5433846 0.1054263
13 0.06547198 0.04826207 0.09202889 0.06690447 0.05851843 0.03125554 0.03106104 0.03110771 0.6156307 0.1038531
14 0.06870425 0.05456121 0.09499204 0.07334193 0.06270976 0.03454494 0.03584728 0.03004989 0.5458012 0.09957507
15 0.06915381 0.05165474 0.09825106 0.07159868 0.06707424 0.03458588 0.03545758 0.03292913 0.5150706 0.1004434
16 0.0698408 0.05117778 0.09590875 0.07041482 0.06504888 0.03339665 0.03337337 0.02786305 0.7620769 0.106485
17 0.07050264 0.04970271 0.1001635 0.07002532 0.06924257 0.0343557 0.03303822 0.03224204 0.6634604 0.1182237
18 0.06577724 0.05165645 0.09191101 0.06995991 0.05840577 0.03261346 0.03269535 0.02968329 0.6041917 0.1064954
19 0.06626611 0.05023238 0.09231151 0.0706364 0.05830797 0.03172667 0.03326175 0.0288301 0.5293483 0.1076091
20 0.06948877 0.04913354 0.0982839 0.0678671 0.06664343 0.03317552 0.0320206 0.03029281 0.5944092 0.107607
21 0.07277076 0.04877392 0.1016023 0.06649969 0.07293116 0.03290247 0.02823 0.02908053 0.6103009 0.1028521
22 0.06984981 0.05347957 0.09699847 0.07307603 0.06541401 0.0342366 0.03515901 0.02885524 0.8199136 0.1013965
23 0.06398041 0.04585942 0.09265672 0.06369133 0.05920537 0.02868708 0.02684769 0.02668286 0.4985197 0.1054092
24 0.06745551 0.04907653 0.09565976 0.06760415 0.06288905 0.03128025 0.02926879 0.02874553 0.4581648 0.1004993
25 0.06851955 0.04838775 0.09787751 0.06865444 0.06618004 0.03284868 0.03129153 0.02983797 0.7064873 0.1087934
26 0.0721104 0.05262638 0.1006535 0.07318659 0.07124661 0.03678535 0.03549209 0.03205431 0.9151477 0.1004912
27 0.06478888 0.05059999 0.09349675 0.07123249 0.06240161 0.0332274 0.03418981 0.03074631 0.7095553 0.1018785
28 0.06824317 0.04782294 0.09586875 0.06637703 0.06391055 0.03124953 0.02903834 0.02733203 0.5451948 0.1048972
29 0.06409581 0.04723752 0.09084427 0.06484466 0.05831902 0.03014626 0.02871394 0.02954032 0.4979733 0.1028859
30 0.07109728 0.04863232 0.09992419 0.06802065 0.07026214 0.0328718 0.03018207 0.02692032 0.5841517 0.0995809
31 0.06840776 0.04835665 0.09741323 0.06762482 0.06659428 0.03286334 0.03032081 0.03060044 0.8303521 0.1013954
32 0.06845188 0.04796873 0.09937115 0.06789831 0.06880779 0.03342299 0.03084382 0.02949088 0.6151461 0.100467
33 0.06335743 0.0490474 0.0884792 0.06782235 0.0543076 0.02971897 0.03123129 0.0258852 0.6230238 0.106486
34 0.06536436 0.0524919 0.09246291 0.07267781 0.0578845 0.03245842 0.03682714 0.02581511 0.7635669 0.1038707
35 0.0683845 0.05013386 0.09520973 0.06848401 0.06094401 0.03110502 0.03002125 0.02778382 0.6779995 0.103372
36 0.06618201 0.04772242 0.09397655 0.06745866 0.06287962 0.0315015 0.03078805 0.02519183 0.5825857 0.1000275
37 0.0698056 0.05098773 0.09974451 0.06949141 0.06760847 0.03274209 0.0311675 0.02903926 0.4747205 0.1023533
38 0.06740295 0.05099587 0.09609429 0.07171645 0.06410693 0.03454631 0.03488168 0.03063808 0.6837821 0.100467
39 0.06778279 0.05003536 0.09653159 0.0702299 0.062541 0.03342655 0.03340269 0.02859215 0.6070311 0.09829849
40 0.06878439 0.05214363 0.09685474 0.07265174 0.06406683 0.03421865 0.03527338 0.03034683 0.6174714 0.1099722
41 0.06799045 0.05383388 0.09616825 0.07423876 0.06365542 0.03586699 0.03696286 0.02923384 0.7453139 0.1070547
42 0.07733718 0.05212593 0.1079706 0.07120193 0.08100902 0.03777666 0.03396654 0.03059312 0.4733915 0.1023711
43 0.0695356 0.05123683 0.09761685 0.07150911 0.06758067 0.03473435 0.03383132 0.03300862 0.5923858 0.1033709
44 0.06792164 0.05057772 0.09695787 0.06855829 0.06472424 0.03273366 0.03146779 0.03090491 0.5582802 0.103874
45 0.07209112 0.05014606 0.1022636 0.06846776 0.0713707 0.03353937 0.03041922 0.02862886 0.8789973 0.1043997
46 0.0658332 0.05015434 0.09121966 0.06872966 0.0588936 0.03163692 0.03200334 0.03037381 0.4864441 0.1043864
47 0.0690148 0.05200619 0.09600065 0.07200578 0.06380045 0.03445465 0.03487328 0.03049434 0.9371348 0.1033676
48 0.06876901 0.05053754 0.09594524 0.06911923 0.0648183 0.03336962 0.03222909 0.03046231 0.6681576 0.1043548
49 0.06784082 0.04586722 0.0959487 0.06366112 0.06343261 0.03062805 0.0281391 0.02721872 0.8131876 0.1053966
50 0.07270076 0.05103568 0.1027238 0.06947283 0.07498825 0.03519723 0.03187837 0.02951877 0.6937986 0.1033432
51 0.06853757 0.05370274 0.09682744 0.07406549 0.06531676 0.03626388 0.035949 0.0313622 0.7763455 0.09786726
52 0.06998067 0.04906677 0.09672557 0.06720379 0.06537066 0.03157749 0.02961242 0.02716427 0.5448442 0.1048864
53 0.06858205 0.05030196 0.09739827 0.07143291 0.06753365 0.03421483 0.03494508 0.03039045 0.6729664 0.0978385
54 0.06922549 0.05386133 0.09533198 0.07100893 0.06286741 0.03305946 0.03234372 0.03041029 0.4957041 0.09586177
55 0.06909303 0.04837474 0.09649194 0.06633062 0.06455328 0.03183019 0.02993966 0.02938476 0.6182218 0.1033399
56 0.07208495 0.04741891 0.1004512 0.06513349 0.07163065 0.0322621 0.02845223 0.02873871 0.5982214 0.1023904
57 0.0688019 0.04826331 0.09765428 0.06586371 0.06480719 0.03108364 0.02873987 0.02905654 0.5101393 0.09544593
58 0.07222539 0.05018649 0.1009833 0.0701366 0.0716129 0.03571321 0.03286962 0.02886674 0.7904402 0.1018763
59 0.06940606 0.05066994 0.09814212 0.07010776 0.06802212 0.03471482 0.03337322 0.03090091 0.6474729 0.09786848
60 0.06380682 0.05077715 0.09259265 0.07251631 0.05956886 0.03358998 0.03505023 0.0307191 0.5330971 0.1059685
61 0.07086721 0.05120967 0.09690516 0.06865964 0.06676451 0.03329889 0.03088841 0.02624787 0.9260216 0.1070609
62 0.06447428 0.05271489 0.09207211 0.07411627 0.05795517 0.03303966 0.03645026 0.02983643 0.4653165 0.09081698
63 0.06511175 0.04979493 0.09290148 0.07039043 0.06005386 0.03140415 0.03340735 0.02760461 0.728064 0.1048789
64 0.06763109 0.04942178 0.09577473 0.0686007 0.06369905 0.03188337 0.03104894 0.02778673 0.5603513 0.1076391
65 0.07170738 0.0465239 0.1010983 0.06618552 0.06957228 0.0333881 0.02992191 0.02961527 0.4659799 0.1059547
66 0.06337383 0.04767343 0.08868279 0.06586723 0.05468783 0.0295922 0.02850168 0.03202257 0.4754466 0.1028611
67 0.06919886 0.04884204 0.09874083 0.06791428 0.06991124 0.03389366 0.0302931 0.03027369 0.7765854 0.1004912
68 0.06892648 0.05247485 0.09547475 0.07155968 0.06294847 0.03481883 0.03443018 0.03032892 0.8481572 0.1099831
69 0.06867251 0.05121853 0.09552876 0.06969729 0.06363769 0.03250078 0.03231463 0.02753541 0.5721688 0.108767
70 0.06602778 0.05004888 0.09288562 0.068471 0.05979383 0.03169966 0.03165377 0.02810163 0.9117861 0.1076475
71 0.07025904 0.04877574 0.09755934 0.06612506 0.06640553 0.03164909 0.02914437 0.02882431 0.443485 0.1018729
74 0.06461052 0.04893049 0.0915247 0.06799775 0.05805496 0.03011149 0.02981779 0.02755071 0.6326741 0.1018774
75 0.06792052 0.05246112 0.09624077 0.0725101 0.06390056 0.03490443 0.03684874 0.03068385 0.6943929 0.09740722
76 0.07000065 0.05250776 0.09875264 0.07185087 0.06732334 0.03455523 0.03499806 0.02866755 0.6113033 0.09960926
77 0.07058836 0.04914615 0.09959318 0.06856997 0.06857088 0.03312113 0.03097196 0.02967778 0.4645269 0.1064964
78 0.06971169 0.04870589 0.09873123 0.06684698 0.06690285 0.03261766 0.03015381 0.03047126 0.5269887 0.1023533
79 0.06615282 0.0503834 0.09397103 0.06908929 0.0616062 0.03310382 0.03285036 0.02901835 0.846459 0.1033345
80 0.06786836 0.05295866 0.0953201 0.07306008 0.06386813 0.03517079 0.03570361 0.03091627 0.7998073 0.1018955
81 0.0777962 0.05153065 0.1103778 0.0723472 0.08381168 0.03944118 0.03476045 0.03230426 0.8929283 0.09394263
82 0.07592849 0.05103728 0.1056251 0.07031086 0.07659897 0.03664992 0.03271455 0.02860117 0.5378279 0.1023522
83 0.06868267 0.05026274 0.09747434 0.06897847 0.06672588 0.03283531 0.03189997 0.02944477 0.6037001 0.1023666
84 0.07306082 0.05007143 0.1017528 0.06887464 0.07208928 0.03434589 0.03039462 0.0298531 0.5681412 0.1004819
85 0.0658341 0.05229267 0.09103075 0.07123723 0.05719895 0.03153432 0.03351302 0.02702537 0.6174401 0.1105836
86 0.06843306 0.04861101 0.09611894 0.0666824 0.06273683 0.0322687 0.029631 0.03050253 0.5296874 0.1033377
87 0.06736914 0.04851761 0.09356483 0.06491772 0.06074735 0.02960987 0.0280527 0.02880943 0.4445597 0.1070526
88 0.06759883 0.04723669 0.09558341 0.06661537 0.06454231 0.03186908 0.0302094 0.02905441 0.5905284 0.1105954
89 0.06174617 0.04907646 0.08800234 0.06791123 0.05319428 0.02985012 0.03114964 0.0284893 0.669597 0.09784325
90 0.06879654 0.05015096 0.09658955 0.06930793 0.06518621 0.03367466 0.03304287 0.03080983 0.5708035 0.1004693
91 0.06817787 0.05127113 0.09388243 0.06887361 0.05961582 0.03077352 0.03162911 0.02773686 0.3723534 0.1028237
92 0.06973485 0.04816123 0.09770852 0.06699197 0.06531873 0.03199661 0.02943451 0.02881217 0.6461018 0.100497
93 0.07384289 0.04758421 0.100593 0.06348634 0.07167821 0.03265712 0.02671664 0.02854654 0.6067817 0.1043591
94 0.07285391 0.05141113 0.1018662 0.07145024 0.07284212 0.03560222 0.03308293 0.02986756 0.6007187 0.103874
95 0.07128583 0.05337995 0.09789729 0.07141635 0.06598434 0.03552278 0.03484723 0.03084206 0.4903371 0.1059452
96 0.06650846 0.04956736 0.09306915 0.06786259 0.06118554 0.03188367 0.03108494 0.03076509 0.4993932 0.09959146
97 0.06690599 0.04988764 0.09527794 0.06877022 0.06377677 0.03246571 0.03159803 0.03115233 0.616858 0.1054231
98 0.06884761 0.0507347 0.09600577 0.07010355 0.06542081 0.03441333 0.03229931 0.03060138 0.7688825 0.1033487
99 0.07087299 0.0477188 0.09999432 0.06612974 0.06847867 0.03160893 0.0288015 0.02918595 0.5917034 0.1125332
100 0.06740336 0.05016925 0.09473182 0.06907387 0.06218584 0.03248683 0.03128954 0.03035435 0.5030483 0.09827804
101 0.07638629 0.04865182 0.1089001 0.06718839 0.08006176 0.03539292 0.03026056 0.02845112 0.4733408 0.1033531
102 0.06918804 0.05133103 0.09626918 0.07036185 0.06343717 0.03304799 0.03258177 0.03001794 0.6018321 0.1038488
