1 0.08153465 0.05852189 0.1149884 0.0812955 0.1083627 0.05711206 0.05060621 0.05948202 0.1112093
2 0.07886903 0.06032786 0.1111881 0.08338653 0.1030216 0.05693192 0.05086022 0.06198857 0.1048767
3 0.0879915 0.0609851 0.1240941 0.08526246 0.1277007 0.06783106 0.05600806 0.07620093 0.1043678
4 0.07881703 0.05844324 0.1110601 0.08061717 0.1027414 0.05447138 0.04960237 0.05681142 0.09960568
5 0.07906277 0.05719094 0.1118224 0.08053621 0.1069565 0.05764155 0.05050576 0.05904181 0.1019012
6 0.07848517 0.05997 0.1104615 0.08311466 0.1068874 0.06013905 0.05440004 0.05671364 0.1070474
7 0.08144777 0.05922583 0.1150364 0.08223277 0.1069535 0.05709842 0.05115036 0.0641571 0.1081876
8 0.08259028 0.06374379 0.1161328 0.08753043 0.1133221 0.06285877 0.06004689 0.06813182 0.1009159
9 0.0790101 0.06014469 0.1112476 0.08306898 0.1021317 0.05651484 0.05186211 0.06092816 0.1131771
10 0.08334224 0.05786207 0.1176142 0.07988444 0.1127114 0.05708408 0.05086456 0.06488365 0.09955431
11 0.07902612 0.05672304 0.1110332 0.07671398 0.1006377 0.05251314 0.04533803 0.0584498 0.09913956
12 0.08960566 0.05777465 0.1261806 0.0787201 0.1261264 0.05943666 0.04808439 0.06771176 0.1054263
13 0.0767117 0.05860585 0.1082287 0.08138312 0.1050269 0.05883109 0.05366753 0.05524088 0.1038531
14 0.08555697 0.06834058 0.1202535 0.09406211 0.1171601 0.06517761 0.06454199 0.06821335 0.09957507
15 0.08683335 0.0659349 0.1225275 0.09103963 0.1276187 0.07063529 0.06590351 0.06802462 0.1004434
16 0.07810713 0.05812372 0.1100424 0.08001806 0.09980352 0.05361724 0.04815741 0.05770631 0.106485
17 0.08241818 0.06078773 0.1162862 0.08502807 0.1103322 0.05836128 0.05450885 0.06241276 0.1182237
18 0.07736473 0.06006091 0.1089056 0.08307374 0.1009426 0.05728399 0.05233911 0.05962284 0.1064954
19 0.07891448 0.06245896 0.1112885 0.08725798 0.104344 0.05885189 0.05640495 0.06092999 0.1076091
20 0.08357495 0.05817197 0.1178696 0.08059688 0.1119205 0.05819469 0.04956179 0.06410098 0.107607
21 0.08750829 0.05462065 0.1234023 0.07567684 0.1198015 0.05584416 0.04374023 0.05831061 0.1028521
22 0.07816828 0.06236682 0.1101648 0.08613522 0.1012024 0.05560916 0.05582763 0.0560667 0.1013965
23 0.08175887 0.05630788 0.1152059 0.07744255 0.112311 0.05675465 0.05023241 0.0556687 0.1054092
24 0.09356448 0.06303031 0.131766 0.08587148 0.1453104 0.07048076 0.06136554 0.06265548 0.1004993
25 0.07932211 0.05721475 0.1118975 0.07903294 0.1022907 0.0540741 0.0468266 0.05913813 0.1087934
26 0.08013134 0.06125281 0.112738 0.08426593 0.1072279 0.05941209 0.05351566 0.06340376 0.1004912
27 0.0783112 0.0605899 0.1102875 0.08366736 0.1053171 0.05943232 0.05359015 0.05990162 0.1018785
28 0.08142775 0.05738892 0.1149306 0.07985036 0.1094596 0.05754139 0.04916795 0.06390967 0.1048972
29 0.08174341 0.06323511 0.1149561 0.08632432 0.1089122 0.06086837 0.05449992 0.06629187 0.1028859
30 0.08661433 0.05738572 0.1222308 0.08064823 0.1218246 0.06135016 0.04922892 0.06174547 0.0995809
31 0.07988791 0.05817413 0.1127285 0.08141274 0.11142 0.0592546 0.05382309 0.05409414 0.1013954
32 0.08248072 0.05874505 0.116375 0.08085958 0.1115722 0.05744812 0.05034163 0.0602482 0.100467
33 0.07420059 0.05728596 0.1044194 0.07849509 0.08904948 0.04952607 0.04654492 0.05486155 0.106486
34 0.0729403 0.0653069 0.1026381 0.0898139 0.08795092 0.05268812 0.05783886 0.05317485 0.1038707
35 0.07650699 0.05951209 0.1078425 0.08204787 0.09994092 0.05623491 0.05163624 0.057869 0.103372
36 0.07907228 0.05517295 0.1117251 0.07702155 0.102102 0.05347638 0.04424106 0.05857156 0.1000275
37 0.08900197 0.06022286 0.1253081 0.08181866 0.1231863 0.05933761 0.05037047 0.06616557 0.1023533
38 0.07888919 0.05996054 0.1113829 0.0828523 0.1065715 0.0584848 0.05279453 0.06151874 0.100467
39 0.08354108 0.06866919 0.1177807 0.09490661 0.1163174 0.06464484 0.07049451 0.05731166 0.09829849
40 0.07812631 0.06088765 0.1100609 0.08373311 0.1025397 0.05667553 0.05524317 0.0582615 0.1099722
41 0.07727351 0.06425377 0.1088384 0.08847498 0.09937774 0.05690558 0.05675263 0.05668468 0.1070547
42 0.09383661 0.06216334 0.1321669 0.08592613 0.1408151 0.07103751 0.06007711 0.07453353 0.1023711
43 0.08566583 0.06276403 0.1208157 0.0875199 0.1194172 0.06409829 0.05842053 0.07223413 0.1033709
44 0.08400318 0.06211571 0.1181573 0.08403542 0.1146793 0.06063354 0.053409 0.0647653 0.103874
45 0.08117862 0.05648175 0.1141006 0.07673582 0.1041713 0.05127341 0.04406572 0.05677655 0.1043997
46 0.08712346 0.06395615 0.1230157 0.08920982 0.1422159 0.09014731 0.07872721 0.09027233 0.1043864
47 0.07703363 0.05879851 0.1084405 0.08076305 0.09955817 0.05464764 0.05160332 0.05626188 0.1033676
48 0.08016727 0.05971385 0.1127956 0.08156677 0.1045777 0.05598013 0.04995596 0.06158515 0.1043548
49 0.07687135 0.05321032 0.1083479 0.07338254 0.09761641 0.05018073 0.0433643 0.04914292 0.1053966
50 0.08653915 0.05881875 0.1218057 0.08127431 0.1187864 0.05834047 0.05023359 0.06130511 0.1033432
51 0.07916483 0.06064332 0.1112595 0.08208749 0.108062 0.05991576 0.05361429 0.05894164 0.09786726
52 0.08526491 0.05752984 0.1202332 0.07958284 0.1135639 0.0563105 0.04742494 0.06439133 0.1048864
53 0.08223028 0.05831721 0.1160424 0.08139929 0.1093915 0.05758409 0.05155831 0.065083 0.09783793
54 0.08516206 0.06059664 0.1200062 0.08277986 0.1198618 0.06196861 0.05420567 0.06585675 0.09586177
55 0.08323314 0.06001375 0.117269 0.08276363 0.1140543 0.05950018 0.05254672 0.06105478 0.1033399
56 0.08660248 0.05872178 0.1221315 0.08087299 0.1194346 0.06137107 0.0519015 0.06766392 0.1023904
57 0.08451081 0.05910247 0.1189941 0.08078807 0.1178811 0.05879961 0.05211177 0.05893276 0.09544593
58 0.08233089 0.05637407 0.1161565 0.07837097 0.1112205 0.05714258 0.04781259 0.05915456 0.1018763
59 0.0842975 0.0619483 0.1185205 0.0842218 0.1170941 0.06097255 0.05332124 0.06404211 0.09786848
60 0.08077896 0.06368962 0.1136534 0.08788571 0.1121979 0.06325998 0.06038714 0.06126156 0.1059685
61 0.07767057 0.05598275 0.1092909 0.07711069 0.09639141 0.05009182 0.04311323 0.05679984 0.1070609
62 0.0817031 0.06899154 0.1152416 0.09516628 0.1108599 0.0638159 0.06362802 0.07340582 0.09081698
63 0.07788627 0.0615634 0.1097895 0.08606161 0.09965346 0.05532239 0.05451622 0.05694856 0.1048789
64 0.0807773 0.06000766 0.1137841 0.08219745 0.1034813 0.05411522 0.05000372 0.06106728 0.1076391
65 0.08553206 0.06157052 0.1207398 0.08510231 0.1215627 0.06381946 0.05570127 0.06477964 0.1059547
66 0.08055104 0.0609685 0.1133765 0.08356975 0.1115619 0.06168459 0.05578459 0.06326207 0.1028611
67 0.08305098 0.05516301 0.1169555 0.07561503 0.1136207 0.05724144 0.04493223 0.05832271 0.1004912
68 0.07691053 0.06039203 0.1082206 0.08291784 0.09849059 0.0578078 0.05297869 0.06188169 0.1099831
69 0.08329408 0.05991105 0.1173646 0.08262894 0.1104052 0.05768595 0.05293094 0.06203643 0.108767
70 0.0741685 0.05773417 0.1045495 0.0797712 0.09233548 0.05090571 0.04809806 0.0530163 0.1076475
71 0.08831579 0.05915768 0.1244072 0.08100426 0.1238777 0.06279808 0.04960651 0.06655915 0.1018729
74 0.07819416 0.05714608 0.1102379 0.07935473 0.09940243 0.0523039 0.04700407 0.05770743 0.1018774
75 0.07920457 0.06006872 0.1115183 0.08330783 0.1060312 0.05943798 0.05633933 0.06263353 0.09740722
76 0.09031879 0.0654853 0.1271355 0.08948766 0.1271506 0.0655736 0.05827856 0.07619225 0.09960926
77 0.08996527 0.06196974 0.1266227 0.08427143 0.130367 0.06537057 0.05642271 0.0685439 0.1064964
78 0.08476433 0.05792654 0.1193797 0.07927743 0.1165708 0.05885562 0.05068008 0.0654441 0.1023533
79 0.0763626 0.05676356 0.1075987 0.07878025 0.09802217 0.05412337 0.04763644 0.0565435 0.1033345
80 0.08049399 0.06162825 0.1133326 0.08414477 0.1047493 0.05880559 0.05363906 0.06741225 0.1018955
81 0.0854266 0.05967814 0.1204874 0.08251139 0.1200785 0.06317731 0.05244782 0.06895803 0.09394263
82 0.08730273 0.06137588 0.12292 0.08461719 0.1202907 0.06204602 0.05247349 0.06876463 0.1023522
83 0.08215486 0.06173804 0.1154629 0.08402738 0.1122766 0.06129322 0.05966463 0.06407702 0.1023666
84 0.08772667 0.05834762 0.1235902 0.08035088 0.1210589 0.05964364 0.04804296 0.06811127 0.1004819
85 0.07626917 0.05990657 0.1073325 0.08290948 0.09557057 0.05306704 0.05106516 0.05478153 0.1105836
86 0.08286512 0.05949748 0.1168353 0.08263359 0.1137791 0.05940492 0.05223315 0.06292672 0.1033377
87 0.08620757 0.06340102 0.1212505 0.08547874 0.1279912 0.06682004 0.05926922 0.06144493 0.1070526
88 0.07886969 0.0580965 0.1114129 0.08154328 0.100538 0.05439438 0.04936928 0.06031684 0.1105954
89 0.07453382 0.05845287 0.1052165 0.08129487 0.09579427 0.05348227 0.05121102 0.05465303 0.09784325
90 0.08453928 0.06077849 0.1190208 0.08405471 0.1242003 0.06570247 0.05804972 0.05710182 0.1004693
91 0.08868939 0.06547307 0.1246644 0.08911731 0.1247679 0.06456302 0.06142399 0.07100751 0.1028237
92 0.08347372 0.05749858 0.1176765 0.07900389 0.1160752 0.05758851 0.05030104 0.05513472 0.100497
93 0.08794346 0.05397296 0.1239749 0.07460996 0.1225643 0.05910939 0.0447964 0.06464898 0.1043591
94 0.08670291 0.0596137 0.1222072 0.08188386 0.120528 0.0597625 0.04895443 0.06459988 0.103874
95 0.08441728 0.06498635 0.1190203 0.08983689 0.1185206 0.06804857 0.06084728 0.07356883 0.1059452
96 0.08739967 0.05896446 0.1230685 0.08142419 0.1305695 0.06642511 0.05385123 0.06374534 0.09959146
97 0.07916217 0.06390147 0.1115608 0.08746034 0.1054817 0.05879498 0.05632442 0.06076905 0.1054231
98 0.08069512 0.05819862 0.1136389 0.08028629 0.1041447 0.05517831 0.0466444 0.06343642 0.1033487
99 0.08733735 0.0573845 0.1231667 0.07926678 0.1190911 0.05722373 0.04700784 0.06160264 0.1125332
100 0.08472849 0.06505415 0.1191304 0.08826826 0.1211631 0.06850637 0.05994802 0.07475427 0.09827804
101 0.09197602 0.06100713 0.1295361 0.08350861 0.1360171 0.06622689 0.05420765 0.06963334 0.1033531
102 0.0828234 0.06176915 0.1166682 0.08573134 0.1132059 0.0606773 0.05646394 0.06156224 0.1038488
