1 5.321794 -0.3700444 -0.1284153 -0.5560834 1.094387 0.471405 0.2615628 0.2748979 -2.090246 -1.01966 0.2289734 -0.4050253
2 5.407322 -0.4756391 -0.1295071 -0.5307336 1.094722 0.388631 0.2264604 0.2892445 -1.493785 -1.108485 0.2671799 -0.5709795
3 5.469473 -0.565745 -0.2008024 -0.462986 1.376163 0.49015 0.1960283 0.2197675 -2.13071 -0.8132725 0.3368435 -0.5158476
4 5.394488 -0.4455005 -0.168503 -0.6686074 1.049277 0.4251993 0.2556918 0.2427365 -2.374867 -0.9994058 0.4770727 -0.5536
5 5.429537 -0.3788328 -0.4327936 -0.5916223 1.087117 0.4201925 0.2581977 0.2417826 -1.852053 -0.741027 0.3984619 -0.6411302
6 5.474318 -0.3990537 -0.1955436 -0.5972774 1.105647 0.3578712 0.2662092 0.2856816 -1.904236 -1.200596 0.3266929 -0.523502
7 5.432168 -0.5302648 -0.1675599 -0.449268 1.142363 0.4470612 0.2038117 0.2603467 -2.196439 -0.8585036 0.3424615 -0.5158746
8 5.219655 -0.349285 0.2578692 -0.8101457 1.207976 0.4199197 0.2643942 0.320682 -1.513049 -1.262665 0.2361817 -0.4903528
9 5.315579 -0.4034167 -0.0879686 -0.591525 1.097455 0.3873308 0.2193223 0.302232 -1.812878 -1.382986 0.2592774 -0.4986745
10 5.280276 -0.4114059 -0.0596586 -0.5625144 1.145083 0.5037198 0.2352555 0.2101933 -1.756973 -0.8619999 0.2909748 -0.5122903
11 5.268977 -0.3516367 -0.002648338 -0.6764321 1.017348 0.4317073 0.206834 0.2213477 -1.455779 -1.492995 0.3522781 -0.5960689
12 5.241739 -0.4069827 0.09457625 -0.5311955 1.197132 0.6733583 0.2178057 0.1754947 -2.141913 -1.352687 0.4209403 -0.5523652
13 5.31928 -0.4344102 0.04658674 -0.491418 1.075639 0.3311003 0.2433892 0.2504939 -2.409794 -0.6888061 0.3169059 -0.4074401
14 5.40432 -0.5903669 -0.07881682 -0.3695517 1.151311 0.5576967 0.3599316 0.4339897 -2.044264 -1.02964 0.2958669 -0.4302379
15 5.30172 -0.3941998 0.1173142 -0.6072258 1.283046 0.5133456 0.3577271 0.3602871 -1.830827 -0.7914721 0.2707125 -0.4903927
16 5.347103 -0.4077518 -0.1808008 -0.4447503 1.010807 0.4380074 0.2331277 0.2750803 -2.022076 -1.256285 0.3458747 -0.5035461
17 5.458067 -0.3813526 -0.2735446 -0.6821235 1.148252 0.4665745 0.2744548 0.2940782 -2.977126 -0.6900891 0.3200447 -0.3466899
18 5.388873 -0.463285 -0.152928 -0.5799935 1.115748 0.3357346 0.2265561 0.290133 -1.802692 -1.408227 0.3612129 -0.5827613
19 5.430266 -0.3823353 -0.1774249 -0.6218747 1.141429 0.3783432 0.2653648 0.3385737 -2.241336 -0.7600477 0.4395052 -0.6185719
20 5.480687 -0.4340892 -0.1337502 -0.5961856 1.151654 0.5128019 0.2176452 0.236036 -1.856679 -0.9422578 0.3614855 -0.6092052
21 5.252691 -0.418538 -0.04450359 -0.539825 1.070116 0.7096656 0.2593254 0.1649782 -2.309415 -1.067991 0.4698962 -0.5741387
22 5.49549 -0.4171398 -0.2878282 -0.5723791 1.040835 0.4174394 0.3172049 0.3425838 -2.024114 -0.9564376 0.4498835 -0.6319529
23 5.377384 -0.425382 -0.1663027 -0.5449253 1.066949 0.500879 0.2737196 0.2081241 -1.580255 -1.27446 0.2240263 -0.4737875
24 5.214341 -0.484815 -0.149229 -0.4746298 1.155239 0.8262622 0.435334 0.2818522 -1.944268 -1.158671 0.2510446 -0.4004866
25 5.342837 -0.3385959 -0.06206324 -0.6474972 1.088852 0.4111152 0.2049339 0.2262073 -2.551941 -0.7518969 0.4510873 -0.5491767
26 5.305394 -0.4751404 -0.01232233 -0.5352345 1.139508 0.4075773 0.2415199 0.2788731 -1.823721 -1.06411 0.3872726 -0.5951747
27 5.478413 -0.4397175 -0.1729761 -0.5877512 1.084232 0.3816034 0.2495468 0.2794874 -2.261554 -0.7742767 0.2985579 -0.4047737
28 5.434554 -0.4824278 -0.2868727 -0.4733759 1.166367 0.4272284 0.2084448 0.2179243 -2.060751 -0.7253501 0.4089069 -0.6173469
29 5.253443 -0.4395722 -0.1021342 -0.5014302 1.145664 0.4526669 0.2424493 0.3034981 -1.786655 -1.341124 0.385991 -0.5886413
30 5.379728 -0.3853496 0.01229263 -0.7149947 1.054524 0.6748502 0.319267 0.2582198 -1.932748 -0.7352576 0.3569615 -0.5531078
31 5.400858 -0.4069593 -0.2035397 -0.7335899 1.043315 0.4612005 0.3084146 0.2593011 -2.395914 -0.7552192 0.3621089 -0.4508439
32 5.336899 -0.5448628 -0.07253558 -0.4436574 1.111733 0.5028552 0.2811134 0.2493386 -1.615344 -1.030314 0.3236214 -0.5925391
33 5.238786 -0.4238578 -0.06619755 -0.5871549 0.9706646 0.3406769 0.1849307 0.2665476 -2.134939 -0.9416596 0.2994126 -0.4563896
34 5.381702 -0.4761304 -0.09139473 -0.4993131 0.9300164 0.3305267 0.2901796 0.4277503 -2.229745 -0.904754 0.3588275 -0.4805835
35 5.278034 -0.4475613 -0.0541569 -0.5619246 1.03882 0.3544184 0.2275059 0.2574495 -2.420879 -0.8161843 0.3326699 -0.4097125
36 5.298805 -0.3804252 -0.04495451 -0.6279753 0.9840318 0.4975256 0.1919523 0.2231364 -2.256561 -0.5300888 0.4283377 -0.5721044
37 5.252422 -0.4320401 -0.0805831 -0.6179111 1.191999 0.6480578 0.2633611 0.2242055 -2.240054 -1.164859 0.3501752 -0.4488264
38 5.288318 -0.3990003 -0.07092912 -0.584095 1.126145 0.3795709 0.2382301 0.2674148 -1.675302 -0.7670202 0.279678 -0.5407332
39 5.234873 -0.4693323 -0.02480111 -0.5191569 1.051156 0.5864324 0.4927957 0.5106886 -1.970507 -0.8718352 0.4874879 -0.6895918
40 5.367035 -0.3235415 -0.205347 -0.5412343 1.103138 0.3556345 0.2540689 0.3026462 -2.584685 -1.127578 0.3647846 -0.414106
41 5.284981 -0.3949579 -0.1419667 -0.6113571 1.033407 0.378341 0.2987952 0.3847984 -2.356159 -1.041231 0.3429464 -0.4397498
42 5.31874 -0.3271263 -0.07927899 -0.7487566 1.251225 0.7846452 0.3351826 0.2678897 -1.969708 -1.048499 0.2682271 -0.4266208
43 5.258971 -0.3540733 -0.04435011 -0.6860879 1.240661 0.5046069 0.2535361 0.309786 -1.72623 -0.8499746 0.3155905 -0.5829542
44 5.360854 -0.5634398 -0.1096422 -0.4006939 1.159964 0.4965396 0.2664504 0.264686 -2.319981 -1.437103 0.4118031 -0.483877
45 5.383826 -0.4848804 -0.1115971 -0.5100679 1.017368 0.5123007 0.2417274 0.2091593 -1.796192 -1.513314 0.3724428 -0.5576764
46 5.362589 -0.5028382 -0.1711703 -0.4808052 1.305537 0.5162749 0.1583922 0.3094132 -2.554573 -0.5553955 0.2448108 -0.3101286
47 5.40389 -0.4809442 -0.1995804 -0.5170491 1.030053 0.3696941 0.2495031 0.2775407 -1.740615 -1.136999 0.3256346 -0.5535048
48 5.326899 -0.4428031 -0.02307948 -0.5575886 1.138088 0.4121825 0.2247237 0.2554584 -1.404797 -1.407656 0.4049753 -0.7254669
49 5.431661 -0.4667569 -0.2503091 -0.5001418 0.9459817 0.4337264 0.2462073 0.2100832 -1.370179 -1.279521 0.3249082 -0.654782
50 5.320368 -0.4205134 -0.05183286 -0.6410659 1.075385 0.6596129 0.3292375 0.2674861 -1.824204 -1.258017 0.3588885 -0.564853
51 5.338785 -0.4914224 -0.08099042 -0.4989714 1.107705 0.3961538 0.2653344 0.2667846 -1.172028 -1.523229 0.3853583 -0.7113564
52 5.29644 -0.4200354 -0.001198307 -0.6772401 1.098228 0.6069046 0.2040154 0.230984 -2.282867 -0.7950455 0.3832723 -0.5214824
53 5.413612 -0.3741697 0.02470905 -0.6324028 1.130565 0.468997 0.2132332 0.2633019 -1.346822 -0.7909556 0.3569809 -0.6877717
54 5.27377 -0.382593 -0.06396661 -0.7583123 1.137784 0.565076 0.2911638 0.2460575 -1.2063 -1.342191 0.3219371 -0.633
55 5.440275 -0.4341457 -0.1982569 -0.742609 1.114328 0.5054508 0.2915502 0.2753187 -2.344482 -0.8831374 0.29772 -0.3894153
56 5.326891 -0.4058881 0.02279301 -0.6182803 1.095954 0.6480336 0.246054 0.2484172 -1.745074 -0.9846634 0.3107715 -0.536368
57 5.482117 -0.4245236 -0.2064267 -0.5369028 1.086358 0.5800992 0.3064547 0.2252337 -2.073326 -1.065848 0.406093 -0.5067329
58 5.517825 -0.3437515 -0.2504244 -0.6274581 1.052491 0.5479271 0.2665185 0.2224124 -2.007508 -0.7879612 0.3797146 -0.5575235
59 5.327655 -0.4444877 -0.01065183 -0.6378214 1.113542 0.5494664 0.3084937 0.2731365 -1.470359 -1.55058 0.3327337 -0.5641227
60 5.305278 -0.3078329 -0.07239182 -0.7103521 1.163002 0.3923832 0.3052384 0.3468021 -2.208174 -1.277487 0.4638885 -0.5936715
61 5.339819 -0.3980248 -0.1092584 -0.5758849 0.9480991 0.468491 0.1891406 0.2371343 -1.783001 -1.219618 0.3704519 -0.5989603
62 5.38723 -0.5220144 -0.2312544 -0.4899596 1.24177 0.371946 0.2518939 0.3857365 -1.88477 -0.8030852 0.3212758 -0.4645319
63 5.388528 -0.3562631 -0.1207559 -0.6565518 1.030612 0.4012905 0.2897692 0.3481663 -2.592627 -0.6616895 0.4269187 -0.4995667
64 5.274878 -0.4331041 -0.07568568 -0.5417757 1.080514 0.4565387 0.2398771 0.2787993 -2.088431 -1.063423 0.4429098 -0.6356852
65 5.492548 -0.4305043 -0.2203322 -0.6574063 1.201079 0.5275562 0.3038062 0.2733671 -2.184458 -1.009681 0.3619748 -0.51138
66 5.485254 -0.4586923 -0.1709281 -0.5169854 1.226098 0.3390531 0.2273644 0.2485939 -1.6372 -1.193021 0.3363801 -0.5811392
67 5.224019 -0.4399666 0.03006843 -0.5304871 1.035213 0.5734405 0.2549479 0.1871718 -1.820019 -0.9679944 0.3254055 -0.5279039
68 5.38562 -0.4896495 -0.2031455 -0.5602983 1.092385 0.3300689 0.1634183 0.293782 -1.949945 -1.388767 0.3767413 -0.5825124
69 5.365774 -0.3302387 -0.1205717 -0.7904554 1.070432 0.5407763 0.2718273 0.2954366 -2.141913 -1.376113 0.3213232 -0.4549161
70 5.31516 -0.4328219 -0.02979352 -0.695638 0.972989 0.3469184 0.241903 0.2657036 -2.617847 -0.7554405 0.4664341 -0.5512586
71 5.406317 -0.5037617 -0.2561727 -0.4674908 1.171137 0.6518243 0.2428573 0.2269207 -1.996974 -1.131417 0.3650498 -0.5285917
74 5.226284 -0.4433914 0.1393605 -0.5812633 1.049406 0.4088907 0.2265847 0.2468418 -1.725352 -0.987788 0.3500899 -0.5962205
75 5.253188 -0.4531895 -0.005656059 -0.5557311 1.110829 0.398393 0.2495997 0.2757184 -1.552423 -0.9802893 0.2683137 -0.5230941
76 5.328687 -0.3371944 -0.1662498 -0.7558323 1.195022 0.6832233 0.2352886 0.3407604 -2.422715 -0.9617463 0.4541738 -0.5124256
77 5.297782 -0.4470356 -0.04661339 -0.4918793 1.241354 0.6376894 0.302642 0.2401311 -2.484111 -0.9700337 0.2539996 -0.3124832
78 5.349149 -0.3880134 -0.06674405 -0.5682209 1.174125 0.5246265 0.2111896 0.1953779 -1.996847 -1.068166 0.3171902 -0.4693825
79 5.411378 -0.41191 -0.1878937 -0.577653 1.001549 0.400156 0.2254928 0.2407822 -2.134732 -0.9341104 0.401166 -0.5503736
80 5.302472 -0.4185681 0.03359532 -0.5785643 1.122831 0.4244977 0.1289271 0.2751858 -2.051931 -1.114102 0.3053702 -0.431181
81 5.412625 -0.5152749 -0.07456537 -0.4715279 1.152478 0.5541854 0.2506145 0.2382662 -2.078058 -0.7304094 0.3319136 -0.4459502
82 5.283278 -0.3692446 -0.2194931 -0.6468893 1.157929 0.6237333 0.2167301 0.2853515 -2.083725 -0.9580958 0.4021126 -0.565227
83 5.3523 -0.3409473 -0.1596347 -0.7273188 1.110778 0.4607435 0.2907101 0.3021516 -1.76159 -1.240778 0.2643584 -0.4560705
84 5.082962 -0.3944666 0.3142218 -0.6702767 1.163625 0.6340383 0.2302464 0.2227011 -1.466962 -1.332096 0.360325 -0.6409309
85 5.38102 -0.2722332 -0.145813 -0.6473502 1.01659 0.3648642 0.2504303 0.3032064 -2.687272 -1.082577 0.2907387 -0.309585
86 5.382523 -0.3767109 -0.1040657 -0.6284508 1.178652 0.4660601 0.2594259 0.2364529 -1.963102 -1.030627 0.3803467 -0.5675117
87 5.362071 -0.5456013 -0.02775112 -0.4077347 1.226461 0.5174629 0.3298156 0.265916 -2.120208 -1.279463 0.3816101 -0.5398198
88 5.502595 -0.3718435 -0.125035 -0.6982892 1.081492 0.4154426 0.2000026 0.2830058 -1.987134 -0.8266091 0.353299 -0.589646
89 5.388263 -0.4882943 -0.08651755 -0.5958766 1.017841 0.3114058 0.2362424 0.2714028 -1.792898 -0.7249649 0.3263556 -0.554032
90 5.325242 -0.4082054 -0.0121051 -0.6044912 1.107065 0.5691776 0.3776133 0.3073626 -1.586218 -0.9699503 0.3455387 -0.6215733
91 5.339593 -0.4727739 -0.07575496 -0.5080737 1.189437 0.630624 0.3327669 0.3549549 -1.949785 -1.360223 0.2434128 -0.3904904
92 5.327507 -0.3821054 -0.002041489 -0.6805946 1.045124 0.5680646 0.3074501 0.2197104 -2.16711 -0.9080546 0.3265006 -0.4391507
93 5.349198 -0.4370341 -0.1059709 -0.5374521 1.096414 0.7001715 0.1876862 0.1645647 -1.62011 -0.8199375 0.2931241 -0.5857813
94 5.381216 -0.4553084 -0.08970179 -0.5759824 1.132069 0.6382697 0.2832468 0.2412062 -1.9952 -1.139785 0.4176114 -0.5949678
95 5.32602 -0.4594101 -0.07184797 -0.5287868 1.293779 0.420093 0.2250507 0.3393236 -2.028647 -0.9329729 0.2647653 -0.449644
96 5.381811 -0.4394578 -0.1486113 -0.6205056 1.172214 0.6129103 0.3041725 0.2080116 -2.01067 -1.009468 0.3246661 -0.4698853
97 5.386624 -0.4158526 -0.170281 -0.6475588 1.103967 0.3908085 0.2832454 0.3399783 -2.24155 -1.035498 0.3364076 -0.4489063
98 5.420013 -0.457459 -0.2061857 -0.5228781 1.124269 0.4302296 0.1599622 0.2139059 -2.23077 -0.9710497 0.3756979 -0.4965324
99 5.549503 -0.4724177 -0.3002071 -0.5647555 1.112766 0.6710974 0.2690239 0.2162231 -2.043984 -0.9539094 0.3033026 -0.5140636
100 5.458145 -0.544727 -0.09373774 -0.4385519 1.38055 0.3608087 0.2151047 0.3056308 -0.9559722 -1.134596 0.3215522 -0.7504769
101 5.51467 -0.4235905 -0.3127419 -0.6061526 1.269658 0.6985065 0.2910581 0.2201678 -1.983157 -1.011719 0.279619 -0.4468391
102 5.336062 -0.451924 -0.2057946 -0.5663895 1.115718 0.503152 0.316492 0.3051439 -2.197231 -1.067134 0.3490514 -0.4725257
