1 5.385573 -0.3622569 -0.03556656 -0.6100313 0.4717467 0.3612027 0.06767229 0.190944 5.046622 -2.369415 -0.7576643 0.2481747 -0.3421669
2 5.370446 -0.3548456 -0.06679908 -0.6643854 0.5754747 0.2599045 0.1078175 0.1996683 4.601132 -2.372507 -0.9174413 0.1847831 -0.2605735
3 5.338157 -0.4921625 -0.108871 -0.4676988 0.481282 0.3509728 0.1535626 0.1776512 4.547659 -2.32952 -0.9033829 0.2306748 -0.2829857
4 5.499324 -0.4268987 -0.262229 -0.4687614 0.4909645 0.5150073 0.02220643 0.2515751 5.709688 -2.094148 -0.8198855 0.2190556 -0.3626223
5 5.218563 -0.3904923 0.09589292 -0.6272199 0.4514097 0.4036505 0.1094124 0.1931381 5.027352 -2.580643 -1.014493 0.2718711 -0.2759292
6 5.402643 -0.3010935 -0.1216759 -0.5689443 0.5179686 0.3524199 0.1371306 0.2121396 6.465981 -2.166126 -1.221216 0.3421706 -0.4403263
7 5.267229 -0.4024044 0.04294525 -0.6315421 0.5223853 0.4057851 0.1230788 0.162737 5.657852 -1.791641 -1.095575 0.2765117 -0.4724535
8 5.459353 -0.4127803 -0.1973989 -0.535386 0.4728984 0.442507 0.05813994 0.2163155 4.757186 -2.013865 -0.8759373 0.1675295 -0.2964597
9 5.410979 -0.3367608 -0.222252 -0.6489378 0.4998462 0.3737439 0.09716539 0.1546832 5.675745 -2.62177 -0.8359502 0.2610332 -0.2802699
10 5.364428 -0.3759048 0.01490708 -0.6471279 0.471923 0.3470249 0.06875193 0.2093985 5.271904 -2.612946 -1.169888 0.2350883 -0.2818246
11 5.29443 -0.3506968 -0.08864569 -0.682897 0.5068518 0.4312718 0.1340447 0.1509999 5.002633 -2.117368 -0.9568513 0.2470822 -0.3939517
12 5.411988 -0.3709993 -0.09612334 -0.6636452 0.4793467 0.4161873 0.07530722 0.1765112 4.066773 -2.134268 -1.155884 0.2447039 -0.3353461
13 5.413301 -0.3732965 -0.2235435 -0.5416576 0.5328685 0.3662185 0.1326714 0.2396998 6.846664 -2.406663 -0.527373 0.2190996 -0.3183693
14 5.440188 -0.460077 -0.07805826 -0.568875 0.4429207 0.5004851 0.1036534 0.1912066 4.600128 -2.234502 -1.129588 0.2106329 -0.3104544
15 5.311825 -0.3508004 -0.06382458 -0.6411618 0.4698086 0.4320642 0.09749037 0.1855935 5.438488 -2.097847 -0.8252536 0.1710037 -0.2995323
16 5.28975 -0.3863809 0.06598664 -0.5996335 0.5298567 0.4549284 0.07962567 0.2866433 4.974146 -2.726856 -1.01191 0.2708894 -0.2424797
17 5.293756 -0.3679292 0.05029351 -0.6550015 0.5053223 0.2937257 0.1369748 0.2604705 6.383442 -2.696504 -0.7145618 0.3130031 -0.3225557
18 5.406459 -0.397171 -0.128566 -0.4895566 0.5013334 0.466732 0.09579125 0.1807933 6.033014 -2.268099 -1.122969 0.2612568 -0.3019879
19 5.407297 -0.3522146 -0.2771735 -0.6080616 0.5301403 0.3230504 0.07748083 0.2092216 5.185508 -2.529801 -0.8197113 0.2102181 -0.2426951
20 5.369137 -0.4290385 -0.1617976 -0.5250909 0.5270976 0.3822657 0.0826446 0.2088841 6.006763 -1.917409 -1.121737 0.1985466 -0.394812
21 5.411397 -0.3467829 -0.09901092 -0.537453 0.5046545 0.3499312 0.1204438 0.1921152 4.793433 -2.956983 -0.7770088 0.3183172 -0.2713378
22 5.372761 -0.335605 0.03679423 -0.6925721 0.4865989 0.4479493 0.1310883 0.1840856 4.860818 -2.346799 -1.06648 0.275508 -0.3138109
23 5.375647 -0.3481215 -0.07320127 -0.6816154 0.5061405 0.4067787 0.02954097 0.2410975 4.834419 -2.717021 -0.6551823 0.2213736 -0.1837632
24 5.354948 -0.3598283 0.09613431 -0.7166962 0.5496905 0.3781941 0.1265138 0.2173718 5.224603 -2.537816 -1.099162 0.2177091 -0.2323795
25 5.241442 -0.3767141 0.0145795 -0.5662067 0.5505048 0.4749933 0.1128996 0.228485 5.964395 -2.47875 -0.9029662 0.2775067 -0.2800076
26 5.380591 -0.440488 -0.1182312 -0.5201852 0.4959312 0.5242802 0.05708068 0.1433113 5.469849 -2.777162 -0.7204943 0.2938579 -0.2673004
27 5.296374 -0.3666567 -0.05089046 -0.5899783 0.5052864 0.4555873 0.1132534 0.198923 5.288049 -2.405071 -0.708899 0.2709109 -0.3112125
28 5.4136 -0.3980816 -0.1412503 -0.5491171 0.4930806 0.405053 0.1235894 0.2160964 5.150206 -2.49245 -0.9269683 0.248205 -0.2896447
29 5.423748 -0.3912849 -0.1645429 -0.5818902 0.4831818 0.3854559 0.1178091 0.2463161 5.240402 -2.612981 -0.7232099 0.2882813 -0.3104123
30 5.246717 -0.3829586 -0.08085773 -0.6281212 0.49477 0.3781387 0.159758 0.2014662 5.329482 -1.875335 -1.131811 0.2673577 -0.4166248
31 5.400957 -0.4317873 -0.1750466 -0.5582468 0.4471533 0.4172534 0.1597076 0.2035072 5.346829 -2.318689 -1.337965 0.2923665 -0.3325678
32 5.423617 -0.4852372 -0.1654375 -0.4173239 0.5155276 0.4694316 0.04985414 0.2876338 5.47489 -2.731231 -0.932744 0.2674302 -0.2689548
33 5.243682 -0.3364051 0.0152288 -0.6610295 0.4853571 0.5902315 0.04344942 0.1895165 6.603247 -2.321682 -0.8017008 0.2850762 -0.3672696
34 5.350327 -0.4444009 -0.1937036 -0.5250403 0.4689595 0.4746756 0.1548106 0.2004243 5.568542 -1.900519 -1.085356 0.2416925 -0.3706104
35 5.466122 -0.2885016 -0.1546495 -0.6745747 0.5224975 0.3989108 0.1532301 0.2129726 5.425618 -2.116746 -1.471 0.2370463 -0.3184645
36 5.425781 -0.3265805 -0.1750746 -0.6449079 0.4532863 0.4655429 0.1020131 0.2072726 5.198089 -2.256921 -1.173159 0.2398642 -0.2956562
37 5.452404 -0.3621665 -0.2080813 -0.5880088 0.5128044 0.3109776 0.1170009 0.1729001 5.255762 -2.044 -0.7655807 0.2806297 -0.3795729
38 5.353355 -0.3542755 -0.2162122 -0.6238163 0.5432209 0.4788752 0.10714 0.2234804 4.729335 -2.631055 -0.503886 0.2684375 -0.3293036
39 5.462533 -0.4571508 -0.2050069 -0.4941346 0.4581676 0.3817705 0.07671129 0.1963289 4.750595 -2.492874 -1.133099 0.2669815 -0.3061634
40 5.27007 -0.3171611 -0.08675633 -0.6839105 0.4748736 0.4114769 0.1016469 0.2216016 4.914193 -2.443323 -1.116904 0.2602198 -0.2724373
41 5.391974 -0.3891765 -0.1500096 -0.6076258 0.4689864 0.334152 0.1231108 0.2100512 4.275559 -2.477387 -0.7338361 0.249353 -0.2504454
42 5.383173 -0.3223719 -0.09641871 -0.6980249 0.5573321 0.3952369 0.03199058 0.215602 6.215639 -2.270596 -0.8799424 0.2003745 -0.2777532
43 5.313721 -0.2947142 -0.112548 -0.6856015 0.4880449 0.296343 0.1308178 0.1938027 4.778693 -2.657957 -0.920379 0.2673107 -0.2610649
44 5.380041 -0.3195759 -0.1017525 -0.7233643 0.5180319 0.453517 0.1408229 0.2247492 4.99233 -1.992365 -0.7555915 0.2451194 -0.369486
45 5.296104 -0.2585992 -0.06883651 -0.6460665 0.4701154 0.1929016 0.1245442 0.1907884 5.031612 -2.545126 -0.895125 0.2922873 -0.2823671
46 5.339782 -0.2976611 -0.1805606 -0.7077798 0.5577828 0.3129944 0.1418651 0.1520552 5.360689 -2.358301 -1.256861 0.2235618 -0.2875053
47 5.592621 -0.3810253 -0.3974148 -0.619883 0.5211871 0.4552865 0.07697443 0.2776274 5.186134 -2.221508 -0.6004273 0.176456 -0.3241109
48 5.356903 -0.3819693 -0.07861721 -0.626807 0.5078643 0.4144631 0.09201199 0.2385257 5.095992 -2.035383 -1.05369 0.2697465 -0.367144
49 5.3243 -0.3990244 0.03702515 -0.5739181 0.54568 0.3649459 0.0877665 0.2019088 4.711485 -1.991016 -1.417828 0.2433624 -0.3419337
50 5.334218 -0.2885773 -0.02467788 -0.7110717 0.4749486 0.4937639 0.06542781 0.2001652 5.00846 -2.888539 -0.844248 0.2471685 -0.2068153
51 5.386523 -0.3069272 -0.1949629 -0.6138353 0.4567931 0.4320471 0.09143005 0.2366397 4.996512 -2.668791 -0.9073533 0.2386216 -0.233151
52 5.358343 -0.343103 -0.1112664 -0.6655447 0.5531845 0.4066153 0.134572 0.1814445 5.620178 -1.746432 -1.270935 0.186887 -0.3572667
53 5.490573 -0.4036724 -0.3048029 -0.6736079 0.5061343 0.5372072 0.08633712 0.2023119 5.354624 -3.141007 -0.7567111 0.4029709 -0.2875677
54 5.352218 -0.4287419 -0.1189605 -0.4913214 0.4815202 0.4106604 0.0674414 0.1903597 5.967067 -2.613509 -1.131772 0.3038052 -0.3040072
55 5.413958 -0.3370496 -0.2151473 -0.6617275 0.4645392 0.3649778 0.1064903 0.1739843 4.297938 -2.301467 -1.239321 0.2706309 -0.3297211
56 5.267869 -0.3413797 -0.02241527 -0.6862996 0.5385336 0.3626522 0.08927157 0.2073205 7.089433 -2.118128 -1.074837 0.2510483 -0.3567941
57 5.440774 -0.3396758 -0.1754194 -0.5694164 0.4614993 0.5208127 0.01061199 0.2085858 4.651244 -2.142514 -0.8559186 0.1777209 -0.301158
58 5.335747 -0.3769523 -0.150612 -0.631933 0.5009679 0.4028712 0.1018205 0.2421284 5.725738 -2.645056 -0.7984562 0.2907222 -0.3230483
59 5.393165 -0.3583212 -0.1899526 -0.5689904 0.4357297 0.4417198 0.07186024 0.2034681 5.31282 -2.131085 -0.7218207 0.2416609 -0.3563024
60 5.374699 -0.3084498 -0.2210324 -0.65782 0.4891814 0.3628894 0.09084096 0.2349586 5.58833 -2.748956 -0.5240513 0.3068663 -0.3165831
61 5.373814 -0.3910166 -0.01209818 -0.6098711 0.5163437 0.3110368 0.1131938 0.1978986 4.653931 -2.621032 -0.839304 0.3105355 -0.3172906
62 5.401381 -0.4403203 -0.2437566 -0.5791073 0.4717946 0.3514876 0.1252377 0.2061648 4.830977 -2.814245 -1.140204 0.3059006 -0.2516131
63 5.230542 -0.3269401 -0.05242891 -0.5581641 0.4493794 0.4406222 0.08345504 0.188274 5.40678 -1.777993 -1.05748 0.2369731 -0.406462
64 5.36359 -0.3841931 -0.09697909 -0.5717888 0.5052179 0.3639424 0.1496383 0.1816508 5.325983 -2.434022 -0.8893111 0.3166221 -0.4038329
65 5.442624 -0.3081378 -0.2089916 -0.7142938 0.4705835 0.4200434 0.09952524 0.1467077 4.845822 -2.329889 -0.7506942 0.2431241 -0.323944
66 5.382517 -0.3434604 -0.1947156 -0.6001139 0.506097 0.4236091 0.1645224 0.2191439 6.885745 -2.288638 -0.6117914 0.3089317 -0.4324796
67 5.341105 -0.3448529 -0.004457344 -0.5702581 0.4771362 0.463985 0.1092161 0.2133894 5.335392 -2.314962 -0.8815392 0.2275317 -0.2381187
68 5.248533 -0.3898495 0.02514235 -0.5913564 0.5155448 0.3977279 0.1073408 0.1746027 4.668506 -2.823991 -0.7026552 0.2202198 -0.1768889
69 5.371484 -0.3434857 -0.1451986 -0.707516 0.4604438 0.4231578 0.07119414 0.2158854 4.771656 -2.512958 -0.822761 0.2321195 -0.2836842
70 5.329996 -0.3463063 -0.121195 -0.5702425 0.5164658 0.4544002 0.1204707 0.2065407 5.813304 -2.692755 -1.028568 0.2310874 -0.2801073
71 5.36419 -0.4514924 -0.1129619 -0.4922919 0.5258528 0.3920618 0.07325196 0.2408552 7.56174 -2.05746 -0.6823768 0.2540833 -0.3690837
72 5.338124 -0.3851621 -0.1845377 -0.533548 0.5381493 0.5000013 0.09224896 0.2193432 4.76519 -2.254862 -0.8659334 0.2170644 -0.2880944
73 5.510579 -0.3798236 -0.1531829 -0.5582202 0.4838472 0.3838245 0.1131374 0.2506439 5.388384 -2.495567 -0.4122723 0.2673126 -0.320359
74 5.334224 -0.3378908 -0.08273947 -0.5811753 0.4876926 0.3873336 0.0903614 0.2077982 5.038967 -2.15465 -0.8962848 0.1960008 -0.3262731
75 5.297547 -0.4100805 -0.09010311 -0.5746507 0.5544529 0.4022039 0.1492425 0.2146718 6.850193 -2.386862 -0.8800975 0.2085657 -0.2751925
76 5.446824 -0.348213 -0.1227288 -0.6206986 0.4964043 0.4112672 0.1189516 0.2082223 4.446866 -1.987695 -0.9145548 0.2072121 -0.3267032
77 5.400788 -0.3858054 -0.1519509 -0.5236098 0.5107694 0.5212916 0.1113559 0.2085301 5.238032 -1.749836 -1.368437 0.2266029 -0.3890557
78 5.415166 -0.4054914 -0.07142942 -0.5807983 0.5290429 0.4044944 0.1252779 0.2019713 5.643035 -2.531755 -0.7074411 0.2934879 -0.3051304
79 5.389114 -0.3499841 0.02643075 -0.6804176 0.5069623 0.4176233 0.1521065 0.1809454 5.176587 -2.035723 -1.29244 0.2739695 -0.378038
80 5.259232 -0.3464325 0.02511852 -0.6638121 0.4854755 0.4206885 0.080004 0.1909682 5.082672 -2.330958 -0.6835645 0.2863393 -0.3577031
81 5.22908 -0.34827 -0.05699955 -0.5833949 0.5303715 0.3303428 0.1438062 0.1843635 4.898968 -2.50508 -0.4892165 0.197164 -0.2691444
82 5.327746 -0.4393867 -0.08721208 -0.5264702 0.5181695 0.3795918 0.1088352 0.1389121 4.475076 -2.097044 -0.7727812 0.2080924 -0.3490775
83 5.32856 -0.4360541 -0.02140886 -0.5304893 0.5390799 0.4661254 0.03654555 0.2165129 5.059914 -2.122598 -0.919869 0.2321962 -0.3611675
84 5.442119 -0.3668318 -0.08642085 -0.5113966 0.4985653 0.3764837 0.1222446 0.1894297 5.37089 -2.555035 -1.035397 0.2643732 -0.256617
85 5.372462 -0.3464253 -0.1128872 -0.6417825 0.4668887 0.4063201 0.1371264 0.1574438 5.082742 -2.657007 -0.724715 0.2975149 -0.3269391
86 5.398145 -0.3716406 -0.2333256 -0.6766649 0.5224007 0.4154303 0.123031 0.1972053 4.893456 -2.336129 -1.167166 0.2366418 -0.252963
87 5.438242 -0.4579581 -0.1584844 -0.5742337 0.5335006 0.460452 0.190391 0.1772909 5.239624 -2.286132 -0.8885597 0.2104709 -0.2802417
88 5.411359 -0.2938946 -0.1433127 -0.6988948 0.4913206 0.4505624 0.07953339 0.2301898 5.534666 -2.740371 -0.8222249 0.3367662 -0.3228944
89 5.341836 -0.468261 -0.09050874 -0.6001401 0.5123975 0.4394319 0.07923215 0.2632024 6.322661 -2.59397 -0.8508425 0.2122642 -0.2436055
90 5.351412 -0.3090706 -0.1112446 -0.7105683 0.4929572 0.5056896 0.07682352 0.2347636 5.154346 -2.165016 -1.151996 0.2758182 -0.3601327
91 5.417738 -0.3162255 -0.2189213 -0.6299263 0.4969046 0.3760235 0.0874137 0.2121891 6.227415 -3.135842 -0.7212245 0.3331132 -0.2458233
92 5.341384 -0.3774711 -0.2136652 -0.5967236 0.4180077 0.3923557 0.07329776 0.2032942 4.522745 -2.207582 -0.8264592 0.2429353 -0.3613208
93 5.314911 -0.4050157 -0.1133873 -0.5626902 0.4825541 0.4945572 0.1082029 0.1530423 4.719863 -2.434636 -0.7676094 0.1909998 -0.2382072
94 5.394286 -0.3488855 -0.1804632 -0.567111 0.521546 0.2921576 0.1098491 0.1618549 4.252045 -2.432676 -1.457533 0.2645828 -0.2916329
95 5.4207 -0.3715385 -0.2505458 -0.566124 0.476344 0.2882921 0.09387756 0.2372295 5.042424 -2.138286 -0.7779229 0.1918918 -0.3097367
96 5.487891 -0.3393471 -0.2185641 -0.6999519 0.5014885 0.4529341 0.05967055 0.2357413 6.285615 -2.124293 -1.298313 0.2614475 -0.3716058
97 5.341056 -0.4139923 -0.05289309 -0.6523228 0.5104192 0.4567401 0.1266825 0.2026606 5.421198 -1.776988 -0.9554727 0.2152956 -0.3560178
98 5.32421 -0.4103937 -0.1312952 -0.5621589 0.4724495 0.3358875 0.1036802 0.1694436 4.778604 -1.786072 -1.133601 0.1910306 -0.3802833
99 5.298211 -0.3163356 -0.08381771 -0.5424078 0.4673129 0.4164537 0.06581338 0.2193372 4.663856 -2.447236 -0.6844933 0.2575952 -0.3105975
100 5.398524 -0.3678461 -0.05232316 -0.6243056 0.4711988 0.323581 0.08204506 0.2177687 4.747219 -2.187035 -0.6300498 0.2022267 -0.3174432
