1 0.07580067 0.05789182 0.1124029 0.07977418 0.1055652 0.05750569 0.04869134 0.06492426 0.3455253 0.2531922 0.1055841 0.1469325
2 0.08631818 0.08209783 0.1205 0.09610298 0.1280935 0.07718489 0.06743459 0.1015012 0.5225273 0.3156257 0.1060609 0.2245563
3 0.08403345 0.06749407 0.1174018 0.08582435 0.1189167 0.06347457 0.0574265 0.06501848 0.3165046 0.2286545 0.08277729 0.1153834
4 0.08588498 0.06964499 0.1185371 0.0861181 0.11679 0.06477402 0.05522273 0.08979924 0.4387264 0.2660954 0.1187024 0.2044047
5 0.08319811 0.06525093 0.113874 0.08317739 0.105836 0.05615268 0.0501526 0.06871925 0.3683169 0.2459872 0.08616538 0.1291528
6 0.07516486 0.06571687 0.1092861 0.08269644 0.1063835 0.05755962 0.05111879 0.07131059 0.3781963 0.2862194 0.1345643 0.1915899
7 0.08178627 NaN 0.1167775 0.05120905 0.02534568 NaN 0.04616074 NaN NaN NaN NaN NaN
8 0.07950492 0.06322853 0.1163337 0.08711238 0.1123647 0.06233841 0.05805909 0.07271117 0.2891424 0.2222509 0.07199203 0.09970929
9 0.08164022 0.05835463 0.1156223 0.07675721 0.1104683 0.05815514 0.04527911 0.06997532 0.4460303 0.2768834 0.09476035 0.1554051
10 0.07790697 0.06131041 0.1097462 0.08256591 0.09836781 0.05341807 0.05030939 0.05953212 0.3390982 0.2647288 0.1005722 0.1293721
11 0.08756215 0.05974417 0.12058 0.07870717 0.120618 0.06272162 0.05112148 0.06717432 0.3634489 0.2646177 0.09673428 0.141865
12 0.08351136 0.06994215 0.122221 0.09293865 0.1283526 0.07496232 0.06549908 0.09437834 0.3430126 0.292593 0.1016278 0.1494278
13 0.07669203 0.05908465 0.1101043 0.08259366 0.1038263 0.05747469 0.05512424 0.05837856 0.370658 0.2432692 0.07763116 0.1183422
14 0.08744397 0.07210465 0.1218334 0.09081344 0.1195936 0.06828327 0.05975641 0.07732638 0.3459547 0.2526887 0.1021425 0.1494911
15 0.0791697 0.0582959 0.1141449 0.07796773 0.107892 0.05648399 0.04629462 0.05764406 0.3508563 0.2366207 0.07676235 0.1127457
16 0.0848513 0.06950455 0.1224145 0.09375818 0.1256233 0.06931831 0.06295197 0.07789988 0.2861105 0.2403755 0.09204044 0.1091199
17 0.07447622 NaN 0.1049603 0.07586765 0.08898338 0.05082065 0.04965524 NaN NaN NaN NaN NaN
18 0.08366749 0.05547407 0.1223801 0.07547858 0.1206342 0.05691874 0.04463515 0.06648443 0.32478 0.2331886 0.08412554 0.1149002
19 0.08036736 0.06609659 0.1143429 0.08847407 0.1099501 0.06374771 0.05848557 0.07094016 0.3678441 0.2429769 0.07333331 0.1174184
20 0.08133872 0.0603765 0.1140171 0.08187439 0.1077547 0.05941598 0.0513001 0.06438631 0.3586212 0.2619158 0.07955385 0.1058437
21 0.09002374 0.06330298 0.1286913 0.08586612 0.1353123 0.06679229 0.05879827 0.06816293 0.2892466 0.2468927 0.1073476 0.1257534
22 0.08582525 0.06359683 0.1227237 0.08530931 0.1293732 0.06707361 0.05750765 0.06192993 0.2969497 0.2352253 0.09077837 0.1080257
23 0.08590161 0.07194963 0.115786 0.09034524 0.1139434 0.06729285 0.05913641 0.08384059 0.4048315 0.2271118 0.07565166 0.1299025
24 0.08794895 0.06721628 0.1219025 0.0875001 0.1234811 0.06592197 0.05690551 0.06822693 0.3184418 0.2417696 0.07766068 0.1037694
25 0.08161053 0.06875041 0.1173629 0.08985806 0.1166983 0.06402861 0.05706808 0.08047952 0.311572 0.2180254 0.09707208 0.143976
26 0.08579933 0.04806941 0.122142 0.07503902 0.1147224 0.05405952 0.04421638 0.04589255 0.2735557 0.2047884 NaN NaN
27 0.07983607 0.06208516 0.1157209 0.08665158 0.1132749 0.0617747 0.05722303 0.07498661 0.3004041 0.2297889 0.08358697 0.1085358
28 0.07817446 0.06197767 0.1167979 0.08505899 0.1131913 0.05976072 0.05389593 0.06929075 0.3520808 0.2447665 0.09713284 0.14557
29 0.08222484 0.2661021 0.114639 0.1002107 0.2112995 0.1770751 0.06099572 0.3768466 1.243478 1.095584 0.9477203 1.52051
30 0.07998002 0.06295101 0.1142241 0.08653458 0.1151751 0.06415522 0.06076223 0.06224181 0.302006 0.2515682 0.08034434 0.1024233
31 0.08385248 0.06810881 0.1176018 0.08604614 0.1146202 0.05997628 0.05477569 0.05999403 0.2932136 0.2520136 0.1121187 0.1395343
32 0.08180154 0.07122058 0.1165108 0.08929626 0.1107202 0.05942736 0.0557982 0.07090632 0.3290855 0.2469037 0.136073 0.1908331
33 0.08528037 0.05649566 0.1185623 0.07530381 0.1130517 0.05693139 0.04494496 0.06649612 0.352603 0.2372717 0.09643475 0.1287769
34 0.08157426 0.07019565 0.1131278 0.08768879 0.1096987 0.06041573 0.05841968 0.06534937 0.2845788 0.2416394 0.1043182 0.1314814
35 0.08180315 0.07103895 0.1133996 0.08927846 0.1096186 0.06203905 0.05654804 0.06312906 0.3698838 0.290416 0.09604245 0.1410395
36 0.07906619 0.0603484 0.1196228 0.08428564 0.1123036 0.05774221 0.05138028 0.06774718 0.3138547 0.2500886 0.08653124 0.1147922
37 0.07890444 0.06348263 0.110721 0.08353338 0.1114167 0.0633494 0.05641182 0.06997093 0.337936 0.2266425 0.08942869 0.1230531
38 0.08641841 0.06709352 0.1226004 0.09039981 0.128404 0.06977244 0.06379659 0.07876888 0.3133447 0.2442073 0.09268684 0.1237814
39 0.082786 0.06460484 0.1119378 0.08274592 0.104034 0.05717819 0.05011309 0.06497492 0.3866632 0.2533182 0.08842148 0.1262715
40 0.081185 0.06997512 0.1140401 0.09226989 0.1084751 0.06208558 0.06061262 0.06918032 0.3154113 0.2376269 0.08511549 0.1070885
41 0.08471203 0.06775965 0.1200318 0.09043922 0.1239377 0.07160012 0.06353314 0.07787116 0.2832762 0.2267584 0.08541204 0.1131316
42 0.07898014 0.06087427 0.1152999 0.08219461 0.110742 0.06041077 0.05161192 0.07957838 0.4151793 0.2648378 0.0841407 0.1437484
43 0.08206548 0.07582605 0.1117433 0.09265672 0.1103376 0.06514365 0.06125136 0.06315431 0.3732824 0.2565113 0.09425948 0.1378236
44 0.08560398 0.07036752 0.122413 0.08626934 0.1290636 0.07417839 0.06096051 0.0908816 0.3506831 0.2652194 0.106059 0.1702589
45 0.07425916 0.06016054 0.1037451 0.08138842 0.09757955 0.05584469 0.05372668 0.05768344 0.3569033 0.2323525 0.08209629 0.104954
46 0.07932053 0.06698652 0.1132914 0.08536517 0.11444 0.06335813 0.05725708 0.06642788 0.4602505 0.3113323 0.1033882 0.1846557
47 0.08678553 0.07145563 0.1164223 0.09394605 0.1107622 0.06436385 0.06276826 0.07293773 0.3211244 0.2491067 0.08917016 0.1093169
48 0.08651583 0.06528958 0.1283077 0.09018658 0.1347467 0.06932425 0.06190154 0.08826674 0.3221964 0.2504548 0.09996399 0.1327332
49 0.08203228 0.06697483 0.1174548 0.0899847 0.1249119 0.07136437 0.06412298 0.07812394 0.3290329 0.2561668 0.08235095 0.106798
50 0.08873204 0.06962835 0.1203373 0.08922114 0.1143459 0.06030702 0.05603005 0.06935171 0.3745253 0.2596933 0.0862531 0.1187473
51 0.08006406 0.06280043 0.114142 0.08503477 0.1063207 0.0572275 0.0528122 0.06645609 0.3779162 0.2539706 0.08679861 0.1219556
52 0.08168536 0.06745315 0.1181309 0.08549296 0.1228824 0.06792743 0.05955194 0.07205409 0.3389905 0.2714863 0.08649442 0.1344286
53 0.08754607 0.06493684 0.1264535 0.08514134 0.1328761 0.06434103 0.05349718 0.08621468 0.324783 0.2622587 0.1331574 0.1635271
54 0.07841841 0.1131568 0.108313 0.1074009 0.12352 0.07532187 0.04905115 0.1228926 0.5449667 0.3642099 0.2848334 0.4608084
55 0.07873123 NaN 0.1117884 NaN 0.02826385 NaN 0.05247754 NaN NaN NaN NaN NaN
56 0.07612938 0.05901321 0.1093207 0.07993853 0.100541 0.05477147 0.04957407 0.0650487 0.3625959 0.2617646 0.08887404 0.1258903
57 0.08456697 0.06158885 0.1205737 0.0831868 0.119521 0.06322637 0.05456671 0.07382987 0.38118 0.2467577 0.06767598 0.1086882
58 0.08011229 0.06664115 0.1105278 0.08585221 0.1032101 0.05890067 0.05475391 0.06904462 0.3775945 0.2765905 0.1172484 0.166195
59 0.08180385 0.06212341 0.114115 0.08113928 0.1090886 0.05612268 0.0498436 0.07479219 0.3443326 0.2364585 0.1009999 0.1497524
60 0.08029562 0.1236807 0.1135722 0.09012723 0.1708388 0.1072187 0.0660944 0.2223599 0.7714735 0.4397557 0.3735352 0.6129958
61 0.08357572 0.06665213 0.1157271 0.08903238 0.117558 0.06554376 0.0631863 0.0655378 0.3007867 0.2274196 0.07986739 0.09087167
62 0.07819304 0.07600564 0.1124843 0.09041104 0.1061182 0.06010705 0.05534687 0.06835946 0.3984714 0.2795305 0.1427871 0.2159329
63 0.08270454 0.06114513 0.1160084 0.08135623 0.1090616 0.05664946 0.05047024 0.06794035 0.3157619 0.2355399 0.09753892 0.1301252
64 0.08661772 0.06338766 0.1202429 0.08122266 0.1222245 0.06242896 0.05060772 0.07174638 0.3334227 0.261311 0.1246983 0.1655998
65 0.08294446 0.06247885 0.1155142 0.08150111 0.1129238 0.06116212 0.05138826 0.07123712 0.3730171 0.2435611 0.09035759 0.1353366
66 0.07675003 0.0568039 0.1091389 0.07808967 0.1017853 0.05375265 0.04877877 0.05497797 0.3277975 0.2254025 0.1011697 0.1231542
67 0.083692 0.0691507 0.1186583 0.09270143 0.1159871 0.0646606 0.06422736 0.06517928 0.2227319 0.1995198 0.06755201 0.07210201
68 0.08496181 0.07901788 0.1215043 0.107031 0.125928 0.07833138 0.08243268 0.08524544 0.2801605 0.226368 0.07170097 0.08450368
69 0.08234161 0.06987362 0.1160792 0.08892638 0.114152 0.06553711 0.05870147 0.08410389 0.3470177 0.2785868 0.1236274 0.1732294
70 0.08134263 0.06768924 0.1161458 0.08400664 0.1116579 0.05741786 0.05232741 0.06629011 0.5166846 0.298918 0.137978 0.2382418
71 0.07688267 0.06427662 0.1077001 0.08150799 0.09892691 0.05474135 0.05052777 0.06559304 0.3267695 0.2192747 0.1106818 0.1589018
72 0.08344928 0.06895694 0.1230404 0.09185941 0.1288737 0.07118027 0.06193507 0.08689904 0.3493332 0.2280137 0.0810172 0.1323111
73 0.0782284 0.06977174 0.1098423 0.09136769 0.1067819 0.06093859 0.06112586 0.07016375 0.3351684 0.2290566 0.09608772 0.1315508
74 0.0809199 0.07367545 0.1187707 0.08698537 0.1167344 0.06256911 0.05940504 0.0694785 0.4360178 0.2739485 0.1311677 0.2210073
75 0.08193837 0.06457886 0.1115962 0.08356776 0.1046907 0.05692789 0.05245389 0.0589882 0.3461279 0.2394689 0.08204276 0.1174241
76 0.08971917 0.07141045 0.1281661 0.08907804 0.1342969 0.07220633 0.05856359 0.09230851 0.3336843 0.2494751 0.09861426 0.1518602
77 0.09081749 0.06539181 0.1238326 0.08532709 0.1219911 0.06248301 0.05407844 0.07202172 0.2976603 0.2449006 0.08207137 0.09660918
78 0.08318055 0.07234179 0.1135966 0.08646614 0.1116643 0.06281073 0.0599336 0.07356435 0.3887814 0.2517654 0.1168527 0.1834462
79 0.08530611 0.06408077 0.1212115 0.08217537 0.1224396 0.06431863 0.05279663 0.06775651 0.3551419 0.2820509 0.1050206 0.1490077
80 0.08012591 0.06473519 0.1155873 0.08238168 0.1145162 0.06035872 0.04969934 0.07744819 0.3341295 0.2248641 0.1061739 0.1579252
81 0.08117049 0.05967399 0.1160351 0.08348258 0.1189248 0.06595732 0.05683751 0.06377821 0.34132 0.2251051 0.07619489 0.113341
82 0.09170153 0.05875093 0.1266909 0.07789705 0.1332091 0.06523207 0.05025657 0.066177 0.3015513 0.2284362 0.07857399 0.09556639
83 0.08785608 0.05844511 0.1316279 0.08389942 0.1367674 0.06901786 0.05371561 0.08392699 0.3234965 0.2485612 0.08343964 0.1100142
84 0.07919025 0.06525152 0.111427 0.08413475 0.1053408 0.058184 0.05392759 0.06537682 0.362748 0.2495255 0.1008652 0.1452392
85 0.0835381 0.05620093 0.1186168 0.07662226 0.1142241 0.05562576 0.04572754 0.05871859 0.3564571 0.2562365 0.09666239 0.1194753
86 0.08647849 0.07201882 0.121697 0.08947332 0.1230105 0.06637181 0.05789872 0.07512421 0.2841807 0.2305422 0.0897136 0.1222746
87 0.09582226 0.06758932 0.1305194 0.08543104 0.1429593 0.06951984 0.05915183 0.06549897 0.3139202 0.2304524 0.08628495 0.1185185
88 0.08903546 0.07952762 0.1248218 0.1057846 0.1358509 0.08151563 0.08132126 0.1068913 0.3274765 0.2554396 0.1182602 0.1460265
89 0.08097959 0.06315476 0.1139537 0.08508257 0.1058666 0.05750793 0.05290867 0.06524846 0.3271421 0.2372027 0.08399742 0.1102383
90 0.08660391 0.06305877 0.1271107 0.08781874 0.131917 0.06904099 0.05902996 0.08830003 0.3327225 0.2635175 0.08862636 0.1268026
91 0.07562886 0.05966541 0.1158869 0.08698921 0.1105795 0.06172944 0.05553284 0.07711893 0.3691433 0.2666028 0.09868861 0.1264998
92 0.07794479 0.05800971 0.1141591 0.08198142 0.106201 0.05744983 0.05016233 0.06614662 0.3410127 0.2414812 0.08148495 0.109734
93 0.09300334 0.05830165 0.1261978 0.07673433 0.1306001 0.06213272 0.04823517 0.06455628 0.3417996 0.2213307 0.06328447 0.09310459
94 0.07923541 0.06505433 0.1139117 0.08540589 0.1173765 0.06692254 0.05857798 0.0725357 0.3826094 0.2794117 0.09246321 0.1394185
95 0.07421894 0.064636 0.1068411 0.0909816 0.1003614 0.06082299 0.06113216 0.06402373 0.326765 0.2296327 0.07390585 0.09268175
96 0.07678274 0.06173675 0.1121148 0.08440608 0.1033504 0.05778072 0.05263408 0.06898419 0.3925916 0.2912405 0.1014593 0.1495876
97 0.08499784 0.06508694 0.1234212 0.08377725 0.1272579 0.06661225 0.05283786 0.08374592 0.3081874 0.2276244 0.08668453 0.1353995
98 0.08077984 0.06106649 0.1146236 0.0824796 0.1088313 0.05831704 0.05146919 0.06539372 0.2975917 0.2442268 0.07914233 0.101018
99 0.08713398 0.06328126 0.1213821 0.08193191 0.1232644 0.06271298 0.05228813 0.07714567 0.3390238 0.228959 0.108454 0.1545364
100 0.07943548 0.06123015 0.1114395 0.08405538 0.107098 0.060914 0.0576017 0.06318694 0.3339658 0.228497 0.06993346 0.09145592
