1 0.06516152 0.05153159 0.09120478 0.07026946 0.05810911 0.03141709 0.03269539 0.02893713 0.5191178 0.3495741 0.2486079 0.06761294 0.09072434
2 0.06960567 0.05085852 0.09970127 0.07123787 0.06886435 0.03506104 0.03488999 0.02949533 0.6803736 0.3562981 0.2388398 0.0640496 0.0883118
3 0.0710683 0.05060591 0.09796317 0.06868182 0.06721679 0.03381832 0.03163506 0.03121638 0.4702769 0.3448214 0.2263952 0.06096519 0.07994266
4 0.06969086 0.05057276 0.09701773 0.069725 0.06413854 0.03294368 0.03133486 0.03025493 0.7018595 0.3675714 0.2280418 0.06884454 0.09051272
5 0.06985925 0.05056099 0.0977477 0.06861532 0.06621614 0.03329758 0.03109758 0.03146348 0.7625563 0.3695873 0.2312324 0.07224244 0.09880635
6 0.06702925 0.05046756 0.0947079 0.07049036 0.06257619 0.03376098 0.03453948 0.03045638 0.7332447 0.3660649 0.2510975 0.0691614 0.08576466
7 0.06781834 0.05158874 0.09655784 0.07210946 0.06551562 0.03472699 0.03526106 0.03105468 0.6878113 0.3747765 0.2381677 0.06963709 0.09341403
8 0.06786809 0.05055083 0.09568748 0.06882021 0.0632093 0.03302938 0.032528 0.03086635 0.4978359 0.3183509 0.2313898 0.05828651 0.07411562
9 0.07001276 0.05574663 0.09628343 0.07471164 0.06345293 0.03597887 0.03774845 0.02938897 0.7334344 0.3505229 0.2649794 0.06754939 0.08859677
10 0.07192717 0.05223406 0.09980047 0.07042873 0.07108489 0.03505916 0.03312383 0.03207097 0.8215521 0.3120998 0.2139012 0.06091957 0.073431
11 0.06993889 0.04706264 0.0985027 0.06484091 0.06710764 0.03136218 0.02906709 0.02675813 0.6800879 0.3258901 0.2344297 0.0633833 0.07579357
12 0.07067693 0.04778727 0.1005006 0.06522005 0.07200654 0.03243331 0.02855626 0.03030626 0.5509417 0.3777119 0.2455411 0.06938116 0.09268472
13 0.0653069 0.05041475 0.09188664 0.06793316 0.05798062 0.03096514 0.03099362 0.03147077 0.627162 0.4168572 0.2238869 0.06820696 0.1076953
14 0.06903088 0.05478713 0.0955082 0.0737058 0.06379864 0.03497924 0.03614413 0.03023071 0.5558324 0.2743362 0.2175177 0.05760747 0.06436569
15 0.06936196 0.05249639 0.09865765 0.07234585 0.06832737 0.03506139 0.0363612 0.03308199 0.525512 0.3142209 0.2185636 0.05994731 0.08234733
16 0.07045311 0.05301774 0.09673243 0.07133519 0.06598511 0.03388332 0.03415669 0.02824146 0.7835084 0.3899245 0.2510384 0.07894584 0.1140147
17 0.07069971 0.04960183 0.1004474 0.0699563 0.06975826 0.03438684 0.03352337 0.03232208 0.6695044 0.4074093 0.264551 0.07414912 0.09311166
18 0.06605663 0.05310683 0.09224144 0.07074734 0.05967904 0.03267463 0.03337106 0.03016398 0.6234853 0.3536736 0.2534108 0.0721039 0.09568899
19 0.06675568 0.05078503 0.09304122 0.07066998 0.05963383 0.03217536 0.03363091 0.02898272 0.5403975 0.3779645 0.2384771 0.07281708 0.09593193
20 0.06971836 0.04941713 0.09852264 0.06817218 0.06762232 0.03362868 0.03241515 0.03070844 0.6104436 0.3795635 0.2399538 0.06799058 0.09292376
21 0.07282143 0.04866441 0.1016169 0.06629901 0.07342657 0.03308918 0.02813172 0.02940774 0.6220009 0.3575859 0.2330364 0.07654445 0.1015322
22 0.06986373 0.05399592 0.09702739 0.07312931 0.06623451 0.0348556 0.03583093 0.02934255 0.8478873 0.329379 0.2278165 0.06986118 0.08432971
23 0.06424148 0.04612505 0.09302527 0.0641686 0.05985464 0.02902309 0.0274064 0.02703709 0.509622 0.3652118 0.2499094 0.06290218 0.08710593
24 0.06729812 0.05026327 0.09557818 0.06795792 0.06281657 0.03179787 0.02993271 0.02905309 0.463757 0.252008 0.2250141 0.05791926 0.06192656
25 0.06861637 0.04925637 0.09793233 0.06894786 0.06680805 0.03306321 0.03160498 0.03021366 0.7180073 0.4424805 0.2456508 0.07885024 0.115419
26 0.07271941 0.05461712 0.101371 0.07425746 0.07314478 0.03805437 0.03677991 0.03223277 0.948907 0.3367066 0.2238846 0.07000171 0.0946725
27 0.06525252 0.05155722 0.09393768 0.07146323 0.06319959 0.03344269 0.03457797 0.03100695 0.721417 0.3878186 0.228717 0.06427923 0.09314873
28 0.06844796 0.04819568 0.0960523 0.06651852 0.06444901 0.03164987 0.02952899 0.02761743 0.5502862 0.3972617 0.2313326 0.06427304 0.09542289
29 0.06453981 0.04793733 0.09149929 0.06501637 0.05986216 0.03082252 0.02932243 0.02964803 0.5074721 0.3483986 0.2407362 0.07079371 0.09157715
30 0.07121631 0.05019652 0.100135 0.06857713 0.0712556 0.03343606 0.03184134 0.02740434 0.5984059 0.3165052 0.2165123 0.06834626 0.09294003
31 0.06816945 0.04812048 0.09717157 0.06711843 0.06566682 0.03240556 0.02988167 0.03115525 0.8405628 0.3373385 0.2284463 0.06723347 0.08251636
32 0.06876147 0.04913791 0.09970939 0.068483 0.06980018 0.03399897 0.03130562 0.02984697 0.633213 0.3214255 0.2215815 0.0648028 0.08295208
33 0.06355809 0.04953155 0.08878117 0.06805175 0.05489717 0.0300916 0.03173305 0.02602114 0.6309897 0.3890903 0.2395388 0.0684947 0.09537028
34 0.06547531 0.0534138 0.092589 0.07356351 0.05840647 0.03303799 0.03756903 0.02603672 0.7829747 0.3163545 0.2259208 0.07026145 0.08178742
35 0.06850714 0.0512172 0.09525869 0.06850464 0.06180489 0.03149436 0.03041145 0.02810352 0.6916517 0.3917687 0.2294901 0.06687623 0.09644167
36 0.06654229 0.04878772 0.09448033 0.06800831 0.06407355 0.03226186 0.03123892 0.02595884 0.5979604 0.395919 0.2224042 0.07788159 0.1136095
37 0.06986776 0.05121051 0.09977468 0.06976798 0.06790582 0.03291407 0.03155987 0.02920198 0.4814051 0.3258905 0.2333094 0.06132973 0.07749948
38 0.06782282 0.05219504 0.09656219 0.07285576 0.06556199 0.03513012 0.03593549 0.03119024 0.7068917 0.3359531 0.2183552 0.06183477 0.08149411
39 0.06807327 0.05127831 0.09697196 0.07129261 0.06365923 0.03426075 0.03437307 0.02896912 0.6323293 0.2654368 0.2098329 0.07125498 0.07690603
40 0.06902651 0.05320078 0.09709464 0.07337747 0.06437081 0.03463207 0.03551904 0.03066437 0.6258863 0.4307019 0.2600673 0.07599689 0.1130392
41 0.06818483 0.05498734 0.09639142 0.07482326 0.06416747 0.036186 0.03784261 0.02948291 0.7562817 0.3317384 0.240867 0.07193486 0.08945652
42 0.07783045 0.0533381 0.1084866 0.07176488 0.08280244 0.03890023 0.03481232 0.0308383 0.4878235 0.3068042 0.2334428 0.0611181 0.07857845
43 0.07002135 0.05239509 0.09806033 0.07231313 0.06913358 0.03568075 0.03572695 0.03341218 0.6154287 0.3027841 0.2268263 0.06588119 0.08021734
44 0.06811386 0.05195347 0.09701945 0.06975158 0.06552572 0.03316114 0.03186038 0.0311309 0.5693438 0.3519483 0.2480026 0.06866107 0.09285233
45 0.07211418 0.05053702 0.1023583 0.06907649 0.0720344 0.03408913 0.03144854 0.02879633 0.8975469 0.3671336 0.2513545 0.06872065 0.08823258
46 0.06643368 0.05129225 0.09193571 0.06932898 0.06021094 0.03274867 0.03272549 0.03063184 0.4948155 0.3383373 0.2221446 0.06369251 0.08735027
47 0.06945071 0.05451406 0.09645192 0.07370157 0.06499151 0.03559115 0.03735019 0.03090227 0.9962469 0.3356327 0.2330712 0.06784648 0.08903815
48 0.06913715 0.05122994 0.09634784 0.0694264 0.06581979 0.03385471 0.03218622 0.03102763 0.6859308 0.3520518 0.243005 0.07242444 0.09564474
49 0.06798024 0.04729023 0.09613624 0.0648398 0.06417901 0.03147518 0.02953632 0.02772966 0.8515764 0.3599336 0.2461156 0.07219855 0.09519678
50 0.0733297 0.05114194 0.1033411 0.06994361 0.07652905 0.03606891 0.03329387 0.02981002 0.724173 0.2892047 0.2357435 0.06649042 0.07697117
51 0.06912572 0.05712362 0.09759746 0.07596251 0.0672567 0.03709713 0.0377051 0.03227677 0.8313734 0.3352748 0.2357897 0.07249613 0.103295
52 0.07040174 0.04998825 0.09721356 0.06758839 0.06619875 0.03227365 0.0302013 0.02731683 0.5552119 0.3472241 0.229839 0.07133287 0.09472285
53 0.06895074 0.05133432 0.09778916 0.0729248 0.06863397 0.03529087 0.03653202 0.03069069 0.6935637 0.3502434 0.212542 0.06115921 0.08318995
54 0.06937264 0.05451822 0.09578375 0.07235373 0.06464249 0.0344867 0.03437025 0.03097325 0.5200502 0.3073846 0.2248068 0.06054343 0.07641679
55 0.06931013 0.04892648 0.0967891 0.06732646 0.06528823 0.03246602 0.0303235 0.02969991 0.6314203 0.2919874 0.227047 0.06253697 0.06813781
56 0.07228578 0.04890618 0.1008106 0.06592643 0.07322137 0.03333457 0.02994767 0.02897797 0.619565 0.3140895 0.2271355 0.06701654 0.0866179
57 0.06906302 0.0488354 0.09790046 0.06582328 0.06571523 0.03145569 0.02888256 0.02926949 0.5195388 0.3456215 0.2189465 0.06599198 0.08945992
58 0.07249009 0.0509598 0.1013211 0.07022513 0.07350855 0.03637717 0.0337297 0.02948503 0.8213207 0.3807608 0.2292166 0.06735838 0.09380685
59 0.07009491 0.05304403 0.09890822 0.07121861 0.07026037 0.03599569 0.0345235 0.0313772 0.6833184 0.3114504 0.2408246 0.06489382 0.08468149
60 0.06414851 0.05217929 0.09286134 0.07276016 0.06061477 0.03418525 0.03600482 0.03126336 0.5434457 0.382734 0.2535741 0.07761753 0.1046211
61 0.07121505 0.05136983 0.0973872 0.06867796 0.0680897 0.03387554 0.03177378 0.02648763 0.9576202 0.3640525 0.2448685 0.07482429 0.09427694
62 0.06457564 0.05300228 0.09254882 0.07531257 0.05859586 0.03352431 0.03693161 0.03015082 0.4720312 0.2934877 0.1974193 0.05283252 0.06420922
63 0.06525242 0.05004747 0.09309158 0.07016887 0.06030109 0.03188623 0.03386715 0.02786587 0.7424778 0.3511961 0.230162 0.07306372 0.0809197
64 0.06763655 0.04995017 0.09581594 0.06896241 0.06412271 0.03202926 0.03182967 0.02808197 0.5688463 0.3559756 0.2388634 0.07343929 0.09019244
65 0.07192431 0.04735291 0.1013054 0.06666693 0.07063696 0.0339283 0.03062093 0.0297949 0.4742845 0.3522268 0.2420546 0.06381988 0.08438014
66 0.06374033 0.04926352 0.08904736 0.06669437 0.05526163 0.02978961 0.02951289 0.03233432 0.4865302 0.3948284 0.2368383 0.06213981 0.09502196
67 0.06953587 0.04906856 0.09918628 0.06768266 0.07133419 0.03473138 0.03117471 0.0305698 0.8055582 0.321626 0.2213467 0.06677404 0.0841253
68 0.06897605 0.05340787 0.09555871 0.07212574 0.0631498 0.03488 0.03467516 0.03069281 0.8718433 0.4130101 0.2671244 0.07480811 0.1047168
69 0.06876413 0.05192213 0.09557582 0.0698352 0.06413932 0.03297119 0.03303742 0.02791009 0.5850442 0.3646756 0.2639062 0.07087661 0.09504591
70 0.06619277 0.05183528 0.09310406 0.07036125 0.06049898 0.03190922 0.03185505 0.02857884 0.9306722 0.3715813 0.2359859 0.07947446 0.09510308
71 0.07081795 0.05015779 0.09830103 0.06705598 0.06805461 0.03260741 0.03040998 0.02940646 0.4537436 0.3338442 0.231513 0.06993522 0.09270153
74 0.06498304 0.04986474 0.09190729 0.06871057 0.05895669 0.03072168 0.03081088 0.02791974 0.6473074 0.3410724 0.2222865 0.06525667 0.08371731
75 0.06854658 0.05410574 0.09683344 0.07267344 0.06519055 0.03581659 0.03741171 0.03081578 0.7214118 0.3360255 0.2171712 0.06338273 0.09186586
76 0.07028529 0.05325527 0.0991319 0.07219845 0.06808878 0.03490233 0.03520018 0.02906502 0.6164381 0.329535 0.2260158 0.06911224 0.08396172
77 0.07069753 0.04970455 0.09980815 0.06862927 0.06936733 0.03348999 0.03127845 0.02993193 0.4692012 0.3283451 0.2359506 0.06304696 0.07449612
78 0.06991569 0.04916013 0.0990608 0.06746569 0.06799901 0.03324837 0.03065533 0.0304243 0.5353208 0.3594879 0.2301736 0.06219668 0.08587506
79 0.0664347 0.05125701 0.09444634 0.06944295 0.06299156 0.03385347 0.03372755 0.02934337 0.8762874 0.3929941 0.2359532 0.07536416 0.1043948
80 0.0681923 0.05577582 0.09584814 0.07448023 0.0649294 0.03604211 0.03706852 0.03115098 0.8235276 0.4071599 0.2346233 0.06758985 0.1048277
81 0.07807768 0.05181408 0.1108467 0.07226281 0.08442556 0.04032147 0.03559033 0.03246598 0.9021446 0.3242498 0.2020237 0.0578154 0.07987684
82 0.07618823 0.05234282 0.1057514 0.07090774 0.07718578 0.03711701 0.03314269 0.02899498 0.5481023 0.3501878 0.2316942 0.06715825 0.0921025
83 0.06876875 0.05171466 0.09756897 0.07025426 0.06705074 0.033504 0.03357073 0.0294035 0.6195632 0.3391569 0.2416716 0.06093283 0.0813263
84 0.0730881 0.0502583 0.1017633 0.06909314 0.07288136 0.03524128 0.0315671 0.03009327 0.5847708 0.3080605 0.2277325 0.06506911 0.08101603
85 0.06569261 0.05261395 0.09101836 0.07109496 0.05768165 0.03173826 0.03393562 0.02711684 0.6205159 0.4051996 0.2595846 0.06943241 0.09534294
86 0.06850605 0.04847051 0.09618323 0.06681593 0.06339679 0.03230055 0.03006048 0.03055499 0.5358557 0.3438374 0.2294813 0.06496522 0.08192575
87 0.06716091 0.04882372 0.09329176 0.06475906 0.06041954 0.029572 0.02738038 0.02929173 0.4484269 0.3397514 0.2441583 0.0657736 0.08486507
88 0.06804198 0.04842011 0.09602114 0.06769221 0.06565349 0.03245249 0.03108215 0.02911967 0.6036021 0.4097247 0.2531065 0.07448124 0.106435
89 0.06176724 0.05004016 0.08806352 0.06887532 0.05385716 0.03021455 0.03197585 0.02903634 0.6941872 0.320202 0.2109477 0.06341023 0.07980102
90 0.06898877 0.0511093 0.09692054 0.06976111 0.06599552 0.0348088 0.0341484 0.03162025 0.5877473 0.2904666 0.220101 0.06695637 0.08010454
91 0.06835833 0.05228682 0.09417173 0.06982664 0.06044008 0.03141807 0.03275367 0.02791675 0.3779786 0.2611928 0.2378438 0.0596967 0.06569258
92 0.06968168 0.04829795 0.09761188 0.06677181 0.0654266 0.03224234 0.02952138 0.02913424 0.6577339 0.3328726 0.2223203 0.06109392 0.08066455
93 0.07425302 0.04874048 0.1011103 0.0641629 0.07309882 0.03310881 0.02766292 0.02887722 0.6242509 0.3581812 0.2263385 0.06629127 0.09245201
94 0.0733628 0.05237298 0.1024986 0.07252564 0.07411346 0.03609543 0.0339285 0.03022324 0.6161378 0.3318342 0.2342226 0.07138018 0.08916691
95 0.07146136 0.05388683 0.09819219 0.07198269 0.06679273 0.03582093 0.0354268 0.03081314 0.4962332 0.3172756 0.2299622 0.06062948 0.07676472
96 0.06698326 0.05037772 0.09366098 0.06858341 0.06287882 0.03245604 0.03112825 0.03118482 0.5122054 0.3153997 0.2237058 0.06223931 0.07783306
97 0.06710452 0.04992166 0.09555988 0.0684796 0.06462989 0.03322558 0.03212143 0.03146069 0.6259264 0.3761566 0.2426361 0.0682298 0.09352856
98 0.06884664 0.05178353 0.09611771 0.0706325 0.06592457 0.03491949 0.0327024 0.03096403 0.7840024 0.3919657 0.2335691 0.06736901 0.09499986
99 0.07133553 0.04794336 0.1005327 0.06625861 0.06972738 0.03237414 0.02944951 0.02951575 0.6102045 0.3701829 0.2536952 0.0691933 0.09018037
100 0.0675531 0.05156469 0.09490963 0.070152 0.0634332 0.03379231 0.03369745 0.03109562 0.5214234 0.3162474 0.217367 0.05809531 0.07827276
101 0.07677992 0.04950312 0.109303 0.06754053 0.08102966 0.03611806 0.03062611 0.02874967 0.4821164 0.3527893 0.2368423 0.05895908 0.0849599
102 0.06950145 0.05169354 0.09665138 0.07039257 0.06442822 0.03339443 0.03322374 0.03022772 0.6152334 0.3215881 0.2355443 0.06816921 0.08514333
