1 2.117218 1.568132 1.771637 2.414814 1.702069 1.714859
2 2.341157 1.607245 1.63198 3.643029 1.612615 1.527896
3 2.908576 2.191041 2.111803 4.06284 2.165178 2.153659
4 1.734546 1.434994 1.418351 3.114996 1.487492 1.401092
5 1.952399 1.510796 1.496299 3.199314 1.389251 1.510351
6 2.411036 1.642742 1.676758 3.292398 1.594296 1.667339
7 5.648338 4.278737 4.19366 6.023604 4.150554 4.111345
8 3.727038 2.738036 2.84406 4.066085 2.616361 2.666614
9 1.436411 1.084673 1.023462 2.004744 1.046191 1.075084
10 1.812253 1.218993 1.249604 2.23033 1.32532 1.311499
11 1.735248 1.398932 1.4493 2.685873 1.414134 1.416794
12 2.563372 2.036224 2.046113 3.938216 2.113344 2.169719
13 2.193441 2.110071 2.054944 2.905829 2.043688 2.091736
14 2.143892 1.667 1.682952 2.823719 1.709562 1.693122
15 1.995517 1.410563 1.387067 2.66235 1.418999 1.425109
16 1.808532 1.433272 1.389629 2.645624 1.469128 1.387646
17 2.5967 2.205001 2.368342 3.129384 2.36139 2.385742
18 2.298235 1.647773 1.700576 3.27685 1.660022 1.631218
19 2.863124 2.142727 2.109825 3.861095 2.130119 2.001675
20 1.788387 1.448604 1.452222 3.297088 1.538132 1.486234
21 1.792679 1.498656 1.456248 3.050505 1.547509 1.531051
22 1.945751 1.527359 1.485536 3.164049 1.649949 1.6306
23 2.692329 1.918369 1.953087 2.904585 1.990443 1.917731
24 8.668116 5.820732 5.873341 7.438464 5.842722 5.695011
25 1.840726 1.46784 1.504918 2.95686 1.436924 1.400723
26 2.186862 1.700752 1.712771 3.24799 1.614732 1.63581
27 2.415059 1.741386 1.718242 2.855544 1.650234 1.667698
28 1.470716 1.248013 1.189221 3.156294 1.219631 1.211603
29 2.237737 1.666964 1.652525 3.667368 1.641355 1.624793
30 2.183708 1.299021 1.326965 2.862477 1.355185 1.290427
31 1.924916 1.580621 1.515952 2.80219 1.61397 1.59055
32 1.347597 0.9716546 0.977474 2.578739 0.9975218 0.9785444
33 1.222492 0.9710515 1.004968 1.924563 0.8903744 0.9333247
34 1.470218 1.26656 1.236044 2.262814 1.264771 1.320196
35 2.416099 1.768323 1.833185 2.79542 1.824725 1.814066
36 3.532766 2.369895 2.459584 3.883345 2.242301 2.246195
37 1.598693 1.449271 1.374321 2.668267 1.453142 1.539396
38 2.635576 1.880013 1.847957 3.590075 1.758242 1.7465
39 2.866584 2.017954 2.098745 4.152306 2.051209 2.099374
40 2.946261 2.462665 2.532631 3.664799 2.666476 2.516021
41 1.483936 1.216214 1.231969 2.193523 1.204577 1.215124
42 5.131617 3.762994 3.893803 5.668998 4.056343 4.005116
43 3.564006 2.963003 3.008305 4.713523 3.034716 3.072874
44 2.162097 1.50181 1.629841 3.346157 1.710108 1.646685
45 1.94135 1.527663 1.517327 3.296415 1.424946 1.425054
46 9.877926 4.62122 3.637045 6.002223 4.503848 4.592614
47 3.67831 3.050403 3.04662 4.790573 3.230172 3.111013
48 1.919279 1.377177 1.386374 3.672991 1.332182 1.359686
49 2.130929 1.638296 1.601254 3.153092 1.674747 1.669909
50 2.441433 1.6918 1.680098 3.620435 1.711237 1.722348
51 3.181958 2.08513 2.11159 4.519873 2.049937 2.073982
52 2.446622 1.982801 1.898191 3.539489 1.954065 1.936161
53 1.692649 1.288795 1.28288 2.988441 1.231295 1.198975
54 2.119796 1.483031 1.533192 3.275452 1.521991 1.485736
55 3.880844 3.190919 3.208645 4.689043 3.268205 3.329854
56 3.275092 2.37581 2.476688 3.906002 2.42362 2.425064
57 1.636015 1.304204 1.364455 2.510239 1.390059 1.347321
58 1.611513 1.19878 1.232441 2.524245 1.21291 1.250262
59 3.01814 2.229174 2.233453 3.895866 2.197894 2.233631
60 2.430221 2.130278 2.079474 3.650717 1.969734 2.046807
61 1.914017 1.503896 1.430049 2.705905 1.422812 1.445566
62 1.475937 1.285967 1.238637 2.673197 1.285296 1.333816
63 1.926597 1.520487 1.541888 2.800018 1.558083 1.572112
64 3.57113 2.858847 2.760507 4.877135 2.770667 2.873993
65 2.563815 1.87555 1.957134 3.835018 1.830371 1.843941
66 2.036537 1.677686 1.691666 3.173199 1.68346 1.652834
67 2.129725 1.52896 1.530074 3.094922 1.546174 1.662703
68 2.162129 1.517679 1.525192 3.411888 1.522116 1.616991
69 2.361638 1.77949 1.846063 3.006948 1.728232 1.693434
70 1.930275 1.435153 1.472712 3.155577 1.430229 1.486974
71 3.103741 2.37462 2.430456 4.221886 2.462195 2.476278
74 2.331239 1.897934 1.889379 3.27761 1.832946 1.814667
75 2.381665 1.817264 1.823143 3.019212 1.828102 1.879543
76 2.310355 1.778807 1.859621 3.349008 1.847215 1.775654
77 5.251322 3.403816 3.562172 4.584875 3.526276 3.689816
78 4.075662 3.036733 3.092154 5.012225 3.166714 3.281826
79 2.215398 1.730821 1.720748 3.285473 1.764506 1.798656
80 2.162447 1.662823 1.641959 2.667488 1.645181 1.657637
81 2.197145 1.787785 1.696909 3.028172 1.717224 1.757254
82 1.645284 1.340768 1.307488 2.762451 1.256898 1.312511
83 3.708897 2.525707 2.399792 3.733813 2.398328 2.342055
84 1.98401 1.678489 1.684649 3.620596 1.822941 1.817226
85 1.520022 1.421072 1.405583 1.955674 1.364589 1.37271
86 2.033506 1.647838 1.617939 3.093311 1.700431 1.601232
87 1.554215 1.234608 1.221567 2.674442 1.336658 1.328651
88 1.467689 1.13275 1.096621 2.511752 1.169209 1.197631
89 2.033701 1.543653 1.566843 3.267719 1.563246 1.507492
90 2.501492 1.672093 1.690341 3.731018 1.71513 1.671576
91 2.784165 1.984609 2.017176 3.054472 1.890626 1.859392
92 1.875602 1.362026 1.480373 2.621662 1.455586 1.442192
93 2.985404 1.7603 1.907526 3.877914 1.941848 1.900574
94 1.975753 1.493746 1.554453 3.346077 1.486195 1.560141
95 2.716552 1.947629 1.912717 3.637217 1.950759 1.987712
96 2.745328 2.005338 1.895997 3.321878 1.839667 1.880169
97 2.534281 2.089015 2.067269 3.555842 1.991274 2.030629
98 1.830693 1.542748 1.547557 2.929656 1.544947 1.583603
99 2.897467 2.292634 2.270639 4.082694 2.312236 2.363826
100 4.47578 2.550959 2.721317 5.849306 2.453376 2.322189
101 1.768122 1.264705 1.301401 2.69109 1.262968 1.350266
102 2.885254 2.045766 2.042167 3.610813 2.054432 2.112934
