1 1400001
2 1400002
3 1400003
4 1400004
5 1400005
6 1400006
7 1400007
8 1400008
9 1400009
10 1400010
11 1400011
12 1400012
13 1400013
14 1400014
15 1400015
16 1400016
17 1400017
18 1400018
19 1400019
20 1400020
21 1400021
22 1400022
23 1400023
24 1400024
25 1400025
26 1400026
27 1400027
28 1400028
29 1400029
30 1400030
31 1400031
32 1400032
33 1400033
34 1400034
35 1400035
36 1400036
37 1400037
38 1400038
39 1400039
40 1400040
41 1400041
42 1400042
43 1400043
44 1400044
45 1400045
46 1400046
47 1400047
48 1400048
49 1400049
50 1400050
51 1400051
52 1400052
53 1400053
54 1400054
55 1400055
56 1400056
57 1400057
58 1400058
59 1400059
60 1400060
61 1400061
62 1400062
63 1400063
64 1400064
65 1400065
66 1400066
67 1400067
68 1400068
69 1400069
70 1400070
71 1400071
74 1400074
75 1400075
76 1400076
77 1400077
78 1400078
79 1400079
80 1400080
81 1400081
82 1400082
83 1400083
84 1400084
85 1400085
86 1400086
87 1400087
88 1400088
89 1400089
90 1400090
91 1400091
92 1400092
93 1400093
94 1400094
95 1400095
96 1400096
97 1400097
98 1400098
99 1400099
100 1400100
101 1400101
102 1400102
