1 388.4218 390.3892 390.648 402.245 405.0716 405.1034
2 382.685 385.7792 385.1552 384.4392 386.5012 385.8524
3 349.711 347.6891 364.9066 366.3586 362.3814 379.4455
4 402.0009 405.9123 405.8891 429.0464 434.9003 434.9949
5 390.3481 393.8761 394.1466 394.3784 396.418 396.7375
6 342.5158 345.5545 355.1886 353.1008 358.2623 367.5443
7 303.102 302.0512 311.5158 308.4837 307.3359 317.0243
8 317.6121 323.6912 334.0239 317.4158 323.8981 334.5151
9 269.5892 281.1669 291.9256 293.385 309.5834 320.0469
10 329.4377 333.1899 333.1934 336.0157 337.1494 337.1098
11 291.5128 291.4386 306.565 299.3179 301.5189 316.796
12 355.5327 364.8869 368.152 360.2504 368.8848 372.1675
13 334.4622 347.4207 349.8699 339.3599 351.3322 353.8186
14 393.1917 395.1801 394.728 404.4246 406.3103 405.8967
15 396.899 399.6887 400.1981 403.4454 408.6271 409.0307
16 374.2487 372.9405 374.6835 389.2213 389.198 390.7867
17 383.3795 386.1393 389.2597 392.4306 393.7171 397.0512
18 371.004 373.1372 376.1004 379.8307 378.7072 381.5732
19 371.1519 366.5868 369.4345 403.5254 402.9202 406.0057
20 340.1769 346.5172 355.8986 351.8445 356.4898 365.934
21 352.5618 355.327 354.5677 361.1278 364.5153 364.0983
22 311.7368 325.2489 332.2342 318.2682 328.3068 335.7149
23 324.3707 333.1729 334.449 324.6423 336.4607 337.7146
24 408.8195 416.0404 414.9562 415.1392 424.0086 422.9106
25 361.6785 365.6169 367.3579 367.1576 368.4499 370.2387
26 312.8993 323.0079 329.9927 323.4591 333.7525 341.6779
27 292.6538 294.6897 300.6361 302.3376 300.4249 306.2571
28 361.7498 360.8822 361.3127 363.0593 361.3745 361.6824
29 386.1491 390.6168 389.3487 396.3322 396.7939 395.539
30 375.6144 379.2455 381.1623 388.8165 391.735 393.7528
31 376.6334 380.1553 383.7628 383.9207 389.2461 392.5276
32 389.0469 392.3941 397.0307 394.5811 400.6465 405.3077
33 315.9488 324.6388 327.38 319.0992 326.287 328.7172
34 374.6175 381.6532 382.8516 379.5198 385.3917 386.7666
35 342.5415 343.3423 347.7942 357.9688 362.3574 366.7375
36 372.0001 377.1843 384.8634 373.5698 377.7041 385.3394
37 358.5715 357.4664 361.0938 362.4633 359.4583 363.0585
38 345.5171 348.4975 348.2947 353.163 354.6846 354.5033
39 377.4778 378.3828 377.426 390.6259 391.5762 390.352
40 370.0664 378.1676 377.2431 373.7308 384.2537 382.9561
41 289.5188 303.3159 308.0594 299.3327 315.1919 319.9958
42 333.938 333.235 339.81 378.6336 369.1932 375.5869
43 331.9803 332.4504 336.3855 336.7519 338.6188 342.7926
44 390.212 399.36 400.9423 395.0819 408.8113 410.6709
45 343.6313 349.3506 350.8077 358.7491 361.9125 363.8236
46 354.5547 368.2621 366.6065 354.7621 368.998 367.3207
47 418.3243 419.0857 425.0866 424.9245 423.6735 429.6234
48 371.1967 375.4771 380.2059 381.39 384.5819 389.4377
49 435.8077 438.9206 435.461 444.6871 449.5503 446.1557
50 303.974 307.0802 316.3508 309.2581 314.6382 324.2526
51 326.6501 329.7802 332.5907 333.9435 334.9133 337.6869
52 339.8434 353.9602 350.7603 344.744 359.892 356.6127
53 332.7988 333.6026 340.4508 340.3261 339.7649 346.4862
54 352.629 352.4012 359.0306 354.2789 355.1194 361.8632
55 285.5629 296.4542 299.0468 289.2071 306.3217 309.1558
56 362.8393 362.2134 369.0124 366.9133 365.982 373.005
57 369.4503 371.8312 374.2056 374.91 376.0564 378.3783
58 407.9286 411.7933 411.2096 413.0789 418.0408 417.2332
59 374.0572 378.7214 380.4215 378.6088 384.3247 386.0231
60 365.2967 366.1729 376.3552 371.6673 372.7959 383.0388
61 314.152 313.6278 317.1854 317.9486 315.556 319.4059
62 453.4526 455.2345 453.0253 470.2826 471.3142 469.1917
63 380.1906 380.4983 388.8024 387.4822 390.198 398.3757
64 347.5494 351.7652 352.9101 351.2058 353.618 354.7771
65 396.2269 396.8944 394.89 404.3266 405.6333 403.8792
66 350.0858 355.2033 354.2449 352.6575 356.2921 355.2496
67 306.5957 308.0427 313.8437 317.6143 322.3384 328.021
68 386.8274 389.0404 387.0133 405.2843 407.4768 405.3089
69 372.5422 373.7139 378.9329 379.5691 380.2349 385.5101
70 337.946 338.965 346.4915 342.3242 344.833 352.4867
71 370.0061 373.9978 375.6229 371.6954 375.4776 377.1068
72 258.4254 259.9603 270.0255 257.0787 260.6239 270.8077
73 305.3942 304.7264 310.3939 309.3582 307.3406 312.8495
74 333.1505 341.7556 347.4378 338.5474 346.5549 352.5763
75 360.8734 365.4024 370.3766 367.9712 372.8886 377.9654
76 364.4564 365.5922 373.3329 369.2308 368.727 376.6979
77 421.2494 419.263 419.0291 433.4646 431.3642 431.1459
78 407.7672 407.5409 406.6847 426.999 422.7752 421.8774
79 362.8578 371.1063 371.0914 375.6481 386.144 386.3252
80 393.0188 391.8373 393.7338 402.7787 398.7849 400.6127
81 327.1661 327.5428 331.7865 339.6517 337.1669 341.4488
82 391.2196 390.4508 390.8225 410.8088 411.306 411.7961
83 434.8616 437.1057 436.6963 442.2501 443.8184 443.4813
84 411.2193 411.7418 410.5757 420.519 426.6042 425.4946
85 381.2338 386.7429 386.1585 393.759 401.9822 401.5536
86 392.5088 394.0113 402.7304 406.6684 409.7264 418.2527
87 384.505 394.9759 397.0004 390.7509 399.1593 401.4077
88 368.8844 367.9643 369.8494 379.8719 379.7808 381.5414
89 394.2543 393.9001 403.188 408.1796 408.3522 417.6889
90 310.8186 317.6063 320.4651 315.8347 320.9903 324.0192
91 311.9577 317.2083 324.9209 314.7384 318.7303 326.7117
92 343.8932 345.1483 346.4898 348.2959 348.3163 349.6858
93 351.6384 354.4775 363.7154 353.8416 358.7424 367.6583
94 366.9935 366.2263 372.3032 374.7552 373.6409 379.5751
95 421.8595 430.8957 427.5128 450.4758 456.9378 453.8118
96 405.4964 408.0539 408.2591 409.3263 412.0729 412.158
97 358.2614 362.2622 363.8231 356.2274 362.0841 363.6894
98 345.7769 352.8052 363.329 351.3487 361.8228 372.2508
99 331.5474 334.8722 340.1545 335.2487 337.2467 342.6071
100 288.3949 294.9413 296.025 290.9018 299.8784 300.8774
