1 404.2672 405.0157 402.8368 416.8715 418.4793 416.0733
2 398.5304 400.4057 397.344 399.0658 399.9088 396.8223
3 365.5563 362.3156 377.0954 380.9852 375.789 390.4154
4 417.8463 420.5388 418.0779 443.673 448.3079 445.9648
5 406.1935 408.5026 406.3353 409.0049 409.8256 407.7074
6 358.3612 360.181 367.3774 367.7273 371.67 378.5142
7 318.9474 316.6778 323.7046 323.1102 320.7436 327.9942
8 333.4575 338.3177 346.2127 332.0423 337.3058 345.4849
9 285.4345 295.7934 304.1144 308.0115 322.991 331.0167
10 345.2831 347.8164 345.3821 350.6422 350.557 348.0797
11 307.3582 306.0652 318.7538 313.9444 314.9266 327.7659
12 371.3781 379.5134 380.3407 374.8769 382.2924 383.1374
13 350.3075 362.0472 362.0587 353.9864 364.7398 364.7885
14 409.0371 409.8066 406.9167 419.0512 419.7179 416.8666
15 412.7444 414.3152 412.3869 418.0719 422.0347 420.0006
16 390.0941 387.5671 386.8723 403.8478 402.6056 401.7565
17 399.2249 400.7658 401.4484 407.0571 407.1247 408.0211
18 386.8494 387.7637 388.2892 394.4572 392.1148 392.5431
19 386.9973 381.2133 381.6233 418.1519 416.3279 416.9756
20 356.0223 361.1438 368.0873 366.471 369.8974 376.9039
21 368.4072 369.9535 366.7565 375.7543 377.9229 375.0682
22 327.5822 339.8754 344.423 332.8947 341.7145 346.6848
23 340.2161 347.7994 346.6377 339.2688 349.8683 348.6845
24 424.6649 430.6669 427.1449 429.7657 437.4163 433.8805
25 377.5239 380.2434 379.5466 381.7841 381.8575 381.2085
26 328.7447 337.6344 342.1815 338.0856 347.1601 352.6478
27 308.4992 309.3162 312.8249 316.9642 313.8325 317.227
28 377.5952 375.5087 373.5014 377.6858 374.7821 372.6523
29 401.9945 405.2434 401.5375 410.9587 410.2016 406.5089
30 391.4598 393.872 393.3511 403.4431 405.1427 404.7227
31 392.4788 394.7818 395.9516 398.5472 402.6537 403.4974
32 404.8923 407.0206 409.2195 409.2076 414.0542 416.2776
33 331.7942 339.2653 339.5687 333.7257 339.6947 339.687
34 390.4629 396.2797 395.0403 394.1463 398.7993 397.7365
35 358.3869 357.9688 359.9829 372.5953 375.7651 377.7073
36 387.8455 391.8108 397.0521 388.1963 391.1117 396.3093
37 374.4168 372.0929 373.2826 377.0898 372.8659 374.0284
38 361.3625 363.124 360.4835 367.7895 368.0923 365.4732
39 393.3232 393.0093 389.6148 405.2524 404.9838 401.3219
40 385.9118 392.7941 389.4319 388.3573 397.6614 393.926
41 305.3641 317.9425 320.2482 313.9592 328.5996 330.9656
42 349.7834 347.8615 351.9988 393.2601 382.6008 386.5568
43 347.8257 347.0769 348.5742 351.3784 352.0264 353.7625
44 406.0574 413.9866 413.1311 409.7084 422.2189 421.6408
45 359.4767 363.9771 362.9964 373.3756 375.3202 374.7935
46 370.4001 382.8887 378.7953 369.3886 382.4056 378.2906
47 434.1696 433.7122 437.2753 439.551 437.0811 440.5933
48 387.042 390.1036 392.3946 396.0165 397.9895 400.4076
49 451.6531 453.5471 447.6498 459.3136 462.958 457.1256
50 319.8193 321.7067 328.5395 323.8846 328.0458 335.2225
51 342.4955 344.4068 344.7795 348.57 348.321 348.6568
52 355.6888 368.5868 362.949 359.3705 373.2996 367.5826
53 348.6442 348.2291 352.6396 354.9526 353.1725 357.4561
54 368.4743 367.0277 371.2193 368.9054 368.527 372.833
55 301.4083 311.0807 311.2356 303.8336 319.7293 320.1256
56 378.6846 376.8399 381.2011 381.5398 379.3896 383.9749
57 385.2957 386.4577 386.3944 389.5365 389.464 389.3482
58 423.774 426.4198 423.3984 427.7054 431.4484 428.203
59 389.9026 393.3479 392.6102 393.2353 397.7323 396.993
60 381.1421 380.7994 388.544 386.2938 386.2036 394.0087
61 329.9974 328.2543 329.3741 332.5751 328.9636 330.3758
62 469.2979 469.861 465.2141 484.9092 484.7218 480.1615
63 396.0359 395.1248 400.9912 402.1088 403.6056 409.3456
64 363.3948 366.3917 365.0988 365.8323 367.0256 365.747
65 412.0723 411.5209 407.0788 418.9531 419.0409 414.8491
66 365.9312 369.8299 366.4336 367.284 369.6998 366.2195
67 322.4411 322.6692 326.0324 332.2409 335.746 338.9909
68 402.6728 403.6669 399.2021 419.9108 420.8844 416.2788
69 388.3876 388.3404 391.1216 394.1956 393.6426 396.48
70 353.7914 353.5915 358.6803 356.9507 358.2406 363.4566
71 385.8514 388.6243 387.8117 386.3219 388.8852 388.0766
72 274.2708 274.5868 282.2142 271.7052 274.0316 281.7776
73 321.2396 319.3529 322.5827 323.9848 320.7483 323.8194
74 348.9959 356.3821 359.6266 353.1739 359.9625 363.5462
75 376.7188 380.0289 382.5654 382.5977 386.2963 388.9353
76 380.3017 380.2187 385.5217 383.8573 382.1347 387.6678
77 437.0947 433.8895 431.2179 448.0911 444.7719 442.1158
78 423.6126 422.1674 418.8735 441.6255 436.1828 432.8472
79 378.7032 385.7328 383.2802 390.2746 399.5516 397.2951
80 408.8642 406.4638 405.9226 417.4052 412.1925 411.5825
81 343.0115 342.1693 343.9752 354.2782 350.5746 352.4187
82 407.065 405.0773 403.0113 425.4354 424.7136 422.766
83 450.707 451.7322 448.885 456.8767 457.226 454.4512
84 427.0647 426.3683 422.7645 435.1455 440.0119 436.4645
85 397.0792 401.3694 398.3473 408.3855 415.3899 412.5235
86 408.3542 408.6378 414.9192 421.2949 423.1341 429.2226
87 400.3504 409.6025 409.1891 405.3775 412.5669 412.3776
88 384.7297 382.5908 382.0381 394.4984 393.1884 392.5113
89 410.0997 408.5266 415.3767 422.8061 421.7598 428.6588
90 326.664 332.2329 332.6539 330.4613 334.3979 334.9891
91 327.8031 331.8348 337.1096 329.365 332.1379 337.6816
92 359.7386 359.7748 358.6786 362.9225 361.7239 360.6557
93 367.4838 369.104 375.9041 368.4681 372.15 378.6282
94 382.8389 380.8528 384.4919 389.3817 387.0485 390.545
95 437.7049 445.5222 439.7015 465.1023 470.3454 464.7817
96 421.3418 422.6804 420.4478 423.9528 425.4805 423.1279
97 374.1068 376.8887 376.0118 370.8539 375.4917 374.6593
98 361.6223 367.4317 375.5177 365.9752 375.2305 383.2207
99 347.3928 349.4987 352.3433 349.8752 350.6543 353.577
100 304.2403 309.5678 308.2138 305.5283 313.286 311.8473
