1 0.64
2 0.72
3 0.8
4 0.72
5 0.6
6 0.72
7 0.8
8 0.76
9 0.8
10 0.76
11 0.84
12 0.72
13 0.88
14 0.72
15 0.68
16 0.68
17 0.72
18 0.76
19 0.76
20 0.68
21 0.72
22 0.88
23 0.72
24 0.8
25 0.8
26 0.8
27 0.88
28 0.68
29 0.8
30 0.76
31 0.68
32 0.56
33 0.72
34 0.76
35 0.76
36 0.68
37 0.72
38 0.84
39 0.84
40 0.8
41 0.8
42 0.84
43 0.92
44 0.68
45 0.88
46 0.8
47 0.76
48 0.68
49 0.64
50 0.84
51 0.72
52 0.68
53 0.68
54 0.88
55 0.96
56 0.72
57 0.8
58 0.56
59 0.76
60 0.6
61 0.68
62 0.52
63 0.72
64 0.8
65 0.64
66 0.8
67 0.76
68 0.76
69 0.68
70 0.8
71 0.64
72 0.92
73 0.76
74 0.76
75 0.68
76 0.76
77 0.52
78 0.52
79 0.76
80 0.8
81 0.8
82 0.68
83 0.56
84 0.72
85 0.8
86 0.68
87 0.88
88 0.68
89 0.6
90 0.88
91 0.8
92 0.64
93 0.8
94 0.76
95 0.76
96 0.76
97 0.8
98 0.8
99 0.84
100 0.92
