1 -181.2109 -183.1946 -185.324 -189.1225 -191.5358 -193.5517
2 -178.3425 -180.8896 -182.5776 -180.2196 -182.2506 -183.9262
3 -161.8555 -161.8446 -172.4533 -171.1793 -170.1907 -180.7227
4 -188.0005 -190.9562 -192.9446 -202.5232 -206.4501 -208.4975
5 -182.1741 -184.938 -187.0733 -185.1892 -187.209 -189.3688
6 -158.2579 -160.7773 -167.5943 -164.5504 -168.1312 -174.7722
7 -138.551 -139.0256 -145.7579 -142.2418 -142.668 -149.5121
8 -145.8061 -149.8456 -157.012 -146.7079 -150.9491 -158.2575
9 -121.7946 -128.5835 -135.9628 -134.6925 -143.7917 -151.0234
10 -151.7189 -154.595 -156.5967 -156.0079 -157.5747 -159.5549
11 -132.7564 -133.7193 -143.2825 -137.6589 -139.7595 -149.398
12 -164.7663 -170.4435 -174.076 -168.1252 -173.4424 -177.0837
13 -154.2311 -161.7104 -164.935 -157.68 -164.6661 -167.9093
14 -183.5959 -185.59 -187.364 -190.2123 -192.1551 -193.9484
15 -185.4495 -187.8443 -190.0991 -189.7227 -193.3135 -195.5154
16 -174.1244 -174.4703 -177.3418 -182.6107 -183.599 -186.3933
17 -178.6898 -181.0696 -184.6298 -184.2153 -185.8585 -189.5256
18 -172.502 -174.5686 -178.0502 -177.9153 -178.3536 -181.7866
19 -172.5759 -171.2934 -174.7173 -189.7627 -190.4601 -194.0029
20 -157.0885 -161.2586 -167.9493 -163.9223 -167.2449 -173.967
21 -163.2809 -165.6635 -167.2839 -168.5639 -171.2576 -173.0492
22 -142.8684 -150.6245 -156.1171 -147.1341 -153.1534 -158.8574
23 -149.1854 -154.5865 -157.2245 -150.3211 -157.2303 -159.8573
24 -191.4098 -196.0202 -197.4781 -195.5696 -201.0043 -202.4553
25 -167.8392 -170.8084 -173.6789 -171.5788 -173.2249 -176.1193
26 -143.4496 -149.5039 -154.9963 -149.7295 -155.8762 -161.8389
27 -133.3269 -135.3448 -140.318 -139.1688 -139.2124 -144.1286
28 -167.8749 -168.4411 -170.6563 -169.5296 -169.6873 -171.8412
29 -180.0745 -183.3084 -184.6744 -186.1661 -187.397 -188.7695
30 -174.8072 -177.6227 -180.5812 -182.4083 -184.8675 -187.8764
31 -175.3167 -178.0776 -181.8814 -179.9604 -183.623 -187.2638
32 -181.5234 -184.197 -188.5154 -185.2905 -189.3233 -193.6538
33 -144.9744 -150.3194 -153.69 -147.5496 -152.1435 -155.3586
34 -174.3087 -178.8266 -181.4258 -177.7599 -181.6959 -184.3833
35 -158.2708 -159.6711 -163.8971 -166.9844 -170.1787 -174.3687
36 -173 -176.5921 -182.4317 -174.7849 -177.8521 -183.6697
37 -166.2857 -166.7332 -170.5469 -169.2317 -168.7291 -172.5292
38 -159.7585 -162.2488 -164.1474 -164.5815 -166.3423 -168.2516
39 -175.7389 -177.1914 -178.713 -183.3129 -184.7881 -186.176
40 -172.0332 -177.0838 -178.6216 -174.8654 -181.1269 -182.4781
41 -131.7594 -139.658 -144.0297 -137.6664 -146.596 -150.9979
42 -153.969 -154.6175 -159.905 -177.3168 -173.5966 -178.7935
43 -152.9902 -154.2252 -158.1927 -156.3759 -158.3094 -162.3963
44 -182.106 -187.68 -190.4712 -185.5409 -193.4056 -196.3354
45 -158.8156 -162.6753 -165.4038 -167.3746 -169.9563 -172.9118
46 -164.2774 -172.1311 -173.3033 -165.3811 -173.499 -174.6603
47 -196.1621 -197.5428 -202.5433 -200.4623 -200.8367 -205.8117
48 -172.5983 -175.7385 -180.1029 -178.695 -181.291 -185.7189
49 -204.9039 -207.4603 -207.7305 -210.3436 -213.7752 -214.0779
50 -138.987 -141.5401 -148.1754 -142.629 -146.3191 -153.1263
51 -150.325 -152.8901 -156.2954 -154.9717 -156.4567 -159.8434
52 -156.9217 -164.9801 -165.3801 -160.372 -168.946 -169.3063
53 -153.3994 -154.8013 -160.2254 -158.163 -158.8824 -164.2431
54 -163.3145 -164.2006 -169.5153 -165.1395 -166.5597 -171.9316
55 -129.7815 -136.2271 -139.5234 -132.6036 -142.1608 -145.5779
56 -168.4196 -169.1067 -174.5062 -171.4566 -171.991 -177.5025
57 -171.7251 -173.9156 -177.1028 -175.455 -177.0282 -180.1892
58 -190.9643 -193.8967 -195.6048 -194.5394 -198.0204 -199.6166
59 -174.0286 -177.3607 -180.2107 -177.3044 -181.1623 -184.0116
60 -169.6484 -171.0865 -178.1776 -173.8337 -175.398 -182.5194
61 -144.076 -144.8139 -148.5927 -146.9743 -146.778 -150.703
62 -213.7263 -215.6172 -216.5127 -223.1413 -224.6571 -225.5958
63 -177.0953 -178.2492 -184.4012 -181.7411 -184.099 -190.1878
64 -160.7747 -163.8826 -166.455 -163.6029 -165.809 -168.3886
65 -185.1135 -186.4472 -187.445 -190.1633 -191.8166 -192.9396
66 -162.0429 -165.6017 -167.1224 -164.3287 -167.1461 -168.6248
67 -140.2978 -142.0213 -146.9218 -146.8072 -150.1692 -155.0105
68 -180.4137 -182.5202 -183.5067 -190.6421 -192.7384 -193.6545
69 -173.2711 -174.857 -179.4664 -177.7846 -179.1175 -183.7551
70 -155.973 -157.4825 -163.2458 -159.1621 -161.4165 -167.2433
71 -172.003 -174.9989 -177.8115 -173.8477 -176.7388 -179.5534
72 -116.2127 -117.9802 -125.0127 -116.5394 -119.312 -126.4038
73 -139.6971 -140.3632 -145.1969 -142.6791 -142.6703 -147.4248
74 -153.5753 -158.8778 -163.7189 -157.2737 -162.2775 -167.2882
75 -167.4367 -170.7012 -175.1883 -171.9856 -175.4443 -179.9827
76 -169.2282 -170.7961 -176.6665 -172.6154 -173.3635 -179.349
77 -197.6247 -197.6315 -199.5146 -204.7323 -204.6821 -206.573
78 -190.8836 -191.7705 -193.3424 -201.4995 -200.3876 -201.9387
79 -168.4289 -173.5532 -175.5457 -175.824 -182.072 -184.1626
80 -183.5094 -183.9186 -186.8669 -189.3894 -188.3924 -191.3063
81 -150.5831 -151.7714 -155.8932 -157.8259 -157.5835 -161.7244
82 -182.6098 -183.2254 -185.4113 -193.4044 -194.653 -196.898
83 -204.4308 -206.5528 -208.3481 -209.1251 -210.9092 -212.7407
84 -192.6097 -193.8709 -195.2879 -198.2595 -202.3021 -203.7473
85 -177.6169 -181.3715 -183.0792 -184.8795 -189.9911 -191.7768
86 -183.2544 -185.0056 -191.3652 -191.3342 -193.8632 -200.1263
87 -179.2525 -185.488 -188.5002 -183.3755 -188.5796 -191.7038
88 -171.4422 -171.9822 -174.9247 -177.936 -178.8904 -181.7707
89 -184.1272 -184.95 -191.594 -192.0898 -193.1761 -199.8444
90 -142.4093 -146.8032 -150.2326 -145.9174 -149.4951 -153.0096
91 -142.9789 -146.6042 -152.4604 -145.3692 -148.3651 -154.3559
92 -158.9466 -160.5741 -163.2449 -162.148 -163.1582 -165.8429
93 -162.8192 -165.2388 -171.8577 -164.9208 -168.3712 -174.8292
94 -170.4967 -171.1132 -176.1516 -175.3776 -175.8204 -180.7876
95 -197.9297 -203.4478 -203.7564 -213.2379 -217.4689 -217.9059
96 -189.7482 -192.0269 -194.1295 -192.6632 -195.0364 -197.079
97 -166.1307 -169.1311 -171.9115 -166.1137 -170.042 -172.8447
98 -159.8884 -164.4026 -171.6645 -163.6744 -169.9114 -177.1254
99 -152.7737 -155.4361 -160.0773 -155.6244 -157.6233 -162.3035
100 -131.1974 -135.4706 -138.0125 -133.4509 -138.9392 -141.4387
