1 1.177714 1.050163 1.066525 2.424626 1.047539 1.120691
2 1.327174 0.9488938 0.9482324 1.66267 0.9517502 0.9994409
3 0.7182475 0.73539 0.771644 2.159814 1.001613 0.9565188
4 0.9971123 0.8306462 0.8097062 2.743445 0.7952998 0.8041743
5 1.231121 1.106026 1.100839 1.682231 1.126836 1.139141
6 1.402975 1.179868 1.161755 2.678383 1.315954 1.30947
7 1.064308 0.9799824 0.9942662 1.852385 0.9581811 0.9958942
8 1.623313 0.8055242 0.8269979 1.988551 0.8254726 0.82254
9 0.9306504 0.6856518 0.6829451 2.658995 0.6531196 0.683322
10 0.9792431 0.7881042 0.7611753 1.446228 0.7823255 0.7723299
11 1.155236 1.111697 1.115603 2.099641 1.167326 1.176211
12 1.226857 0.8443328 0.8973527 1.65758 0.8262553 0.8678767
13 1.792822 0.9824798 0.9971608 2.48643 1.032389 1.094191
14 1.003445 0.8141415 0.8033315 1.636265 0.8032259 0.7796334
15 1.120627 0.8529472 0.8322571 2.645121 0.9144836 0.8792375
16 0.7677065 0.6543483 0.6511274 1.670939 0.6850488 0.7188803
17 0.9483151 0.7599846 0.7713608 1.823415 0.7494551 0.6952525
18 1.820386 1.286564 1.307676 2.930283 1.241634 1.28618
19 0.9088714 0.7503937 0.7459179 1.27178 0.8020158 0.7676124
20 1.188683 0.560259 0.5587794 1.910808 0.5147925 0.5507353
21 0.6939896 0.5931734 0.5537358 1.490064 0.4902583 0.4448089
22 1.526794 0.8928893 0.8904551 2.186623 0.9358122 0.9276391
23 1.380424 0.5741898 0.5791319 1.922384 0.6497801 0.6032721
24 1.033683 1.003227 0.9563024 1.589593 0.9896819 1.016839
25 1.39045 0.8556651 0.8993187 2.362507 0.9194797 0.9143859
26 1.277286 0.7343358 0.7792496 2.594263 0.7449888 0.8424184
27 1.179513 1.038643 1.015335 2.035466 0.990585 1.002865
28 0.9266126 0.9837927 0.9616932 1.164093 1.014475 0.960575
29 1.087566 0.9743182 0.9887672 2.019465 0.910843 0.9063688
30 1.205266 1.355705 1.330877 1.993051 1.452984 1.460635
31 1.27163 1.140973 1.170095 2.488557 1.22777 1.187572
32 1.79152 1.117493 1.083487 2.845488 1.151791 1.096516
33 1.769011 1.200434 1.146099 2.286522 1.099224 1.094816
34 1.733842 0.8179787 0.7879703 2.632988 0.8283953 0.7856609
35 0.9550275 0.688697 0.6627673 2.404261 0.8638283 0.8432785
36 1.677348 0.9251075 0.8452331 2.300224 0.9630856 0.7710119
37 1.032847 0.8326103 0.9032986 1.855033 0.912979 0.901049
38 1.367415 1.053203 1.082029 2.178421 1.041958 1.066991
39 1.248513 1.210064 1.174554 1.595452 1.108681 1.095679
40 2.269247 1.141089 1.196695 2.947167 1.223494 1.264098
41 2.040781 1.021782 1.031928 3.186474 0.9705866 0.9432857
42 0.791993 0.573372 0.647048 2.245574 0.6229905 0.6147183
43 0.8923775 0.8365029 0.8541933 1.825582 0.930496 0.8633213
44 1.121322 0.7631331 0.8262718 2.03007 0.8698022 0.9178866
45 1.281977 0.9912604 0.944436 2.842194 0.9330594 0.9779472
46 1.82892 1.004303 0.9510473 2.534785 1.081056 1.052226
47 1.075939 0.819641 0.7985976 2.347422 0.8504502 0.9015089
48 1.612093 1.241288 1.284394 2.515017 1.213663 1.244038
49 1.025706 1.121561 1.082784 2.056045 1.272774 1.252699
50 1.394011 0.8453133 0.8593374 2.547896 0.9328489 0.9912028
51 1.738621 1.198612 1.220389 2.330636 1.129088 1.152416
52 1.203654 0.7913444 0.7917514 1.641342 0.6960969 0.726023
53 1.111106 0.8642905 0.8490762 2.245628 0.8162829 0.8547298
54 1.177254 0.9851169 0.9917616 2.068922 1.032447 1.091898
55 1.878737 1.088383 1.090192 2.872677 1.135259 1.110564
56 1.039625 0.8787369 0.8951365 2.048626 0.8983437 1.013336
57 1.059662 0.9261965 0.9088286 1.963424 1.039844 1.067109
58 1.351174 0.8908259 0.9335869 1.983419 0.9172315 0.9219893
59 1.058589 0.8291983 0.8017813 1.720389 0.8296415 0.8428829
60 1.534878 1.060238 1.064876 2.321642 1.065714 0.9876226
61 1.427704 1.281914 1.251631 1.764962 1.262618 1.264207
62 1.336612 0.9912381 1.054502 2.103912 1.125257 1.060603
63 0.97325 0.8437489 0.8384249 1.956489 0.8207561 0.8478738
64 1.313885 0.9294071 0.9502143 1.885068 0.9833075 0.9576833
65 1.025348 0.9297829 1.008804 1.627887 1.033546 1.047546
66 1.031905 0.6691262 0.6747072 1.559424 0.63211 0.640651
67 0.7083683 0.7141707 0.6857354 1.756511 0.690428 0.6578274
68 1.545022 1.383881 1.373245 2.33433 1.558715 1.54591
69 1.394717 1.09238 1.07294 1.973791 1.100586 1.084529
70 1.142812 0.9872122 0.9264455 2.530375 1.093073 1.084498
71 2.326512 1.387087 1.348477 3.006382 1.366827 1.231431
72 1.349806 1.002125 1.033013 1.800637 1.06221 1.034898
73 1.337915 1.280101 1.304753 1.578232 1.286479 1.231871
74 1.704567 0.9011802 0.9038334 2.545013 0.9973966 1.036186
75 1.433936 1.12531 1.103271 2.129004 1.072091 1.074265
76 1.014204 0.9806775 0.9750734 2.064887 0.9116707 0.9263817
77 0.9925056 0.9735414 0.9836388 1.565749 1.194135 1.146533
78 1.988921 1.218195 1.161195 2.445088 1.388041 1.329475
79 1.664223 1.35782 1.390897 3.037763 1.196389 1.219608
80 1.336585 1.258795 1.218711 2.637081 1.312026 1.420551
81 0.8082159 0.6792853 0.7171761 1.866409 0.7255073 0.7573382
82 0.9790577 0.917465 0.9316928 2.258122 1.234171 1.301248
83 0.8409793 0.5857117 0.5886831 1.679 0.6468631 0.6320795
84 1.702308 1.51254 1.419288 2.772634 1.838608 1.794513
85 1.075402 0.6717252 0.6554289 2.094033 0.6964765 0.7410335
86 1.188433 0.9582911 0.9057176 2.152198 0.9514951 0.9398294
87 1.739947 0.666925 0.7363906 2.617153 0.665288 0.6850241
88 0.9800193 0.9240536 0.9717251 1.614023 0.9479019 1.001232
89 0.9979251 0.9697116 0.9206528 1.561458 1.181717 1.100626
90 1.348098 0.9762654 0.9752252 1.903302 0.9458849 0.9415865
91 1.441517 0.8971301 0.925222 2.01418 0.9067226 0.9018084
92 0.9212663 0.661528 0.6528464 1.620212 0.6754481 0.689381
93 1.012244 0.8572924 0.8469834 1.474375 0.8773389 0.7982632
94 1.154569 0.9704887 0.9321869 2.395327 1.056297 0.9867729
95 1.832283 1.235707 1.19491 3.302106 1.117417 1.137042
96 1.445367 1.185129 1.129389 2.668623 1.190146 1.092255
97 1.900715 1.27989 1.260208 2.292266 1.224124 1.209754
98 1.257036 0.6240152 0.6074722 2.962173 0.5936291 0.6131578
99 1.287519 1.073403 1.069298 1.937617 1.04887 1.092533
100 1.455811 0.869713 0.9023561 2.129667 0.9517458 0.9248573
