1 0.3331845 0.3779991 0.3767851 0.6302513 0.3710421 0.4040228
2 0.2719442 0.2051799 0.2054709 0.339883 0.2053773 0.215966
3 0.1697785 0.1738649 0.1802483 0.4412044 0.2139151 0.2149131
4 0.3367062 0.3586922 0.3524576 0.5598889 0.4292288 0.3998318
5 0.3650337 0.4213917 0.3961705 0.4542776 0.4487121 0.4192472
6 0.5454132 0.8491497 0.7619349 0.6441693 0.938134 0.9217509
7 0.294281 0.2903627 0.2923608 0.3961478 0.2900524 0.2960353
8 0.3083154 0.1633535 0.165373 0.3876169 0.1633284 0.1659599
9 0.1953798 0.1487253 0.1520797 0.582246 0.1383648 0.1512036
10 0.2531697 0.2521741 0.2413464 0.3177795 0.250705 0.2534577
11 0.2571043 0.2663287 0.2699353 0.3986086 0.2638358 0.2649397
12 0.5770824 0.4537552 0.4763543 0.7145679 0.4394267 0.4635989
13 0.3667079 0.2455033 0.2506555 0.5239555 0.2621723 0.2800711
14 0.3234917 0.2470087 0.2084248 0.4818605 0.2095389 0.1979629
15 0.2179245 0.169439 0.1622013 0.5708884 0.1813952 0.1748176
16 0.210108 0.1707731 0.1566487 0.3974867 0.1581587 0.1662561
17 0.1893541 0.1553489 0.1557058 0.3793367 0.1517548 0.1410623
18 0.4258187 0.3131348 0.3228893 0.6638709 0.2844709 0.2940706
19 0.2180564 0.1800899 0.1779468 0.2706581 0.1983551 0.1920394
20 0.2204393 0.1024502 0.101438 0.3547141 0.09500838 0.1010709
21 0.1828807 0.1519606 0.1460957 0.3824372 0.1233088 0.1091316
22 0.3674207 0.270907 0.2757006 0.4971151 0.3197983 0.3212664
23 0.2846451 0.1159426 0.1149923 0.4078964 0.1321251 0.1173433
24 0.3202566 0.484236 0.4170103 0.4335377 0.4669202 0.4599147
25 0.335948 0.1886315 0.2049659 0.5631671 0.228366 0.2131274
26 0.2632072 0.1670815 0.1818213 0.584237 0.1744909 0.2049687
27 0.8700508 1.101575 1.067126 0.4800395 0.9210756 1.035161
28 0.2545532 0.3003005 0.2962222 0.2850146 0.3136442 0.2997574
29 0.2297784 0.2181486 0.223642 0.4340789 0.204408 0.205809
30 0.294521 0.3730952 0.3658484 0.3923635 0.4186137 0.4228058
31 0.4537415 0.5006626 0.5324861 0.6436757 0.5180112 0.5005058
32 0.3939506 0.2543583 0.238181 0.6568043 0.2499304 0.2435043
33 0.3448587 0.2424688 0.2298533 0.4662141 0.2260419 0.2219266
34 0.3595257 0.1695122 0.161103 0.5505738 0.1746015 0.161547
35 0.1863472 0.1287762 0.1228041 0.4832267 0.1672869 0.166138
36 0.5345439 0.46945 0.4387385 0.6590437 0.4936708 0.419302
37 0.2115298 0.1805913 0.1936935 0.3740723 0.1967764 0.1970264
38 0.2567245 0.2074536 0.2077784 0.4252031 0.1980751 0.2025442
39 0.2800177 0.2826574 0.2725577 0.3134438 0.2540543 0.2532064
40 0.4059065 0.2166635 0.2274167 0.5398264 0.2312288 0.2424307
41 0.5156984 0.4055354 0.4010231 0.6919546 0.409421 0.3979961
42 0.2268336 0.1699 0.1907877 0.47422 0.235311 0.2376388
43 0.2025621 0.2077905 0.2069081 0.3877704 0.2287789 0.210986
44 0.3092809 0.3252372 0.3912483 0.6239387 0.3868383 0.4148331
45 0.259915 0.2584829 0.2548923 0.5669711 0.3057785 0.3122139
46 0.4212673 0.2549156 0.2422549 0.5995204 0.2888076 0.2797626
47 0.2828356 0.2005248 0.2059739 0.5995915 0.2329315 0.2399599
48 0.2410715 0.1742575 0.1844601 0.4395361 0.1734267 0.1770741
49 0.3646132 0.4751984 0.447322 0.6672112 0.5330301 0.5270425
50 0.2786805 0.2136473 0.215853 0.4935877 0.2425517 0.2525861
51 0.3466858 0.2335617 0.239215 0.4850164 0.2154797 0.2201654
52 0.2503335 0.1675615 0.1677091 0.3515804 0.1501069 0.1593975
53 0.2606092 0.2229796 0.2157244 0.4804934 0.2228372 0.2289153
54 0.2297167 0.2087631 0.2115183 0.4315594 0.2122513 0.2281963
55 0.3508767 0.2195955 0.2232727 0.5560357 0.2408885 0.2312894
56 0.2596759 0.273603 0.2566211 0.4979554 0.2959592 0.3782059
57 0.3373336 0.3825186 0.3662613 0.435824 0.4276698 0.4641308
58 0.3964703 0.2668507 0.2928785 0.5856149 0.2841007 0.3028626
59 0.4234097 0.5451221 0.5317206 0.4183722 0.512693 0.5442295
60 0.3056945 0.2153927 0.2181682 0.4706326 0.2150324 0.1951424
61 0.2527537 0.2470982 0.2433188 0.3101118 0.2453267 0.2487219
62 0.7887901 1.076146 1.158759 0.632041 1.130029 1.034112
63 0.2147408 0.2017452 0.1961733 0.4319374 0.1926353 0.2017832
64 0.341445 0.3130464 0.3160512 0.4097196 0.334853 0.3168767
65 0.8804014 0.9052215 0.9540134 0.7467018 0.9488431 0.9836443
66 0.2444758 0.1673 0.1733764 0.3602476 0.1545149 0.1558378
67 0.4083815 0.5580401 0.5605554 0.766425 0.4560066 0.4315053
68 0.3980861 0.3760164 0.3653637 0.534057 0.4082613 0.4114617
69 0.2388533 0.190916 0.1875355 0.3808375 0.1881131 0.1889471
70 0.2721394 0.2684694 0.2535789 0.5428329 0.3059701 0.3029508
71 0.4292547 0.2987814 0.2880714 0.5355159 0.2970473 0.2686054
72 0.3360842 0.3115091 0.3248467 0.4048978 0.311011 0.2957393
73 0.2686077 0.2736233 0.2800247 0.2879768 0.2746126 0.2667694
74 0.5329642 0.3575851 0.3493293 0.8577314 0.5015606 0.518058
75 0.3200032 0.278073 0.265747 0.468735 0.2541104 0.2580787
76 0.1998512 0.216326 0.2152576 0.3912992 0.2001353 0.2069282
77 0.2288699 0.2341748 0.2319904 0.3022125 0.2752199 0.2504996
78 0.5386853 0.4510738 0.4617681 0.5485172 0.4820635 0.479352
79 0.3612825 0.3243689 0.3292001 0.6773642 0.2878546 0.3050832
80 0.2387199 0.2362251 0.2285866 0.4430344 0.2577714 0.280982
81 0.2379858 0.2147853 0.2366824 0.4649617 0.2441748 0.2637009
82 0.3741211 0.2615074 0.2146107 0.5396953 0.7204196 0.9206646
83 0.1731786 0.1181029 0.1178817 0.3596152 0.1351362 0.1314511
84 0.3064827 0.3234491 0.3203248 0.5415527 0.3480468 0.3313932
85 0.2602693 0.169189 0.1683256 0.5100792 0.1652982 0.1772882
86 0.2412777 0.1960015 0.1828796 0.4905634 0.1921352 0.199186
87 0.3970411 0.1653902 0.2013135 0.6884392 0.178684 0.1856967
88 0.2242912 0.217821 0.2287371 0.3367292 0.2155032 0.2301513
89 0.2063447 0.2289171 0.218303 0.3318675 0.2922106 0.2684515
90 0.2837218 0.2740185 0.2737595 0.3717225 0.2901101 0.2901395
91 0.2910126 0.2398482 0.2497276 0.4162017 0.2528937 0.2492771
92 0.2131093 0.1812286 0.1810324 0.3857425 0.2061994 0.2018025
93 0.2633474 0.2529046 0.2494764 0.349726 0.253394 0.2359542
94 0.2716744 0.3114392 0.3012054 0.49196 0.3637381 0.3521991
95 0.3517802 0.2823688 0.2748497 0.6990404 0.2764569 0.2914986
96 0.2890949 0.2525493 0.2419102 0.5596822 0.2601259 0.2302954
97 0.3633039 0.2759252 0.2661686 0.44665 0.2597262 0.2553682
98 0.2408393 0.1332472 0.1305567 0.609868 0.1284814 0.1350193
99 0.2721266 0.2762759 0.2731615 0.3814459 0.2751793 0.2868561
100 0.2922218 0.2042063 0.2140441 0.4329436 0.2324833 0.2238362
