1 0.4089257 0.3345674 0.5641197 0.4355662 0.7068752 0.3563769 0.3094509 0.5217986 0.666739 0.5599271 0.1381271
2 0.3033011 0.290103 0.3784897 0.3563557 0.3422422 0.2339711 0.225507 0.223699 0.6568919 0.5334773 0.1339764
3 0.5062623 0.5624528 0.6508744 0.6351851 1.727415 0.8981415 0.6632458 1.860304 0.9740165 0.6109299 0.1641803
4 0.4358096 0.3482207 0.5817074 0.4553625 0.7336346 0.3991404 0.3081442 0.5946141 0.7016765 0.53473 0.1154018
5 0.3307718 0.2268974 0.4722218 0.2911169 0.4709963 0.2273457 0.1682641 0.2294573 0.6782863 0.5892779 0.1294965
6 0.4501811 0.3797925 0.6377685 0.4292686 NaN 0.6911828 0.2693531 NaN 0.6908637 0.5803011 0.126564
7 0.2984887 0.3292937 0.3923214 0.400745 0.4283439 0.2913826 0.2240242 0.3908645 0.7955827 0.5439354 0.149736
8 0.2687153 0.335603 0.3924688 0.4438293 0.4255034 0.3069425 0.303872 0.3686626 0.7488551 0.5675105 0.1457031
9 0.487198 0.557076 0.6651872 0.6331841 0.5814245 0.1624854 0.1453582 NaN 0.5693789 0.585801 0.1142326
10 0.3242448 0.2225119 0.4862109 0.3099043 0.5339344 0.2655969 0.185126 0.40185 0.6770483 0.5384504 0.1261397
11 0.3073761 0.4211821 0.4961711 0.5537848 0.8441155 0.4732539 0.5269054 1.036133 0.7485637 0.6068855 0.1481189
12 0.2936319 0.3718876 0.3830113 0.4479472 0.4248892 0.2983466 0.3383125 0.3876814 0.5767239 0.5380495 0.1232576
13 0.3878911 0.2451827 0.5179113 0.3508982 0.4644115 NaN NaN 0.2596336 0.6513895 0.5026001 0.1251997
14 0.3959943 0.2953299 0.5476474 0.4070286 0.6389055 0.3245599 0.3654043 0.3932003 0.6343056 0.5365305 0.1224241
15 0.4009422 0.4570644 0.5089401 0.5430523 0.6103447 0.406092 0.3906018 0.500699 0.6062057 0.5418413 0.1141994
16 0.326853 0.3720813 0.4317919 0.4711995 0.6805117 0.5594828 0.5883788 0.4352092 0.6983183 0.5477746 0.1382822
17 0.3970544 0.3302292 0.5070274 0.3823184 0.5211484 0.2811013 0.1932035 0.3438113 0.7090174 0.5355422 0.1337031
18 0.3223908 0.407772 0.4681122 0.4737718 0.9318231 0.6311839 0.6487019 0.9330211 0.6418739 0.5319396 0.1250708
19 0.4477637 0.3247148 0.5555776 0.3767832 0.6457595 0.3733753 0.2808759 0.3032097 0.6830284 0.5257662 0.1285654
20 0.2593322 0.3179864 0.4014389 0.4190224 0.6695062 0.4338547 0.3584176 0.5513421 0.7479205 0.6840263 0.1389772
21 0.3571076 0.3340793 0.4547987 0.394307 1.388584 0.8201048 0.6860622 1.624267 0.643069 0.5416736 0.1160407
22 0.3641464 0.4477671 0.5360463 0.5089977 0.3673129 NaN NaN NaN 0.5654848 0.5277463 0.1087753
23 0.2585583 0.1962141 0.3863404 0.2876575 0.3549997 0.2010386 0.1577376 0.3051496 0.7633049 0.548756 0.1406289
24 0.2943876 0.3774658 0.413536 0.4851491 0.4507371 0.3261893 0.3753801 0.3999355 0.5283417 0.503858 0.1083887
25 0.3333395 0.3174776 0.50443 0.4661795 1.017276 0.8322412 0.7094788 0.6403119 0.6585804 0.5367963 0.1166361
26 0.369211 0.4379664 0.5680498 0.5741164 NaN NaN NaN 0.3720327 0.5403379 0.5843688 0.1009588
27 0.2946158 0.3128835 0.4443279 0.4421472 0.04990504 0.2249204 0.2922672 NaN 0.6238643 0.5242862 0.1264099
28 0.2369372 0.2127712 0.371696 0.3349084 0.3524999 0.2333236 0.2339778 0.2919993 0.8311421 0.5507564 0.1568601
29 0.4607569 0.2971118 0.6643342 0.4067705 0.9548153 0.46995 0.3362158 0.5173338 0.5507264 0.5040614 0.1051382
30 0.364433 0.4879252 0.4983397 0.636545 0.9506131 0.6653075 0.6350206 0.987015 0.683692 0.5448737 0.1055347
31 0.3693179 0.4121695 0.5273895 0.5158127 0.9566624 0.9487589 0.8382818 0.6777916 0.7744695 0.5785174 0.1324187
32 0.2922464 0.3463032 0.4511945 0.4857535 0.5621272 0.4695614 0.5044774 0.4717688 0.7036014 0.7030496 0.1552956
33 0.2804434 0.3646437 0.4007755 0.5193004 0.4418022 0.4763425 0.6108401 0.3195049 0.6847361 0.5492482 0.1335913
34 0.3653325 0.3631523 0.5193805 0.4665669 0.8454256 0.5680066 0.4257781 0.6573883 0.5656324 0.5298887 0.1138829
35 0.3620498 0.3351785 0.5197787 0.4681292 0.6758946 0.422164 0.3420729 0.6656924 0.6499926 0.5408152 0.1278332
36 0.4070789 0.3908273 0.5138588 0.4423507 0.592083 0.381396 0.3258185 0.3863373 0.6813976 0.5686404 0.1270647
37 0.4642878 0.3766326 0.5765972 0.4249012 0.742648 0.4715708 0.4080085 0.50693 0.6738703 0.5585028 0.1291976
38 0.2545293 0.2906644 0.3621407 0.4019102 NaN NaN NaN NaN 0.6314803 0.4984783 0.1213187
39 0.3574123 0.2299686 0.5648541 0.3588096 0.793608 0.5204857 0.3796038 0.3854957 0.6022326 0.5005936 0.1087193
40 0.3080114 0.3180124 0.4836318 0.4748765 1.008059 0.7804848 0.7154485 0.972349 0.6412713 0.5110529 0.1195153
41 0.3144521 0.438959 0.4951246 0.5727073 NaN 0.1181614 0.2480501 NaN 0.6515927 0.5450405 0.1325298
42 0.6008648 0.2368695 0.9474012 NaN 1.420453 NaN NaN NaN 0.6889379 0.5380342 0.1263567
43 0.2757875 0.258965 0.4227922 0.4473628 0.4116944 0.2718083 0.303322 0.3364108 0.6467889 0.5055546 0.1328691
44 0.3588586 0.4895008 0.4541893 0.5711423 0.526884 0.3834788 0.3949577 0.3722136 0.6747521 0.5478798 0.120398
45 0.4295933 0.3354375 0.6774355 0.4607528 0.5655616 NaN NaN NaN 0.5042561 0.5201825 0.09466285
46 0.139248 NaN 0.4170142 NaN NaN NaN NaN NaN 0.5479554 0.5484774 0.1104849
47 0.3712965 0.4329255 0.6024114 0.609205 1.082177 0.8771866 0.7611209 0.8111517 0.5839755 0.6176239 0.1092432
48 0.4065287 0.2814494 0.5396934 0.3544977 0.908204 0.5792508 NaN 0.2886287 0.719887 0.5542389 0.1335004
49 0.4354382 0.5309821 0.5784214 0.7220993 2.144121 1.461544 1.306492 2.398013 0.6446143 0.5636929 0.1230369
50 0.3648496 0.4281607 0.5113728 0.5427065 NaN NaN NaN NaN 0.7363767 0.5536295 0.1257807
51 0.3014515 0.2851111 0.3880482 0.3917238 0.6062612 0.3825281 0.3136763 0.6064569 0.7663152 0.5514667 0.1534928
52 0.3129884 0.2325778 0.4177914 0.3064987 0.4189458 0.2920174 0.2035107 0.2474171 0.6703204 0.5357855 0.1155693
53 0.3134951 0.4115776 0.46385 0.5210587 0.8528271 0.5913398 0.5558588 0.7849357 0.7883297 0.6162707 0.1391815
54 0.301687 0.3094677 0.4564712 0.4645198 0.9039813 0.6781889 0.5996541 0.7749276 0.6970137 0.5133332 0.1379507
55 0.3381599 0.3637669 0.5604681 0.4984006 0.2348934 0.3760114 0.3693807 NaN 0.5900765 0.5188955 0.110843
56 0.3242211 0.2860022 0.4831324 0.3706897 0.5601523 0.3315019 0.3286693 0.4297362 0.7991166 0.5630195 0.1522849
57 0.36159 0.364831 0.4789746 0.4700948 0.5732203 0.3687284 0.3702474 0.5042328 0.7263756 0.5343786 0.1291953
58 0.3474681 0.3892905 0.4595376 0.4742751 0.5514353 0.345135 0.3776008 0.3613163 0.6062298 0.5853234 0.1221106
59 0.2836994 0.2919128 0.3930685 0.3954743 0.4380117 0.3345332 0.2903404 0.2795537 0.7996777 0.5667597 0.1253793
60 0.325372 0.4000255 0.4557262 0.512259 0.602558 0.4538883 0.4937415 0.4312088 0.7803031 0.6435832 0.1695161
61 0.2629174 0.218261 0.350472 0.2838317 0.2701935 0.1547115 0.1151054 0.2247877 0.8497137 0.552119 0.1749624
62 0.6186932 0.3426472 0.7124112 0.4078515 0.8404062 0.4684284 0.3895325 0.5560681 0.922407 0.8031288 0.1252176
63 0.3199724 0.3165153 0.4215571 0.3893467 0.4219634 0.2581288 0.2674841 0.3173687 0.8512044 0.5447096 0.1608353
64 0.3436397 0.3309914 0.4582315 0.4314752 0.5918131 0.3830496 0.3602602 0.461382 0.6600817 0.5348598 0.121461
65 0.3411764 0.4467106 0.4381449 0.5461106 0.4917771 0.3707144 0.4713136 0.3602971 0.6836332 0.5546051 0.1212652
66 0.2854092 0.2431202 0.3909594 0.3061273 0.4358549 0.2722829 0.2442757 0.3054209 0.6040889 0.5037804 0.1285264
67 0.5020743 0.4866007 0.602216 0.5294441 0.7160564 0.4056087 0.2413671 0.4416468 0.6578184 0.5916161 0.1271582
68 0.3830731 0.3619284 0.5078476 0.4526525 0.7312364 0.514214 0.5626102 0.485373 0.5978007 0.517762 0.1098045
69 0.407262 0.3361309 0.5185658 0.3713061 0.4210973 NaN NaN 0.2197704 0.6900443 0.5594405 0.1266224
70 0.4130981 0.4463934 0.5883584 0.5542823 1.191896 0.6178404 0.4411106 1.269546 0.6280265 0.5509683 0.119151
71 0.3559739 0.347787 0.4595537 0.4581777 0.5091265 0.3304384 0.30891 0.4017769 0.8134101 0.5711567 0.1369175
72 0.2465087 0.3606684 0.4054031 0.5171845 NaN NaN NaN NaN 0.6934912 0.5577811 0.1349756
73 0.2563797 0.1740173 0.4013589 0.2562324 0.3373377 0.1793634 0.1327167 0.2164161 0.8588229 0.5499142 0.1650857
74 0.336275 0.3537436 0.4915435 0.4801711 0.8516033 0.4805664 0.7045733 1.046343 0.658524 0.5458719 0.1363974
75 0.3203988 0.2897452 0.4760083 0.3672564 0.6327166 0.4077284 0.3372019 0.6053185 0.7506032 0.6004003 0.1388597
76 0.3999088 0.2946131 0.66334 0.4063801 1.031014 0.6380689 0.4467341 0.708863 0.666378 0.6270521 0.1190725
77 0.3867601 0.2745005 0.4980897 0.3429093 0.4869459 0.2451594 0.1921375 0.3198262 0.7905288 0.6008935 0.1556182
78 0.5083957 0.2382523 0.7729805 0.4416071 1.382348 1.440401 0.9281858 0.5499935 0.6588949 0.6067084 0.1247666
79 0.3871469 0.4360973 0.5650629 0.5254569 0.8038855 0.5456744 0.4574304 0.592555 0.5087825 0.5324178 0.1095597
80 0.3206239 0.294565 0.4824278 0.4437627 0.5582524 0.3593259 0.407165 0.4990131 0.6918957 0.5242612 0.1236598
81 0.3382579 0.3583042 0.4533093 0.538788 1.060307 0.6327627 0.4095607 1.247891 0.7804543 0.5472111 0.1457281
82 0.3779571 0.3398278 0.5108644 0.4746151 0.7139908 0.5015591 0.4717527 0.5252183 0.7034537 0.5482748 0.1170208
83 0.3548341 0.3116166 0.5045846 0.3972545 0.5681153 0.3279389 0.2994675 0.2932569 0.6351471 0.5990062 0.1089098
84 0.4039177 1.069333 0.481107 1.133121 0.5989535 0.6223931 0.991086 0.5368542 0.5483413 0.5543512 0.1152165
85 0.3460888 0.2509357 0.5168945 0.351505 0.5764268 0.3253478 0.2899923 0.451071 0.5367562 0.5175576 0.1144231
86 0.4012478 0.4648065 0.5207949 0.5607424 0.7190643 0.5212432 0.4839985 0.5488383 0.7059568 0.5732076 0.1384452
87 0.3254896 0.3986153 0.4823802 0.4232424 NaN NaN NaN NaN 0.6175703 0.498804 0.1112592
88 0.3390911 0.2813172 0.4650386 0.3819065 0.6104142 0.3356601 0.2740747 0.5730531 0.7346049 0.5476607 0.1369236
89 0.4263225 0.4753524 0.519369 0.521777 0.5824571 0.3689617 0.3148364 0.3903347 0.7004725 0.6012368 0.1431762
90 0.2955355 0.2387024 0.482266 0.312321 0.534901 0.3397845 0.275313 0.3870265 0.6797739 0.5383453 0.1255715
91 0.268762 0.3322072 0.4400573 0.4941308 0.6223165 0.480182 0.5899657 0.5068948 0.7174344 0.5934999 0.1377635
92 0.2996244 0.2563465 0.4113186 0.3318951 0.448045 0.2729336 0.1915699 0.3509578 0.7335491 0.5593512 0.1545991
93 0.3615197 0.3847904 0.4465896 0.4402604 0.4933498 0.3162998 0.2834282 0.4745363 0.8249122 0.5518722 0.1409751
94 0.2886882 0.334999 0.451045 0.4738386 NaN NaN NaN NaN 0.6940242 0.5799894 0.132133
95 0.4953392 0.3539554 0.6828138 0.4687006 1.064801 0.6295746 0.4306983 0.7125604 0.504842 0.5082727 0.09788458
96 0.3639167 0.4302296 0.4842324 0.5641006 0.6359057 0.4606851 0.5176915 0.5482676 0.6339564 0.5268845 0.1090744
97 0.2603485 0.2765092 0.3433402 0.3480986 0.3414678 0.2613431 0.2667793 0.2485256 0.7196148 0.5118239 0.1435401
98 0.4715796 0.6987432 0.6141653 0.7824054 0.8685248 0.4851115 0.5024668 0.7606005 0.599138 0.5765519 0.1127007
99 0.3546119 0.2835818 0.5016689 0.3447706 0.2980826 NaN NaN 0.3644303 0.6369478 0.5230649 0.1254817
100 0.2501619 0.165513 0.3640483 0.2645383 NaN NaN NaN NaN 0.6500403 0.5048677 0.1220508
