1 5.18447 -0.2407803 -0.4261394 -0.4821428 0.4833885 0.5286822 0.06271883 0.1018972 5.856406 -2.260931 -0.7136661 0.296427
2 5.242171 -0.5709645 -0.2229628 -0.4616662 0.3452576 0.2154861 0.03827832 0.5201452 9.955794 -2.89981 -1.084763 0.5780417
4 4.978524 -0.1712652 -0.04327172 -0.5441281 0.3143071 0.4904495 0.1313317 0.1754715 3.363403 -2.229076 -0.04448047 0.1370424
5 5.956897 -0.2819586 -0.6804722 -0.5119784 0.3684926 0.2836777 0.1595492 0.1540804 7.83498 -2.264735 -0.5052124 0.3445816
6 5.485497 -0.315981 0.1053289 -0.7768344 0.4407224 0.6266434 0.1477262 0.08539301 138.4769 -2.064121 -1.49841 0.1958437
8 5.334129 -0.7991542 -0.217994 -0.5116674 0.4106525 0.8436387 0.3236793 0.2378023 114.0177 -1.846867 -0.9074692 0.315562
9 5.531801 -0.1823064 -0.2660915 -0.4515589 0.6529223 0.3124115 0.1976994 0.2481154 6.001557 -2.282077 -0.5222535 0.1797549
11 5.468539 -1.269218 -0.03748054 0.2215562 0.54924 0.4441394 0.07135865 0.1300019 7.272207 -1.993214 -0.3332172 0.1872899
12 5.303183 0.3175858 -0.01255041 -1.443457 0.6457816 0.9500585 0.3296842 0.36531 3.527622 -1.27141 -1.350993 0.1080273
13 5.769498 -0.8544694 -0.2670533 -0.08709956 0.3053072 0.2669312 0.1266125 0.1288691 3.698323 -2.938983 -0.471414 0.4341899
14 5.429421 -0.5320932 -1.185423 -0.4071975 0.2568073 0.4644618 -0.04356562 0.2256928 4.079408 -1.943991 -0.5928936 0.3611999
15 4.819386 -0.2953612 0.39398 -0.8995634 0.2028727 0.2953858 0.05391934 0.06930432 2 -1.779164 -0.1719898 0.09541452
17 5.599084 -0.5439516 -0.7573676 -0.4255749 0.3938952 0.4981229 -0.1367344 0.5280234 5.66305 -1.594998 -0.5842928 0.1853011
18 5.180457 -0.316575 0.6055165 -0.851462 0.93864 1.82113 -0.616577 0.6199437 16.60595 -1.512526 -0.6002989 0.1405045
19 5.325407 -0.03294939 -0.150502 -0.5284297 0.2925406 0.3296826 0.2280426 0.2108542 5.417809 -2.196816 -0.3694411 0.2634044
21 5.182213 -0.5951348 0.08829208 -0.5086066 0.6355694 0.05055736 0.002642506 0.0185744 2.466511 -2.810181 -0.396154 0.3942043
23 5.543727 -0.3877636 0.03459936 -1.01969 0.411421 1.069418 0.1527503 0.0938075 5.685157 -2.214502 0.317141 0.2564679
24 5.022099 -0.7957743 0.3233928 -0.2378372 0.5311419 0.1910762 0.04419825 0.4971204 2.891644 -1.861409 -0.500608 0.1655353
31 4.911299 -0.2298968 0.4155668 -0.8526651 0.468551 0.7514798 -0.08376655 0.2869452 10.41237 -2.696802 0.07952939 0.3112437
33 5.90437 -0.7850471 -0.3411721 -0.4076872 0.5310881 0.5129686 0.2063797 0.2825614 77.731 -1.87407 -0.4929008 0.2272279
34 4.491968 -0.3415405 0.9125466 -0.6574149 0.3454938 1.253949 -0.1194405 0.2160557 16.1355 -2.128382 -0.3743527 0.1400041
35 5.864811 -0.5769209 -0.3636209 -0.4751472 0.5113538 0.3657259 -0.0666122 0.02915456 4.237829 -2.246791 -1.032567 0.2912838
39 5.447684 0.2728984 0.1075823 -0.9098866 0.4906892 0.1720959 -0.08250527 0.1342781 6.438004 -2.452262 -1.329103 0.4712554
40 5.803469 -0.4599745 -0.9980766 -0.2958266 0.3896119 1.49675 -0.1932765 0.17149 9.856761 -2.186432 -1.330781 0.2427305
41 5.652818 -0.2670443 -0.5293138 -0.800879 0.7710044 0.386381 0.03810683 0.1210484 16.51656 -2.348375 -0.4060855 0.2348062
43 6.073421 -0.5860377 -0.937598 -0.5473775 0.3115008 0.1247663 0.07944989 0.1719229 4.657177 -2.128724 -0.1619749 0.151107
46 5.334807 -0.1788241 -0.05340314 -0.865321 0.3603901 0.2437965 0.08734003 0.3328711 4.283923 -2.378116 -0.1744605 0.2705331
47 5.49549 -0.5223635 -0.3521998 -0.3048451 0.5204449 0.1321829 0.06717342 0.4650944 86.86151 -1.601618 -0.7156726 0.1431716
49 4.901873 -0.2527366 0.56903 -0.3582535 0.4053111 0.7369292 0.09020612 0.06508904 6.270502 -2.946186 -0.29251 0.362504
50 5.10242 -0.7176751 0.5499511 -0.5963911 0.3935986 1.389138 -0.1291706 0.3033365 10.04913 -2.465552 -0.9269526 0.3151582
51 5.16655 -0.314875 0.3516774 -0.99399 0.5007656 0.1639794 0.04406038 0.1002783 5.043879 -2.036859 -0.4418647 0.3057639
53 5.048218 -0.1018705 1.089178 -1.608676 0.7631651 0.3091915 -0.1605188 0.2530365 24.03088 -2.083451 -1.828398 0.3009658
54 5.258421 -0.9065503 0.2315902 -0.3983324 0.6327391 0.560339 -0.03866313 0.4668233 8.18863 -2.079866 -0.5619188 0.2234878
55 4.784206 -0.507255 0.6482854 -0.6340422 0.4117454 0.529188 -0.1289996 0.2495229 5.676181 -1.57725 -1.483467 0.230613
56 5.525722 -0.4754064 -0.04650048 -0.7522744 0.4681562 0.05851003 0.03280296 0.1918469 5.716517 -3.108437 0.3177471 0.3337279
58 5.236341 -0.6926062 0.2056242 -0.1117594 0.3971918 0.609739 0.0541885 0.3793991 102.3639 -2.3118 -0.3766566 0.2215566
59 5.815796 -0.261381 -1.090584 -0.3953597 0.3167952 0.4620102 -0.04759005 0.3617395 3.313352 -2.305901 0.1089982 0.2367536
60 5.589047 -0.8194026 -0.458571 -0.3153567 0.337097 0.5279668 -0.0775573 0.1253271 3.542022 -2.368422 -0.4680003 0.2600894
63 5.366706 0.6064197 0.1849508 -1.615041 0.4673732 0.5496018 -0.4327464 0.7251185 15.30044 -2.036325 -1.616436 0.5136848
65 5.199026 -0.5734708 0.1715883 -1.059946 0.7277324 0.4295871 -0.1517896 0.453446 35.99801 -3.072121 -1.125976 0.4824423
67 5.610041 -0.3141763 -0.227495 -0.5724356 0.595046 0.4950667 -0.1010582 0.1531232 7.242646 -2.584156 0.2128989 0.2948163
69 5.879799 -0.5012959 -0.4274725 -0.6386006 0.3939277 0.4557376 -0.07215301 0.124839 3.271817 -2.593134 0.7883457 0.2058622
70 5.410728 -0.1524284 -0.4645891 -0.4945389 0.5925119 0.5516657 -0.08870888 0.2250334 2.423388 -1.824469 -1.365458 0.2309507
72 4.964437 -0.4352282 0.1782917 -0.9980987 0.2363829 0.2183557 -0.1276127 0.2253929 2.29525 -3.621491 -0.136646 0.5616565
73 5.024068 -0.2207781 0.1616944 -1.326952 0.6153573 0.2206406 0.1560578 0.3321276 11.29683 -4.296556 -1.019347 0.7956101
76 5.071971 0.1420518 0.08408348 -0.7029373 0.372415 0.6185008 -0.3479709 0.542116 7.646042 -1.849064 -0.1349187 0.1588137
77 5.650588 -1.100187 -0.1405405 -0.04241917 0.4985367 1.000351 0.06077377 0.05196489 4.109731 -1.279097 -0.4910506 -0.02475785
78 5.221599 -0.3186574 0.1210254 -0.7097946 0.7324379 0.3749556 0.02988161 0.1105808 6.553348 -1.417131 -0.4721091 0.1630006
79 5.336277 0.1039286 0.1943756 -1.571401 0.4325045 0.265528 -0.03983913 0.03018491 4.089564 -2.152046 -0.06860625 0.196835
82 5.385226 -0.7968576 -0.1145371 -0.238904 0.4531421 0.6441503 -0.04854914 0.2390132 11.12087 -1.965139 -1.2679 0.192978
83 5.007727 0.05348361 0.6496372 -1.272276 0.357166 0.1178971 0.1265625 0.3729252 108.9273 -2.361223 -0.7476101 0.5051999
85 5.19954 -0.2506097 0.2550939 -0.8634458 0.4197362 0.490402 0.03836045 0.2264597 4.400524 -1.403769 -0.9642808 0.1027548
86 5.183845 -0.5181393 -0.3269779 -0.4321978 0.3529473 0.2800897 0.05381271 0.4480849 5.777839 -1.802266 -0.1842305 0.1330477
87 4.963031 -0.643133 0.2660318 -0.7266324 0.4962377 0.3687114 0.1140372 0.305135 4.200669 -1.399525 -0.441101 0.0870143
89 5.294271 -0.5409264 0.396672 -0.608712 0.5001354 0.8533353 -0.2400577 0.391242 3.133397 -2.257118 -1.784614 0.2793639
90 5.784977 -0.5908323 -0.6097205 -0.6214916 0.451749 0.311331 0.1707952 0.1563202 6.509396 -2.480781 -0.2107295 0.2384131
91 5.95917 -0.4206452 -0.6724589 -0.1783311 0.6216548 0.9091801 0.1239738 0.1493221 6.529013 -2.206421 -0.6434957 0.2465008
92 5.56032 -0.4857845 -0.2888514 -0.6561452 0.2968505 0.5507617 -0.09594814 0.247709 11.4966 -2.458014 -0.8323183 0.3176831
93 5.201137 -0.317069 -0.103852 -0.5939964 0.4749386 0.6229148 0.08555494 0.05180855 5.776475 -2.183376 -0.1043779 0.1580449
94 5.12398 -0.3024595 -0.3997601 -0.9413987 0.3622668 0.1689263 0.1374299 0.2097653 5.677566 -2.901411 -0.2342462 0.3959232
95 5.349698 -0.2589172 -0.2668255 -0.8668596 0.7685427 0.5741168 0.09775587 0.2575256 10.60093 -1.579833 -0.7744238 0.1591752
96 5.61325 -0.7047781 -0.04469989 -0.536902 0.400783 0.4811191 -0.1682989 0.3201133 2.608508 -1.935968 0.1444028 0.1195267
98 5.191694 -0.3808822 -0.5198351 -0.6338881 0.4037595 0.1698283 0.1754087 0.2893527 3.57855 -2.073348 -0.04686235 0.2544218
99 5.641783 -0.2260366 -0.3835006 -0.9205961 0.6321278 0.6142529 -0.254931 0.3587447 3.935025 -3.476607 0.2552 0.3761392
100 5.519522 -0.1266477 -0.4537184 -0.8934939 0.4687035 0.3140425 0.1902118 0.3141666 6.595812 -2.164689 0.05452209 0.03863025
105 5.517315 -0.3673239 -0.2090731 -0.758455 0.607786 0.3170963 0.151601 0.2053291 80.01384 -2.800812 0.08572099 0.3246863
107 5.567875 -0.6786356 -0.6939177 0.1111233 0.3023776 0.2501024 0.03178513 0.3598099 4.35849 -3.035629 -0.6726499 0.4331246
108 4.988864 0.1202061 0.3275549 -0.7646415 0.343868 1.442994 -0.1301234 0.1971335 3.994785 -1.462898 -0.8400743 0.05805116
114 5.453597 -0.4430381 -0.3354075 -0.7658496 0.4996955 0.5330281 0.08538215 0.1172064 2.899631 -1.856367 -0.8489354 0.1313536
115 5.665133 0.04885408 -0.8066939 -0.7682614 0.4702512 0.3410659 -0.1456857 0.2495922 3.614171 -1.873587 -1.017446 0.2968677
116 5.37477 -0.08292363 0.2201906 -0.781253 0.5561993 0.2867826 -0.1241321 0.6002883 3.713488 -1.837339 -0.5812174 0.2647946
118 5.064121 -0.4168251 0.3617201 -0.8429105 0.4049546 0.3524758 0.03455078 0.2839743 3.857909 -1.664088 -2.204172 0.363659
119 5.603921 -0.5216647 -0.3184975 -0.3529872 0.4680217 0.8716001 0.1038252 0.2161036 10.47713 -2.103193 -0.4321109 0.2275901
121 5.347664 -0.3761555 -0.05557123 -0.557082 0.4314465 0.2683933 0.02484782 0.02996833 4.05218 -2.367042 -0.772654 0.364125
122 5.472223 -0.2289602 -1.001642 -0.2404191 0.3852705 0.9221377 -0.5206742 0.7180064 6.041781 -2.765885 -0.6485113 0.5203179
123 5.196613 -0.3694594 -0.1038898 -0.5278603 0.4171266 0.07634732 0.03236242 0.1619421 4.435162 -2.126133 -0.2237113 0.2423212
125 5.839908 -0.547855 -0.2354776 -0.3884652 0.4847136 0.893636 -0.2181829 0.3574914 31.62219 -1.723856 -0.2736088 0.04250576
126 5.081317 -0.5810603 0.1396018 -0.5219735 0.318332 0.6626859 0.1011692 0.242171 3.593327 -3.078014 -0.193551 0.3134284
127 5.203407 0.09397365 0.4930806 -0.9541469 0.3377987 0.6024238 -0.2691648 0.4437222 2.69304 -2.123813 -0.5833651 0.2446131
128 5.265438 0.05198512 0.01104566 -1.199013 0.4642996 0.7342196 -0.004946023 0.1367135 7.278108 -3.713858 0.5613625 0.5058055
130 5.057839 -0.3523482 0.04333892 -0.605389 0.5324832 0.1043988 0.004001337 0.04732657 124.0093 -2.237806 -0.3578844 0.2679135
132 5.154417 -0.8671234 0.4538264 -0.1328437 0.4700314 0.7971748 0.1014801 0.1972339 14.12997 -2.51981 -1.57912 0.523239
134 5.656433 -0.3729418 0.2131461 -0.6985263 0.3725622 0.3332241 0.05969623 0.1255944 6.638436 -2.666594 -0.989852 0.2372056
135 5.784474 -0.359934 -0.8933642 -0.3783113 0.4438175 0.499606 0.08820636 0.2556089 38.77413 -2.50438 -0.6833743 0.264931
136 5.524334 -0.1437488 -0.2832482 -0.8395116 0.2624668 0.1509636 0.06577278 0.04779007 2 -2.443877 -0.08699557 0.2778899
139 5.248854 -0.3948161 -0.003015544 -0.4790614 0.5095274 0.06532146 0.01846604 0.07506046 2.997599 -1.629775 -0.7141399 0.1572858
140 5.596528 -0.1714459 -0.318676 -0.5284643 0.4337856 0.4463245 -0.1131862 0.3165064 3.974118 -2.304953 -0.4515057 0.2606451
141 4.872232 0.184211 0.6075218 -1.49516 0.6575117 0.3225846 -0.03536061 0.04462659 4.899362 -1.665886 -1.715399 0.2693911
144 5.725722 -0.6358279 -0.7038246 -0.2508198 0.3427728 0.4500555 0.07919584 0.07466759 8.423729 -1.937952 -0.7956021 0.2235913
146 5.755295 -0.2291685 -0.0217329 -0.5242862 0.6726345 0.4792449 -0.04774647 0.02399734 3.382404 -1.754575 -2.049133 0.1999033
147 5.410869 0.375148 0.06882266 -1.399122 0.3847387 0.9603923 -0.3161067 0.6461536 19.25859 -2.4973 -0.3220724 0.3446678
148 5.25157 -0.6752499 -0.07795326 -0.592952 0.3100043 0.335796 -0.1575718 0.5389531 3.927593 -2.1805 0.2244367 0.2043591
149 5.215474 -0.8958125 0.460471 -0.1915967 0.2827495 0.1908907 0.1286179 0.2493605 6.605535 -2.97365 0.1127197 0.3709124
151 5.461183 -0.1481799 0.4607527 -0.4967231 0.3815315 0.7084834 0.184341 0.2672603 169.7159 -2.449485 -0.47789 0.2952643
152 5.022315 -0.5921694 0.1831281 -0.3653203 0.5721058 0.7295297 -0.284738 0.2218411 31.02621 -2.334473 -0.4546357 0.3535968
153 5.301491 -0.2471375 0.2179779 -0.9202768 0.2806411 0.7307193 0.1255879 0.1543056 95.89243 -2.21268 -0.7439254 0.2091111
154 5.685527 -0.5218255 -0.9038631 -0.3360496 0.3014119 0.716069 -0.1816154 0.1822078 3.829696 -2.62951 0.138482 0.3387977
155 5.353861 -0.2307024 -0.05408267 -0.6796725 0.4180982 1.022784 0.09403186 0.1172712 13.12015 -3.039241 -0.4708103 0.3668161
156 5.341819 -0.4584999 -0.3975184 -0.5210724 0.5059685 0.3696721 -0.03168608 0.03053012 5.069409 -2.501301 -0.6118707 0.2758667
157 5.332678 -0.4736221 0.05729281 -0.6243191 0.4114007 0.2858638 0.08478848 0.2605162 2.603136 -1.90872 -0.5361215 0.1066515
