1 0.3192148 0.2068701 0.4584464 0.2881094 0.3399497 0.1640971 0.138223 0.1385192 1.643865 0.666739 0.5599271 0.1381271
2 0.2829835 0.2661334 0.3521799 0.334065 0.2229958 0.1620366 0.166476 0.1177611 144.4363 0.6568919 0.5334773 0.1339764
3 0.3661392 0.312596 0.4736351 0.4036307 0.4299192 0.2477835 0.2058392 0.1919283 1.627035 0.9740165 0.6109299 0.1641803
4 0.2709061 0.1853049 0.3693445 0.2530958 0.2529196 0.1034161 0.0873114 0.1233631 0.972268 0.7016765 0.53473 0.1154018
5 0.3121771 0.2007575 0.4582053 0.261064 0.3653498 0.1505457 0.1068635 0.1181503 41.95274 0.6782863 0.5892779 0.1294965
6 0.3879101 0.2683703 0.5128674 0.3327286 0.5008044 0.2620699 0.1426013 0.1520478 1.9216 0.6908637 0.5803011 0.126564
7 0.2498621 0.2530789 0.3326053 0.3207975 0.1998283 0.1280295 0.1164441 0.1263515 2.936041 0.7955827 0.5439354 0.149736
8 0.2553163 0.3076096 0.3757284 0.4039601 0.2790001 0.2467656 0.2596189 0.1438996 124.5169 0.7488551 0.5675105 0.1457031
9 0.2139245 0.2447623 0.3460538 0.337365 0.2185467 0.1190482 0.1209275 0.08738027 1.463939 0.5693789 0.585801 0.1142326
10 0.3165802 0.1958579 0.4859264 0.2714217 0.4023221 0.162243 0.09516928 0.1131171 69.42342 0.6770483 0.5384504 0.1261397
11 0.2416235 0.2768266 0.4028884 0.4147471 0.247763 0.2102838 0.2142336 0.1441741 1.73354 0.7485637 0.6068855 0.1481189
12 0.2793179 0.3590379 0.368821 0.4448517 0.2456863 0.1946738 0.2720377 0.09451505 296.072 0.5767239 0.5380495 0.1232576
13 0.3953589 NaN 0.4849861 0.296304 NaN NaN NaN NaN 3.517883 0.6513895 0.5026001 0.1251997
14 0.2609597 0.2080174 0.3966831 0.3358406 0.2607947 0.1387896 0.1449539 0.1445042 1.879916 0.6343056 0.5365305 0.1224241
15 0.3199117 0.2850588 0.441909 0.3446974 0.2944383 0.1683405 0.1652715 0.1739138 2.195687 0.6062057 0.5418413 0.1141994
16 0.2522886 0.2952704 0.3129909 0.3333372 0.2254048 0.1690793 0.1695933 0.1354821 1.568094 0.6983183 0.5477746 0.1382822
17 0.3470628 0.2410491 0.4672386 0.2798126 0.3343565 0.1307547 0.0866788 0.1259514 2.15743 0.7090174 0.5355422 0.1337031
18 0.3204782 0.4007753 0.4733602 0.502763 0.3897223 0.3322901 0.4006933 0.129594 66.78501 0.6418739 0.5319396 0.1250708
19 0.1893831 0.1848602 0.2583334 0.235393 0.1221387 0.07083236 0.06949687 0.08614646 0.7174996 0.6830284 0.5257662 0.1285654
20 0.2132643 0.2344826 0.3606793 0.3394091 0.218965 0.1723626 0.1771467 0.1044748 2.401076 0.7479205 0.6840263 0.1389772
21 0.3288895 0.3141525 0.4141106 0.3747159 0.3133319 0.1926192 0.1863768 0.08194392 12.89566 0.643069 0.5416736 0.1160407
22 0.3426486 0.4340281 0.5133711 0.4628968 0.4577753 0.2555429 0.3122284 0.1984972 95.01031 0.5654848 0.5277463 0.1087753
23 0.2546348 0.1847717 0.3828912 0.276823 0.2580364 0.1378906 0.1097122 0.0884344 102.8207 0.7633049 0.548756 0.1406289
24 0.2384807 0.2812581 0.3428097 0.3614937 0.196144 0.1488426 0.2004258 0.1495473 2.791418 0.5283417 0.503858 0.1083887
25 0.3075677 0.2892371 0.4653482 0.4269891 0.477066 0.3585614 0.3071355 0.1936792 96.02873 0.6585804 0.5367963 0.1166361
26 0.3017622 0.2669379 0.4574793 0.3425238 0.4029192 0.2963345 0.3152077 0.1475702 1.551048 0.5403379 0.5843688 0.1009588
27 0.2696757 0.2882605 0.4063768 0.4114809 0.2991693 0.2077333 0.2892895 0.117215 297.7208 0.6238643 0.5242862 0.1264099
28 0.2248361 0.2079393 0.3527791 0.316785 0.2351521 0.1687792 0.1966649 0.1312713 170.3593 0.8311421 0.5507564 0.1568601
29 0.3871366 0.2594337 0.5672229 0.3567325 0.6673248 0.2406579 0.162221 0.1454545 6.335458 0.5507264 0.5040614 0.1051382
30 0.3158428 0.3659052 0.423876 0.4700328 0.3077476 0.225562 0.3016437 0.1405203 1.737869 0.683692 0.5448737 0.1055347
31 0.2856969 0.2514826 0.434964 0.3612959 0.426129 0.290271 0.2534293 0.2520692 1.825032 0.7744695 0.5785174 0.1324187
32 0.2568022 0.3010516 0.4016775 0.4830325 0.2954822 0.2872852 0.3880524 0.1596394 2.906359 0.7036014 0.7030496 0.1552956
33 0.2771514 0.3734024 0.3919607 0.5093169 0.3145483 0.3694832 0.515979 0.121307 64.86016 0.6847361 0.5492482 0.1335913
34 0.3104959 0.2993088 0.4544328 0.3843336 0.4244337 0.2528956 0.2073483 0.2052662 6.421309 0.5656324 0.5298887 0.1138829
35 0.2459047 0.2408865 0.3522405 0.33552 0.2159596 0.1545465 0.1517983 0.107779 2.156224 0.6499926 0.5408152 0.1278332
36 0.3826187 0.3836733 0.4857776 0.4153625 0.4268882 0.219477 0.1719081 0.2045879 55.40847 0.6813976 0.5686404 0.1270647
37 0.4110775 0.3394519 0.524333 0.4070152 0.4868008 0.235994 0.1728385 0.2348948 20.04675 0.6738703 0.5585028 0.1291976
38 0.2293831 0.2221782 0.3322053 0.3123662 0.1865482 0.1283252 0.214997 0.1377064 3.108006 0.6314803 0.4984783 0.1213187
39 0.284996 0.1761232 0.4230299 0.2360181 0.3074057 0.1448823 0.08937231 0.123854 1.640792 0.6022326 0.5005936 0.1087193
40 0.2721996 0.2537396 0.4425084 0.4107182 0.3675407 0.3283595 0.3356186 0.1544646 5.044759 0.6412713 0.5110529 0.1195153
41 0.3044421 0.3688659 0.4792551 0.5719832 0.3745481 0.316062 0.4762705 0.106794 5.098312 0.6515927 0.5450405 0.1325298
42 0.215026 0.1803348 0.395107 0.2825277 0.2159383 0.1221019 0.0866911 0.11206 0.8543735 0.6889379 0.5380342 0.1263567
43 0.2256887 0.1650744 0.3429588 0.2986769 0.1958635 0.1060116 0.136387 0.1167111 2.897075 0.6467889 0.5055546 0.1328691
44 0.3127741 0.2820092 0.4010507 0.3493425 0.2821691 0.1654169 0.1831147 0.1619076 3.048347 0.6747521 0.5478798 0.120398
45 0.3161889 0.2967471 0.4977936 0.4149072 0.457618 0.2356334 0.2901954 0.1301767 2.121845 0.5042561 0.5201825 0.09466285
46 0.2948522 0.3535197 0.4902004 0.4435112 0.4410976 0.3233932 0.4274562 0.2872298 28.25445 0.5479554 0.5484774 0.1104849
47 0.3559793 0.3722384 0.5957459 0.562232 0.5852147 0.4384467 0.460627 0.2444202 9.681224 0.5839755 0.6176239 0.1092432
48 0.4199997 0.2342379 0.5128864 0.2689447 0.4013324 0.167711 NaN 0.1141572 2.27802 0.719887 0.5542389 0.1335004
49 0.4375599 0.429304 0.5694805 0.5290735 0.5212152 0.3563664 0.4124494 0.1334466 9.831147 0.6446143 0.5636929 0.1230369
50 0.3524118 0.3789533 0.5169577 0.4920134 0.4584306 0.3087277 0.3034744 0.1541086 44.28278 0.7363767 0.5536295 0.1257807
51 0.3001462 0.280067 0.3875206 0.3438767 0.2618934 0.1709183 0.1706986 0.0784188 304.8008 0.7663152 0.5514667 0.1534928
52 0.2820038 0.1728247 0.3841748 0.2312849 0.2595019 0.1359999 0.08126308 0.09520445 3.899893 0.6703204 0.5357855 0.1155693
53 0.2948731 0.327659 0.4416299 0.4672793 0.3682032 0.3541554 0.3989707 0.1240487 6.726746 0.7883297 0.6162707 0.1391815
54 0.2965631 0.2852774 0.4473931 0.4362721 0.3935804 0.3284704 0.384972 0.1965305 25.80266 0.6970137 0.5133332 0.1379507
55 0.288443 0.2992371 0.4082615 0.3803143 0.3884547 0.3204267 0.3116673 0.1413636 1.80185 0.5900765 0.5188955 0.110843
56 0.2853391 0.2205864 0.4953788 0.3401122 0.3500676 0.1644614 0.1637094 0.1534957 13.25181 0.7991166 0.5630195 0.1522849
57 0.2796374 0.2821777 0.412854 0.4045202 0.2759873 0.1786011 0.2195447 0.2048235 5.019618 0.7263756 0.5343786 0.1291953
58 0.3104157 0.4030304 0.3944273 0.4534903 0.2700871 0.1867634 0.2405192 0.1369354 3.8689 0.6062298 0.5853234 0.1221106
59 0.28834 0.2349761 0.388927 0.314177 0.2565944 0.1701062 0.1382871 0.1206994 4.730091 0.7996777 0.5667597 0.1253793
60 0.2802848 0.3392282 0.3884592 0.4463467 0.2797808 0.2524849 0.31512 0.1773438 2.730729 0.7803031 0.6435832 0.1695161
61 0.2460181 0.2089254 0.3348284 0.2714221 0.2037013 0.1106633 0.09746216 0.08857425 96.58315 0.8497137 0.552119 0.1749624
62 0.4826619 0.2563624 0.5920508 0.3174915 0.5248098 0.228542 0.1745308 0.1274733 2.554595 0.922407 0.8031288 0.1252176
63 0.2823919 0.2581764 0.3810381 0.3277601 0.2505716 0.1362622 0.1676649 0.1073638 3.237334 0.8512044 0.5447096 0.1608353
64 0.3207585 0.2796268 0.4280092 0.3817406 0.3392206 0.2131825 0.190949 0.2044595 40.4506 0.6600817 0.5348598 0.121461
65 0.2784122 0.3191706 0.3670379 0.3982162 0.1945404 0.1385031 0.1976797 0.1737526 2.421099 0.6836332 0.5546051 0.1212652
66 0.2706101 0.2160548 0.3696308 0.2795919 0.2526605 0.1470599 0.1328863 0.127019 89.25012 0.6040889 0.5037804 0.1285264
67 0.4484726 0.3048672 0.5073198 0.327234 0.2939662 0.1235739 0.07842535 0.1106188 1.360036 0.6578184 0.5916161 0.1271582
68 0.2485552 0.1563927 0.3512423 0.2158049 0.2359164 0.1189078 0.1842528 0.1195029 0.9697082 0.5978007 0.517762 0.1098045
69 0.3583743 0.2629225 0.4400997 0.2935162 0.3802894 0.1949783 0.136913 0.1126203 5.398003 0.6900443 0.5594405 0.1266224
70 0.3648271 0.3467133 0.5236217 0.4151527 0.4694368 0.2352611 0.174655 0.2353329 3.122228 0.6280265 0.5509683 0.119151
71 0.3322473 0.317544 0.4281903 0.4294589 0.3281153 0.2166945 0.2310618 0.1609669 297.104 0.8134101 0.5711567 0.1369175
72 0.2141614 0.404726 0.3662877 0.586336 0.3283546 0.3999708 0.72789 0.3189953 34.84213 0.6934912 0.5577811 0.1349756
73 0.2369254 0.1495058 0.3762105 0.2236928 0.253075 0.1030633 0.06672163 0.09341923 21.82855 0.8588229 0.5499142 0.1650857
74 0.2835289 0.3260273 0.4187402 0.4006285 0.3414246 0.1995981 0.2337829 0.1378514 9.623486 0.658524 0.5458719 0.1363974
75 0.2904568 0.2576023 0.4506897 0.3625585 0.373115 0.2306043 0.2186685 0.1109486 9.614003 0.7506032 0.6004003 0.1388597
76 0.3898157 0.2266093 0.648227 0.3422904 0.7058745 0.3323474 0.1879839 0.1815262 244.7267 0.666378 0.6270521 0.1190725
77 0.345128 0.2453324 0.4257322 0.2979057 0.2732109 0.1294788 0.1242704 0.1225965 2.10637 0.7905288 0.6008935 0.1556182
78 0.2709749 0.1654677 0.4743498 0.2768537 0.6055976 0.3805075 0.223893 0.1987148 1.762028 0.6588949 0.6067084 0.1247666
79 0.2746411 0.3549698 0.3765765 0.4263668 0.2744681 0.1793066 0.2234957 0.1388568 1.323909 0.5087825 0.5324178 0.1095597
80 0.2449143 0.2778795 0.3810002 0.378615 0.2491613 0.1812654 0.2390855 0.1615303 2.333278 0.6918957 0.5242612 0.1236598
81 0.2742268 0.2764107 0.3737547 0.3446757 0.2457881 0.1344699 0.123757 0.1091871 2.793753 0.7804543 0.5472111 0.1457281
82 0.2857402 0.2735102 0.4470439 0.4108052 0.3022049 0.2363681 0.2582685 0.1598704 1.40177 0.7034537 0.5482748 0.1170208
83 0.33044 0.3093104 0.4430105 0.3737958 0.3175332 0.1784221 0.1669312 0.1536806 4.314415 0.6351471 0.5990062 0.1089098
84 0.4526805 0.6467273 0.5023783 0.6806934 0.2669745 0.1728009 0.3677418 0.1489462 1.206868 0.5483413 0.5543512 0.1152165
85 0.2635961 0.2575273 0.37473 0.3375643 0.2487258 0.1582029 0.1567487 0.1388619 2.019354 0.5367562 0.5175576 0.1144231
86 0.2584339 0.3182128 0.3650429 0.4098023 0.2292999 0.1668429 0.2094318 0.1815378 1.60991 0.7059568 0.5732076 0.1384452
87 0.3598725 0.3387935 0.4920208 0.4441499 0.446316 0.3800919 0.6001133 0.2328165 7.924335 0.6175703 0.498804 0.1112592
88 0.3158328 0.2667731 0.4184143 0.3457258 0.3076607 0.203446 0.1841722 0.1101775 2.718702 0.7346049 0.5476607 0.1369236
89 0.3222723 0.3419323 0.4226735 0.4028133 0.2684788 0.17727 0.1732742 0.1571417 1.541477 0.7004725 0.6012368 0.1431762
90 0.2936606 0.1785368 0.4830295 0.2811661 0.3854883 0.2148035 0.148847 0.09884151 97.69452 0.6797739 0.5383453 0.1255715
91 0.2475393 0.2944102 0.3903 0.4703488 0.3114867 0.2589015 0.316399 0.181694 68.74787 0.7174344 0.5934999 0.1377635
92 0.2961835 0.245981 0.403264 0.3141914 0.3101551 0.1864795 0.141542 0.1120256 60.839 0.7335491 0.5593512 0.1545991
93 0.3494693 0.3800147 0.4333057 0.4463424 0.3066354 0.202183 0.2025132 0.1154683 223.6996 0.8249122 0.5518722 0.1409751
94 0.26574 0.2632786 0.4646224 0.4050179 0.3256227 0.2119657 0.2892638 0.1523083 4.991721 0.6940242 0.5799894 0.132133
95 0.3219445 0.2498303 0.4500593 0.3108474 0.3391081 0.1743276 0.1508905 0.1805996 0.9892221 0.504842 0.5082727 0.09788458
96 0.3604931 0.4028405 0.4668417 0.5274877 0.32311 0.2708427 0.3831291 0.2284863 8.189046 0.6339564 0.5268845 0.1090744
97 0.2462224 0.2678091 0.3242611 0.3300059 0.2036843 0.1623082 0.184675 0.1258534 108.7202 0.7196148 0.5118239 0.1435401
98 0.3500083 0.372625 0.4705231 0.4349597 0.3843708 0.1942155 0.2150578 0.2129569 2.514454 0.599138 0.5765519 0.1127007
99 0.343566 0.2358787 0.4755175 0.3132831 0.4698146 0.3297925 0.25418 0.1973305 20.9459 0.6369478 0.5230649 0.1254817
100 0.08422331 NaN 0.2134977 0.05439454 NaN NaN NaN 0.03929418 NaN 0.6500403 0.5048677 0.1220508
