1 5.250846 -0.3060914 -0.1719721 -0.5151551 1.227541 0.6090542 0.03216707 0.1093018 -2.260931 -0.7136661 0.296427
2 5.226414 -0.6515418 -0.1706553 -0.5531734 0.75866 0.05031746 0.0761126 0.6853269 -2.89981 -1.084763 0.5780417
4 4.975807 -0.0774238 0.5544189 -0.6729148 0.8750035 2.220971 0.5383013 0.1690645 -2.229076 -0.04448047 0.1370424
5 6.128504 -0.3933298 -0.9126637 -0.2761387 0.8807469 0.2597357 0.141329 0.134555 -2.264735 -0.5052124 0.3445816
6 5.444821 -0.2647419 0.1521098 -0.8173232 0.6791308 0.5537933 0.1275632 0.04869637 -2.064121 -1.49841 0.1958437
8 5.330851 -0.9116669 -0.2088025 -0.3685061 0.8124581 0.670546 0.349359 0.2205244 -1.846867 -0.9074692 0.315562
9 5.276815 -0.06801799 0.1210658 -0.5674775 1.46127 0.6400022 0.1871582 0.1522878 -2.282077 -0.5222535 0.1797549
11 5.469299 -1.11546 -0.07026636 0.1246557 1.147708 0.3337389 0.09589134 0.07576317 -1.993214 -0.3332172 0.1872899
12 4.258268 0.5797255 0.9218097 -1.829137 2.039909 2.224998 1.0916 0.7213563 -1.27141 -1.350993 0.1080273
13 5.659224 -0.6876784 -0.1923848 -0.2580693 0.8171668 0.3303436 0.1982503 0.1611105 -2.938983 -0.471414 0.4341899
14 5.196293 -0.6260663 -1.245537 -0.2711288 0.9304274 0.8435836 0.03377136 0.0506822 -1.943991 -0.5928936 0.3611999
15 4.572264 -0.5664699 0.8246394 -0.8677402 0.8084757 1.6904 0.3667796 0.1126936 -1.779164 -0.1719898 0.09541452
17 5.406633 -0.2870798 -0.5517931 -0.6985795 1.217117 0.2763393 0.1682934 0.3476216 -1.594998 -0.5842928 0.1853011
18 5.232422 -0.2524428 0.5329946 -0.9183241 2.149797 1.070381 -0.08266473 0.1389766 -1.512526 -0.6002989 0.1405045
19 5.497282 -0.2815096 -0.3914659 -0.07483253 0.875677 0.3926712 0.1700665 0.1050055 -2.196816 -0.3694411 0.2634044
21 5.217428 -0.6313436 0.07182951 -0.554551 1.724812 0.8164027 -0.0882191 0.02616712 -2.810181 -0.396154 0.3942043
23 5.562718 -0.3979742 0.07667534 -1.206911 1.081134 1.827737 0.3866756 0.1109278 -2.214502 0.317141 0.2564679
24 5.379831 -0.6817239 0.09455176 -0.4145339 1.640771 0.8316502 -0.05294381 0.5014978 -1.861409 -0.500608 0.1655353
31 4.801313 -0.1640294 0.56244 -1.018009 1.105558 0.4589837 0.0617824 0.06329272 -2.696802 0.07952939 0.3112437
33 5.908611 -0.7954655 -0.3406549 -0.3956184 0.9222227 0.3646432 0.2386842 0.2098257 -1.87407 -0.4929008 0.2272279
34 4.347337 -0.3077023 0.9979141 -0.7225307 0.7327868 1.198959 -0.01957731 0.1079968 -2.128382 -0.3743527 0.1400041
35 5.816936 -0.5276713 -0.298967 -0.5779015 1.086911 0.4585059 -0.05906304 0.01929039 -2.246791 -1.032567 0.2912838
39 5.489145 0.1667636 0.05563784 -0.7616119 0.8653228 0.09930272 -0.011293 0.06021617 -2.452262 -1.329103 0.4712554
40 5.754668 -0.2893755 -0.6363596 -0.5757927 0.9034734 1.616638 -0.1470892 0.08566401 -2.186432 -1.330781 0.2427305
41 5.561722 -0.2621353 -0.4550917 -0.8512894 1.200015 0.3449663 0.1170029 0.1033027 -2.348375 -0.4060855 0.2348062
43 5.715007 -0.4858363 -0.6941474 -0.6036081 0.7322267 0.6079151 0.05001321 0.03614264 -2.128724 -0.1619749 0.151107
46 5.15694 -0.7419713 0.1271444 -0.1870367 0.9650396 0.2839675 0.2545217 0.3946291 -2.378116 -0.1744605 0.2705331
47 5.491944 -0.4886332 -0.3670335 -0.31026 0.8093399 0.05380434 0.09451485 0.460917 -1.601618 -0.7156726 0.1431716
49 4.921154 -0.4447106 0.5720748 -0.2029775 0.936791 0.6321772 0.1571219 0.07413236 -2.946186 -0.29251 0.362504
50 5.128229 -0.92086 0.4746097 -0.3424776 0.9964086 1.173941 0.0777996 0.1553065 -2.465552 -0.9269526 0.3151582
51 5.170139 -0.2861129 0.1788058 -1.073749 1.260785 0.1121909 0.04999245 0.2117762 -2.036859 -0.4418647 0.3057639
53 5.012563 -0.003828252 1.174299 -1.67671 1.152604 0.07588206 -0.02834163 0.1591261 -2.083451 -1.828398 0.3009658
54 5.408214 -1.176445 -0.02652112 -0.2206828 1.397981 0.3315227 0.1890254 0.4507422 -2.079866 -0.5619188 0.2234878
55 4.771109 -0.5402964 0.8865404 -0.6884461 1.008962 0.4015101 0.04240787 0.1041735 -1.57725 -1.483467 0.230613
56 5.591856 -0.4658598 -0.06183818 -0.8782867 0.9041638 0.07044741 0.08884969 0.2881932 -3.108437 0.3177471 0.3337279
58 5.214257 -0.6318927 0.2574031 -0.1912065 0.7411434 0.3275429 0.1943299 0.2179204 -2.3118 -0.3766566 0.2215566
59 5.965124 -0.2672945 -1.211288 -0.5661717 1.306043 0.930587 0.1816693 0.1484404 -2.305901 0.1089982 0.2367536
60 6.376389 -0.9922037 -1.195894 -0.1213617 0.9829808 2.01806 -0.2860697 0.104 -2.368422 -0.4680003 0.2600894
63 5.424692 0.6575659 0.1364733 -1.567823 1.136564 0.07442471 -0.02459841 0.3212192 -2.036325 -1.616436 0.5136848
65 5.179468 -0.5400726 0.1985478 -1.174406 1.215068 0.1172866 0.03485535 0.3197516 -3.072121 -1.125976 0.4824423
67 5.593724 -0.2357146 -0.2707942 -0.6805504 1.321731 0.2692943 0.0288775 0.07171378 -2.584156 0.2128989 0.2948163
69 6.379571 -0.7819195 -0.6883751 -0.2988498 1.627539 1.987001 -0.7411897 0.2940502 -2.593134 0.7883457 0.2058622
70 5.702732 -0.3739538 -0.04996861 -0.4749491 2.693027 1.438597 0.3707641 0.239199 -1.824469 -1.365458 0.2309507
72 5.188811 -0.5887812 -0.06051238 -0.857046 1.228607 0.3806602 -0.5055833 0.7089943 -3.621491 -0.136646 0.5616565
73 4.854446 -0.1854075 0.3020553 -1.42949 1.120063 0.1714507 0.1957028 0.383449 -4.296556 -1.019347 0.7956101
76 5.065711 0.1134654 0.08057187 -0.5517861 1.066142 0.19163 -0.005794619 0.2408023 -1.849064 -0.1349187 0.1588137
77 4.859812 -0.6904263 0.7649734 -0.630925 1.213313 1.778459 -0.2267773 0.07639752 -1.279097 -0.4910506 -0.02475785
78 5.195636 -0.7489764 0.08611397 -0.2411612 1.559874 0.2711978 0.1485914 0.1672469 -1.417131 -0.4721091 0.1630006
79 5.224795 0.04371777 0.3632722 -1.490546 1.020452 0.3230458 -0.02603283 0.01475162 -2.152046 -0.06860625 0.196835
82 5.367619 -0.8933414 -0.05800595 -0.1359386 0.9428158 0.345111 0.1186162 0.160112 -1.965139 -1.2679 0.192978
83 5.018159 -0.01889187 0.6378223 -1.259114 0.6674844 0.06211237 0.119643 0.369339 -2.361223 -0.7476101 0.5051999
85 5.145296 -0.2837236 0.3004474 -0.8812253 1.209859 0.3446244 0.2016598 0.1957071 -1.403769 -0.9642808 0.1027548
86 5.407709 -0.6199595 -0.5244734 -0.1286807 0.9890029 0.2393895 0.1824243 0.3209265 -1.802266 -0.1842305 0.1330477
87 4.945149 -0.6863815 -0.1583918 -0.3741916 1.258828 0.4241977 0.2641964 0.2726701 -1.399525 -0.441101 0.0870143
89 5.737932 -0.8090231 -0.02505063 -0.2441677 1.674569 2.045311 -0.2082304 0.3732419 -2.257118 -1.784614 0.2793639
90 5.785159 -0.4379157 -0.6352024 -0.8766041 0.9395911 0.3670146 0.3099701 0.3261565 -2.480781 -0.2107295 0.2384131
91 5.927525 -0.4545693 -0.8411694 0.1893433 1.635261 0.5369367 0.1931622 0.1871238 -2.206421 -0.6434957 0.2465008
92 5.571692 -0.2753369 -0.2413834 -0.9012335 0.7711724 0.3346561 0.02467879 0.142984 -2.458014 -0.8323183 0.3176831
93 5.148655 -0.2967443 -0.321309 -0.4577145 0.9173865 1.22076 0.01357705 0.02197653 -2.183376 -0.1043779 0.1580449
94 5.338316 -0.3113557 -0.6648426 -1.007878 0.8564839 0.3617499 0.210723 0.1629229 -2.901411 -0.2342462 0.3959232
95 5.314218 -0.2937906 -0.3050029 -0.7817749 1.509504 0.4223105 0.1568695 0.2006387 -1.579833 -0.7744238 0.1591752
96 5.659899 -0.9504809 -0.3039822 -0.3021465 1.893297 0.2360483 0.1206832 0.1685091 -1.935968 0.1444028 0.1195267
98 4.917862 -0.5055543 -0.2068693 -0.6062257 1.121781 0.4148873 0.2542711 0.2151178 -2.073348 -0.04686235 0.2544218
99 5.599969 -0.160063 -0.8267834 -0.7501088 1.703814 0.5028919 -0.1479335 0.3218715 -3.476607 0.2552 0.3761392
100 5.57461 -0.1334864 -0.4818017 -0.7954146 0.9821232 0.2882045 0.2952204 0.3861421 -2.164689 0.05452209 0.03863025
105 5.510905 -0.3532515 -0.1888151 -0.8103032 0.9425665 0.245867 0.1643601 0.1619817 -2.800812 0.08572099 0.3246863
107 5.650393 -0.8126483 -0.867652 0.1173866 0.893172 0.2403955 0.1329244 0.2974054 -3.035629 -0.6726499 0.4331246
108 5.295574 0.001805071 -0.09506066 -0.6506411 1.190046 2.460757 -0.01372842 0.04166912 -1.462898 -0.8400743 0.05805116
114 4.863961 -0.7765407 0.343451 -0.4809849 1.857957 1.306431 0.4468036 0.2163145 -1.856367 -0.8489354 0.1313536
115 5.758193 0.1053485 -0.7892773 -1.068475 1.351089 0.1212476 -0.1150892 0.2264731 -1.873587 -1.017446 0.2968677
116 5.699868 -0.5321277 -0.09277677 -0.2054124 1.939234 0.04778599 -0.02266934 1.05602 -1.837339 -0.5812174 0.2647946
118 4.762403 0.006605338 0.7489663 -1.312482 1.14181 0.2804366 0.1043714 0.2848556 -1.664088 -2.204172 0.363659
119 5.619386 -0.4551463 -0.3785122 -0.4046215 1.068671 0.7038262 0.2050816 0.1009456 -2.103193 -0.4321109 0.2275901
121 5.284177 -0.5356238 -0.2342479 -0.4012965 1.019909 0.4490399 -0.008019619 0.01598065 -2.367042 -0.772654 0.364125
122 5.520969 -0.4205349 -1.195905 -0.2384086 1.519331 0.3626083 0.1023778 0.2597043 -2.765885 -0.6485113 0.5203179
123 5.342297 -0.236542 -0.3718727 -0.6312044 0.8787048 0.3408374 0.1197788 0.07486876 -2.126133 -0.2237113 0.2423212
125 5.796584 -0.3901763 -0.2139253 -0.5048909 0.9805733 0.6300735 -0.04323691 0.1004573 -1.723856 -0.2736088 0.04250576
126 5.267807 -0.6565644 -0.1415067 -0.534661 1.028824 1.148441 0.03000407 0.1801046 -3.078014 -0.193551 0.3134284
127 5.331986 -0.006225452 0.5003229 -1.273504 1.568251 0.3432098 0.1683088 0.2423305 -2.123813 -0.5833651 0.2446131
128 5.211437 0.1581263 0.1343615 -1.4081 1.098423 0.7151131 0.08317072 0.03800765 -3.713858 0.5613625 0.5058055
130 5.06111 -0.3596356 0.04866306 -0.6040544 0.6713039 0.06349743 0.01338674 0.03813222 -2.237806 -0.3578844 0.2679135
132 5.111211 -0.7883164 0.5097282 -0.2977603 1.038762 0.4988318 0.224583 0.1611752 -2.51981 -1.57912 0.523239
134 5.822784 -0.3365526 -0.1323062 -0.8268012 0.7552928 0.3255729 0.1891119 0.1525114 -2.666594 -0.989852 0.2372056
135 5.780633 -0.3849386 -0.8337409 -0.3483105 0.7348544 0.3773507 0.1976798 0.1608494 -2.50438 -0.6833743 0.264931
136 5.388283 0.3448665 -0.1062771 -1.210914 2.069182 0.6681613 0.09995489 0.0761137 -2.443877 -0.08699557 0.2778899
139 5.27957 -0.765256 0.1365906 -0.3859895 1.236305 0.04824609 -0.1397124 0.810762 -1.629775 -0.7141399 0.1572858
140 5.394901 -0.4584685 -0.2190941 -0.1738092 1.286154 0.6351417 0.03363643 0.1234296 -2.304953 -0.4515057 0.2606451
141 4.723849 0.3416467 0.8583745 -1.753469 1.374507 0.1585782 -0.00173554 0.04726812 -1.665886 -1.715399 0.2693911
144 5.695978 -0.5640513 -0.6559926 -0.279134 0.7331918 0.470416 0.1407698 0.07008617 -1.937952 -0.7956021 0.2235913
146 5.559183 -0.4559401 0.2893919 -0.3764053 1.63625 0.9077817 -0.03063712 0.01788894 -1.754575 -2.049133 0.1999033
147 5.394006 0.3835104 0.1678754 -1.412484 1.191881 0.3724994 0.0244197 0.190876 -2.4973 -0.3220724 0.3446678
148 5.321158 -0.7400226 -0.6483011 -0.3282797 1.082954 0.1719386 0.08215117 0.3183259 -2.1805 0.2244367 0.2043591
149 5.227117 -0.9400131 0.4204597 -0.1024626 0.6159007 0.2451541 0.2190429 0.2427874 -2.97365 0.1127197 0.3709124
151 5.496029 -0.1712474 0.4060203 -0.4158316 0.7423542 0.5377518 0.2652548 0.1714008 -2.449485 -0.47789 0.2952643
152 5.031981 -0.5979338 0.1316124 -0.337119 1.024544 0.3971872 -0.104321 0.07936778 -2.334473 -0.4546357 0.3535968
153 5.307754 -0.2538138 0.1836202 -0.8958056 0.4643898 0.6235065 0.1978851 0.09746332 -2.212679 -0.7439254 0.2091111
154 5.90407 -0.6256259 -1.1792 -0.324586 1.234051 0.6242584 0.01332542 0.04326786 -2.62951 0.138482 0.3387977
155 5.326708 -0.4027123 -0.01423101 -0.5279361 0.8570111 0.8501196 0.1896768 0.07498531 -3.039241 -0.4708103 0.3668161
156 5.421258 -0.4315082 -0.2377527 -0.7059584 1.041815 0.5498244 -0.06320731 0.03362364 -2.501301 -0.6118707 0.2758667
157 5.333909 -0.006682133 0.1773353 -1.181471 1.677862 0.2646239 0.1118877 0.1851348 -1.90872 -0.5361215 0.1066515
