1 5.255854 -0.3080375 -0.1955568 -0.5034763 1.22256 0.6086269 0.03618663 0.1077944 -1.474402
2 5.224067 -0.6728472 -0.1665591 -0.5394439 0.7607359 0.04978843 0.07284883 0.6659025 -1.437588
4 4.962181 -0.06468923 0.5613568 -0.6758525 0.8661691 2.190095 0.5331777 0.1680542 -1.704748
5 6.13113 -0.3843516 -0.9125098 -0.2902152 0.8743933 0.2578435 0.1424315 0.1370851 -1.11365
6 5.444732 -0.2507875 0.1484818 -0.8265376 0.6776767 0.547819 0.123819 0.04715919 -1.760011
8 5.347997 -0.9296857 -0.2230513 -0.3537962 0.8203964 0.6682959 0.3507741 0.2231775 -1.157453
9 5.272096 -0.06475083 0.1336017 -0.5738542 1.474913 0.6427817 0.189507 0.1547 -1.760011
11 5.470843 -1.119087 -0.06345165 0.1250122 1.157444 0.3375614 0.09625514 0.07509272 -1.45001
12 4.287655 0.5757357 0.9015454 -1.830877 2.035974 2.200104 1.087766 0.7239643 -1.727221
13 5.653267 -0.6590397 -0.2052117 -0.2702981 0.8294038 0.3260717 0.1960819 0.1603399 -1.435085
14 5.196644 -0.6233821 -1.245002 -0.27636 0.9238294 0.8420752 0.03625095 0.0492559 -1.082612
15 4.571501 -0.5674542 0.8238934 -0.868537 0.8196043 1.693095 0.3766783 0.117157 -1.555371
17 5.40947 -0.2947049 -0.5702963 -0.6734023 1.218251 0.2712289 0.166926 0.3454125 -1.299283
18 5.245908 -0.2584118 0.492853 -0.8893005 2.171977 1.074762 -0.08365511 0.1416385 -1.245937
19 5.49768 -0.2954372 -0.3885479 -0.05852282 0.8765028 0.3818533 0.1644919 0.1021341 -1.286211
21 5.214537 -0.5987694 0.06188486 -0.5660821 1.685265 0.8186943 -0.08692593 0.02583936 -1.561236
23 5.589248 -0.410645 0.05332185 -1.183527 1.090893 1.788324 0.3800336 0.1100878 -1.084013
24 5.371406 -0.6783986 0.1111089 -0.4290817 1.644326 0.8209427 -0.05006934 0.4838537 -1.526056
31 4.812525 -0.1641346 0.5643243 -0.9980498 1.105869 0.4652437 0.06434105 0.06397458 -1.479076
33 5.915741 -0.784113 -0.3568889 -0.4046986 0.949674 0.3709643 0.2451254 0.2159833 -1.312186
34 4.354237 -0.3119299 0.9967059 -0.7260691 0.7415415 1.193254 -0.02781984 0.1033966 -1.86214
35 5.806768 -0.523175 -0.2818073 -0.5964747 1.088943 0.4571069 -0.0593919 0.01944481 -1.540445
39 5.488945 0.1775032 0.06306152 -0.7773196 0.8686763 0.09550969 -0.01340084 0.0621652 -1.252763
40 5.764904 -0.2973894 -0.6537108 -0.5640821 0.9031021 1.628779 -0.1448722 0.08630274 -1.673976
41 5.558901 -0.2781245 -0.4400048 -0.8533905 1.192941 0.3476735 0.1162289 0.10223 -1.619909
43 5.717908 -0.4918072 -0.6985715 -0.5949081 0.7170551 0.6168769 0.05390449 0.0368175 -1.620488
46 5.185777 -0.7689477 0.09673647 -0.1463787 0.9858747 0.2823444 0.2558685 0.4031261 -1.492904
47 5.48309 -0.4874732 -0.3578595 -0.3119043 0.7983568 0.05299909 0.09073736 0.4436523 -1.446919
49 4.906438 -0.4323228 0.5771309 -0.2065094 0.9581104 0.6329234 0.1575895 0.07464403 -1.597603
50 5.120111 -0.9089128 0.4821077 -0.3536955 1.004088 1.166575 0.0739592 0.156073 -1.781288
51 5.158916 -0.276644 0.1769602 -1.058804 1.265058 0.1091145 0.04549915 0.2105169 -1.168571
53 5.012185 -0.01012025 1.167364 -1.668494 1.146907 0.07559429 -0.02399961 0.1512015 -1.474402
54 5.400259 -1.16993 -0.01445602 -0.2325855 1.393783 0.3277694 0.188012 0.4569664 -1.620488
55 4.784682 -0.5453813 0.8674632 -0.676708 1.019007 0.3976175 0.0398169 0.1011889 -1.563976
56 5.601194 -0.4719673 -0.06022594 -0.8679422 0.9002372 0.06964895 0.08658697 0.2844567 -1.586965
58 5.216681 -0.632376 0.2497572 -0.1909514 0.743178 0.3344391 0.1992071 0.2195518 -1.609438
59 5.959682 -0.2609212 -1.228885 -0.5524512 1.337354 0.9220569 0.1813775 0.15108 -1.299283
60 6.391424 -1.019292 -1.209472 -0.09333843 0.9798589 2.008654 -0.2916872 0.1076667 -1.655423
63 5.41665 0.6446597 0.1490709 -1.565454 1.129637 0.07502628 -0.02516723 0.3229582 -1.049822
65 5.175778 -0.5356529 0.2162918 -1.188499 1.196401 0.1178258 0.03517381 0.3093422 -1.632695
67 5.600489 -0.2583762 -0.2738634 -0.6521453 1.300511 0.270524 0.02759959 0.06967401 -1.259543
69 6.368921 -0.7658925 -0.6883014 -0.3061765 1.626443 1.981143 -0.7386111 0.2927469 -1.373716
70 5.723286 -0.4201893 -0.05058228 -0.4414235 2.657276 1.476643 0.3770659 0.2391354 -1.598265
72 5.198204 -0.5931016 -0.06120585 -0.8659187 1.239872 0.382765 -0.5093336 0.7148254 -1.491655
73 4.850029 -0.1812607 0.3050503 -1.434993 1.126217 0.1730066 0.1981204 0.3847398 -1.548813
76 5.083208 0.1155329 0.05907621 -0.5423521 1.082198 0.1850524 -0.006631901 0.2463626 -1.294727
77 4.857811 -0.6972892 0.764897 -0.6206419 1.200324 1.801652 -0.2273204 0.07585763 -1.598856
78 5.21404 -0.7360374 0.06482257 -0.2526066 1.566601 0.2727567 0.1478337 0.1649995 -1.143064
79 5.224782 0.0490619 0.3673881 -1.499761 1.016339 0.3200404 -0.02631365 0.01466236 -1.45001
82 5.370238 -0.8960022 -0.06389174 -0.1321721 0.9428359 0.3541115 0.122815 0.1612435 -1.866661
83 5.022686 0.006690377 0.6126218 -1.266721 0.6695965 0.06107546 0.1176644 0.3666195 -0.8292794
85 5.151988 -0.2991341 0.2936264 -0.8691603 1.185727 0.3509051 0.2060262 0.1990849 -1.598856
86 5.413614 -0.6221813 -0.5306003 -0.1259706 0.9862489 0.2268693 0.1686957 0.3052311 -1.425009
87 4.968637 -0.7249812 -0.1825478 -0.3261572 1.293567 0.4245993 0.2659825 0.2749416 -1.335001
89 5.736206 -0.8169494 -0.01112961 -0.2505549 1.684455 2.064327 -0.2304345 0.3743287 -1.89712
90 5.796138 -0.4536944 -0.6445987 -0.8568217 0.9490505 0.3679201 0.3113792 0.3280495 -1.666596
91 5.923526 -0.4486844 -0.8208212 0.1711772 1.637868 0.5390748 0.1981588 0.1915418 -1.45001
92 5.57472 -0.2754507 -0.2382772 -0.8954771 0.7740621 0.3347035 0.02837806 0.1489256 -1.479076
93 5.147598 -0.2963249 -0.3151467 -0.4652455 0.9095913 1.204176 0.01383918 0.0217934 -1.631417
94 5.346055 -0.3207412 -0.6773535 -0.9997872 0.8589117 0.3628007 0.2105833 0.1623337 -1.386294
95 5.313243 -0.2716138 -0.307756 -0.7936151 1.521158 0.4299394 0.1646186 0.2083156 -1.498212
96 5.656589 -0.9439735 -0.2839749 -0.3095037 1.918549 0.2277068 0.1120141 0.1598749 -1.425009
98 4.918941 -0.5056407 -0.2093498 -0.6108578 1.131781 0.425497 0.2650833 0.2258882 -1.245937
99 5.597293 -0.15297 -0.8208669 -0.7567796 1.715079 0.4932281 -0.1416185 0.3177002 -1.791759
100 5.587602 -0.1467887 -0.5033852 -0.7751189 0.9835115 0.2876516 0.292982 0.3819039 -1.985915
105 5.518086 -0.362578 -0.1799449 -0.8021649 0.9178482 0.2537838 0.172708 0.1704158 -1.46228
107 5.661762 -0.8216482 -0.8847072 0.1306798 0.8789495 0.2466755 0.1407705 0.3035769 -1.575536
108 5.286927 0.01073989 -0.08376865 -0.6562031 1.181849 2.457991 -0.01943574 0.04142909 -1.666596
114 4.830524 -0.7440359 0.3527454 -0.4923714 1.841457 1.286399 0.4479914 0.2205163 -1.741498
115 5.758274 0.08982539 -0.7920212 -1.043543 1.354906 0.1213916 -0.1127789 0.2262017 -1.308333
116 5.708363 -0.5186522 -0.1357646 -0.2007671 1.903923 0.04785705 -0.03149934 1.083876 -1.007641
118 4.76524 -0.006703427 0.7473767 -1.294429 1.150623 0.2753333 0.09937285 0.2834847 -1.995672
119 5.620499 -0.4562192 -0.3817982 -0.3998008 1.074688 0.7128646 0.2116469 0.1039936 -1.398717
121 5.284919 -0.5127214 -0.2461091 -0.419281 1.023365 0.441313 -0.007118634 0.01593929 -1.45001
122 5.522859 -0.3881501 -1.197213 -0.2833868 1.52572 0.3685996 0.1040058 0.2565097 -1.11365
123 5.349681 -0.238669 -0.3977352 -0.6113079 0.8788403 0.3394393 0.1181069 0.07365306 -1.312186
125 5.808344 -0.4132195 -0.2253433 -0.4816822 0.9952602 0.6274722 -0.04679027 0.1036287 -1.688575
126 5.259643 -0.6501764 -0.1331178 -0.5383057 1.016698 1.15364 0.02739637 0.1801015 -2.005334
127 5.337027 -0.004611093 0.4863131 -1.260714 1.553722 0.3402432 0.1575291 0.2274386 -1.373716
128 5.200887 0.161281 0.1694978 -1.439336 1.098908 0.6995378 0.08226163 0.03801308 -1.308333
130 5.066272 -0.3711852 0.03916968 -0.5876893 0.6697727 0.06305022 0.01301341 0.03796011 -1.458615
132 5.111243 -0.8035051 0.5091568 -0.2881437 1.048507 0.5130596 0.2327614 0.1657285 -1.466337
134 5.828104 -0.3396967 -0.1353968 -0.8253888 0.7532516 0.3243392 0.18777 0.1512763 -1.94591
135 5.78909 -0.3895289 -0.8559594 -0.3321646 0.7433591 0.3787587 0.1984792 0.1618663 -1.812379
136 5.379606 0.3478226 -0.1354159 -1.18045 2.054306 0.6693494 0.09836158 0.07612064 -1.252763
139 5.275547 -0.7582407 0.1416043 -0.4035337 1.23119 0.04946123 -0.1418503 0.7967967 -1.349927
140 5.395833 -0.4567001 -0.2200302 -0.180719 1.263863 0.6462997 0.03549333 0.1223616 -1.491655
141 4.743004 0.312881 0.8454141 -1.739568 1.340545 0.1603105 -0.0007126927 0.04838694 -1.491655
144 5.713778 -0.5879318 -0.6700066 -0.2520994 0.716421 0.475239 0.1410885 0.06976966 -1.360977
146 5.556278 -0.4285633 0.2873248 -0.4003054 1.645903 0.8898615 -0.0321489 0.01788266 -1.716048
147 5.405189 0.3815014 0.1803635 -1.430394 1.175748 0.3708265 0.02968861 0.1903882 -1.16017
148 5.326661 -0.7411935 -0.6526758 -0.3345919 1.06704 0.1738479 0.08472809 0.3292454 -1.360977
149 5.225474 -0.9354406 0.4263401 -0.1081612 0.6166601 0.2406028 0.2132102 0.2353888 -1.474402
151 5.478477 -0.1560398 0.4351702 -0.4478602 0.732087 0.5270197 0.2605953 0.1695148 -1.324925
152 5.030972 -0.5736248 0.1414207 -0.3865801 1.039534 0.3944435 -0.1095779 0.08151707 -1.286211
153 5.302046 -0.2477642 0.1889807 -0.9000895 0.4621226 0.6268948 0.1988819 0.09733356 -1.926679
154 5.91159 -0.6376997 -1.203644 -0.2930612 1.232181 0.6007436 0.01357468 0.0428466 -1.265666
155 5.32479 -0.4057554 -0.01465973 -0.524183 0.8551106 0.8451712 0.1876071 0.07440715 -1.770706
156 5.417371 -0.4223975 -0.2325975 -0.7169725 1.061215 0.5415533 -0.06295503 0.03324474 -1.812379
157 5.343177 -0.01023196 0.1658007 -1.160303 1.676567 0.2628769 0.1080471 0.179809 -1.710081
