1 0.3186362 0.210417 0.4637234 0.2903379 0.3473848 0.1655571 0.1445525 0.1385605 1.636675 0.2713137
2 0.2824735 0.2644517 0.3525634 0.3399441 0.2248418 0.1567188 0.1660021 0.1165699 140.5633 0.2568506
3 0.3620908 0.309772 0.4699782 0.4001958 0.4357485 0.2694576 0.2042949 0.1980275 1.644681 0.2527625
4 0.2722789 0.1933731 0.3720646 0.2644759 0.2512897 0.1058541 0.08743226 0.1231268 0.9562561 0.2577307
5 0.3121832 0.1876821 0.4591274 0.2533427 0.3598032 0.1573442 0.1036353 0.1101021 35.64409 0.276361
6 0.387905 0.2604287 0.5176992 0.3287052 0.5392165 0.2407677 0.1442595 0.152622 2.084833 0.2618064
7 0.2539809 0.2460702 0.3346042 0.3006709 0.2083442 0.1263177 0.1144755 0.134663 3.269534 0.2520189
8 0.2599883 0.3316615 0.3804916 0.4279103 0.2809806 0.2430691 0.2643947 0.147357 119.0166 0.2555187
9 0.2159066 0.245438 0.3462724 0.3611877 0.2148609 0.1211028 0.1118126 0.09280385 1.530491 0.2561738
10 0.318609 0.195905 0.4888854 0.2755851 0.4096006 0.1618865 0.09793457 0.1169755 68.50107 0.2552089
11 0.2398536 0.2763756 0.4011508 0.4450045 0.2538696 0.2205574 0.2316568 0.1457126 1.742459 0.2514837
12 0.2797697 0.3511183 0.3688955 0.4336019 0.2466674 0.1974755 0.2810341 0.09480401 292.9534 0.2579623
13 0.3988433 0.1523833 0.482191 0.2988327 0.2844478 NaN NaN 0.1098628 3.570698 0.2414023
14 0.2626442 0.2094875 0.399318 0.3425358 0.2614125 0.1403634 0.14398 0.1402242 1.870552 0.2581989
15 0.3217841 0.2894553 0.4430607 0.3508542 0.3005952 0.1692036 0.16764 0.1746402 2.249954 0.2646875
16 0.2515898 0.2944955 0.3129396 0.332752 0.2350553 0.1783403 0.1778572 0.1365139 1.590811 0.2646875
17 0.3487988 0.2481226 0.4699129 0.2816677 0.3373518 0.1342915 0.08991696 0.1268863 2.217587 0.2572817
18 0.3197916 0.3928726 0.471676 0.4836243 0.3869533 0.331152 0.4310269 0.1295989 64.68707 0.2537642
19 0.1882428 0.1857569 0.2567143 0.2330466 0.120571 0.06991504 0.06794596 0.08308398 0.7136568 0.2519943
20 0.2124632 0.2300817 0.3626743 0.3389638 0.2114812 0.1649238 0.1686043 0.1055508 2.378419 0.2646875
21 0.3296754 0.2978095 0.4147362 0.3676589 0.3102582 0.1827473 0.1811105 0.0814656 12.50664 0.2581989
22 0.3421299 0.4523429 0.5110889 0.4779506 0.464676 0.2498062 0.3906859 0.2061683 92.78996 0.2452762
23 0.2547224 0.1777644 0.3833233 0.2714951 0.260105 0.1377572 0.1086591 0.09450203 124.2279 0.2586874
24 0.2430844 0.2925577 0.3473362 0.3675873 0.1970914 0.152235 0.2069774 0.1474126 2.829368 0.246021
25 0.3083098 0.2694211 0.468538 0.4194624 0.4742774 0.342607 0.2757655 0.1986906 96.16566 0.2503163
26 0.3046018 0.2927494 0.4607188 0.3625432 0.3955412 0.2910048 0.3235707 0.1540042 1.647802 0.2543735
27 0.2706663 0.2956058 0.4075554 0.4305552 0.2992622 0.1976031 0.2691938 0.1076187 297.8394 0.246183
28 0.2244309 0.2120486 0.3536986 0.3219698 0.2371417 0.1774138 0.2109627 0.1342975 177.7373 0.2642206
29 0.386515 0.2595679 0.5700566 0.3468651 0.6501938 0.2330403 0.1567187 0.143182 5.925149 0.2488067
30 0.3157727 0.3812751 0.4243413 0.4785516 0.3097065 0.2357564 0.3111705 0.1477039 1.777253 0.2546109
31 0.2858841 0.2521153 0.4357481 0.3653071 0.4163 0.2997686 0.266164 0.2450206 1.864963 0.2664932
32 0.2575958 0.3073798 0.4029438 0.4851979 0.3004305 0.3024847 0.4205593 0.1591501 2.970473 0.2862776
33 0.2779879 0.3634899 0.3941528 0.5156264 0.3247273 0.3977477 0.5578589 0.1299017 60.61769 0.2608746
34 0.3114133 0.3109896 0.4539267 0.411676 0.399336 0.2518717 0.2043933 0.2077124 5.989829 0.2543222
35 0.2453928 0.2425143 0.3523241 0.331725 0.2133099 0.1496723 0.1474955 0.1065159 2.109211 0.2543222
36 0.382232 0.3567202 0.4837529 0.4029473 0.4169643 0.2190236 0.1730503 0.206544 51.88964 0.265175
37 0.4083366 0.3205292 0.5228173 0.3867803 0.4860736 0.2290103 0.1652568 0.2290765 20.13257 0.2614882
38 0.2297522 0.2190327 0.3308136 0.3166381 0.1860881 0.1288642 0.2435537 0.1424938 3.472694 0.2442688
39 0.2869377 0.1778302 0.4219258 0.2386163 0.2982053 0.1463301 0.08949869 0.121363 1.663637 0.2436878
40 0.2734777 0.2505428 0.4435481 0.4118635 0.3701339 0.3028166 0.2973368 0.1640167 4.920109 0.2482497
41 0.3053756 0.3805243 0.4780684 0.5665955 0.3751194 0.3073709 0.4330914 0.1134625 5.110327 0.2548046
42 0.217585 0.1729909 0.396382 0.2715506 0.2157164 0.1217154 0.08982761 0.1116212 0.8447871 0.2458446
43 0.2263072 0.1776212 0.3444829 0.321491 0.1986939 0.1060052 0.1338314 0.122518 3.221762 0.2376242
44 0.3080529 0.2749927 0.3966768 0.3409256 0.2819357 0.1670491 0.1775431 0.161832 2.968334 0.2639945
45 0.3136969 0.3413804 0.4944132 0.4629737 0.465588 0.2459125 0.2800362 0.1313479 2.158474 0.2436051
46 0.295889 0.3044157 0.4917391 0.4429198 0.4281005 0.3095444 0.3631404 0.2671529 29.81324 0.2509721
47 0.3527965 0.3462178 0.5937098 0.5316686 0.554014 0.4061606 0.4091514 0.2377079 9.895816 0.2534945
48 0.4196903 0.227427 0.5140248 0.2619615 0.4078199 0.1741924 NaN 0.1129003 2.250565 0.2639945
49 0.4399628 0.4399907 0.5713062 0.5360418 0.5237331 0.3660858 0.4074479 0.1373101 10.39848 0.2690743
50 0.3518647 0.4665603 0.5142366 0.5646424 0.4636858 0.3149019 0.2973074 0.1638622 44.19019 0.2505405
51 0.3030811 0.3207631 0.3898956 0.3828523 0.265951 0.1682152 0.1712019 0.0792954 217.1093 0.2591977
52 0.2818465 0.1741377 0.3836505 0.2328723 0.2640163 0.1312452 0.07790427 0.09667135 4.210918 0.2642206
53 0.2954651 0.330869 0.4442627 0.4718042 0.3709147 0.3617767 0.395501 0.1230029 7.047834 0.2664932
54 0.2953459 0.2757557 0.4473047 0.4322542 0.3852814 0.3266245 0.3740283 0.1826988 22.73441 0.2417469
55 0.2785188 0.23099 0.4046198 0.3130329 0.3277152 0.2316313 0.2070534 0.132917 1.786694 0.2398743
56 0.2851548 0.2443639 0.4909976 0.3575784 0.3485762 0.1595247 0.1617356 0.1478971 11.77541 0.2591977
57 0.2768495 0.2767835 0.4089228 0.3956978 0.2770369 0.1726019 0.2102795 0.1951745 4.905308 0.2496912
58 0.3102159 0.3863662 0.3952334 0.4430752 0.2668357 0.1855507 0.2499316 0.1372587 3.83667 0.2853569
59 0.2865402 0.2336459 0.3890699 0.3115004 0.2530065 0.1603337 0.1423951 0.117567 4.62263 0.2519943
60 0.2804699 0.3357618 0.3886594 0.4391619 0.2699871 0.2506534 0.3111403 0.169409 2.610082 0.2788867
61 0.2474489 0.2024915 0.3360134 0.2621264 0.2021515 0.1125664 0.09700458 0.0893335 94.11982 0.2654269
62 0.4809384 0.256282 0.5907401 0.3175406 0.5236725 0.2300566 0.1762686 0.1282215 2.572843 0.2931418
63 0.2833241 0.2770222 0.3816048 0.3371027 0.2516849 0.1384405 0.1683292 0.1054955 3.269775 0.2570639
64 0.3180304 0.2861167 0.4262171 0.3956038 0.337797 0.2059978 0.1879173 0.2043902 27.31724 0.2506402
65 0.2771814 0.3103754 0.366663 0.3887512 0.1944145 0.1382988 0.2009998 0.1710204 2.429129 0.2708682
66 0.2718709 0.2312087 0.3702542 0.2888527 0.2572044 0.142738 0.1282818 0.1206859 95.97708 0.2479803
67 0.4426124 0.3343753 0.5014607 0.354734 0.2912151 0.1239326 0.07850046 0.1155689 1.364378 0.2579156
68 0.2514057 0.1685655 0.3554277 0.2291438 0.2306291 0.1128987 0.1515378 0.1210088 0.9227336 0.2527203
69 0.3637996 0.30126 0.4446796 0.3331699 0.3852929 0.2065457 0.1555554 0.1179369 5.420994 0.2635561
70 0.3694093 0.3457415 0.5238848 0.4209579 0.4492028 0.2280477 0.170355 0.231708 3.127868 0.2539542
71 0.3323863 0.3278615 0.4287451 0.4290373 0.3246038 0.2099235 0.2301096 0.1630077 291.2859 0.2722644
72 0.2152724 0.4135807 0.3685198 0.5962263 0.3958471 0.4550177 0.7382213 0.3898435 33.73185 0.2476599
73 0.23918 0.149828 0.3775093 0.2208132 0.2540157 0.1030241 0.06754904 0.09161438 21.99275 0.2552089
74 0.2853736 0.3427006 0.4229209 0.419865 0.3654656 0.2222357 0.2538699 0.1442596 11.84537 0.2555187
75 0.2915406 0.2558865 0.4508573 0.366134 0.3674188 0.2331336 0.2314982 0.11038 9.215295 0.2639945
76 0.3911415 0.2388372 0.6495912 0.3532166 0.6909005 0.3183755 0.1895183 0.1755544 240.0756 0.2555187
77 0.3430784 0.2423388 0.4240239 0.2961869 0.2737715 0.1304143 0.1243716 0.1203321 2.084257 0.2937156
78 0.2710269 0.1653712 0.4766032 0.2798737 0.7024022 0.4631405 0.2607479 0.1973686 1.911849 0.295533
79 0.276655 0.3976771 0.3784071 0.4612403 0.2834724 0.1778793 0.2265216 0.1432521 1.371124 0.2552089
80 0.2476518 0.291188 0.3868781 0.4030014 0.2566931 0.1844802 0.2382234 0.1700859 2.492847 0.2479803
81 0.2719686 0.2594535 0.3692191 0.3205906 0.2459518 0.1357654 0.1215349 0.1042899 2.874841 0.2509721
82 0.2852922 0.2680019 0.4506665 0.4162863 0.2993411 0.2305561 0.244875 0.1564369 1.384545 0.265175
83 0.3298363 0.3138446 0.4426316 0.3760963 0.3178138 0.178444 0.169121 0.1498514 4.276254 0.2843634
84 0.444069 0.5959204 0.489975 0.6261641 0.2585941 0.1823436 0.2911018 0.1489953 1.164432 0.2575039
85 0.2636725 0.2752693 0.3756899 0.3512851 0.2542238 0.1579314 0.1508181 0.1392714 2.01053 0.2472066
86 0.2548566 0.3140654 0.3603266 0.4076995 0.2321761 0.1719909 0.2166823 0.1766735 1.607719 0.2646875
87 0.3597839 0.3317621 0.4901161 0.4327534 0.4199359 0.3142248 0.4246195 0.2288782 6.502684 0.2397973
88 0.3150814 0.2661851 0.4174253 0.3417486 0.299862 0.1993918 0.1841525 0.1136121 2.703649 0.2642206
89 0.327537 0.3501945 0.4289412 0.4091741 0.2752089 0.181704 0.1777278 0.1625056 1.53494 0.2780377
90 0.2934305 0.1845463 0.481759 0.2826495 0.3879492 0.2144526 0.1407127 0.09557956 83.66133 0.2421001
91 0.25321 0.3336551 0.3966378 0.4833323 0.3102118 0.2486539 0.3495245 0.1777272 89.03965 0.2531492
92 0.296007 0.2484143 0.4033198 0.3100252 0.3112066 0.1912508 0.141382 0.1098326 59.65403 0.2717787
93 0.3505771 0.3874384 0.4344957 0.4453656 0.3071636 0.2016421 0.2021696 0.1168426 222.5266 0.2485251
94 0.2703361 0.2864098 0.4683065 0.4410883 0.3288557 0.2146221 0.2976276 0.1533407 4.965734 0.2543222
95 0.3187738 0.2358448 0.4403663 0.3058704 0.3201066 0.1604838 0.1405877 0.1611592 0.9092139 0.2522312
96 0.3579229 0.3918746 0.4644751 0.5190924 0.3275856 0.2721219 0.3806233 0.2351229 8.008269 0.2532308
97 0.2483749 0.2769623 0.3285754 0.3460065 0.2119563 0.1722019 0.1996244 0.1318643 109.4736 0.2467176
98 0.3483024 0.4103434 0.4704138 0.451235 0.3776073 0.2138616 0.2351407 0.2161386 2.586955 0.2523859
99 0.3451112 0.2807172 0.4783809 0.3437583 0.4413263 0.2698274 0.2056838 0.204212 21.28615 0.2476241
100 0.3126476 0.2978691 0.3985704 0.4717231 0.5001081 0.5489374 0.8327622 0.1928083 4.039486 0.2421359
