1 4.796328 -0.004811982 0.1850771 -1.022782 0.4720495 0.6126256 0.007378901 0.1029261 3.604624 -1.727221
2 4.883663 -0.4248888 0.702012 -0.3260202 0.5928915 0.1840978 0.08151036 0.2204056 74.08702 -1.673976
3 5.503767 -0.4923093 -0.3446892 -0.4641163 0.5835112 0.5284081 0.2060855 0.1398924 3.583539 -1.280934
4 5.806581 -0.5751763 -0.5543581 -0.4378465 0.3460758 0.3908292 0.07583958 0.06043394 2.467422 -1.631417
5 5.235667 -0.1144376 0.1476667 -1.062609 0.458275 0.8225855 0.1556022 0.09706928 24.2296 -1.926679
6 5.072035 0.07369879 0.2157749 -1.023301 0.4681196 0.8894931 0.1836571 0.1008415 3.892957 -1.453434
7 5.163605 0.2025389 0.5704321 -1.367789 0.3178091 0.2720908 -0.08251462 0.1094767 4.736467 -1.308333
8 5.460224 -0.5586791 0.2153997 -0.5409849 0.6249076 0.2975277 -0.2559917 0.3960536 67.28014 -1.425009
9 5.094332 -0.3776593 0.3525553 -0.988339 0.1664079 0.4037628 0.01008684 0.1553065 3.280863 -1.163151
10 5.568759 -0.4758141 -0.8504453 -0.3618468 0.4164355 0.9990002 -0.05127531 0.08784271 35.54665 -1.437588
11 5.22808 0.1410738 -0.7744536 -0.3961088 0.3418194 0.383374 0.05764908 0.3120154 3.654877 -1.114361
12 4.776963 -0.3077347 0.9397928 -1.346477 0.448517 0.4234871 0.04310987 0.5464794 147.9415 -1.620488
13 5.397025 -0.8536364 -0.6111026 0.2996412 0.5035468 0.6025032 -0.146477 0.09614818 5.901231 -1.265666
14 5.47829 -0.4954198 -0.4798096 -0.6631618 0.3789152 0.4397873 0.1189091 0.1880182 3.659164 -1.609438
15 5.481995 -0.54413 -0.4654383 -0.2098408 0.4915085 0.4988929 0.1642065 0.1742006 4.111785 -1.655423
16 4.956765 -0.3608136 0.001467619 -0.3975666 0.4161994 0.1029609 0.0900956 0.1359289 3.461641 -1.655423
17 5.099341 -0.2299827 0.5024702 -0.6928307 0.3429318 0.6602918 -0.0974001 0.07679878 3.872335 -1.652923
18 5.726418 -1.122736 -1.001773 0.2731106 0.5160097 0.7919282 0.07665196 0.6356304 36.50288 -1.498212
19 5.809444 -0.3664696 -0.05995643 -0.9863522 0.2431459 0.1133635 0.01548259 0.07008474 2.058283 -1.57735
20 5.152251 0.1109994 0.131963 -1.066854 0.3248164 0.2726806 -0.00541875 0.2550427 4.379579 -1.655423
21 4.869162 0.3197355 0.1745722 -1.510472 0.3105564 0.6216843 -0.02928508 0.336767 12.68231 -1.609438
22 5.501731 -0.6441148 -0.4434647 -0.1259194 0.6323357 0.9597442 0.03147282 0.2651305 46.44252 -1.128465
23 5.469164 -0.321614 0.1169 -0.9938554 0.3873657 0.5225394 -0.1263089 0.1383874 50.87584 -1.586965
24 4.887748 -0.1736842 0.4812088 -0.4348243 0.5302337 0.1561359 0.040103 0.2966052 5.375781 -1.558145
25 5.563469 -0.2703388 -0.3725661 -1.33651 0.7182722 0.6375803 0.2535172 0.293917 43.51303 -1.373716
26 5.548425 -0.9592268 -0.4577282 -0.4216928 0.3792492 0.6216826 0.2438179 0.1349482 3.211153 -1.223775
27 5.17286 -0.9660079 0.1181287 -0.09932012 0.3888868 0.6442069 0.2447613 0.3798433 145.9474 -1.098612
28 5.254705 -0.1525168 -0.152502 -0.4351271 0.6049501 0.2075263 -0.02839199 0.1926874 83.3469 -1.677646
29 4.947604 -0.5229187 0.4984099 -0.2915015 0.5406717 1.26359 0.1298565 0.1673537 8.577612 -1.435085
30 5.714807 0.1180622 -0.6882336 -0.7641394 0.3775505 0.5333113 -0.1608433 0.5480117 3.591408 -1.46228
31 5.47063 -0.3911014 -0.2969485 -0.7641359 0.8002459 0.2290056 0.07982206 0.1370413 3.808027 -1.573506
32 5.031224 -0.7458204 0.4298136 -0.3393597 0.5549887 0.3340203 -0.225756 0.6439516 5.32477 -1.91482
33 5.635291 -0.8334525 -0.3007328 -0.5038414 0.5056297 0.4598991 -0.6415223 0.9766701 34.84676 -1.491655
34 5.204623 -0.2280592 0.006766968 -0.699274 0.7404711 0.4356896 0.09597015 0.1512725 8.110163 -1.474402
35 5.501155 -0.637934 -0.2529625 -0.154737 0.3467325 0.3142741 -0.1047198 0.2075888 4.602193 -1.474402
36 5.609083 -0.3400082 -0.2097386 -0.9569045 0.8792078 0.5500246 0.05192697 0.05250265 31.5411 -1.632695
37 5.00339 -0.3759149 0.6939054 -0.6033578 0.7523463 0.8209931 0.02902795 0.06676256 15.52565 -1.466337
38 5.523068 -0.4940695 0.01609338 -0.5406869 0.3794761 0.2181143 0.01730531 0.1903731 5.394618 -1.374318
39 5.520534 -0.3927741 0.06540138 -0.06691113 0.3743601 0.5446991 0.03862187 0.02228322 3.788515 -1.398129
40 5.46357 -0.3855366 -0.1528769 -0.6271854 0.5753006 0.4650725 -0.3021814 0.4040442 7.430334 -1.458615
41 4.979576 -0.6177333 0.212073 -0.2053778 0.3097483 0.8161905 -0.2948827 0.7521914 7.231172 -1.20896
42 5.625965 -0.2484884 -0.4458917 -0.7551118 0.303613 0.330209 -0.01150139 0.07525678 2.429003 -1.312186
43 5.09493 -0.5126715 0.4033256 -0.2130094 0.3375038 0.2960731 0.05092749 0.05199774 4.870601 -1.208311
44 5.699714 -0.3082087 -0.6104206 -0.7885351 0.5244273 0.3217209 0.1959942 0.1816988 5.033757 -1.688575
45 5.668087 -1.008231 -0.3050755 0.2599414 0.3608015 0.8453515 -0.1663608 0.3600758 4.192731 -1.185624
46 5.109524 -0.1602753 -0.2935511 -0.8445112 0.9260095 0.4394661 -0.09415675 0.2628929 21.22734 -1.348073
47 5.480126 -0.5511687 -0.8391468 -0.3149978 0.8628257 0.9445245 0.07141279 0.6992037 11.20989 -1.509908
48 5.170157 -0.3203692 0.1441643 -0.5785202 0.4412962 0.8022735 -0.003089243 0.004854452 4.519744 -1.688575
49 4.506727 -0.1953735 0.09108476 -0.5972754 0.5396817 1.168604 -0.3834624 0.8269706 11.48868 -1.842532
50 5.895967 -0.2899639 -0.7357628 -0.6666641 0.4614988 1.098613 -0.199535 0.4969653 27.4788 -1.145132
51 5.037104 -0.731717 0.1580805 -0.4209039 0.3632869 0.5699996 -0.1368094 0.3007826 122.0738 -1.563976
52 5.510939 -0.1755598 0.07537989 -0.8805455 0.3302898 0.4787202 0.1264766 0.06053145 6.068991 -1.677646
53 5.828421 -0.2097792 -0.7852648 -0.9324456 0.416973 0.6264513 -0.5177166 0.6744785 8.547542 -1.573506
54 4.84586 -0.3130403 0.7094828 -0.9689701 0.675642 0.5047133 -0.1979383 0.388427 19.41528 -1.252763
55 5.273951 -0.3060002 0.1950867 -0.9967551 0.3177914 0.4899053 -0.06747374 0.1210108 3.709043 -0.9650809
56 5.206582 -0.2953907 -0.4210498 -0.6997491 0.4820735 0.6992693 0.07366356 0.1854713 12.16572 -1.563976
57 5.509186 -0.4860176 -0.6911999 -0.2916673 0.5830085 0.3606346 0.08894902 0.2327461 7.30706 -1.398717
58 5.176067 -0.3546546 0.1044432 -0.991489 0.5158776 0.3492321 0.3242523 0.4044354 6.304029 -1.966113
59 6.292483 -0.5920676 -1.092108 -0.5822361 0.4226837 0.40729 0.1879799 0.1784041 7.403374 -1.57735
60 4.828919 -0.3335528 0.6550779 -0.8424283 0.5598467 0.2772004 -0.274757 0.4790626 4.91532 -1.791759
61 4.870232 -0.5088135 0.5449315 -0.5907475 0.373486 0.3381021 -0.03430529 0.1137165 47.31846 -1.621134
62 5.149692 -0.2362684 0.3068213 -0.8770922 0.5287768 1.120535 -0.05921058 0.2238887 5.321783 -2.144581
63 5.457681 -0.36008 0.07704134 -0.7720056 0.3779635 0.4220723 0.08233076 0.2374409 5.909938 -1.663505
64 5.785934 -0.7305936 -1.242846 -0.2561383 0.6383824 0.4500712 0.1361022 0.1725439 18.62829 -1.360977
65 5.566271 -0.4945021 -0.2133206 -0.1807379 0.540904 0.1395455 0.0463204 0.2720322 4.788042 -1.7492
66 5.204535 -0.7318181 -0.01858631 -0.2475848 0.5254389 0.3604598 0.04317481 0.06827705 48.83699 -1.470176
67 5.208938 -0.1866412 0.2298852 -0.8772335 0.3081577 0.5065085 -0.02930548 0.05318534 3.152398 -1.332227
68 5.846613 -0.9173401 -0.2857853 -0.3791049 0.3311572 0.2893256 0.06692948 0.03000963 2.213246 -1.544197
69 5.55014 -0.7258197 -0.1017017 -0.5751116 0.5034061 0.513648 0.05049067 0.01375103 8.702504 -1.710081
70 5.722648 -0.4295046 -0.2273952 -0.6834035 0.6137619 0.7317769 -0.07900413 0.156316 4.967109 -1.238374
71 5.894008 -0.723566 -0.9754362 0.1481968 0.7831721 0.4112107 0.1503215 0.3475816 150.3065 -1.681759
72 5.594724 -0.6211259 -0.1484927 -0.7667673 0.4916775 0.2147515 -0.3068718 0.8837627 18.6276 -0.8898575
73 5.534407 -0.5375352 -0.3989051 -0.02915878 0.3618927 0.4124319 0.01560333 0.0232839 17.46065 -1.437588
74 5.121477 -0.4396858 -0.03895649 -0.7187197 0.4931584 0.4883638 0.07995718 0.2994272 10.122 -1.425009
75 5.655755 -0.3623435 -0.5782327 -0.9295623 0.4181589 0.7198035 -0.2784397 0.3532481 10.25731 -1.688575
76 5.051358 0.2166401 0.7480411 -1.341005 0.7917335 1.682075 -0.04254418 0.1095632 121.442 -1.425009
77 5.15811 -0.7156573 0.09916859 -0.1582445 0.4366838 0.475622 0.0507692 0.1491137 4.334294 -2.107879
78 4.69792 -0.09139642 0.4808794 -0.8527452 0.7300879 0.4040272 0.04594545 0.02379506 3.854914 -1.999399
79 4.183001 -0.1784141 1.297866 -1.133964 0.3844531 0.3935093 0.09602113 0.2709531 3.022778 -1.437588
80 5.66905 -0.342037 -0.515503 -0.3087848 0.5193128 0.2383596 0.1610936 0.3184577 4.573015 -1.470176
81 5.234922 -0.4662411 -0.7225438 -0.2741451 0.3062828 0.4119433 0.04760959 0.1525534 4.894932 -1.348073
82 5.599015 -0.2201399 0.005486855 -0.5799479 0.4109007 0.5171734 -0.1924256 0.4003364 3.338315 -1.632695
83 5.449049 -0.3672497 0.06473208 -0.6575157 0.5301362 0.5465812 0.2719051 0.2498906 6.677673 -2.024382
84 5.193803 -0.561018 -0.2231546 -0.09336174 0.4964205 0.2616582 0.151866 0.1309123 2.842712 -1.642228
85 4.986845 -0.5628936 0.3905328 -0.445417 0.4574618 0.3161846 -0.1057806 0.1953625 4.480763 -1.504077
86 5.116974 -0.05956588 0.729038 -1.525919 0.5129808 0.1810096 0.09390241 0.3072321 3.701999 -1.655423
87 5.512317 -0.2553631 -0.345992 -0.8634072 0.762986 0.5702572 -0.1803698 0.3427519 8.39257 -1.327798
88 5.612655 -0.3536129 -0.260734 -0.5461394 0.4249553 0.5146601 -0.2297875 0.2886626 5.336283 -1.677646
89 5.672867 -1.309809 -1.051899 0.5020821 0.5069156 0.4093209 -0.1381487 0.2524529 3.592756 -1.835245
90 5.817578 -0.4347881 -0.5252704 -0.7044093 0.401758 0.9455216 -0.2686482 0.1338125 48.31894 -1.239691
91 5.635834 -0.9169776 -0.857069 0.4860074 0.6589687 0.2495112 0.1936199 0.3375541 36.71135 -1.266948
92 4.628844 -0.113028 0.3309781 -0.8970297 0.4625063 0.5601028 -0.01733886 0.1673958 31.05083 -1.704748
93 5.809649 -0.2333826 -0.2763039 -0.7333482 0.5350041 0.5825935 -0.1321088 0.37346 109.966 -1.446919
94 5.512505 -0.2888651 -0.4681134 -0.3268287 0.501301 0.5511222 0.01257904 0.3055798 7.151208 -1.474402
95 5.53987 -1.126085 -0.4950934 0.2924869 0.3797861 0.5507803 0.001936279 0.1737003 2.180225 -1.566421
96 5.687064 -0.5391421 -0.3969873 -0.7587244 0.6638888 0.4032587 -0.03606795 0.702107 9.521008 -1.521469
97 5.015258 -0.199736 0.1687374 -0.939985 0.5609484 0.1185259 -0.06016765 0.1902141 53.92641 -1.526056
98 5.518826 -0.4254956 -0.4579559 -0.04571483 0.6088617 0.5622789 0.2032024 0.1271253 4.633699 -1.294727
99 5.30424 -0.7921593 -0.08172588 0.06746023 0.6387475 0.7011624 0.05311838 0.02020237 17.01781 -1.245937
100 5.50756 -0.6765813 -0.5516619 0.04742796 0.4099951 0.1124192 0.05462481 0.1038964 4.88674 -1.054161
