1 0.3648274 0.3146701 0.5324955 0.425268 1.334964 0.903099 0.7650193 1.261456 0.2543222
2 0.2784279 0.490934 0.352925 0.5666312 0.3988985 0.3062438 0.3871029 0.4036055 0.2552089
4 0.5161661 0.2657032 0.6900385 0.3580418 0.915901 0.4699146 0.2485168 0.3602137 0.2562354
5 0.3176587 0.4233594 0.4346859 0.5631308 0.9391451 0.5638698 0.5024041 1.013831 0.2457233
6 0.2864184 0.2927608 0.4388492 0.3367808 0.438503 0.2768165 0.2916938 0.2949065 0.2706523
8 0.3229114 0.3875404 0.4792439 0.4854666 0.6867111 0.445132 0.3543116 0.5514668 0.2444182
9 0.3713942 0.3009376 0.5539346 0.4189387 0.6595319 0.3533047 0.3130966 0.4994217 0.2706523
11 0.3711689 0.9280282 0.4919108 0.8320644 1.032231 1.544218 1.164172 0.5162282 0.2549064
12 0.6771863 0.7266843 0.8382606 0.8165976 2.308063 1.580595 0.9117185 1.945857 0.2713137
13 0.3510958 0.4298292 0.433121 0.4895256 0.4977976 0.4120967 0.4132324 0.3099719 0.2488067
14 0.3486641 NA 0.5199548 0.3917642 NA NA NA NA 0.2524838
15 0.4278414 NA 0.5515247 0.3608755 NA NA NA NA 0.2524731
17 0.3773498 0.4187719 0.4830214 0.5014093 NA NA NA NA 0.246183
18 0.4548636 0.4127092 0.7185371 0.5824162 1.568594 0.9799393 0.8015129 1.472417 0.2476241
19 0.318156 0.3204576 0.4364296 0.3994793 0.4847203 0.3319926 0.4245446 0.4260049 0.2465298
21 0.4377394 0.3214707 0.5775702 0.4276047 NA NA NA NA 0.2667756
23 0.4588117 NA 0.6627446 0.3980083 NA NA NA NA 0.2412139
24 0.4587216 0.4288379 0.6046442 0.5243776 1.318641 0.8060385 0.6299031 1.263388 0.2467176
31 0.3327129 0.1605046 0.4756 0.3676098 NA NA NA NA 0.2611777
33 0.3841692 0.4665659 0.4752876 0.5724528 0.7726549 0.5850968 0.7129966 0.7325956 0.2458446
34 0.4273082 0.2476813 0.5500759 0.3080369 0.625526 0.2776386 0.1983117 0.4613493 0.2687168
35 0.3223608 0.389616 0.4759041 0.3997779 0.8001056 0.8377401 0.8641029 0.368888 0.2597312
39 0.3103693 0.4054178 0.3865774 0.4507992 0.6975576 0.5741014 0.5244704 0.5632905 0.2535463
40 0.4067168 0.2420508 0.6328785 0.3194337 0.8023847 0.3407016 0.2301456 0.5982572 0.2568506
41 0.3417423 0.2896159 0.4675658 0.3720566 0.5486276 0.3785122 0.2727871 0.3461017 0.2510941
43 0.3216156 0.209335 0.4431938 0.2720821 0.5100659 0.3134293 0.2376727 0.4159857 0.2579623
46 0.4383631 0.4293967 0.5036399 0.500581 0.6001092 0.4528638 0.4525915 0.534579 0.247459
47 0.2574766 0.375247 0.3495937 0.4598704 0.3646488 0.259298 0.2890158 0.3056488 0.2485251
49 0.3663501 0.2995048 0.4894289 0.4003636 0.6274527 0.3768759 0.3143586 0.4349464 0.2659479
50 0.4154103 0.3624227 0.5700928 0.4063819 0.9886974 0.5806782 0.4702803 0.868666 0.2702338
51 0.3413305 0.3888596 0.4536995 0.522032 0.5322056 0.3958466 0.3480535 0.457435 0.2387295
53 0.2686937 0.2944607 0.4253698 0.3999809 0.4265523 0.3042312 0.2678165 0.3127314 0.2543222
54 0.3661993 0.4538518 0.4989458 0.5474441 0.6207913 0.3645021 0.3645918 0.5815722 0.2579623
55 0.3516611 0.3790225 0.4558455 0.4214449 NA NA NA NA 0.2591977
56 0.2568702 0.2830281 0.3696925 0.3969905 0.3651083 0.2615454 0.3327676 0.2989447 0.2586874
58 0.2701113 0.2807078 0.4063815 0.395448 0.6484071 0.4792158 0.4174103 0.636209 0.2581989
59 0.4184895 0.2639583 0.5825742 0.4315731 0.4263998 0.2394599 NA NA 0.246183
60 0.5345419 0.3408821 0.6888417 0.3650393 NA 0.3356053 NA NA 0.2646875
63 0.3443584 0.4479233 0.4355186 0.4959909 NA NA NA NA 0.2535463
65 0.2856306 0.336185 0.4368755 0.4463134 0.4830512 0.3400253 0.3291326 0.4324681 0.265175
67 0.3605171 0.3102733 0.4827058 0.4260524 0.5302764 0.3061291 0.2689992 0.4821138 0.24725
69 0.4640017 0.292986 0.7699972 0.5111884 1.229682 0.6384738 0.6280446 1.263208 0.2503163
70 0.604274 0.5718829 0.7888808 0.6446465 1.13999 0.6793189 NA NA 0.2584405
72 0.3275869 0.3583477 0.4910234 0.5283561 0.556379 0.4337404 0.4263651 0.3599105 0.2608746
73 0.3077289 0.3905712 0.4332469 0.4979185 0.5759199 0.444069 0.4295685 0.4370569 0.2670647
76 0.2956903 NA 0.3950398 NA NA NA NA NA 0.2523859
77 0.4799667 0.3843959 0.6858498 0.4274678 1.721203 0.5792466 0.4225586 1.428391 0.251535
78 0.4448186 0.4840792 0.567428 0.6596191 1.148523 0.9929637 1.263256 0.9889124 0.2448414
79 0.3520318 0.3273239 0.4503222 0.3893429 0.4338427 0.2755823 0.2107712 0.293106 0.2549064
82 0.3147392 0.3157909 0.4295338 0.3822009 0.4271389 0.2435468 0.1936105 0.3236754 0.2774454
83 0.2142788 0.4525766 0.3619564 0.6438063 0.7822735 0.8324625 1.030598 0.5608781 0.2446395
85 0.3805267 0.3745751 0.4840029 0.4493135 0.6050469 0.4212092 0.3398478 0.4252766 0.251535
86 0.3420259 0.4071163 0.4311494 0.5861901 1.464839 0.6897085 0.6294048 1.596313 0.2555187
87 0.3693331 0.3897199 0.5052428 0.5126408 1.191926 0.7824313 0.6142498 1.057191 0.2513123
89 0.548258 0.4062719 0.7487719 0.5081155 NA NA NA NA 0.2768875
90 0.3309775 0.3406318 0.4395038 0.4318238 0.4835125 0.3047448 0.2971301 0.3005454 0.2644516
91 0.3942581 0.3807582 0.5618268 0.4848679 0.781052 0.4458826 0.3782185 0.6529097 0.2549064
92 0.2733432 0.1129723 0.4033016 0.2365335 NA NA NA NA 0.2611777
93 0.3904616 0.2055022 0.5628263 0.3099347 0.7381219 0.4502323 0.2700741 0.4177529 0.2577307
94 0.2531192 0.2415135 0.4680769 0.4014064 0.4679737 0.2996883 0.3518091 0.354431 0.25
95 0.4286427 0.4497623 0.5474446 0.5317011 0.6967721 0.3780123 0.3443737 0.6319235 0.2537642
96 0.4301258 0.3502934 0.5614662 0.51044 0.5469151 0.4454055 NA NA 0.2555187
98 0.3635422 0.3570209 0.4851371 0.470136 0.1342387 NA NA 0.1476343 0.2476241
99 0.4915318 0.4041531 0.5961244 0.4827163 0.7148213 0.4732011 0.3933657 0.5846716 0.2700309
100 0.3181186 0.3105709 0.4247911 0.4098495 0.4399472 0.2747412 0.2835253 0.2568175 0.2850131
105 0.3116762 0.3047965 0.4151498 0.3937676 0.4431756 0.2880341 0.3436319 0.3450135 0.2546109
107 0.3024581 0.354492 0.4308036 0.5196965 1.251993 0.679396 0.8693408 1.46967 0.2589398
108 0.5460753 0.3596362 0.749459 0.3808189 1.967084 1.510177 0.8569227 1.373735 0.2644516
114 0.4403778 0.3438962 0.6848538 0.458921 1.355666 1.05362 0.6848499 0.6525525 0.2629312
115 0.3379732 0.6558142 0.4642536 0.7647712 0.7719633 0.5563823 0.6014772 0.6462296 0.2520189
116 0.3568448 0.5981814 0.5487317 0.7930724 1.061881 0.8647153 0.9879199 0.8299917 0.2436212
118 0.4870703 0.6980312 0.5483743 0.7175647 0.4688652 0.2952961 0.3425463 0.4203296 0.2848461
119 0.3613543 0.3625539 0.5172188 0.4588171 0.8836026 0.6312421 0.3862703 0.5428844 0.2496912
121 0.3540772 0.3442442 0.4673302 0.3895595 NA NA NA 0.2928746 0.2549064
122 0.3625338 0.4609806 0.5327773 0.5664709 NA NA NA NA 0.2457233
123 0.3214972 0.2877127 0.4275649 0.3641188 0.6120721 0.4702638 0.4022697 0.3604958 0.2458446
125 0.342211 0.2867447 0.4864172 0.3421651 0.6653522 0.365654 0.3187289 0.6918708 0.2639945
126 0.4282104 0.2657138 0.5708054 0.3518535 0.9344931 0.5061793 0.3193164 0.7298548 0.2846822
127 0.3830416 0.3365867 0.5192193 0.4103175 NA NA NA NA 0.2503163
128 0.3751759 0.2846351 0.5169818 0.4025441 0.8032266 0.4504095 0.3742749 0.6704798 0.2520189
130 0.2341616 0.2181206 0.3213206 0.2781432 0.2714878 0.1943589 0.1536737 0.1719453 0.2482497
132 0.4367877 0.5594797 0.5228344 0.6221869 0.6309063 0.3860142 0.2785759 0.5269121 0.2614882
134 0.2496463 0.2554267 0.4065604 0.3448479 0.3905572 0.2456704 0.2278999 0.2429903 0.2857143
135 0.30927 0.2943586 0.4086975 0.3499296 0.4003565 0.2578812 0.232733 0.2763905 0.2696369
136 0.3881463 0.3348593 0.6768199 0.5494184 1.079215 0.702852 0.6053631 0.843562 0.2535463
139 0.2711358 0.3285262 0.4303435 0.5399254 NA NA NA NA 0.244877
140 0.4740058 0.6614463 0.5826183 0.6477264 1.333067 1.13245 0.8891879 1.333527 0.2608746
141 0.3304069 0.3380577 0.4621205 0.4153001 0.5314681 0.3506982 0.2866494 0.3621961 0.2608746
144 0.2888952 0.3025079 0.4264983 0.3871075 0.6177708 0.4920209 0.4092704 0.4760647 0.2506402
146 0.4164303 0.4357272 0.6103737 0.5054749 0.854665 0.6206614 0.37511 0.4324041 0.2715437
147 0.3109813 0.3566558 0.4881596 0.4806413 NA 0.1679581 0.2070938 NA 0.2500888
148 0.2816285 0.3047353 0.4266101 0.4380193 NA NA NA NA 0.2506402
149 0.2551258 0.2593475 0.3589721 0.3980281 0.5453168 0.5495574 0.5488855 0.3111309 0.2543222
151 0.2975853 0.2667686 0.4211829 0.3385135 NA NA NA NA 0.2455143
152 0.3341417 0.2778853 0.456607 0.3635549 0.6355228 0.3754759 0.2976506 0.6128019 0.2465298
153 0.385587 0.2569579 0.4533335 0.2908164 0.3241422 0.1479632 0.1244698 0.1881355 0.276361
154 0.394256 0.3173945 0.5264492 0.429451 0.7780884 0.5323066 0.3812686 0.5804268 0.2414023
155 0.3656244 0.2475423 0.5021938 0.3222053 0.524911 0.2494407 0.2052923 0.3407254 0.2704409
156 0.3843623 0.2912785 0.4913829 0.3360191 0.4584056 0.254405 0.1719823 0.2961105 0.2696369
157 0.353016 0.3230249 0.520157 0.4344302 0.6480447 0.443146 0.4115748 0.4997967 0.2635561
