1 4.766921 -0.1707375 0.1200435 -0.9897613 0.4980144 0.7106383 0.07879565 0.1993163 4.466734 -1.252811 -0.8559493 0.50889 -0.5271846
2 4.932122 -0.6215811 0.6571271 -0.2948811 0.6316843 0.1614232 0.1228363 0.2468096 109.6155 -0.01587287 -0.3163675 0.3419641 -0.7068007
3 5.497673 -0.4718973 -0.3322186 -0.4899418 0.5972725 0.5427318 0.2039951 0.1497841 3.64545 -3.947384 0.521952 0.576348 0.02123203
4 5.792878 -0.6758724 -0.5294628 -0.4437646 0.3758025 0.4418262 0.08153949 0.04561111 2.478492 -0.6979624 -0.5586267 0.4936743 -0.6478694
5 5.243996 -0.2844289 0.1693308 -0.9596315 0.4847727 0.874217 0.2043803 0.09263054 26.68068 0.5241844 -1.970178 0.4143751 -0.7899426
6 5.091743 -0.2615625 0.1611926 -0.8504023 0.5405293 0.9994432 0.3177231 0.1562703 5.067799 -0.5825633 -1.996936 0.6692346 -0.6560693
7 5.178904 0.09229751 0.5433199 -1.313044 0.329458 0.2798183 -0.09307885 0.1299107 4.947193 -0.605619 -1.436472 0.459414 -0.3964851
8 5.484264 -1.099498 0.2507063 -0.2010324 0.7393556 0.1750145 -0.09778285 0.3212954 91.61167 2.391622 -2.560797 0.6092884 -1.347274
9 5.126812 -0.6996112 0.2686001 -0.9774585 0.1976317 0.3737215 0.05168983 0.1467408 3.150266 1.922031 -2.933962 0.7906635 -1.19492
10 5.544892 -0.6537982 -0.8156104 -0.3133033 0.4323692 1.018636 -0.03391715 0.1064687 45.60083 0.3577978 -0.9370803 0.4024786 -0.7301936
11 5.206723 -0.1146264 -0.7336035 -0.3637801 0.3835096 0.4160491 0.1548057 0.3364621 4.198082 -0.8427291 -1.67162 0.6395647 -0.4894751
12 4.82348 -0.7293359 0.9095041 -1.086028 0.4730647 0.4226137 0.0922926 0.6274586 187.5452 1.004356 -2.486255 0.4488091 -0.8839804
13 5.742544 -1.546214 -0.7098697 0.3464614 0.577938 1.205702 -0.8279298 0.944223 48.75931 2.76189 -0.6081445 0.5767856 -1.743797
14 5.487992 -0.5957335 -0.5114668 -0.7478919 0.4197881 0.4514546 0.1850886 0.1947038 4.144376 -1.216127 -0.5760613 0.3471024 -0.376583
15 5.510691 -0.8429818 -0.4221056 -0.06288756 0.5734629 0.5740581 0.1307924 0.304476 5.743788 -0.03712614 -1.192814 0.302798 -0.5225646
16 4.955213 -0.463402 0.00893847 -0.3290617 0.4277867 0.0894009 0.08176116 0.1455235 3.61194 -1.849663 -0.5236287 0.3384639 -0.1985974
17 5.107104 -0.3863918 0.5087602 -0.5985614 0.3760444 0.6613144 -0.07692267 0.05947466 3.910779 0.3485269 -1.503149 0.3654626 -0.6124709
18 5.766041 -1.549594 -1.000658 0.5680189 0.5373932 0.8274345 -0.1295664 0.8655996 66.93263 -1.167355 -0.4827689 0.4597338 -0.509385
19 5.78041 -0.3956195 -0.05324054 -0.9648694 0.3023036 0.2453123 1.266896e-05 4.21863e-07 2.323838 -1.115998 -0.9308887 0.3054166 -0.2647367
20 5.220768 -0.2350416 0.04152761 -0.8440347 0.3816195 0.2658278 -0.01773122 0.3889888 4.804637 1.129305 -3.221548 0.8792036 -1.285196
21 4.865254 0.079907 0.1888361 -1.373378 0.3252048 0.6580271 0.06452141 0.3074769 15.06119 0.1832049 -1.465615 0.3730197 -0.5995907
22 5.534591 -1.631563 -0.3775342 0.5464276 0.6045925 1.078368 0.1874175 0.4813572 33.74597 2.314616 -2.074162 0.4377727 -1.035662
23 5.500292 -0.584661 0.1310632 -0.9806698 0.508439 0.3875442 -0.02777342 0.1151744 69.72215 3.619658 -2.465567 0.7284572 -1.898333
24 4.899518 -0.4919356 0.5315062 -0.2326562 0.5929876 0.1440987 0.04717432 0.4013463 6.665815 0.7436514 -0.8835455 0.2138047 -0.6516507
25 5.592075 -0.5752433 -0.3558651 -1.328357 0.7679789 0.6914848 0.1561512 0.3693845 84.89513 -0.4090918 -0.8199881 0.4688976 -0.6624966
26 5.633882 -1.492685 -0.5605978 -0.04492449 0.4410787 0.7179795 0.4005229 0.2955364 4.06333 0.7309935 -2.046765 0.4645245 -0.7608799
27 5.180532 -1.21896 0.1426098 -0.05199447 0.3897472 0.6672545 0.2065257 0.4408944 145.522 -1.282634 0.02624223 0.5359576 -0.492284
28 5.248795 -0.2852878 -0.1226463 -0.418263 0.6178647 0.2243197 -0.001616187 0.1915637 100.9098 -0.5534395 -0.3703541 0.3463117 -0.5415768
29 4.983253 -0.7263343 0.4505485 -0.2463444 0.5802186 1.33841 0.1947476 0.1839603 9.282246 -1.025205 -0.2685879 0.4521627 -0.5277013
30 5.732301 -0.209511 -0.6746911 -0.5722061 0.4446222 0.5696882 -0.09874319 0.5191877 4.188962 -0.8328624 -0.8248444 0.492202 -0.4996254
31 5.495536 -0.7725066 -0.3901835 -0.6550767 0.962833 0.2454899 0.02892046 0.4042646 4.903342 -0.1532985 -1.261165 0.5564486 -0.843147
32 5.029892 -1.157662 0.4053803 -0.1048156 0.6792883 0.3935297 -0.3268529 0.9416237 7.876884 -0.03001283 -1.762721 0.4850758 -0.975775
33 5.618624 -1.288339 -0.2434211 -0.3475314 0.528475 0.4764117 -0.6888267 1.257909 69.77094 3.011648 -1.899698 0.280652 -1.305527
34 5.204321 -0.7322291 0.03236587 -0.4606487 0.8235501 0.598288 0.2374413 0.1972924 10.08037 1.580586 -1.97766 0.3494469 -0.9073951
35 5.514219 -0.7846806 -0.2603993 -0.1069314 0.370996 0.3324753 -0.09630895 0.2103833 4.901337 -0.09811307 -1.154646 0.351589 -0.5352857
36 5.609489 -0.9384931 -0.2439169 -0.5230594 0.9684329 0.6223581 0.1453234 0.04913051 61.08151 2.14854 -3.097004 0.4072792 -0.9959153
37 5.015116 -0.5162408 0.6665387 -0.5506937 0.7965578 0.7639894 0.05355181 0.06351874 15.70269 -1.12882 -0.7947408 0.362274 -0.3049651
38 5.526527 -0.6839565 0.0418664 -0.4741653 0.3892917 0.2547492 0.01046248 0.2888126 6.61208 0.4836714 -0.878707 0.2602821 -0.5807778
39 5.517945 -0.4550885 0.05655034 -0.05339105 0.386433 0.6896698 2.910739e-06 1.163698e-07 3.886151 -0.5680857 0.04982773 0.2658478 -0.4124874
40 5.532164 -0.7880533 -0.1469307 -0.5691058 0.8744953 0.2886336 -0.2872969 0.5393877 10.9621 3.316503 -1.011925 0.3341029 -1.498817
41 5.042617 -1.479521 0.1128964 0.0283218 0.3803766 0.8908292 -0.4380184 1.444439 13.23606 0.4753407 -0.7046882 0.8594643 -1.421822
42 5.621567 -0.320055 -0.4309632 -0.7327611 0.3097511 0.3373345 -0.007810086 0.08252228 2.489448 -1.4096 -0.6491001 0.403458 -0.2945995
43 5.130684 -0.6323424 0.380114 -0.2174351 0.3727341 0.3032145 0.04733815 0.04189707 5.360443 -0.7259127 -0.2922799 0.4082436 -0.4698474
44 5.815842 -0.7965829 -0.6542379 -0.5153975 0.7109759 0.2259711 0.2172231 0.3685964 8.18996 2.336112 -2.640891 0.3480254 -1.056165
45 5.667748 -1.363761 -0.1611724 0.3996541 0.4293753 1.02001 -0.2371207 0.456338 5.166201 -0.1833088 -0.3069086 0.4335817 -0.6370554
46 5.242158 -1.045844 -0.2658085 -0.5514383 1.117907 0.6171698 -0.08318748 0.6253173 76.44235 4.856275 -2.991477 0.1880552 -1.741474
47 5.510011 -0.8198071 -0.8458234 -0.1756689 0.9087682 0.9431304 0.03355864 0.7385765 10.6706 -0.901871 -1.552515 0.3440673 -0.3537383
48 5.216309 -0.5700989 0.07066171 -0.3779124 0.4992373 0.8586049 5.26643e-09 2.267814e-09 5.046359 0.3080227 -1.410618 0.4796491 -0.7940294
49 4.483745 -0.4955028 0.1685637 -0.475106 0.5917576 1.142115 -0.2442115 0.8249587 15.29031 -0.8562241 -0.5440074 0.3069759 -0.5002882
50 5.892354 -0.812033 -0.6683472 -0.4376461 0.5712593 1.05274 -0.1070133 0.4236141 51.0523 -0.2679538 -1.340174 0.7065948 -0.7727543
51 5.00407 -0.996348 0.210266 -0.3273039 0.3717445 0.5822845 -0.1780067 0.4142473 200 -0.7673571 -0.3022951 0.6008022 -0.8357547
52 5.549874 -0.4737034 0.0248492 -0.837375 0.3978505 0.6311794 0.3061331 0.1773004 10.68159 3.813159 -1.667792 0.3767854 -1.475084
53 5.83112 -0.5500982 -0.822743 -0.6852801 0.4485051 0.7241301 -0.4903698 0.6649608 11.74452 1.039013 -2.295939 0.4102854 -0.7864091
54 4.890488 -0.500474 0.7111389 -0.9786476 0.7758256 0.4007968 -0.1220252 0.3115359 26.36733 -1.457437 0.3772045 0.4428401 -0.4341117
55 5.692624 -1.096914 0.03211043 -0.7395124 0.5399049 1.217405 -0.833058 0.8067967 23.46547 4.642621 -1.538399 0.4238771 -1.717479
56 5.21732 -0.4310885 -0.4587591 -0.6582404 0.5397633 0.6815996 0.09135358 0.1398761 14.32153 -2.233538 -0.5006667 0.6382762 -0.4179076
57 5.501901 -0.6887085 -0.6520092 -0.3203358 0.6496311 0.3884625 0.1257643 0.1982767 7.942777 -0.5342916 -0.7712243 0.4185541 -0.5230214
58 5.149796 -0.8250747 0.1166344 -0.6526481 0.5825502 0.3475693 0.3855008 0.5349432 8.791027 -0.6876993 -1.429704 0.3274315 -0.5111702
59 6.294182 -0.7885163 -1.029856 -0.6081235 0.5561432 0.23529 0.2137702 0.2055202 10.97464 -0.6169458 -0.4045731 0.5307155 -0.7777556
60 4.817083 -0.6353734 0.6835981 -0.6572658 0.6398847 0.2852124 -0.3010058 0.6076575 5.992901 -0.04853283 -2.4563 0.5371707 -0.7366172
61 4.86068 -0.6406941 0.5583953 -0.5530332 0.3656833 0.3450954 -0.04413731 0.1450816 40.26063 -1.006788 -0.5708747 0.5363279 -0.6261249
62 5.182114 -0.2781456 0.2723443 -0.9264884 0.5674585 1.110598 -0.04029872 0.2361059 5.633956 -1.805083 0.418154 0.2340821 -0.4220464
63 5.489478 -0.5403965 0.06951902 -0.6916883 0.4281268 0.3933253 0.1004145 0.1903134 6.018007 -1.958647 -0.9746835 0.7412522 -0.5854405
64 5.864882 -1.006487 -1.365497 -0.2466728 0.7429273 0.4350527 0.2586631 0.1900357 57.24531 0.2259825 -1.131326 0.3861187 -0.6676335
65 5.5651 -0.6906624 -0.2171623 -0.07339443 0.5618807 0.1223442 0.07802107 0.3319183 5.214527 -0.5296861 -0.5352377 0.1890641 -0.3760505
66 5.221993 -0.9548393 -0.03581799 -0.153951 0.565437 0.3613831 0.05628031 0.06284405 75.66676 1.200209 -0.9255538 0.2559545 -0.8497467
67 5.019416 -0.6161365 0.43475 -0.59106 0.3396588 0.6226343 0.1040627 0.04635637 4.190162 0.08982557 -1.501294 0.4646274 -0.543113
68 5.849747 -0.9950765 -0.2695913 -0.3723248 0.3554356 0.2834929 0.1001864 0.05265235 2.4203 -0.6622297 -0.6074964 0.2164401 -0.3547467
69 5.555143 -0.9522927 -0.1033698 -0.3843584 0.5324187 0.6108094 2.299806e-08 1.592337e-09 9.479408 -0.2534769 -1.553153 0.3295092 -0.4683039
70 5.6406 -0.7429074 -0.121091 -0.5013418 0.7120438 0.8329566 -0.09023015 0.1829198 6.123785 -0.4783929 -1.140756 0.4499606 -0.4821513
71 5.948735 -1.093129 -1.079594 0.09714374 0.8731873 0.4089449 0.2794263 0.4479465 168.5042 -0.7208509 -0.4733035 0.7062944 -0.9975984
72 5.605889 -1.090831 -0.07448514 -0.7075469 0.7288274 0.08576542 -0.08799616 0.4508441 48.27247 0.6205216 -1.195136 0.4776314 -0.7334988
73 5.531819 -0.6062788 -0.4033343 -0.02069489 0.3660879 0.3845158 0.02512426 0.01401175 15.23005 -1.537737 -0.4296755 0.5274515 -0.4386978
74 5.08962 -1.017834 -0.08781793 -0.4204105 0.5800112 0.6068613 0.2148211 0.4373406 41.99616 0.6695759 -2.17963 0.6196339 -1.000167
75 5.702647 -0.6494836 -0.5985634 -0.7766726 0.4707639 0.8087615 -0.3120922 0.4006349 14.22032 1.669507 -2.954759 0.4739601 -1.047345
76 5.056136 -0.04076525 0.6591091 -1.203609 0.8150892 1.638481 -0.02830632 0.1616816 141.6738 -0.8916122 -1.754122 0.6018271 -0.5951436
77 5.173422 -0.7423758 0.08576494 -0.1340743 0.4343267 0.4690744 0.0456923 0.1489595 4.316558 -2.73468 -0.3641088 0.2747231 -0.04165233
78 4.63261 -0.1458081 0.4989138 -0.8795878 0.8261311 0.4054456 0.0231295 0.03065637 3.991689 -0.9646198 -0.3071039 0.3302215 -0.5603981
79 4.200757 -0.752212 1.332324 -0.7188422 0.4362899 0.3424466 0.2035289 0.274141 2.936921 0.564841 -1.211187 0.3049183 -0.7119701
80 5.688188 -0.4558164 -0.534091 -0.2530877 0.5436384 0.2505287 0.1363813 0.3408764 4.971759 -1.78649 -0.1440595 0.3213894 -0.2120642
81 5.236075 -0.6174851 -0.7220414 -0.2102657 0.3256703 0.4216843 0.06638496 0.1540299 5.100749 -1.455554 -0.1618711 0.4960021 -0.4221516
82 5.605938 -0.2748521 0.007375536 -0.6504315 0.4267339 0.5230094 -0.1684106 0.4076677 3.4603 -1.690002 0.2965867 0.2251463 -0.2282217
83 5.502339 -0.6135263 0.0285214 -0.4580709 0.5564795 0.5664762 0.3187882 0.2270151 6.996788 -0.5034667 -1.375286 0.3023759 -0.4939328
84 5.184647 -1.208211 -0.20181 0.498234 0.5269471 0.2068164 0.1552401 0.3299888 3.227577 -0.6624733 -0.739456 0.1894055 -0.3121674
85 4.967265 -0.9020199 0.4673342 -0.2271283 0.5746829 0.2797069 -0.1087027 0.2068848 5.13436 0.5015716 -0.746012 0.2899638 -0.755702
86 5.16965 -0.2786073 0.6655777 -1.395143 0.5598049 0.1643656 0.1175982 0.3326949 3.938668 -0.5996246 -2.011008 0.4040351 -0.4051598
87 5.60965 -0.8591738 -0.2690783 -0.6411562 1.213958 0.4009461 -0.01971061 0.06411978 7.4741 3.262485 -2.588177 0.4404359 -1.451646
88 5.617103 -0.4423811 -0.2718568 -0.5076076 0.4363166 0.5645451 -0.2191575 0.2796567 5.798681 -1.071289 -0.8452394 0.2960941 -0.3184923
89 5.67081 -1.456591 -1.041022 0.6105706 0.5264935 0.424428 -0.1553686 0.2668751 3.713342 -0.7432884 -1.934559 0.3013157 -0.2773933
90 5.859019 -0.8047318 -0.5223423 -0.5852247 0.4537302 0.945461 -0.3450439 0.2826834 126.8205 3.788467 -2.163243 0.4822472 -1.517582
91 5.652084 -1.45884 -0.9449982 0.714827 0.7237177 0.201148 0.2605019 0.4678527 35.76972 -0.2145231 -0.9956955 0.6633058 -0.9009444
92 4.614667 -0.394123 0.3364205 -0.7563788 0.4876781 0.623551 0.04392687 0.1902736 52.11604 0.167951 -1.292689 0.4753346 -0.8133686
93 5.799642 -0.6320022 -0.2297823 -0.5091339 0.6126436 0.444844 -0.04592274 0.3219877 127.1416 0.4262907 -1.79612 0.6547283 -0.856175
94 5.576754 -0.5365749 -0.5383627 -0.1491777 0.5390743 0.6018188 -0.0777984 0.5165574 11.08501 -1.003539 -1.230263 0.3841235 -0.360873
95 5.570406 -1.337205 -0.4143151 0.3085934 0.6121398 0.7677909 -0.01197941 0.2639419 2.946946 1.548675 -0.5900797 0.1385104 -0.8939679
96 5.833313 -0.8587262 -0.5348322 -0.6009579 0.8029277 0.3601972 -0.02491357 0.7216032 13.91761 -0.4737613 -0.9929395 0.3030564 -0.4380198
97 5.14196 -0.6126755 0.1038744 -0.7321408 0.7543068 0.06238103 -0.03712505 0.1036476 48.26132 1.797542 -1.608963 0.5649519 -1.3246
98 5.519049 -1.137708 -0.3607605 0.3657595 0.822124 0.5235048 0.2157863 0.177417 6.240485 1.395614 -2.008301 0.533984 -0.8853783
99 5.246533 -1.038005 0.02366694 0.1295646 0.6727926 0.8347997 1.402342e-07 1.249685e-08 14.80841 0.4273806 -0.9310671 0.4476081 -0.7405117
100 5.577389 -1.163395 -0.5111003 0.11439 0.6164777 0.1548738 0.02013572 0.1672182 9.472427 3.994288 -0.7287513 0.2554181 -1.447598
