1 0.4207069 0.4396052 0.5740056 0.5226829 0.8848391 0.5664127 0.5610409 0.9974824 1.42403 0.9989183 0.6716076 0.6757176
2 0.320785 0.332493 0.3987635 0.3950578 0.4582348 0.3350318 0.2936329 0.3344813 1.266502 0.6278778 0.2585532 0.4503366
3 0.5273351 0.2976193 0.6799459 0.6499465 NaN 0.5067799 0.5595289 NaN 1.131145 0.6817398 0.06150585 NaN
4 0.4965036 0.3981067 0.6620151 0.5077796 0.9753837 0.5374042 0.4250123 0.8995607 1.537681 1.116263 0.4796231 0.6148904
5 0.3525019 0.2805706 0.5025058 0.3154681 0.5446825 0.2771877 0.1958993 0.3218911 1.540638 1.149465 0.4429722 0.6925956
6 0.4782694 0.7523458 0.6601036 0.6804354 1.987054 1.925854 1.661481 0.9124384 1.340342 1.122754 0.4244976 0.4499789
7 0.3218912 0.2727912 0.417371 0.4199246 NaN 0.1968225 0.2872838 NaN 1.190906 0.6192109 0.2189398 NaN
8 0.2848795 0.5244973 0.4121773 0.5598321 0.6876694 0.4831364 0.3909797 0.6183503 2.375522 1.354217 0.4370567 0.970444
9 0.5121894 0.511105 0.698032 0.5701165 0.4873872 NaN 0.3010578 NaN 2.038697 1.696291 0.5464826 0.7815636
10 0.3397065 0.2399427 0.5090809 0.3486967 0.4459969 0.1844939 0.2029278 NaN 1.357445 0.8288758 0.2750723 0.244228
11 0.3448727 0.5506464 0.5607601 0.6202987 1.002137 0.7118133 0.522107 1.161807 1.624562 1.071268 0.4002736 0.5486278
12 0.3183927 0.547902 0.4202808 0.6018153 0.8179914 0.6047028 0.6007997 0.8750241 1.069727 1.06735 0.3374722 0.5586084
13 0.3916061 0.3879614 0.5186309 0.4692067 NaN NaN NaN NaN 1.913238 1.026293 0.4073085 0.8242384
14 0.3678476 NaN 0.4901917 0.1729869 NaN NaN 0.2898283 NaN 0.8442144 NaN NaN NaN
15 0.4296613 0.5355799 0.5449452 0.5993566 0.9628976 0.635025 0.6123577 1.040114 1.15734 0.8819041 0.3784358 0.5032544
16 0.3405842 0.4136449 0.4491376 0.4960626 0.588722 0.4317161 0.4839192 0.5245564 0.9659837 0.6216122 0.2499358 0.3350663
17 0.4113267 0.5931694 0.5255705 0.4644804 0.9462311 0.5340618 0.321728 1.281594 2.556356 1.513638 0.4667404 1.148423
18 0.3335996 0.4669824 0.4813799 0.5833946 0.2430027 0.4268779 0.5937524 NaN 0.8978142 0.7070973 0.2673926 0.2677838
19 0.4616879 0.3273923 0.5728124 0.3636394 0.7271104 0.3930126 0.2605152 0.3910762 1.035694 0.5943279 0.2142585 0.3198682
20 0.2764915 0.3292426 0.429796 0.4810687 0.8031177 0.6081106 0.5560092 0.6925052 1.77321 1.463181 0.4702662 0.6745321
21 0.3662109 0.38708 0.4833302 0.4004294 0.7145461 0.4688278 0.3778064 0.7351714 1.277195 1.27938 0.6433946 0.9291242
22 0.4006502 0.4368146 0.5738281 0.5728175 NaN NaN NaN NaN NaN NaN 0.2146472 NaN
23 0.2649203 0.2247574 0.3946923 0.3179284 0.3751376 0.2185322 0.1762892 0.2783765 3.313562 1.78016 0.4231105 0.9186035
24 0.3154185 0.5010505 0.4465524 0.5532661 0.5835769 0.4184159 0.4334645 0.6744197 1.160385 0.6473386 0.2073489 0.4445717
25 0.3681946 0.3050056 0.5501752 0.5262814 0.7917109 0.60052 0.5346381 0.2424976 1.174523 0.8808741 0.2571987 0.2339523
26 0.4078305 0.6849665 0.6178927 0.6640001 0.4077482 0.4338853 0.2960394 NaN 1.495986 1.014127 0.3054031 0.4347531
27 0.3238429 0.3816791 0.4844571 0.5110736 0.5448964 0.4189781 0.4672456 NaN 0.9621453 0.657949 0.3121515 0.3254489
28 0.2534658 0.2410138 0.3992538 0.3362161 0.4111656 0.2797616 0.2680683 0.3694273 2.012481 0.8206048 0.22847 0.4997393
29 0.4824934 0.3520252 0.6886037 0.4541355 1.145763 0.7250064 0.5813448 NaN 0.8241409 0.7128296 0.2628511 0.2782511
30 0.410713 0.3065301 0.5576649 0.6353148 0.6268253 0.4433749 0.6548502 NaN 1.472822 0.7661137 NaN NaN
31 0.4360639 0.5980808 0.5787633 0.7127604 2.785847 2.054218 1.608297 2.876905 2.387446 2.227606 0.4333198 0.958155
32 0.3183597 0.4738713 0.4833398 0.5904289 1.156967 0.8581999 0.7889565 1.151107 1.587134 1.323322 0.3604158 0.9982157
33 0.2963013 0.486469 0.4178348 0.6075501 0.6495419 0.6057375 0.7797466 0.5620683 2.566738 1.02258 0.2735099 0.8013845
34 0.4175499 0.284359 0.5907621 0.5189481 0.8027914 0.4775821 0.5281304 NaN 1.237264 0.2630542 NaN NaN
35 0.3846807 0.3216561 0.5476273 0.4333666 0.3271256 0.2070082 0.1784306 NaN 1.534407 0.8818929 0.32249 0.462643
36 0.4468257 0.4789769 0.5638833 0.4822897 0.8964285 0.5916292 0.4741649 0.6671505 2.800701 2.136287 0.2603198 0.8790585
37 0.484393 NaN 0.5858273 0.4164681 NaN NaN 0.3828247 NaN 0.7785451 0.6284144 NaN NaN
38 0.2889562 0.3486307 0.4084882 0.4240368 0.3939907 0.3183232 0.2292631 NaN NaN 0.621782 0.2155099 NaN
39 0.3915262 0.2697235 0.61831 0.3698844 0.9115327 0.4487607 0.2645943 0.6769092 1.180137 0.6174358 0.2947753 0.4446963
40 0.3337874 0.3554231 0.5120651 0.5345984 1.100916 0.8480965 0.7580251 0.9593048 3.778862 1.657818 0.3504453 1.155684
41 0.33303 0.5987742 0.5151014 0.7844746 0.09828305 0.4365243 1.145534 NaN 1.916203 1.197464 0.3950468 0.6926446
42 0.5850342 0.4272615 0.9216114 0.6057202 1.244937 1.097351 0.6427146 NaN 1.362145 0.8816515 0.3229734 0.4281201
43 0.2850653 NaN 0.4335471 0.1475567 NaN NaN NaN 0.5230028 1.092071 0.7518679 0.3525205 0.5681822
44 0.3867331 0.5786899 0.4894216 0.6493223 0.7967302 0.5662381 0.6177558 0.5815916 2.344538 1.732984 0.3037523 0.6544678
45 0.4833293 0.4362475 0.7483664 0.5527627 1.083193 0.5959651 0.5821912 NaN 1.324809 0.8142696 0.3891361 0.4355769
46 0.371754 0.4318222 0.5977999 0.5917103 1.031033 0.6982959 0.6844135 0.9876329 3.635887 1.968191 0.2334817 1.11169
47 0.4029406 0.3695814 0.6530214 0.6326292 0.7251943 0.6351083 0.7577138 NaN 0.9637651 0.7006395 0.1822293 NaN
48 0.4484172 0.3180182 0.5937214 0.3614308 1.068639 0.3894933 NaN 0.3233155 1.658409 0.8711213 0.3479446 0.5803806
49 0.4266609 0.5070162 0.5199406 0.5179044 NaN NaN NaN NaN 0.9556108 0.6465831 0.1861466 NaN
50 0.4025778 0.4264321 0.569104 0.5900966 NaN 0.2244959 0.4468661 NaN 1.657966 1.040339 0.3245033 0.2818149
51 0.2995579 0.3398315 0.3934281 0.4009571 NaN NaN 0.04373415 NaN 1.073039 0.6844314 0.2922541 0.3114513
52 0.3529533 0.3052246 0.4698578 0.3557831 0.6090735 0.3850472 0.3109391 0.3412588 2.993611 1.380037 0.3793768 0.8381544
53 0.3480498 0.4553732 0.487516 0.5106459 1.682573 0.9708859 0.8383896 1.955126 3.345199 2.407104 0.3026378 0.7725293
54 0.3306983 0.3576728 0.4953996 0.5186955 1.176544 0.8323577 0.740177 1.043678 1.361601 0.7490152 0.3158362 0.7091924
55 0.3604394 0.3593557 0.5902886 0.6055174 NaN NaN 0.4424247 NaN 2.357016 1.176882 0.3588768 0.6331475
56 0.3458967 0.3564687 0.5190117 0.3982322 0.727828 0.4118608 0.3637377 0.7162368 1.318411 0.9623592 0.6947728 0.8253059
57 0.4105847 0.4755725 0.5412777 0.5126712 0.7285544 0.4555305 0.4114913 0.761238 1.40182 0.9499906 0.3115553 0.5002155
58 0.3576068 0.4984843 0.4721438 0.5468322 0.5846138 0.4152987 0.4945491 0.3427071 0.8094148 0.748115 0.295063 0.3569673
59 0.3084645 0.3007347 0.4233372 0.3960785 0.4489796 0.2339827 0.2423348 NaN 1.270081 0.6152817 0.2110562 NaN
60 0.3385857 0.4583806 0.47067 0.5374171 0.7272765 0.5374458 0.568021 0.6382095 1.319192 1.097963 0.296241 0.5130256
61 0.2687807 NaN 0.361542 0.1558759 NaN NaN 0.1617465 NaN 1.053448 0.6492848 NaN NaN
62 0.6161688 0.3996238 0.7058947 0.4214593 1.911833 1.213181 0.974649 2.162132 2.202879 1.705476 0.5630222 1.172794
63 0.3205071 NaN 0.4562415 0.3725157 NaN NaN NaN NaN NaN NaN NaN NaN
64 0.3618328 NaN 0.4644961 0.3937603 0.09514386 0.2403719 0.4318515 NaN 0.9986233 0.6078227 NaN NaN
65 0.710755 16.1466 4.541714 2.110142 11.02017 5.853696 9.048707 31.92972 62.68892 20.27801 8.406321 30.62274
66 0.307772 0.2658725 0.4225687 0.3233218 0.4535303 0.2824856 0.235022 0.3715315 1.503378 0.6819436 0.2430996 0.5027089
67 0.5378269 NaN 0.6522309 0.5041275 1.070224 0.7127476 NaN NaN 1.274266 0.9536983 0.3472184 0.413582
68 0.3970578 0.4989802 0.5274938 0.4831319 0.7843376 0.426963 0.4820306 1.195796 1.141012 1.032565 0.2860446 0.6057687
69 0.4164943 0.2453374 0.5352757 0.3466892 0.6212504 0.2082479 NaN 0.2081364 1.023925 0.660393 0.1899421 0.1917769
70 0.4491709 0.3357754 0.6408255 0.6252832 0.5862731 0.5281682 0.6236688 NaN 1.199651 0.8150421 0.1844338 NaN
71 0.3998987 0.367875 0.5116954 0.5127481 0.6451312 0.3719463 0.510299 NaN 1.597474 0.6958754 0.2240855 NaN
72 0.2901509 0.4379882 0.478494 0.6596378 1.498849 1.485503 1.75218 0.7612413 1.709963 1.075307 0.2236185 0.4188838
73 0.2600104 NaN 0.4049798 0.2686128 0.2311662 0.1661597 0.1302691 NaN NaN 0.5508116 NaN NaN
74 0.3461296 NaN 0.4876246 0.297384 NaN NaN 0.3422664 NaN 1.326092 0.6990286 0.1774809 NaN
75 0.3299629 0.3059535 0.4867676 0.3950149 NaN NaN 0.01977775 NaN 1.447489 0.8718801 0.3065192 0.324766
76 0.4234187 0.2652243 0.6707089 0.4154275 0.1650198 NaN 0.4202266 NaN 1.165987 0.7356935 0.1655427 NaN
77 0.3848725 0.3505245 0.4943426 0.3510943 0.7028459 0.3331522 0.250859 0.727437 1.308656 0.7090101 0.4068106 0.7321773
78 0.5286463 0.2871452 0.7946581 0.4448521 1.349548 0.8183112 0.5512426 0.8697862 1.573075 0.8067818 0.2499572 0.5032512
79 0.4269827 0.6401893 0.6247891 0.6340996 0.6854957 NaN NaN 0.8240354 1.008869 0.9047681 0.2503678 0.4793782
80 0.3570413 0.4762277 0.5396293 0.4725053 1.114073 0.6496383 0.6952415 1.852856 1.980594 0.7593819 0.4127804 1.090674
81 0.3599009 0.3443293 0.4820275 0.477637 0.4942304 0.3482247 0.3398194 NaN 1.383673 0.8067549 0.3228135 0.3038762
82 0.4176548 0.3663806 0.5634925 0.5228712 0.9200744 0.6607552 0.5693005 0.6198979 1.227768 0.7271095 0.1854988 0.2850593
83 0.3756883 0.2466515 0.530366 0.4072273 0.5787215 0.1098435 0.2714009 NaN 1.053321 0.6356642 NaN NaN
84 0.417684 0.883094 0.4652683 1.345421 NaN 0.796222 1.578587 NaN 0.6688143 NaN 0.1094018 NaN
85 0.3652476 0.3222731 0.542997 0.4145629 0.6818414 0.4086011 0.3284034 0.5098281 1.128929 0.7722713 0.3370026 0.5722304
86 0.4615652 0.9240396 0.6055688 0.7967841 1.545587 1.110264 0.7766253 1.601107 1.269852 1.575178 0.3604763 0.6851587
87 0.4192381 0.4368549 0.5929924 0.5386805 1.378656 1.051266 0.8905242 0.8050639 2.077985 1.270698 0.3243868 0.6316995
88 0.3602572 NaN 0.4797651 0.2014301 NaN 0.1323565 NaN NaN NaN 0.5811576 0.1410165 NaN
89 0.4427446 0.7817966 0.5423106 0.7684398 0.6545611 0.4499901 0.3857304 0.6224467 1.421088 0.7028546 0.1749845 0.4342403
90 0.2976611 0.2783316 0.4882309 0.3919532 NaN NaN 0.1116883 NaN 1.925194 1.172774 0.2995618 0.4450862
91 0.2981172 0.4132802 0.5091844 0.7386786 1.252496 1.109913 1.44659 1.004977 1.539974 0.8174309 0.3825386 0.630835
92 0.328481 0.2180347 0.4503651 0.3379798 0.402726 0.2100975 0.284248 NaN 1.231444 0.7074605 0.100217 NaN
93 0.380087 0.4530931 0.4703178 0.5184492 0.7018172 0.4794317 0.435124 0.5543188 1.957261 1.3017 0.3666668 0.6180149
94 0.3282785 0.3058712 0.5032042 0.4938817 0.3200254 0.3025455 0.4792268 NaN 1.361033 0.8273493 0.2769068 0.1970306
95 0.5503349 0.4800837 0.7549592 0.570921 2.316485 1.404623 0.9433272 2.877495 1.578291 1.013707 0.273213 0.6242606
96 0.4014136 0.4189718 0.5397347 0.6276321 0.8817744 0.6890665 0.7035417 NaN 1.111371 0.7257618 0.1772749 NaN
97 0.2973583 0.296199 0.385271 0.3371199 0.3734192 0.2422357 0.1940272 0.3053843 1.74155 1.029877 0.4859936 0.8837937
98 0.5057247 NaN 0.6659283 NaN NaN NaN 0.7455262 NaN NaN 0.9766526 NaN NaN
99 0.2563408 NaN 0.5000209 NaN NaN NaN NaN NaN NaN NaN NaN NaN
100 0.3558767 0.4533322 0.5811427 0.8696656 1.281856 0.6864359 0.6289967 2.123494 8.420836 3.112137 0.294654 2.512395
