1 0.3330967 0.2673885 0.4817406 0.3353681 0.3874806 0.1993453 0.2097544 0.1521074 2.283993 0.7733097 0.6389256 0.267827 0.3024206
2 0.2828986 0.3527132 0.3532554 0.3571736 0.2568874 0.1777485 0.175874 0.1686273 245.3683 1.513666 0.5778604 0.2192554 0.5172322
3 0.3692106 0.3518905 0.4776349 0.4120045 0.4493082 0.2687704 0.220388 0.1999074 1.662254 1.293283 0.6676919 0.1798727 0.2398291
4 0.2784117 0.1883233 0.3800685 0.2436266 0.293224 0.1117621 0.08294717 0.1379989 0.9962693 1.067276 0.639366 0.2363521 0.3250639
5 0.3199545 0.215008 0.4692706 0.2698211 0.3871249 0.1661006 0.108091 0.1305078 52.87829 1.308357 0.8695822 0.2773801 0.4173318
6 0.3990276 0.3197409 0.5418726 0.3696448 0.6131866 0.2979252 0.2177543 0.1703436 3.078705 0.9941737 0.7619442 0.2781763 0.3243436
7 0.2532416 0.2958545 0.3370404 0.3288433 0.211864 0.140833 0.1363911 0.1340548 3.286245 2.292173 0.8380476 0.184712 0.4969128
8 0.2535865 0.3704615 0.3716144 0.4233365 0.3083308 0.2684216 0.2611269 0.2154169 223.3816 1.983522 1.018259 0.3144243 0.6575377
9 0.2140021 0.2771908 0.3426042 0.3893728 0.2229507 0.1208085 0.1236178 0.1087589 1.570766 1.320628 1.015808 0.3419663 0.5186692
10 0.3212053 0.222963 0.490641 0.2780353 0.4142086 0.1719382 0.1052764 0.1308919 127.8482 1.279136 0.718476 0.223406 0.3714704
11 0.2479347 0.3420321 0.4134949 0.4376478 0.2738973 0.2505552 0.2756849 0.16876 2.248201 1.328862 0.7282142 0.2390585 0.3594432
12 0.2820252 0.4324208 0.3715862 0.4703113 0.2530535 0.2064057 0.3297862 0.1075073 398.5333 0.9820335 0.8820433 0.2446144 0.3752679
13 0.4238036 0.4335908 0.5427468 0.5111583 0.5633966 0.4831463 0.5146765 0.2323719 120.127 1.960744 0.7188138 0.3330906 0.9096166
14 0.2709644 0.2181474 0.4052129 0.3524571 0.2752142 0.149043 0.1519127 0.1523924 2.244225 0.7967112 0.6015113 0.1708264 0.1893942
15 0.3419237 0.3816781 0.4749803 0.4103547 0.3465569 0.2163282 0.2597053 0.2231541 4.215517 0.9987701 0.6052198 0.1847314 0.291635
16 0.2515358 0.2972136 0.3114921 0.3349541 0.2106789 0.1625024 0.1737134 0.1413745 1.679554 1.030155 0.5564219 0.165265 0.2508483
17 0.3523476 0.2413875 0.4745073 0.2762961 0.3437217 0.1314355 0.08748615 0.1439881 2.239091 1.30968 0.6360084 0.1852004 0.296194
18 0.3175515 0.5214413 0.4700121 0.5833753 0.3950499 0.3597592 0.5230768 0.1359665 142.487 0.8042527 0.5627402 0.2145502 0.3184204
19 0.2394109 0.1566729 0.3181179 0.1923765 0.2617396 0.07796983 0.03947487 0.1297587 0.9229072 1.012412 0.5479917 0.1546143 0.2247802
20 0.2188109 0.2824971 0.3768845 0.3946701 0.2497663 0.2061686 0.2578124 0.1320549 3.034311 1.643994 1.313922 0.4756441 0.6905484
21 0.3329432 0.2906716 0.4204414 0.3480959 0.317508 0.1788943 0.1669696 0.08411715 15.92439 1.043985 0.7091277 0.2125566 0.3051425
22 0.3540387 0.5186922 0.5331289 0.5637749 0.4857761 0.3163804 0.37695 0.2005648 74.25367 1.321671 0.7827252 0.1816897 0.3037231
23 0.2433765 NaN 0.3697956 0.2730586 NaN NaN 0.1114638 NaN 145.6853 NaN NaN NaN NaN
24 0.2493884 0.3624992 0.3514859 0.4257756 0.2230495 0.181358 0.2547199 0.1860662 4.387892 0.9798414 0.5516644 0.1564525 0.2621814
25 0.3182439 0.3086207 0.4804067 0.4443001 0.4420314 0.336224 0.3097781 0.1944071 172.8539 1.071927 0.7944589 0.2100591 0.3244745
26 0.3303703 0.4498451 0.4833428 0.4727702 0.4558128 0.2920844 0.4936624 0.177393 2.389263 1.049872 0.7385501 0.2046798 0.2886346
27 0.272508 0.3331879 0.4111538 0.4573923 0.3066647 0.2048029 0.3246704 0.1121888 329.7536 0.8074626 0.5489952 0.2072369 0.2648759
28 0.2288436 0.2197606 0.3597692 0.3205865 0.2448711 0.1740338 0.2068989 0.139165 215.1411 1.635489 0.6378571 0.1870762 0.3354545
29 0.3993871 0.3117333 0.5868968 0.3743448 0.712289 0.2602588 0.1814839 0.1619018 7.6446 0.6566933 0.5574594 0.2375465 0.2831552
30 0.3310194 0.3959278 0.4416242 0.4907754 0.3406976 0.2501514 0.3147799 0.1677622 2.138664 1.00184 0.6166658 0.2096208 0.2359332
31 0.3256386 0.541973 0.4693882 0.4867667 0.5089965 0.4539937 0.6752818 0.3498565 2.975031 1.915735 1.202405 0.3158064 0.7212732
32 0.2807157 0.4010421 0.426351 0.5478426 0.3900774 0.3878865 0.5573941 0.194274 6.306716 1.199026 0.8583543 0.2889307 0.5578541
33 0.2784834 0.4959573 0.3962014 0.5770719 0.3140393 0.4067059 0.6003692 0.1362142 166.1029 1.970246 0.8498275 0.2209213 0.5961585
34 0.35205 0.3454377 0.4961997 0.4194205 0.528832 0.3240708 0.2475892 0.2499193 10.80661 1.219108 0.8352938 0.2158132 0.3691853
35 0.2512931 0.2554011 0.3590104 0.3388601 0.2318787 0.1579305 0.1500312 0.1148462 2.357203 1.294634 0.5802636 0.1613737 0.3187725
36 0.3953631 0.39659 0.5025375 0.4225468 0.4751872 0.2409644 0.1836474 0.219864 148.4474 1.575978 1.046948 0.1978347 0.4064674
37 0.4065791 0.4179503 0.5211764 0.4265496 0.4755141 0.2295334 0.1920604 0.2627629 21.48141 1.373736 0.5814529 0.1778428 0.3903429
38 0.2365979 0.3063528 0.338093 0.3587182 0.1972431 0.143769 0.362384 0.1396396 5.063559 1.325284 0.6103419 0.1565925 0.291292
39 0.3034708 0.1693148 0.4510245 0.2350787 0.4077489 0.1411408 0.06642984 0.1347789 1.800739 1.052882 0.5158925 0.1428338 0.2325593
40 0.2832963 0.3196509 0.4466747 0.4639962 0.4880748 0.4171598 0.4314809 0.2935894 11.81804 1.985119 0.8083222 0.2342453 0.5494897
41 0.3067535 0.495249 0.4986109 0.6712988 0.4122554 0.3892461 0.7496255 0.1395943 14.54787 1.379614 0.8255677 0.3282656 0.5454642
42 0.2179817 0.2006428 0.3998068 0.2830658 0.222365 0.1332106 0.09804308 0.1159833 0.8803896 1.575283 0.6840741 0.1742457 0.3900611
43 0.2322191 0.18825 0.3514601 0.2885888 0.2079087 0.1102813 0.1255008 0.144538 3.691515 1.128915 0.5229854 0.1708099 0.2897727
44 0.3810886 0.9554602 0.4246759 0.7429828 0.3611465 0.2061397 0.5739838 0.4710677 9.545735 3.825287 2.356073 0.3100663 1.215627
45 0.3307792 0.3329413 0.5579807 0.4539553 0.5883397 0.2785109 0.3276639 0.1806478 3.173929 0.9236846 0.5517074 0.196651 0.321236
46 0.3254696 0.4958503 0.5346212 0.5707063 0.5212985 0.417949 0.456366 0.3733747 138.5241 2.856666 1.424979 0.1884171 0.9025977
47 0.3569864 0.3847498 0.6003529 0.5490608 0.5720198 0.4236108 0.4509298 0.2643852 9.59934 0.8775026 0.758472 0.1615523 0.2437655
48 0.428332 0.2381435 0.5278056 0.267546 0.4607734 0.1642315 NaN 0.1264927 2.810713 1.318773 0.6309568 0.2140656 0.3615014
49 0.4368191 0.4515179 0.5722887 0.5325406 0.5204915 0.3648202 0.4161743 0.1539648 17.88091 0.8060268 0.6289683 0.2019931 0.252184
50 0.355347 0.3608505 0.5134482 0.4752673 0.4822283 0.3089846 0.2907912 0.2082449 114.4301 1.227552 0.7877529 0.2973507 0.3678087
51 0.3040678 0.374384 0.3923561 0.3944027 0.2664797 0.1867519 0.25374 0.08671732 396.2365 1.076552 0.5984098 0.289589 0.4637722
52 0.3078465 0.255586 0.4170393 0.2867636 0.3317363 0.2062242 0.1817172 0.115979 10.91916 2.195545 0.9678682 0.2837706 0.5786052
53 0.3119376 0.5980518 0.4841092 0.4983217 0.472768 0.5940164 0.5083289 0.1554889 16.52738 4.971441 2.66497 0.3200717 1.311881
54 0.2943929 0.3290317 0.4385669 0.4308799 0.4298076 0.3569767 0.386501 0.2736154 44.01809 1.16534 0.5368014 0.1741657 0.3241958
55 0.392734 0.3672198 0.5609388 0.5364719 0.6864672 0.5522195 0.5054674 0.236222 53.9053 2.591047 1.185321 0.2258934 0.7380092
56 0.2882879 0.2366411 0.4939768 0.3336401 0.3615369 0.1599151 0.1662619 0.1601315 15.95635 1.064437 0.6725081 0.301478 0.3807022
57 0.2893658 0.2948339 0.4266215 0.3900443 0.310086 0.1886553 0.2048422 0.2304735 6.343007 1.181683 0.6812798 0.1855093 0.2765869
58 0.3177698 0.4782746 0.4016249 0.5168352 0.2922544 0.2148761 0.3193954 0.1540181 7.240038 0.7311405 0.6668673 0.2040856 0.2407481
59 0.2731993 0.2531419 0.3657783 0.3379245 0.2439888 0.1690545 0.1532901 0.1736452 10.06447 1.207889 0.7221388 0.2426167 0.3445589
60 0.2887119 0.3957343 0.3987079 0.4744899 0.3104463 0.2849095 0.3947325 0.1966995 4.074633 1.357556 0.9291015 0.2706835 0.483904
61 0.2466456 0.2368443 0.3366801 0.2842321 0.2105492 0.1185169 0.1169178 0.09280385 92.19249 1.605851 0.6175831 0.2882622 0.5159657
62 0.4853422 0.2660593 0.5926153 0.3277568 0.5361204 0.2413393 0.1856165 0.1374284 2.847881 1.189354 0.8712557 0.1792847 0.2423429
63 0.2835524 0.2647424 0.3820015 0.3145196 0.2662433 0.1397563 0.1544904 0.1303187 3.51515 1.097083 0.6103769 0.3639066 0.4503251
64 0.2512482 NaN 0.3333486 0.3372857 0.2289754 NaN 0.2101916 NaN 95.7604 NaN NaN NaN NaN
65 0.2795965 0.357701 0.3679638 0.4276747 0.1895888 0.1411807 0.2591692 0.1850237 2.911571 1.14932 0.5882964 0.1467368 0.2303265
66 0.2727538 0.2342806 0.3731255 0.2777313 0.2603098 0.1377116 0.1221662 0.131934 201.3329 1.420335 0.6091436 0.1983528 0.4267581
67 0.5233671 0.5383718 0.5776343 0.5363109 0.3457739 0.1652064 0.09840806 0.1335776 2.24439 0.9885592 0.6589638 0.2055315 0.2773208
68 0.251505 0.1721573 0.347426 0.2352537 0.2102749 0.1158561 0.1428471 0.126456 0.9974614 0.8066623 0.5853275 0.1359087 0.1798053
69 0.3805977 0.2872902 0.4664018 0.2966254 0.4914663 0.2252375 0.1257286 0.1295418 6.22012 1.224253 0.6355867 0.1674565 0.3147213
70 0.4120706 0.4904084 0.5815499 0.5365263 0.5424438 0.2697758 0.2165478 0.3480182 5.50333 1.175031 0.5883903 0.1769262 0.347251
71 0.3370489 NaN 0.4363535 0.4533978 0.3454241 0.157496 0.2675001 NaN 364.7905 1.243549 0.5995942 NaN NaN
72 0.2239745 0.3792472 0.3758116 0.520272 0.3815261 0.4018605 0.6112689 0.3105905 83.78897 1.577388 0.7891727 0.1851853 0.3799899
73 0.2373286 0.1643302 0.3751885 0.2165489 0.2454967 0.09546049 0.06200463 0.09742808 19.17202 1.676558 0.5863066 0.2398663 0.4327993
74 0.3013025 0.409844 0.4448254 0.4649729 0.3823969 0.2486785 0.3095989 0.1529448 99.48281 1.125519 0.8059013 0.2741605 0.3741327
75 0.3084245 0.3336579 0.4705354 0.3856893 0.4432151 0.2694642 0.2671976 0.1659405 24.59644 2.071168 1.473724 0.2766327 0.6509607
76 0.3886637 0.275923 0.644929 0.3849623 0.6912321 0.3184421 0.2113932 0.1916028 280.8595 1.005832 0.8201123 0.2432841 0.3250586
77 0.3425621 0.2564017 0.4233419 0.2947429 0.2689203 0.1314307 0.1263526 0.1248086 2.125418 1.258609 0.6136113 0.1788822 0.3142951
78 0.2782351 0.1753083 0.4833707 0.283849 0.6438338 0.4057507 0.2396007 0.230061 2.01038 1.460055 0.721614 0.1824007 0.4136269
79 0.2733264 0.4089209 0.3732018 0.4572158 0.2853163 0.196243 0.2545903 0.1737986 1.421311 0.8467935 0.6139692 0.1649564 0.267605
80 0.2569692 0.3500517 0.3963755 0.4088265 0.2691001 0.2106994 0.2629465 0.1841602 2.899986 1.409197 0.5575462 0.1589753 0.3402252
81 0.2747537 0.2621849 0.3748597 0.3502899 0.2522067 0.1406725 0.1298193 0.1132627 3.06394 1.143774 0.6078172 0.1998856 0.2754542
82 0.2886528 0.2745843 0.4549196 0.4233565 0.3088142 0.2464443 0.2766252 0.1632583 1.470527 1.200799 0.5805642 0.1251388 0.2137587
83 0.333637 0.2951082 0.4455873 0.3497648 0.3324051 0.1843248 0.1666094 0.1595386 4.77008 0.9575105 0.6700531 0.2012773 0.2695107
84 0.4485494 2.215453 0.4942648 2.102724 0.2994877 0.3224012 1.843876 0.1756009 4.051325 0.6215706 0.6527664 0.1822031 0.2683066
85 0.2729487 0.2637894 0.3847602 0.3457982 0.2781219 0.1788882 0.1832292 0.1809697 2.516612 0.9809528 0.5637027 0.1780241 0.3036966
86 0.2588379 0.3343695 0.3634604 0.4288923 0.239571 0.1765363 0.2355101 0.1926949 1.797599 1.024194 0.7288945 0.1709089 0.2213408
87 0.3788329 NaN 0.5207499 0.2751226 0.5587255 0.398373 0.3228568 NaN 4.021265 NaN NaN 0.09357301 NaN
88 0.3239496 0.2710353 0.4282618 0.342907 0.3179942 0.2022702 0.1779541 0.1150527 3.179195 1.336159 0.5865245 0.1570557 0.2764963
89 0.3295191 0.3727671 0.4308244 0.4231551 0.285188 0.1898364 0.1862018 0.1755438 1.637491 1.124278 0.6535768 0.1562074 0.2314774
90 0.2947477 0.2345663 0.4858851 0.3510463 0.4031609 0.2443689 0.1915815 0.1247545 252.5987 2.217567 1.052643 0.2420877 0.610166
91 0.2516572 0.4636528 0.4020126 0.5538895 0.3570426 0.2986929 0.5835611 0.2142928 89.10912 1.197042 0.6965245 0.3429107 0.4788326
92 0.3048053 0.3503552 0.4170989 0.3446566 0.3267833 0.2138125 0.169545 0.1147827 113.6025 1.517731 0.7849521 0.3253566 0.6157404
93 0.3371661 0.387768 0.4180244 0.4362208 0.2955206 0.1921872 0.2081568 0.151948 267.7667 1.568366 0.8098995 0.2711758 0.4284216
94 0.2915736 0.4517224 0.4702294 0.5624963 0.3564225 0.3333025 0.603034 0.1564712 13.7273 1.21227 0.6140796 0.1850414 0.3120194
95 0.3591801 0.2934381 0.5083418 0.3616694 0.489616 0.268588 0.2285548 0.2734628 1.428344 1.248433 0.617303 0.1635639 0.3785609
96 0.3761806 0.4157983 0.4745175 0.5417372 0.3458452 0.277006 0.3935113 0.2885679 15.89596 0.9516004 0.6584371 0.1538388 0.2184427
97 0.2548602 0.06636508 0.3488694 0.3097471 0.1953559 0.1608228 0.1427441 NaN 115.9076 NaN NaN NaN NaN
98 0.3674397 0.487374 0.4914001 0.5095222 0.4254804 0.2445286 0.3182785 0.2732045 3.973584 1.425155 0.7509208 0.2239831 0.4430514
99 0.4325214 0.2535825 0.5286 0.587885 1.896292 1.614092 1.345266 0.3947789 40.95444 1.36449 0.6090121 0.1935505 0.3767705
100 0.2706817 0.3163851 0.3768588 0.4574901 0.3498846 0.2849848 0.3439155 0.300155 9.572408 2.809707 0.9842231 0.19673 0.6588386
