1 4.546432 -0.7550749 -0.2572718 -0.5647115 1.672286 0.6447328 0.4281674 0.446445 -1.523027 -1.285419 1.01165 -1.192654
2 4.964978 -0.7658908 0.6091503 -0.2078392 0.9457383 0.1069616 0.1362773 0.2675898 0.5255962 -0.2699019 0.3979505 -0.9598836
3 5.834737 -1.214746 -0.990544 -0.4845008 2.557886 0.5232608 0.2603524 0.3889372 -2.694124 -0.1422202 0.8689191 -0.6276705
4 5.679938 -0.9139997 -0.5315209 -0.2168651 2.412609 0.6850563 0.1501869 0.1835218 0.1323996 -1.659501 1.182574 -1.815674
5 5.27019 -0.4049852 0.1632144 -0.8518629 0.8460524 0.8632628 0.2244507 0.07422542 1.187707 -2.439133 0.5868616 -1.149172
6 5.232651 -0.9702988 -0.06695504 -0.661022 1.72055 1.200347 0.5092705 0.2705865 -0.2361873 -2.964647 1.092907 -1.325443
7 5.188646 -0.460914 0.4831862 -0.9193959 1.111345 0.09820692 -0.006503395 0.2296901 3.160168 -2.940566 0.7504835 -1.542085
8 5.476338 -1.204561 0.2730946 -0.1611963 1.122948 0.04598431 -0.02266845 0.2821865 3.130125 -2.956732 0.6883622 -1.670171
9 5.156558 -1.795232 0.6407833 -0.1155656 1.838317 1.370204 0.2489039 0.1350251 2.491156 -3.921471 1.216394 -2.071836
10 5.502279 -0.8608221 -0.787597 -0.2575639 1.007552 0.7403615 0.1245518 0.06111616 1.252539 -1.397841 0.6551037 -1.301631
11 5.290244 -1.10075 -1.056491 0.5337662 1.808647 0.2027081 0.132858 0.2402233 1.322954 -2.436551 0.8945269 -1.39515
12 4.861263 -0.9343326 0.867902 -0.951195 0.9106896 0.20201 0.2548911 0.4944455 1.324353 -2.888447 0.5769675 -1.157875
13 5.761018 -1.6481 -0.7457906 0.3530213 1.644657 0.2476663 -0.08985943 0.2960558 3.9762 -0.8339339 0.704527 -2.502193
14 5.238995 -0.8543065 -0.4913677 -0.7136746 1.335753 0.8224155 0.3804493 0.2139694 -0.8589474 -0.9334983 0.4951507 -0.6664455
15 5.576498 -1.487316 -0.2411971 0.2259058 1.809094 0.1923141 0.2436539 0.6937247 0.5117118 -1.615631 0.6431624 -1.187195
16 5.04067 -1.066553 0.3244646 -0.2516667 1.350764 0.07645568 0.1285721 0.4478723 -0.9833804 -0.6133097 0.5206741 -0.6892997
17 5.186546 -0.6653742 0.115006 -0.331563 1.247562 0.5669014 0.07507905 0.04976093 2.005911 -2.157268 0.5505571 -1.264611
18 5.733118 -1.977902 -0.873937 0.7053449 1.526439 0.1556703 0.1190206 0.6673567 -1.039328 -0.3161463 0.768063 -1.150241
19 5.219159 -0.7789513 0.4646267 -0.5292614 1.274386 0.7824353 2.314317e-06 4.211295e-07 -0.2762269 -1.032532 0.4006249 -0.6054243
20 5.094331 -0.4493007 0.3259762 -0.5915514 1.079701 0.1626626 0.1965834 0.4976921 2.039411 -3.946328 1.154967 -1.878822
21 5.0151 -0.3580376 0.05515681 -1.083683 0.9001445 0.6238449 0.2918572 0.1934867 1.347026 -2.443215 0.841499 -1.408361
22 5.531284 -1.848674 -0.3887126 0.6584458 1.616223 0.8027551 0.3762916 0.2625726 3.182452 -2.438914 0.461017 -1.353549
23 5.511995 -0.6957005 0.1424137 -0.9781961 0.8913211 0.2123372 0.08321685 0.08579834 5.398644 -3.455869 0.8650103 -2.576919
24 4.955141 -0.9029147 0.4331924 0.1304778 1.368518 0.04736466 0.01099817 0.733735 1.430794 -0.875933 0.2880795 -0.9883764
25 5.63475 -0.9870286 -0.3869417 -1.186344 1.769415 0.3287249 0.2479141 0.3339134 0.4705677 -1.694652 0.6955166 -1.272902
26 5.84083 -2.275829 -0.7325046 0.5925551 1.686718 0.8444558 0.8026227 0.8535344 1.199179 -2.408845 0.5916757 -1.171709
27 5.163467 -1.568855 0.2275784 -0.1690082 1.237774 0.3354667 0.2706217 0.3102481 -1.069566 -0.08302269 0.8386311 -1.044118
28 5.215465 -0.3372495 -0.04787092 -0.4920245 0.9751851 0.1163527 0.05703191 0.09535034 1.001083 -0.8021883 0.3938743 -0.9530991
29 4.926495 -0.9215725 0.404722 -0.4553565 1.583455 1.602317 0.4599991 0.1736902 -1.146459 -0.5798486 0.8490282 -1.054996
30 5.782297 -0.6736668 -0.711653 -0.4846006 2.019214 0.1825716 0.2025322 0.9483309 -0.01275199 -1.413222 0.8750596 -1.209234
31 5.647153 -1.260076 -0.6322359 -0.4944266 2.290668 0.1140001 0.08368296 1.062915 1.084716 -2.371884 0.768346 -1.586491
32 5.005646 -1.514692 0.4063767 0.1659851 1.532463 0.1286673 -0.1686329 0.9745548 0.7530381 -2.198843 0.6268288 -1.613118
33 5.610996 -1.500332 -0.2440886 -0.2178131 0.9860358 0.2197582 -0.479799 1.160621 4.155459 -2.179167 0.2995523 -1.750496
34 5.002823 -0.9587496 0.2354028 -0.3748182 1.75595 0.6458606 0.2936931 0.2073062 2.25244 -2.539569 0.510057 -1.362632
35 5.451125 -1.216001 0.2042885 -0.1583897 1.572424 0.5250038 -0.1748065 0.2094499 2.405308 -1.793385 0.7340283 -1.806927
36 5.591916 -1.167718 -0.2783242 -0.3323771 1.549816 0.5615925 0.133128 0.04367794 3.254608 -3.790565 0.4563692 -1.38527
37 5.00789 -0.9325145 0.4914467 -0.244588 1.698824 0.5536125 0.1059182 0.05113 0.082398 -0.9583779 0.5432223 -0.8881588
38 5.506119 -0.9364077 0.1480705 -0.5409572 1.135444 0.07117007 0.07903774 0.2472289 2.661625 -1.655825 0.323796 -1.213832
39 5.44453 -0.5231692 0.3805374 -0.5396149 1.431305 1.065236 1.684948e-06 1.163588e-07 0.7714898 -0.1457258 0.4678602 -0.9671809
40 5.588098 -0.9813414 -0.1190633 -0.4744566 1.663693 0.1585229 -0.2693195 0.5939627 4.853444 -1.471785 0.3784332 -2.092115
41 5.003438 -1.983775 0.005768303 0.1439195 1.64125 0.1264493 0.1333153 1.615973 1.24941 -1.13448 0.9708186 -2.067486
42 5.365171 -0.8311807 1.143611 -0.9342772 1.94049 3.431214 -0.7265129 0.1759051 0.4255303 -1.461551 0.8565792 -1.342995
43 5.221018 -1.069912 0.4892134 -0.2310846 1.235521 0.2447958 0.05593718 0.03328714 1.084912 -0.528664 0.7212698 -1.417453
44 6.003633 -1.400177 -0.8517813 0.02759275 1.578684 0.06192044 0.1564478 0.9144152 3.813115 -3.857033 0.4604152 -1.657679
45 5.654365 -1.856484 0.8712385 0.109649 2.271218 1.426143 0.214778 0.1130097 0.1431474 -0.0413979 0.817022 -1.463044
46 5.231513 -1.169653 -0.2280885 -0.5485213 2.163128 0.2056689 0.1671445 0.4657401 7.15473 -4.16296 0.1272199 -2.494682
47 5.682806 -1.322064 -1.091034 0.004286724 2.361785 0.4669956 0.4695982 0.7451294 -0.4622078 -2.333395 0.6023432 -0.8451211
48 5.518376 -0.8761671 -0.2387714 -0.1995199 1.237789 1.106492 2.360536e-08 2.267815e-09 1.496465 -1.732968 0.6989064 -1.456261
49 4.346341 -0.7100015 0.4777174 -0.6889014 1.53208 0.5948968 0.3781857 0.5466007 -0.6769138 -0.904514 0.5910793 -0.9509925
50 5.843512 -1.213192 -0.5402249 -0.4516374 1.785598 0.4419973 0.2099473 0.2334375 0.2107447 -2.212188 1.077939 -1.401437
51 4.949243 -1.136911 0.2571413 -0.2682638 0.8411426 0.2216227 0.03745847 0.284825 -0.5517919 -0.218765 0.8022331 -1.265528
52 5.558172 -0.6090206 0.0161651 -0.8121986 0.7986081 0.6898306 0.3821664 0.2339845 5.329875 -2.246927 0.4673769 -1.993423
53 5.880231 -1.115689 -1.005024 -0.2366499 1.33998 0.3158242 -0.09339585 0.5095417 4.733285 -4.521609 0.5185469 -1.836974
54 4.977118 -0.8674938 0.7296181 -0.9856293 1.58001 0.1048952 0.05108087 0.1508433 -0.4190341 0.2238689 0.5842574 -0.9846688
55 5.778448 -1.41235 0.1068747 -0.8822567 1.813534 0.3764836 -0.3739288 0.5395668 6.384341 -2.472417 0.5646145 -2.546029
56 5.288221 -0.8494941 -0.6494924 -0.4504372 1.347048 0.5119357 0.1604387 0.0859966 -1.769282 -1.344666 1.254593 -1.339806
57 5.4703 -0.8939621 -0.6334445 -0.3909898 1.708659 0.2900819 0.1647486 0.176977 0.5920026 -1.559289 0.6054431 -1.054324
58 5.087575 -1.143628 0.122119 -0.5760598 1.131777 0.4035963 0.4765811 0.6374175 -0.6130723 -1.633457 0.4753592 -0.764583
59 6.332546 -0.9664706 -0.9867005 -0.6813741 1.112702 0.1947486 0.2220216 0.2652127 0.1419908 -0.9732551 0.7663298 -1.319257
60 4.625024 -0.7704355 0.8466439 -0.6976373 1.406027 0.1736932 -0.2763879 0.6720332 0.8039786 -2.996793 0.6537876 -1.166952
61 4.820097 -0.6696589 0.5710103 -0.5834568 0.7037352 0.2003083 0.0370846 0.0692779 0.0907876 -0.8719287 0.7460254 -1.181985
62 5.430482 -0.4912969 -0.06620886 -0.8637436 1.445784 1.089412 0.1851655 0.1761039 -1.012805 -0.04447427 0.391787 -0.8043434
63 5.561959 -0.9530472 -0.01542572 -0.4257154 1.250301 0.253135 0.1776844 0.1883685 -1.738127 -1.390914 1.389328 -1.536591
64 5.959671 -1.309417 -1.500596 -0.04517168 1.342658 0.3431539 0.2421645 0.1974249 0.809307 -1.398337 0.4841878 -0.99706
65 5.760749 -1.509358 -0.526091 0.65293 1.428666 0.02411728 0.02944689 0.9493353 0.8547461 -0.7386757 0.2816535 -0.8667857
66 5.248773 -1.120216 -0.05625116 -0.06204409 0.9764784 0.2741166 0.06755922 0.04004196 2.137315 -1.066388 0.3167913 -1.242019
67 4.811848 -1.647826 0.7342627 0.1881671 1.187438 1.209065 0.2322314 0.05314207 0.6937455 -1.38074 0.8034734 -1.281698
68 5.883623 -1.311712 -0.3149378 -0.6169233 1.440393 0.4494647 0.3485444 0.3036952 -0.04384747 -1.108551 0.3915994 -0.751813
69 5.790189 -1.178054 -0.3273203 -0.234142 1.007143 0.835334 8.068992e-10 1.592336e-09 0.4921726 -1.800717 0.4296604 -0.8019202
70 5.426932 -1.633248 0.1991632 0.1171879 2.449877 0.3944893 0.2161207 0.3815285 0.5467956 -1.147512 0.6974459 -1.279499
71 5.961188 -1.290216 -1.12237 0.1388621 1.487768 0.3277739 0.3648209 0.5265114 -0.3766827 -0.7544711 0.9118372 -1.441517
72 5.584088 -1.253278 0.007451588 -0.8002712 1.211944 0.02574071 -0.007585342 0.1566656 1.752089 -1.72409 0.496022 -1.073652
73 5.451329 -0.7040682 -0.2795348 -0.0003323899 0.7090622 0.3801094 0.01757604 0.00807408 -0.2691297 -0.5970238 0.6784436 -0.9175486
74 5.0922 -1.362034 -0.1461297 -0.2270114 1.272271 0.4113925 0.3428878 0.3994038 1.143158 -2.700527 0.7625239 -1.406338
75 5.697514 -0.8521356 -0.5353224 -0.7391565 1.23832 0.4279277 -0.0558343 0.2312498 3.865834 -4.86435 0.672473 -1.869412
76 5.089085 -0.4640621 0.4565008 -0.8964468 1.827879 1.19365 0.2485519 0.1037994 -0.2455718 -2.591745 0.9510759 -1.216516
77 5.237532 -0.91139 -0.108069 -0.2626763 1.160755 0.5122793 0.117175 0.1038542 -1.802947 -0.5459405 0.4401398 -0.4702771
78 4.487558 -0.1310035 1.177208 -1.170165 1.845298 2.337126 -0.8483199 0.3382954 0.0306818 -0.5683438 0.4894461 -1.063802
79 4.320431 -1.269767 1.363335 -0.505751 1.872111 0.8286249 0.5779364 0.4624507 1.192785 -1.703507 0.4943249 -1.326411
80 6.010523 -1.138525 -1.054566 0.2550226 1.84935 0.1594448 0.08618458 0.1980694 0.3835261 -0.4624596 0.5728169 -1.122473
81 5.228257 -0.9760352 -0.8228468 -0.1329924 1.328968 0.2608574 0.1546183 0.2412574 -0.06438643 -0.8277692 0.8833358 -1.324688
82 5.623572 -0.6783634 0.3851248 -1.128434 2.055047 0.2081575 0.1720238 0.3147688 0.4394518 -0.3510405 0.2958624 -0.8224129
83 5.669144 -0.7425616 0.009797438 -0.4464923 1.252395 0.7496564 0.4537682 0.3026783 -0.1365436 -1.639883 0.5935017 -0.9547755
84 4.94094 -2.997116 0.09851419 1.848915 1.365068 0.04075579 0.06054031 2.113794 -0.7819792 -0.1468602 0.2905076 -0.6078418
85 5.302825 -1.361701 0.1814856 0.07065032 1.514571 0.5017168 0.03466596 0.04018483 1.279944 -0.5184457 0.4365531 -1.349598
86 5.36215 -1.035948 0.1290197 -0.733309 1.9507 0.1607573 0.1936694 0.4849513 0.2158518 -2.745196 0.5837121 -0.871804
87 5.633062 -1.136862 -0.1663887 -0.4740209 2.390938 0.125491 0.06345495 0.1717755 3.634254 -3.082297 0.5685471 -1.849827
88 5.667006 -0.9584788 -0.2912686 -0.1920306 1.128465 0.6195084 0.08543188 0.1073601 0.7605437 -1.174053 0.4611364 -0.9791253
89 5.715522 -1.694181 -0.8110922 0.5459261 1.612595 0.1857422 0.08421701 0.08053851 -0.09427144 -2.079396 0.3031328 -0.4780915
90 5.838683 -1.007785 -0.5051582 -0.5099879 1.19967 0.35027 -0.003876236 0.1045411 6.538847 -3.200256 0.5865806 -2.442578
91 5.635305 -1.658009 -0.9863995 0.7849745 1.324244 0.1779746 0.2559868 0.4610728 0.1892254 -1.036287 0.772282 -1.233806
92 4.535299 -0.5891062 0.4105807 -0.6877027 0.9913332 0.4252062 0.178091 0.1459526 1.255201 -1.895647 0.7625791 -1.512509
93 5.796961 -0.9374159 -0.1824605 -0.3857365 1.222633 0.1770841 0.134759 0.2096052 1.793295 -2.58602 0.8990888 -1.499547
94 5.755242 -1.288369 -0.7096156 0.4219331 1.593576 0.1549387 0.1196942 0.5605275 0.4707304 -1.631235 0.6214884 -1.056421
95 5.514062 -1.57329 0.4284864 0.1358955 3.037102 1.008716 0.1287554 0.2802158 2.531818 -0.8613418 0.2502648 -1.534464
96 6.09868 -1.419824 -0.7411591 -0.3636933 1.967276 0.07154047 0.1152128 0.7583033 0.4329463 -1.923027 0.5360176 -1.001881
97 5.187614 -0.7487719 0.08214566 -0.6614141 1.027759 0.02933049 -0.02364283 0.06944524 2.630587 -2.01066 0.7361344 -1.831435
98 5.65015 -2.185662 -0.1046528 1.044969 2.468275 0.4965184 0.4007779 0.4321324 2.650799 -2.415495 0.7286559 -1.667573
99 5.294878 -1.299466 0.04348603 0.2187669 1.558019 0.7718767 1.11384e-07 1.249684e-08 1.513419 -1.126991 0.6091449 -1.335385
100 5.59558 -1.348317 -0.4391965 0.005188805 1.361087 0.06747034 0.029353 0.1621861 6.773097 -1.47089 0.2109473 -2.250697
