1 1.451909 1.093267 1.216012 6.684959 1.192565 1.154209
2 1.057194 0.9056313 0.9189558 2.205914 1.004298 1.227368
4 6.659167 2.643572 2.510436 7.394837 2.54411 2.50735
5 1.375074 0.4378239 0.4291678 4.232562 0.7588941 0.6857705
6 1.550672 0.8846897 0.9494868 2.175727 1.1499 1.2675
8 3.144885 1.578005 1.612125 6.72224 1.744865 1.700619
9 1.124389 1.209197 1.116074 3.458656 1.284991 1.168519
11 2.983936 0.9982312 1.004858 5.953171 0.9095465 0.8189195
12 4.457185 1.987603 2.126527 11.18156 2.043607 1.941773
13 2.397726 1.581639 1.7545 4.212748 1.619805 1.512866
14 5.311819 1.634826 1.639572 8.119556 1.824141 1.732178
15 2.607479 1.726946 1.917462 3.767369 2.123087 2.141894
17 1.022915 0.909912 0.9569371 4.253582 1.153887 1.024157
18 6.871176 2.519775 2.732234 14.09062 2.278638 1.991761
19 1.803122 1.114622 1.163355 4.259272 1.336753 1.391961
21 2.596792 2.662906 2.708194 3.194942 1.82474 1.732387
23 4.035488 3.033561 3.259433 9.668088 3.126149 3.134575
24 3.922669 1.874682 2.159216 10.67678 1.967843 1.974049
31 3.703728 1.822606 1.775134 7.609949 1.723745 1.491823
33 2.676187 1.969213 1.817867 5.476894 2.090454 2.09905
34 2.397355 1.625683 1.687302 4.384921 1.64471 1.852195
35 2.005437 1.62131 1.643736 3.697391 1.867256 1.918208
39 1.409442 1.396224 1.324406 3.105417 1.459203 1.413704
40 2.029635 2.13375 2.122937 3.579435 2.090311 2.145284
41 2.226503 1.335662 1.376465 4.503882 1.246345 1.357108
43 4.899294 2.999326 3.131986 7.680583 2.910219 2.769455
46 1.569838 1.608771 1.708641 2.299352 1.460089 1.474558
47 3.709602 1.453829 1.463643 5.255449 1.545715 1.486458
49 2.072676 1.456275 1.573649 5.359011 1.98407 2.004408
50 4.23547 3.527767 3.527037 8.599897 3.881108 3.822923
51 1.674726 1.692238 1.693496 5.437755 1.804145 1.979455
53 3.894148 2.334676 2.377636 5.961243 2.494182 2.599529
54 4.990994 2.277543 2.491302 11.13547 2.749178 2.941902
55 3.351114 2.095139 1.885008 6.225103 1.952693 2.026461
56 2.062088 1.646749 1.787289 3.271246 1.670074 1.860492
58 4.895901 2.621424 2.572984 7.437515 2.64907 2.448003
59 3.567059 2.154423 2.067933 8.426657 2.027646 2.046306
60 8.853715 5.355666 4.652733 14.86373 4.473656 4.519561
63 1.043732 1.603515 1.658787 3.454781 1.782169 1.681931
65 2.186103 1.511044 1.598436 4.276934 1.739425 1.492979
67 2.501088 2.132633 2.099747 5.61672 2.280126 2.273581
69 5.553095 3.431572 3.295752 12.25441 5.1841 5.155716
70 8.202473 3.079271 3.666838 17.81824 3.922198 3.793562
72 1.928778 1.767951 1.81425 3.39499 2.492323 2.478264
73 2.877467 2.580345 2.570553 5.372741 2.749479 2.515039
76 2.260661 1.135732 1.148014 5.184586 1.491283 1.557694
77 3.097424 1.800646 1.741333 5.223435 1.508913 1.580193
78 6.61471 2.75281 2.834773 9.835968 3.373806 3.469488
79 1.009793 0.9590507 1.051124 2.648243 0.9233969 0.9902608
82 2.892455 1.400867 1.350024 5.111743 1.321462 1.335491
83 1.222988 0.8491133 0.929606 2.487006 0.8766662 0.9486459
85 2.090701 1.514853 1.493464 5.532713 1.59092 1.686717
86 5.429923 3.436235 3.323267 7.828882 2.967934 2.841497
87 5.000597 2.064732 1.982732 9.523446 1.682494 1.697752
89 3.610621 3.319867 2.905056 11.97462 3.289864 3.526905
90 2.747813 1.706813 1.753542 6.19419 1.592841 1.596254
91 2.595416 1.895282 1.838711 9.127175 2.207694 1.955637
92 2.412066 1.485867 1.395586 4.969042 1.716835 1.582737
93 5.009954 3.443671 3.262597 6.963645 3.065507 3.043776
94 1.325427 0.9291321 0.9505811 4.018825 1.052133 1.052725
95 2.412478 1.244986 1.160001 6.137182 1.493999 1.455844
96 3.502965 1.978124 1.790893 10.65481 1.728323 1.522623
98 6.28147 4.100551 4.188548 8.600043 3.636054 3.585385
99 1.584604 1.327333 1.437927 6.711599 1.475541 1.568658
100 4.184274 1.975322 2.151281 7.227093 1.730854 1.790553
105 1.689781 0.9369129 0.9746554 3.057375 0.9992272 0.9974178
107 1.565438 1.367945 1.372257 3.620701 1.506981 1.507491
108 1.491269 0.923249 1.007974 3.797278 0.9531577 0.9427487
114 2.069246 1.179717 1.133996 7.063076 1.380258 1.190336
115 1.996233 0.914308 1.04448 4.007165 1.111307 1.040186
116 3.938903 3.386433 3.444082 8.643231 3.505448 3.837929
118 2.031823 0.7312379 0.6617755 5.020806 0.9266431 1.139861
119 3.746883 1.801313 1.844664 7.544576 1.706003 1.833075
121 2.048445 1.610428 1.596779 4.596281 1.603236 1.725299
122 1.233812 0.9543271 0.9054955 6.652681 1.036524 1.028542
123 1.298669 0.536902 0.5899197 3.131211 0.7011191 0.7574616
125 1.172355 1.347644 1.343492 2.341692 1.823967 1.729304
126 2.514651 1.627297 1.615089 8.225815 2.363958 2.38122
127 2.481785 1.575698 1.453214 6.574234 1.486564 1.450273
128 1.273295 1.252766 1.368033 3.316863 1.409304 1.617554
130 3.864659 2.624 2.480174 4.517472 2.829922 2.71772
132 4.00519 3.7144 3.880114 6.987183 3.551522 3.426163
134 4.090621 3.300876 3.477634 4.922851 3.47881 3.408201
135 2.116838 1.358024 1.53031 4.332626 1.467991 1.307156
136 1.918462 1.631647 1.478755 4.242285 2.318479 2.336494
139 8.422188 3.255681 3.623863 12.16101 5.951863 5.880817
140 1.030917 1.097743 1.213666 5.594036 1.384758 1.408855
141 2.437349 1.563578 1.58549 5.948216 2.019733 1.771812
144 2.450489 1.411599 1.411718 4.372893 1.261304 1.331037
146 1.937922 2.031701 2.217845 4.662652 2.243986 2.330168
147 2.486839 1.142389 1.114236 8.191387 1.547364 1.543827
148 5.002183 3.219622 3.061871 10.73208 2.894276 2.839317
149 1.471133 1.378195 1.368987 2.269625 1.412519 1.410865
151 2.143067 2.427234 2.450618 2.92625 2.437256 2.50951
152 3.317818 1.292146 1.374701 5.735871 1.45687 1.65681
153 1.80352 1.345542 1.286557 2.397682 1.230787 1.394069
154 1.102466 0.8860469 0.7882441 7.478913 1.29971 1.315116
155 1.462131 0.9968264 0.9414315 4.434443 1.125782 1.173955
156 2.803126 2.180844 2.166307 4.746961 2.355624 2.428861
157 2.622485 1.264341 1.334089 6.875862 1.603423 1.577501
