1 4025001
2 4025002
4 4025004
5 4025005
6 4025006
8 4025008
9 4025009
11 4025011
12 4025012
13 4025013
14 4025014
15 4025015
17 4025017
18 4025018
19 4025019
21 4025021
23 4025023
24 4025024
31 4025031
33 4025033
34 4025034
35 4025035
39 4025039
40 4025040
41 4025041
43 4025043
46 4025046
47 4025047
49 4025049
50 4025050
51 4025051
53 4025053
54 4025054
55 4025055
56 4025056
58 4025058
59 4025059
60 4025060
63 4025063
65 4025065
67 4025067
69 4025069
70 4025070
72 4025072
73 4025073
76 4025076
77 4025077
78 4025078
79 4025079
82 4025082
83 4025083
85 4025085
86 4025086
87 4025087
89 4025089
90 4025090
91 4025091
92 4025092
93 4025093
94 4025094
95 4025095
96 4025096
98 4025098
99 4025099
100 4025100
105 4025105
107 4025107
108 4025108
114 4025114
115 4025115
116 4025116
118 4025118
119 4025119
121 4025121
122 4025122
123 4025123
125 4025125
126 4025126
127 4025127
128 4025128
130 4025130
132 4025132
134 4025134
135 4025135
136 4025136
139 4025139
140 4025140
141 4025141
144 4025144
146 4025146
147 4025147
148 4025148
149 4025149
151 4025151
152 4025152
153 4025153
154 4025154
155 4025155
156 4025156
157 4025157
