1 699.1173 704.9278 717.5076 729.3531 738.1937 751.0559
2 727.9292 734.0339 745.0727 734.5989 740.2686 751.3305
3 689.1628 690.5529 702.3555 706.0615 705.984 717.8947
4 685.374 687.7259 700.8584 695.7785 700.7902 713.4762
5 675.5552 680.1962 689.4486 687.4733 689.588 698.2974
6 739.7016 754.1853 755.3215 750.5894 764.2623 765.3951
7 758.7587 770.9109 772.2982 783.2191 792.4692 793.9868
8 766.302 764.8436 776.6747 779.2099 777.4287 789.329
9 754.1388 757.2742 761.1698 796.7498 802.1804 806.3126
10 648.3774 660.238 667.1568 683.1525 701.4985 708.4943
11 633.2846 644.2936 660.4801 646.2327 653.9661 670.1662
12 719.6809 723.3611 728.1456 743.1204 743.0356 747.5386
13 659.4587 666.3708 674.9902 676.5622 682.4592 691.3007
14 708.7162 714.6147 721.2639 724.6178 728.3195 734.0977
15 790.9736 799.3975 805.2339 821.0328 829.2383 834.7945
16 719.2042 723.0171 728.2068 744.3484 746.8105 752.1968
17 701.903 704.4595 710.8141 718.358 720.3194 726.428
18 748.8216 752.4396 759.1466 774.6506 772.1655 779.4349
19 675.3075 683.2647 688.9397 717.7166 722.8425 728.7053
20 687.34 701.7531 706.4254 694.7492 707.417 712.4401
21 665.7429 676.8444 688.4797 677.947 687.3777 699.0306
22 662.6849 667.7058 672.6977 677.0191 679.3564 684.2568
23 793.0876 798.9817 805.0692 809.5388 813.5962 819.8229
24 616.2563 637.0512 640.6884 628.4095 652.1417 656.0974
25 705.4368 710.5398 726.3902 735.7572 747.714 763.5898
26 774.3002 784.8839 788.9223 814.9062 833.5999 837.5716
27 686.8573 694.4164 698.5567 703.4013 707.3793 711.8561
28 691.7465 696.958 702.7164 707.9861 713.585 719.3217
29 681.805 697.4058 710.1083 693.9697 710.1149 722.3733
30 741.2957 745.8647 753.3326 752.2539 755.33 762.8755
31 745.519 749.6347 755.6266 770.7425 775.6963 781.9303
32 664.5113 668.2433 683.9042 687.0028 685.2206 701.4444
33 724.2114 730.9318 739.3349 744.9081 748.9199 757.4315
34 664.6431 672.5743 688.1382 678.9743 685.0144 700.9212
35 712.7673 717.0136 727.9652 721.9688 724.0141 734.8931
36 719.214 724.2673 730.8645 737.0174 737.8436 744.5693
37 809.1847 813.139 816.7057 844.173 843.659 847.5136
38 690.8474 695.4931 702.1302 723.8399 728.7545 735.5132
39 746.5721 749.8637 766.7975 767.1091 770.6572 787.6169
40 763.3941 765.4241 774.9596 790.8833 794.4009 804.2275
41 703.1842 701.9689 715.4418 718.0867 715.6037 729.2099
42 660.9157 674.5757 687.4996 672.6846 689.7414 702.6939
43 799.9477 810.3554 813.2025 820.6079 828.6218 831.6326
44 590.4513 595.4823 615.4148 599.3575 605.0894 624.6604
45 641.9607 650.6285 656.7868 661.9032 670.0774 676.4371
46 814.8784 826.611 831.1973 834.4516 846.9336 851.2891
47 667.04 681.9943 694.5296 693.5377 707.0123 719.5844
48 740.5643 744.5703 758.9575 786.047 792.3706 806.3278
49 692.9826 698.3512 705.5429 750.237 749.7312 757.084
50 688.2492 693.851 701.9956 695.7544 700.7389 709.0177
51 636.4698 641.7472 652.8321 652.9793 657.9224 669.4955
52 630.2419 647.1392 659.5483 652.7906 672.8056 685.1217
53 749.1124 752.9803 755.9925 778.0103 782.2028 784.5818
54 726.1841 731.1832 753.2786 737.9967 743.8684 766.0451
55 704.2623 707.3101 716.3796 743.9266 745.3121 754.4076
56 666.8365 674.547 678.7673 678.8822 684.5152 688.5337
57 692.1747 693.3688 709.6291 711.5447 711.0868 727.4255
58 624.8849 641.1492 648.4351 635.5561 657.6385 664.7187
59 677.5984 682.0698 695.2537 692.3385 698.6533 711.4548
60 746.3031 759.5671 758.606 758.5033 770.1192 768.6823
61 742.7261 757.9948 759.259 789.1741 804.4786 805.4304
62 721.1762 728.3408 738.5612 743.9147 751.4639 761.5464
63 765.8931 768.4237 780.9712 796.4126 798.4478 811.1839
64 763.196 766.0972 772.6258 821.5116 820.784 827.2701
65 675.4821 682.9331 691.1619 703.7128 712.1734 720.5468
66 582.9399 590.6308 603.8636 601.396 606.7488 619.5067
67 751.0317 752.9104 758.1878 776.7496 778.8687 784.0988
68 694.5202 701.6046 704.2228 723.0869 731.372 733.6903
69 754.4263 761.1629 763.1547 763.665 768.471 770.2712
70 702.8352 705.9023 711.2653 736.0265 734.6147 739.7233
71 684.9536 692.8199 699.3061 714.4015 724.2479 730.536
72 747.5949 758.0926 759.7959 839.7072 861.6327 863.3531
73 650.5247 656.9893 666.2765 676.1373 679.9766 689.1743
74 668.7941 679.2868 684.0761 681.6861 692.8809 697.8656
75 780.3096 782.1875 786.5964 794.63 795.7414 800.0624
76 666.654 674.6103 688.8961 682.3187 691.141 705.7596
77 690.9327 696.6799 706.7265 712.4533 717.6786 727.9271
78 760.4449 761.977 770.2596 776.8698 777.3143 785.2435
79 620.1761 621.3096 641.3181 628.7647 630.2034 650.0683
80 686.5789 689.4332 704.1397 697.0739 696.8268 711.3444
81 629.36 630.774 646.3015 658.8665 659.1099 674.7008
82 729.6619 740.7906 745.3394 750.8944 758.2517 762.7262
83 706.9358 718.232 719.1605 722.3683 732.472 733.5288
84 615.3248 624.1598 634.5544 657.8546 662.6975 673.153
85 789.3381 796.3386 795.313 813.3485 820.629 819.7821
86 771.1019 782.0045 781.192 810.1732 815.1391 814.1923
87 618.8699 634.325 644.2758 636.5015 648.627 658.7999
88 646.956 660.0216 674.9842 666.9869 682.1829 696.815
89 701.2444 715.9834 722.1462 749.4453 772.16 778.6932
90 705.6354 717.8487 732.1663 732.0602 741.397 755.5754
91 683.1335 697.8672 714.9779 706.0852 715.9912 733.4681
92 763.3297 764.835 780.3263 783.2865 783.5595 799.1363
93 793.8692 812.1379 816.6698 820.1244 836.9794 841.9779
94 752.5792 759.3812 771.0931 763.4713 768.2312 779.9722
95 646.8761 656.0801 670.3438 658.8173 666.6121 680.9995
96 709.9772 719.4214 732.6378 734.2988 738.3256 751.5645
97 691.2574 700.6016 705.3346 714.0938 724.5086 729.2061
98 722.8385 730.3895 736.342 737.7759 746.2148 752.0341
99 605.3863 609.6063 623.3358 620.3183 622.4809 636.1903
100 611.1039 612.4753 626.2842 628.6925 631.5752 646.0877
