1 723.9736 727.8721 736.6279 752.2974 759.2259 768.2641
2 752.7855 756.9781 764.193 757.5432 761.3009 768.5387
3 714.0191 713.4972 721.4757 729.0057 727.0163 735.1029
4 710.2303 710.6702 719.9786 718.7228 721.8225 730.6844
5 700.4115 703.1405 708.5688 710.4176 710.6202 715.5056
6 764.5579 777.1295 774.4418 773.5337 785.2946 782.6033
7 783.615 793.8552 791.4184 806.1634 813.5014 811.195
8 791.1583 787.7879 795.795 802.1542 798.4609 806.5372
9 778.9951 780.2185 780.29 819.6941 823.2127 823.5208
10 673.2337 683.1822 686.2771 706.0967 722.5308 725.7025
11 658.1409 667.2379 679.6003 669.177 674.9984 687.3744
12 744.5372 746.3053 747.2658 766.0647 764.0679 764.7468
13 684.315 689.3151 694.1104 699.5064 703.4914 708.5089
14 733.5725 737.559 740.3842 747.5621 749.3518 751.3059
15 815.8299 822.3418 824.3542 843.9771 850.2706 852.0027
16 744.0605 745.9614 747.327 767.2927 767.8427 769.405
17 726.7593 727.4038 729.9344 741.3022 741.3516 743.6362
18 773.6779 775.3839 778.2668 797.5949 793.1977 796.6431
19 700.1638 706.209 708.0599 740.6608 743.8747 745.9135
20 712.1963 724.6974 725.5456 717.6935 728.4493 729.6483
21 690.5992 699.7887 707.5999 700.8913 708.4099 716.2388
22 687.5412 690.6501 691.8179 699.9633 700.3887 701.465
23 817.9439 821.926 824.1894 832.4831 834.6284 837.0311
24 641.1126 659.9955 659.8087 651.3537 673.1739 673.3056
25 730.2931 733.4841 745.5105 758.7015 768.7463 780.798
26 799.1565 807.8282 808.0425 837.8505 854.6321 854.7798
27 711.7136 717.3607 717.6769 726.3456 728.4115 729.0644
28 716.6028 719.9023 721.8367 730.9304 734.6173 736.5299
29 706.6613 720.35 729.2285 716.9139 731.1471 739.5816
30 766.152 768.809 772.4528 775.1982 776.3622 780.0837
31 770.3753 772.579 774.7468 793.6868 796.7286 799.1385
32 689.3676 691.1876 703.0244 709.9471 706.2528 718.6526
33 749.0677 753.8761 758.4551 767.8524 769.9522 774.6397
34 689.4994 695.5186 707.2584 701.9185 706.0466 718.1294
35 737.6236 739.9579 747.0854 744.9131 745.0464 752.1013
36 744.0703 747.2116 749.9847 759.9617 758.8758 761.7775
37 834.041 836.0833 835.826 867.1173 864.6913 864.7218
38 715.7037 718.4374 721.2504 746.7842 749.7868 752.7214
39 771.4284 772.808 785.9178 790.0534 791.6895 804.8251
40 788.2504 788.3683 794.0798 813.8276 815.4332 821.4358
41 728.0405 724.9132 734.562 741.031 736.6359 746.4181
42 685.772 697.5199 706.6198 695.6289 710.7737 719.9021
43 824.804 833.2997 832.3228 843.5521 849.6541 848.8408
44 615.3076 618.4266 634.5351 622.3017 626.1217 641.8686
45 666.817 673.5728 675.9071 684.8474 691.1096 693.6453
46 839.7347 849.5553 850.3175 857.3959 867.9659 868.4973
47 691.8963 704.9385 713.6499 716.4819 728.0445 736.7926
48 765.4206 767.5146 778.0778 808.9913 813.4028 823.536
49 717.8389 721.2955 724.6631 773.1813 770.7635 774.2922
50 713.1055 716.7953 721.1158 718.6986 721.7712 726.2259
51 661.3261 664.6915 671.9524 675.9236 678.9547 686.7037
52 655.0982 670.0834 678.6685 675.7349 693.8379 702.3299
53 773.9687 775.9246 775.1127 800.9546 803.2351 801.79
54 751.0404 754.1275 772.3988 760.9409 764.9006 783.2533
55 729.1186 730.2544 735.4998 766.8708 766.3444 771.6158
56 691.6928 697.4913 697.8875 701.8264 705.5474 705.7419
57 717.031 716.3131 728.7494 734.489 732.119 744.6337
58 649.7411 664.0935 667.5553 658.5003 678.6708 681.9269
59 702.4547 705.0141 714.3739 715.2828 719.6855 728.663
60 771.1594 782.5114 777.7262 781.4476 791.1514 785.8905
61 767.5824 780.9391 778.3792 812.1184 825.5109 822.6387
62 746.0325 751.2851 757.6814 766.859 772.4961 778.7547
63 790.7494 791.368 800.0914 819.3569 819.48 828.3921
64 788.0523 789.0415 791.7461 844.4559 841.8163 844.4783
65 700.3384 705.8774 710.2821 726.6571 733.2057 737.755
66 607.7962 613.5751 622.9838 624.3403 627.781 636.7149
67 775.888 775.8547 777.308 799.6939 799.9009 801.307
68 719.3765 724.5489 723.3431 746.0312 752.4043 750.8985
69 779.2826 784.1072 782.2749 786.6093 789.5033 787.4794
70 727.6915 728.8466 730.3855 758.9708 755.6469 756.9315
71 709.8099 715.7641 718.4263 737.3458 745.2801 747.7442
72 772.4512 781.0369 778.9161 862.6515 882.6649 880.5613
73 675.381 679.9335 685.3968 699.0816 701.0089 706.3825
74 693.6504 702.2311 703.1963 704.6304 713.9131 715.0738
75 805.1659 805.1317 805.7166 817.5743 816.7737 817.2706
76 691.5103 697.5546 708.0164 705.263 712.1732 722.9678
77 715.789 719.6242 725.8467 735.3976 738.7108 745.1353
78 785.3012 784.9213 789.3798 799.8141 798.3466 802.4517
79 645.0324 644.2538 660.4383 651.709 651.2356 667.2765
80 711.4351 712.3774 723.2599 720.0182 717.859 728.5526
81 654.2163 653.7182 665.4217 681.8108 680.1422 691.909
82 754.5182 763.7349 764.4597 773.8386 779.284 779.9344
83 731.7921 741.1763 738.2807 745.3126 753.5042 750.737
84 640.1811 647.1041 653.6746 680.7989 683.7297 690.3612
85 814.1944 819.2829 814.4332 836.2928 841.6612 836.9903
86 795.9582 804.9488 800.3122 833.1175 836.1714 831.4005
87 643.7262 657.2693 663.3961 659.4458 669.6593 676.0081
88 671.8123 682.9659 694.1044 689.9312 703.2152 714.0232
89 726.1007 738.9277 741.2664 772.3896 793.1923 795.9014
90 730.4917 740.793 751.2865 755.0045 762.4293 772.7837
91 707.9898 720.8115 734.0982 729.0295 737.0235 750.6763
92 788.186 787.7793 799.4465 806.2307 804.5918 816.3445
93 818.7255 835.0822 835.79 843.0686 858.0116 859.1861
94 777.4355 782.3255 790.2133 786.4156 789.2634 797.1804
95 671.7324 679.0243 689.464 681.7615 687.6444 698.2077
96 734.8335 742.3657 751.758 757.2431 759.3578 768.7727
97 716.1137 723.5459 724.4548 737.038 745.5408 746.4143
98 747.6948 753.3338 755.4623 760.7202 767.247 769.2423
99 630.2426 632.5506 642.4561 643.2625 643.5131 653.3985
100 635.9602 635.4196 645.4044 651.6368 652.6074 663.2959
