1 0.8
2 0.76
3 0.7
4 0.72
5 0.74
6 0.76
7 0.66
8 0.64
9 0.74
10 0.84
11 0.8
12 0.74
13 0.74
14 0.84
15 0.72
16 0.68
17 0.72
18 0.74
19 0.68
20 0.7
21 0.78
22 0.76
23 0.66
24 0.78
25 0.74
26 0.74
27 0.78
28 0.76
29 0.78
30 0.78
31 0.6
32 0.76
33 0.8
34 0.78
35 0.74
36 0.72
37 0.62
38 0.78
39 0.7
40 0.74
41 0.76
42 0.86
43 0.78
44 0.82
45 0.84
46 0.68
47 0.78
48 0.68
49 0.74
50 0.68
51 0.78
52 0.8
53 0.72
54 0.74
55 0.64
56 0.82
57 0.68
58 0.8
59 0.78
60 0.84
61 0.76
62 0.7
63 0.7
64 0.72
65 0.8
66 0.8
67 0.68
68 0.82
69 0.7
70 0.74
71 0.74
72 0.78
73 0.8
74 0.86
75 0.66
76 0.8
77 0.78
78 0.8
79 0.74
80 0.76
81 0.76
82 0.82
83 0.7
84 0.72
85 0.72
86 0.78
87 0.88
88 0.7
89 0.76
90 0.78
91 0.8
92 0.7
93 0.66
94 0.68
95 0.8
96 0.8
97 0.8
98 0.72
99 0.8
100 0.8
