1 -336.5587 -340.4639 -348.7538 -352.6765 -358.0968 -366.5279
2 -350.9646 -355.0169 -362.5364 -355.2994 -359.1343 -366.6652
3 -331.5814 -333.2764 -341.1778 -341.0307 -341.992 -349.9473
4 -329.687 -331.863 -340.4292 -335.8893 -339.3951 -347.7381
5 -324.7776 -328.0981 -334.7243 -331.7367 -333.794 -340.1487
6 -356.8508 -365.0926 -367.6608 -363.2947 -371.1312 -373.6976
7 -366.3793 -373.4555 -376.1491 -379.6096 -385.2346 -387.9934
8 -370.151 -370.4218 -378.3374 -377.6049 -377.7143 -385.6645
9 -364.0694 -366.6371 -370.5849 -386.3749 -390.0902 -394.1563
10 -311.1887 -318.119 -323.5784 -329.5762 -339.7493 -345.2471
11 -303.6423 -310.1468 -320.2401 -311.1164 -315.9831 -326.0831
12 -346.8404 -349.6805 -354.0728 -359.5602 -360.5178 -364.7693
13 -316.7293 -321.1854 -327.4951 -326.2811 -330.2296 -336.6504
14 -341.3581 -345.3074 -350.632 -350.3089 -353.1598 -358.0489
15 -382.4868 -387.6988 -392.617 -398.5164 -403.6192 -408.3972
16 -346.6021 -349.5086 -354.1034 -360.1742 -362.4052 -367.0984
17 -337.9515 -340.2298 -345.4071 -347.179 -349.1597 -354.214
18 -361.4108 -364.2198 -369.5733 -375.3253 -375.0827 -380.7175
19 -324.6538 -329.6324 -334.4699 -346.8583 -350.4212 -355.3527
20 -330.67 -338.8766 -343.2127 -335.3746 -342.7085 -347.22
21 -319.8715 -326.4222 -334.2398 -326.9735 -332.6888 -340.5153
22 -318.3424 -321.8529 -326.3488 -326.5095 -328.6782 -333.1284
23 -383.5438 -387.4908 -392.5346 -392.7694 -395.7981 -400.9115
24 -295.1282 -306.5256 -310.3442 -302.2047 -315.0708 -319.0487
25 -339.7184 -343.2699 -353.1951 -355.8786 -362.857 -372.7949
26 -374.1501 -380.442 -384.4611 -395.4531 -405.7999 -409.7858
27 -330.4286 -335.2082 -339.2784 -339.7007 -342.6896 -346.9281
28 -332.8732 -336.479 -341.3582 -341.9931 -345.7925 -350.6609
29 -327.9025 -336.7029 -345.0541 -334.9848 -344.0574 -352.1867
30 -357.6479 -360.9324 -366.6663 -364.127 -366.665 -372.4378
31 -359.7595 -362.8174 -367.8133 -373.3712 -376.8482 -381.9652
32 -319.2556 -322.1216 -331.9521 -331.5014 -331.6103 -341.7222
33 -349.1057 -353.4659 -359.6674 -360.454 -363.46 -369.7157
34 -319.3216 -324.2872 -334.0691 -327.4871 -331.5072 -341.4606
35 -343.3836 -346.5068 -353.9826 -348.9844 -351.0071 -358.4465
36 -346.607 -350.1337 -355.4323 -356.5087 -357.9218 -363.2846
37 -391.5923 -394.5695 -398.3529 -410.0865 -410.8295 -414.7568
38 -332.4237 -335.7466 -341.0651 -349.92 -353.3773 -358.7566
39 -360.2861 -362.9319 -373.3988 -371.5546 -374.3286 -384.8085
40 -368.6971 -370.712 -377.4798 -383.4416 -386.2005 -393.1138
41 -338.5921 -338.9845 -347.7209 -347.0434 -346.8018 -355.6049
42 -317.4579 -325.2878 -333.7498 -324.3423 -333.8707 -342.3469
43 -386.9739 -393.1777 -396.6013 -398.3039 -403.3109 -406.8163
44 -282.2257 -285.7412 -297.7074 -287.6787 -291.5447 -303.3302
45 -307.9804 -313.3143 -318.3934 -318.9516 -324.0387 -329.2185
46 -394.4392 -401.3055 -405.5987 -405.2258 -412.4668 -416.6446
47 -320.52 -328.9971 -337.2648 -334.7688 -342.5061 -350.7922
48 -357.2822 -360.2851 -369.4788 -381.0235 -385.1853 -394.1639
49 -333.4913 -337.1756 -342.7715 -363.1185 -363.8656 -369.542
50 -331.1246 -334.9255 -340.9978 -335.8772 -339.3695 -345.5088
51 -305.2349 -308.8736 -316.4161 -314.4897 -317.9612 -325.7477
52 -302.1209 -311.5696 -319.7741 -314.3953 -325.4028 -333.5608
53 -361.5562 -364.4902 -367.9962 -377.0052 -380.1014 -383.2909
54 -350.092 -353.5916 -366.6393 -356.9983 -360.9342 -374.0225
55 -339.1312 -341.655 -348.1898 -359.9633 -361.6561 -368.2038
56 -320.4183 -325.2735 -329.3836 -327.4411 -331.2576 -335.2668
57 -333.0873 -334.6844 -344.8146 -343.7724 -344.5434 -354.7128
58 -299.4424 -308.5746 -314.2175 -305.778 -317.8193 -323.3594
59 -325.7992 -329.0349 -337.6268 -334.1692 -338.3266 -346.7274
60 -360.1516 -367.7835 -369.303 -367.2517 -374.0596 -375.3412
61 -358.363 -366.9974 -369.6295 -382.5871 -391.2393 -393.7152
62 -347.5881 -352.1704 -359.2806 -359.9574 -364.7319 -371.7732
63 -369.9465 -372.2118 -380.4856 -386.2063 -388.2239 -396.592
64 -368.598 -371.0486 -376.3129 -398.7558 -399.392 -404.635
65 -324.7411 -329.4666 -335.5809 -339.8564 -345.0867 -351.2734
66 -278.47 -283.3154 -291.9318 -288.698 -292.3744 -300.7533
67 -362.5158 -364.4552 -369.0939 -376.3748 -378.4343 -383.0494
68 -334.2601 -338.8023 -342.1114 -349.5435 -354.686 -357.8451
69 -364.2131 -368.5814 -371.5774 -369.8325 -373.2355 -376.1356
70 -338.4176 -340.9512 -345.6326 -356.0133 -356.3073 -360.8617
71 -329.4768 -334.4099 -339.653 -345.2008 -351.1239 -356.268
72 -360.7975 -367.0463 -369.8979 -407.8536 -419.8163 -422.6766
73 -312.2623 -316.4946 -323.1383 -326.0687 -328.9883 -335.5871
74 -321.3971 -327.6434 -332.038 -328.8431 -335.4404 -339.9328
75 -377.1548 -379.0937 -383.2982 -385.315 -386.8707 -391.0312
76 -320.327 -325.3051 -334.4481 -329.1594 -334.5705 -343.8798
77 -332.4663 -336.34 -343.3632 -344.2267 -347.8393 -354.9635
78 -367.2225 -368.9885 -375.1298 -376.4349 -377.6572 -383.6218
79 -297.088 -298.6548 -310.659 -302.3823 -304.1017 -316.0341
80 -330.2894 -332.7166 -342.0698 -336.537 -337.4134 -346.6722
81 -301.68 -303.387 -313.1507 -317.4333 -318.555 -328.3504
82 -351.831 -358.3953 -362.6697 -363.4472 -368.1259 -372.3631
83 -340.4679 -347.116 -349.5802 -349.1842 -355.236 -357.7644
84 -294.6624 -300.0799 -307.2772 -316.9273 -320.3487 -327.5765
85 -381.6691 -386.1693 -387.6565 -394.6743 -399.3145 -400.891
86 -372.551 -379.0023 -380.596 -393.0866 -396.5696 -398.0961
87 -296.435 -305.1625 -312.1379 -306.2507 -313.3135 -320.4
88 -310.478 -318.0108 -327.4921 -321.4935 -330.0915 -339.4075
89 -337.6222 -345.9917 -351.0731 -362.7227 -375.08 -380.3466
90 -339.8177 -346.9244 -356.0831 -354.0301 -359.6985 -368.7877
91 -328.5668 -336.9336 -347.489 -341.0426 -346.9956 -357.734
92 -368.6649 -370.4175 -380.1632 -379.6432 -380.7798 -390.5681
93 -383.9346 -394.069 -398.3349 -398.0622 -407.4897 -411.9889
94 -363.2896 -367.6906 -375.5465 -369.7357 -373.1156 -380.9861
95 -310.4381 -316.04 -325.1719 -317.4086 -322.3061 -331.4998
96 -341.9886 -347.7107 -356.3189 -355.1494 -358.1628 -366.7822
97 -332.6287 -338.3008 -342.6673 -345.0469 -351.2543 -355.603
98 -348.4193 -353.1948 -358.171 -356.888 -362.1074 -367.0171
99 -289.6932 -292.8032 -301.6679 -298.1591 -300.2404 -309.0952
100 -292.552 -294.2376 -303.1421 -302.3463 -304.7876 -314.0438
