1 1.128635 0.9187624 0.9027209 2.198446 1.00917 1.00365
2 1.493459 0.8684778 0.8738529 2.385755 0.8913632 0.9103627
3 0.8897998 0.8166826 0.8343943 1.441184 0.803399 0.768735
4 0.9683078 0.6827021 0.6841981 1.878687 0.7561302 0.732787
5 1.111933 0.9237527 0.8984063 1.783289 0.9511395 0.9293797
6 1.384794 0.6750661 0.6785029 2.427637 0.6682382 0.7206863
7 0.8521863 0.6355103 0.6380034 1.965034 0.6170916 0.6065488
8 1.220456 1.12574 1.088459 1.950961 1.109883 1.117891
9 0.9163639 0.8298645 0.8604526 1.830188 0.936447 0.96935
10 1.115425 0.9757301 0.9915511 2.679722 1.021521 0.976121
11 1.469563 1.025692 1.030891 2.186176 1.043697 0.9545704
12 1.227756 0.9937963 0.9950928 2.10248 0.9701408 0.9716196
13 1.19021 0.9253643 0.9450663 2.180577 0.9426681 0.9704658
14 1.459166 1.23158 1.217993 2.402573 1.210977 1.209603
15 1.029169 0.8676891 0.8865461 2.189147 0.8838498 0.8734839
16 1.22023 0.9760375 1.003712 2.097838 1.058489 1.071683
17 1.168555 0.9661394 0.9328286 1.814226 1.035296 1.008555
18 1.141957 0.9674187 0.9514424 2.148047 1.00116 0.9400449
19 1.425608 1.042286 1.027655 2.561124 1.076765 1.054096
20 1.240418 0.885578 0.9060552 1.711063 0.8686936 0.8504491
21 1.403852 1.012067 1.016856 2.304028 1.018122 1.061465
22 1.389804 1.163 1.162208 2.057247 1.184391 1.142013
23 1.558003 0.9437485 1.032517 2.905509 1.003016 1.020104
24 1.356418 0.9529416 0.9343711 1.877882 0.939037 0.9427064
25 1.235983 1.030081 1.087497 2.975782 1.190649 1.101498
26 1.170475 0.9647258 0.9848852 2.519824 0.9475711 1.004428
27 0.9638848 0.8040294 0.7810407 1.642527 0.7978718 0.8197417
28 0.8826306 0.7713287 0.7559697 1.520862 0.8495133 0.8224648
29 1.555519 1.081508 1.029173 2.434747 0.97738 0.9871117
30 0.8895063 0.7607327 0.7929474 1.284686 0.8162834 0.8150462
31 1.286817 1.124586 1.160215 1.93974 1.118204 1.180064
32 0.9634106 0.8696745 0.8460238 1.725997 0.8654534 0.8643699
33 0.9401095 0.8607533 0.8368688 1.655192 0.847256 0.8282553
34 1.639169 1.297785 1.293337 2.378332 1.285141 1.302597
35 1.357246 0.8990141 0.9377413 2.042327 0.9674095 0.954081
36 1.102539 0.8546154 0.836163 1.983873 0.8034281 0.8107459
37 1.632276 1.383796 1.380974 3.177513 1.419545 1.381936
38 1.105712 0.9611088 0.9797742 2.380879 0.9140952 0.9249525
39 0.9544984 0.7405616 0.7689531 1.732372 0.7970024 0.7450312
40 0.8339511 0.7040634 0.7133507 2.074169 0.7908132 0.7854727
41 0.8130181 0.8056989 0.7851251 1.448761 0.800023 0.8835882
42 1.522814 0.8283429 0.7856301 2.959284 0.7946705 0.7729073
43 1.195108 0.8510219 0.8809264 2.178284 0.9082307 0.9179389
44 1.471544 1.175057 1.181164 2.569051 1.180203 1.201963
45 1.02966 0.8397246 0.8184409 2.203392 0.84797 0.8328677
46 1.535851 1.076137 1.085603 2.302075 1.144681 1.071946
47 1.84422 1.16254 1.172071 3.096391 1.224457 1.265122
48 1.000395 0.8037076 0.7684145 2.001089 0.7599801 0.8078363
49 1.106498 0.8856706 0.8644703 1.922873 0.8585884 0.8428759
50 1.369813 0.9714204 0.9375939 1.993453 0.9095084 0.9394633
51 0.8538893 0.7198805 0.7208085 1.858131 0.7725216 0.7818479
52 1.486832 0.9329554 0.9447913 2.441871 0.9228158 0.9582007
53 1.022409 0.9393528 0.9231575 2.005237 1.002794 0.9690214
54 1.666312 1.189568 1.187637 2.912033 1.224841 1.212569
55 0.9347318 0.8067643 0.8119413 1.930127 0.8044455 0.8348757
56 1.239767 0.9274121 0.9470416 1.977191 0.9955199 0.984007
57 1.233833 1.099878 1.091866 1.918706 1.016731 1.0968
58 1.38266 1.062273 1.049357 2.136823 1.142953 1.166011
59 1.19767 0.9748138 0.9668526 1.947209 0.9489327 0.9953413
60 1.128361 0.8644929 0.8319659 1.929997 0.8278275 0.7948376
61 1.210892 0.7404757 0.7363415 2.839995 0.670998 0.693442
62 1.047212 0.8708805 0.8087958 2.220987 0.8709208 0.8320039
63 1.028805 0.8984438 0.9328917 2.14021 0.8594924 0.8903431
64 1.323467 1.189006 1.171757 2.918824 1.152577 1.172251
65 0.8633654 0.7392095 0.7235575 2.066684 0.7624257 0.7903758
66 0.9587581 0.8433696 0.8393429 1.52909 0.8108638 0.8285128
67 0.8479665 0.7954917 0.7801064 1.472141 0.8091497 0.8210484
68 0.8484376 0.7757522 0.7353833 2.047382 0.768004 0.7388196
69 1.586977 1.163402 1.126641 2.27295 1.134025 1.15791
70 0.8239682 0.6961296 0.7375215 1.665018 0.7850895 0.8011734
71 1.195321 1.00928 1.038466 2.275721 1.032283 1.046555
72 1.413468 1.204301 1.215293 3.929173 1.249796 1.268539
73 1.254546 1.088487 1.094038 1.964631 1.08038 1.111683
74 1.228083 0.9200159 0.9170256 2.394848 0.9255447 0.9102455
75 1.377964 1.161867 1.136541 2.260602 1.242676 1.255831
76 1.147634 0.9919416 0.9516739 2.222911 1.033484 1.039302
77 1.211571 0.9868393 1.005313 2.418594 0.9759304 1.019508
78 1.057941 0.9707864 0.9443917 1.863184 0.9955154 1.003427
79 1.022265 0.843907 0.8271825 1.609692 0.8509562 0.8320731
80 1.373169 1.166038 1.200385 1.933986 1.242426 1.175773
81 1.179048 1.027692 1.029567 1.992496 1.066216 1.046309
82 1.218297 0.8938408 0.8931733 2.306302 0.9096094 0.8355194
83 1.43288 0.8297668 0.8556552 2.347275 0.8260327 0.8054254
84 1.201614 0.9866666 0.9874704 2.072382 1.039501 0.9953856
85 0.8978994 0.7958643 0.8124123 1.670946 0.8648112 0.8468434
86 1.363559 0.9905762 0.9489173 2.463805 1.01142 0.9600176
87 1.922156 1.146217 1.13005 3.072013 1.156744 1.091902
88 1.139259 1.010105 0.9969002 1.720984 1.04374 1.039102
89 1.518002 1.030014 1.04553 3.256745 0.9924423 1.052281
90 1.264515 0.9554292 0.9456688 2.521024 1.04434 1.04898
91 1.199553 0.9754438 0.9755453 2.316502 0.9476043 0.8910112
92 1.274251 0.9459619 0.9769725 2.242605 1.030272 1.008547
93 1.683596 1.1373 1.091898 2.454141 1.074017 1.104811
94 1.086517 0.7510218 0.7544014 1.769309 0.7933785 0.7827647
95 1.247591 0.930294 0.9148907 2.036625 0.941534 0.938363
96 1.376748 1.130055 1.099121 2.653349 1.118447 1.108848
97 1.629569 1.212021 1.256577 3.012646 1.224376 1.196619
98 0.9629055 0.7645946 0.7402357 1.920176 0.7727674 0.7464274
99 1.21108 0.8572115 0.8507243 2.052589 0.8631887 0.8849794
100 0.8810102 0.8239986 0.8031197 1.928759 0.8932676 0.8967122
