1 0.2380886 0.2279967 0.2235703 0.4518943 0.2512377 0.2501103
2 0.3107201 0.1812201 0.1812584 0.5042565 0.1845473 0.1887581
3 0.250133 0.2471046 0.2481692 0.3216468 0.2560327 0.2548179
4 0.2071628 0.1682694 0.1652929 0.3897258 0.1870287 0.1794732
5 0.2467375 0.2240552 0.2173658 0.3725541 0.2297044 0.2229313
6 0.3859206 0.2625245 0.2763688 0.6860162 0.294817 0.3137947
7 0.2011793 0.1570325 0.1558264 0.4601994 0.1523743 0.1499053
8 0.2293822 0.2173301 0.2112196 0.3571439 0.2146314 0.2168986
9 0.3859885 0.3340274 0.3638916 0.6572015 0.3837827 0.4204059
10 0.2849466 0.4604669 0.4526298 0.6806076 0.6519114 0.5201506
11 0.2872458 0.2065474 0.209095 0.4492937 0.211541 0.1909074
12 0.231242 0.1909561 0.1912118 0.3923611 0.1854272 0.1896094
13 0.2422663 0.2061951 0.2125204 0.4615438 0.2210669 0.2306688
14 0.2886032 0.2516196 0.2489879 0.5021267 0.2435679 0.2414415
15 0.2550625 0.2259979 0.2363865 0.530656 0.2434727 0.2374127
16 0.2857839 0.2493053 0.2537633 0.4595804 0.2510975 0.2522269
17 0.2999236 0.2749126 0.2735574 0.3850816 0.2905534 0.2845301
18 0.2685643 0.2631076 0.2638718 0.4541522 0.2922434 0.2689609
19 0.2373757 0.1623038 0.1653403 0.5019203 0.1749687 0.1664342
20 0.7526375 1.112992 1.096638 0.6893988 1.051001 1.182196
21 0.3033117 0.2760856 0.2681199 0.4699471 0.2811659 0.2898361
22 0.326001 0.300684 0.2943454 0.438759 0.3001829 0.2850747
23 0.3619673 0.243106 0.2668603 0.6546836 0.2615284 0.2681403
24 0.3254874 0.2817845 0.2670319 0.4516837 0.2810278 0.291891
25 0.4810128 0.4112567 0.4192397 1.04759 0.5172569 0.3997288
26 0.3273411 0.3012875 0.3017097 0.5856329 0.2764443 0.3006984
27 0.280696 0.2722331 0.2641345 0.3783559 0.2601783 0.2691064
28 0.2263988 0.2316344 0.2156511 0.3763227 0.2467635 0.2302526
29 0.3230535 0.2398972 0.2216325 0.5106028 0.2248563 0.2157565
30 0.1933805 0.1738153 0.1879616 0.2736678 0.1881188 0.1889818
31 0.2392828 0.2306917 0.2375489 0.3603827 0.2302713 0.2455526
32 0.19251 0.1854025 0.1783394 0.3501214 0.1804885 0.1820971
33 0.2312794 0.2379964 0.2328903 0.3601758 0.2327784 0.2262091
34 0.3319934 0.2697437 0.2734526 0.4785105 0.260895 0.2646573
35 0.9995701 1.164573 1.232876 0.6484873 1.488994 1.47291
36 0.2454332 0.1938808 0.1885778 0.4298633 0.1714604 0.1733953
37 0.2681312 0.2276938 0.2246821 0.5497543 0.2286071 0.2294393
38 0.2680802 0.2531973 0.2634882 0.5452475 0.2552684 0.2574669
39 0.2160586 0.1779963 0.1834674 0.3860021 0.1845414 0.176266
40 0.215594 0.1787094 0.1831845 0.5304095 0.1946018 0.1972213
41 0.1659891 0.1756797 0.1699816 0.2952558 0.1662472 0.1894384
42 0.3064835 0.1624272 0.1563345 0.6317455 0.1560697 0.1507735
43 1.194508 0.9406625 0.919699 1.839578 0.7197768 0.6480805
44 0.2732156 0.2342914 0.2409525 0.4861028 0.2384348 0.239847
45 0.4536265 0.472876 0.4842106 0.5741545 0.4456718 0.4424998
46 3.604292 4.777449 4.689007 1.417085 4.977164 4.978404
47 0.5246554 0.2909551 0.2841829 0.8639266 0.3144186 0.2991599
48 0.3284845 0.2828036 0.2742655 0.5063154 0.2692018 0.2811041
49 0.2463024 0.2250152 0.2146306 0.3763625 0.2129388 0.2100003
50 0.3415456 0.2737834 0.2667787 0.4235016 0.2392611 0.2641825
51 0.2136061 0.3316013 0.4095125 0.4616129 0.5347354 0.599192
52 0.3088417 0.206251 0.2076099 0.5015921 0.2078236 0.2147459
53 0.2020549 0.1936312 0.1911889 0.4125101 0.2093275 0.2013805
54 0.3255723 0.2698201 0.2739858 0.5913532 0.2772498 0.2792274
55 0.2562604 0.2003427 0.2102912 0.4240726 0.2262758 0.2281706
56 0.2833222 0.2462881 0.2591715 0.4409935 0.2885671 0.2870423
57 0.2696365 0.2536584 0.2493074 0.3890696 0.2252198 0.2455351
58 0.4084913 0.4008734 0.4198825 0.5332687 0.475711 0.4746828
59 0.3112752 0.2960091 0.2896821 0.4072529 0.2820063 0.300719
60 0.3685453 0.3281219 0.3227788 0.5382383 0.3364871 0.3227657
61 0.3539554 0.2388995 0.2290424 0.7433466 0.1947354 0.2117911
62 0.270782 0.20951 0.1918136 0.539914 0.2304908 0.2111072
63 0.2317931 0.2165 0.2298858 0.4458879 0.2203163 0.224706
64 0.2112611 0.203212 0.2069291 0.5472118 0.2109303 0.2193098
65 0.2751091 0.2395081 0.2253766 0.5783489 0.237822 0.226202
66 0.2026022 0.1865127 0.1877543 0.3204214 0.1767714 0.1817773
67 0.203453 0.177564 0.1717058 0.3248417 0.1918135 0.1890461
68 0.1807506 0.1918631 0.1811973 0.4436564 0.1872545 0.1781436
69 0.3690902 0.332302 0.3247311 0.4931455 0.3321359 0.3339604
70 0.2726566 0.2899794 0.3089048 0.4088333 0.3442597 0.3552347
71 0.2782202 0.2557202 0.2658642 0.4747703 0.2688144 0.2773267
72 1.380004 0.9155706 0.862303 2.046356 0.9241948 0.8948613
73 0.3177496 0.3025516 0.3060168 0.4399211 0.2962882 0.3051842
74 0.2732527 0.2311181 0.2330977 0.5610957 0.2286213 0.2334233
75 0.2639395 0.2527905 0.2404532 0.4215315 0.2790524 0.283163
76 0.2488267 0.2832998 0.2733832 0.4525048 0.3029186 0.3075748
77 0.3153064 0.2532261 0.2509456 0.6031637 0.2492884 0.2500477
78 0.3130899 0.3638258 0.3484091 0.4355239 0.3851344 0.3733625
79 0.2201863 0.1984835 0.1938965 0.3410022 0.1954306 0.1897829
80 0.3691493 0.3719242 0.3855438 0.4291581 0.3867361 0.3800971
81 0.248771 0.2426009 0.2366129 0.4016155 0.246897 0.2436238
82 1.303317 0.7815152 0.8109727 2.673285 0.844985 0.8167566
83 0.28456 0.1627469 0.1680503 0.4934972 0.1612565 0.156394
84 0.2264429 0.2117672 0.2098841 0.4401459 0.2292179 0.2161609
85 0.2266538 0.229517 0.238242 0.4031618 0.2401009 0.2390961
86 0.5752352 0.7560595 0.4242707 1.041094 1.237911 1.039264
87 0.3422487 0.2120335 0.2036976 0.5758968 0.2233376 0.2063323
88 0.4028787 0.4515736 0.4692173 0.4254173 0.4957005 0.4727469
89 0.3738467 0.2638319 0.266005 0.7161565 0.2379103 0.264073
90 0.2692795 0.2329638 0.2302685 0.5339591 0.2791989 0.280079
91 0.3853591 0.4388042 0.4102047 0.6089183 0.5059467 0.4634517
92 0.601567 0.5716142 0.5771984 0.7149744 0.5929905 0.5961436
93 3.29348 0.7302255 0.882191 1.537508 0.8872814 0.9782572
94 1.295055 0.4602975 0.3789805 2.145841 0.3620367 0.4052767
95 0.2635541 0.2198584 0.2188468 0.4151344 0.2226839 0.2160829
96 0.3528247 0.3200846 0.3095117 0.6011517 0.3295004 0.3192617
97 0.3718255 0.2916332 0.3108721 0.6918017 0.2862077 0.2874422
98 0.4045219 0.2141403 0.1953985 0.707033 0.2361306 0.1826729
99 0.2275007 0.170756 0.1702932 0.3833068 0.1743394 0.1769546
100 0.1690837 0.1794611 0.1728319 0.3698009 0.200699 0.2023511
