2 5.496996 -0.2865982 -0.3117186 -0.7037355 0.6274898 0.7180736 -0.03730087 0.2427909 41.68888 -2.937514 -0.5862925 0.4144881
3 5.280741 -0.3823642 -0.4268845 -0.5000261 0.5172717 0.3136277 -0.04867449 0.2435258 9.015526 -2.806704 -0.2160157 0.4123679
5 5.298678 -0.5286615 -0.4372294 -0.2874808 0.3888876 0.4055086 -0.1281651 0.4290894 4.982879 -2.167613 -0.3589691 0.2766932
6 5.218089 -0.4089034 -0.3544392 -0.6518687 0.5750686 0.2233257 0.1205278 0.202842 20.87162 -2.517891 -0.7087817 0.3739843
9 5.193123 -0.3280624 0.2133692 -0.896859 0.3050794 0.1932804 0.01675385 0.09814403 2.509777 -1.701991 -0.7942327 0.0986383
10 5.506371 -0.5663346 -0.102469 -0.575263 0.5824614 0.340672 -0.007550058 0.2352384 7.611127 -2.15092 -0.07800498 0.1690912
12 5.155617 -0.2357322 0.04664704 -0.9758467 0.5919924 0.3312067 0.05918855 0.2624409 3.933002 -1.872937 -0.1492446 0.1666242
13 5.526957 -0.5206783 -0.07417915 -0.443752 0.4040944 0.376214 0.01150523 0.2427679 41.76828 -2.429893 -0.639433 0.3156119
14 5.445651 -0.4845778 -0.2847352 -0.2688435 0.4361711 0.7764354 0.1769666 0.2413237 3.841748 -1.690053 -0.9877471 0.1280785
15 5.453313 -0.2976479 -0.06686203 -0.3486465 0.5386908 0.6458449 0.09947853 0.2803852 8.708373 -1.851709 -0.6755887 0.1757011
16 5.86326 -0.6827071 -0.8152635 -0.3210938 0.4061682 0.3784221 0.1413779 0.5101676 43.40251 -2.321226 -0.1433683 0.2636211
17 5.080767 -0.3812399 0.1946247 -0.4745181 0.4178965 0.4674269 0.04360738 0.1219906 3.024092 -1.959246 -1.231293 0.2785802
18 5.696206 -0.1186916 -0.4413894 -0.6755445 0.4789461 0.4544431 -0.005792351 0.06187959 9.980412 -2.385717 -0.6048455 0.2370656
19 5.586522 -0.4922903 -0.4142784 -0.4919198 0.3021395 0.3628659 0.1575705 0.2719215 4.02376 -2.310609 -0.5849866 0.3038101
20 5.462259 -0.2040398 -0.8061376 -0.6027272 0.4891335 0.3226434 0.1370186 0.1602412 5.559092 -2.528065 -0.250847 0.2968981
21 5.055242 -0.3067389 -0.353643 -0.7641014 0.5855243 0.5278669 0.02286459 0.3157024 5.758811 -2.398821 -0.1537005 0.230519
22 4.819491 -0.120138 0.2473565 -0.8121153 0.4554031 0.4724383 0.1532668 0.1817275 7.299622 -2.726546 -0.9794822 0.4331969
23 5.263086 -0.2510551 -0.05082255 -0.9257279 0.3969471 0.5066908 0.1217512 0.1174877 29.12882 -3.088654 0.2932221 0.3406645
24 5.304826 -0.04146539 -0.1531448 -0.8867546 0.6677382 0.268051 0.1935891 0.3113518 11.36295 -2.244821 -0.3666433 0.2369175
26 5.606358 -0.7819045 -0.1179545 -0.3508702 0.6043113 0.1519489 0.1587036 0.3261215 9.261223 -2.207042 -0.4429471 0.2074355
27 5.123554 -0.6891162 0.2082092 -0.3614263 0.5762776 0.409129 0.2205002 0.3013735 6.158902 -2.280237 -0.6242901 0.29189
28 5.447972 -0.6860577 -0.2103904 -0.2920604 0.4636053 0.4678227 0.0126961 0.02201309 3.476527 -1.889493 -0.3443481 0.1665876
29 5.114181 -0.1106953 0.338029 -1.153648 0.2604278 0.3970278 0.09486096 0.1190908 3.135445 -2.091524 -0.9044816 0.2875697
30 5.424656 -0.6636044 0.02069518 -0.5078309 0.6007507 0.5732647 -0.006556858 0.4656744 14.69534 -2.064963 -0.3234826 0.2042182
32 5.486808 -0.5419898 -0.2115984 -0.4432899 0.4442392 0.3617865 0.1796169 0.1920487 8.183889 -2.026313 -0.6920046 0.2671573
35 5.032045 -0.5390317 -0.201859 -0.487647 0.6868697 0.4043621 -0.04678147 0.2754347 9.095874 -2.224967 -0.4293989 0.2387973
36 5.342952 -0.261836 0.3785779 -0.7163561 0.5629198 0.3211124 0.1413832 0.1087655 4.073872 -1.949633 -0.7586337 0.1372644
37 5.429544 -0.3645331 -0.1695847 -0.7998881 0.4126063 0.1912605 0.136054 0.2887624 6.781324 -2.839046 -0.2867679 0.3506113
38 4.969258 -0.146687 0.1760241 -0.7593665 0.3196608 0.5217613 -0.03694243 0.08584753 4.839083 -2.160558 -0.4179755 0.2794328
39 4.857093 -0.8285039 0.3590209 -0.02028319 0.5516397 0.6492851 0.4296593 0.5215922 35.02189 -1.825705 -0.403306 0.191369
40 5.333017 -0.4416749 -0.4416087 -0.4979971 0.5722107 0.4158875 0.07559314 0.2638913 9.310621 -2.278846 -0.3438185 0.11902
43 5.383804 -0.01932328 -0.03123055 -0.9497816 0.5912732 0.2382987 0.06679401 0.2585549 12.77147 -2.39384 -0.7077707 0.2078051
46 5.278914 -0.02962463 0.1942341 -0.9897072 0.5335683 0.6329037 0.1411879 0.1962112 7.449403 -1.803984 -1.408924 0.1871298
47 5.620194 -0.20128 -0.1941904 -0.6230177 0.6149631 0.2732645 -0.01480784 0.478061 10.00691 -2.9462 -0.894077 0.3282924
48 5.271575 -0.7309433 -0.2027918 -0.264826 0.4835774 0.3885175 0.2090023 0.2844316 8.819015 -2.359607 -0.9243462 0.3125176
49 5.151522 -0.6556053 -0.05776055 -0.4170152 0.3088104 0.4052362 0.0390911 0.1171653 3.101482 -2.144727 -0.620708 0.2530228
50 5.264498 -0.4179065 -0.4119285 -0.6863834 0.571784 0.3060888 0.1717369 0.3103273 5.845711 -2.156192 -0.7350012 0.2750544
52 5.475346 -0.5328218 -0.02827895 -0.7569265 0.3667243 0.4942574 0.08700527 0.2754378 10.27049 -2.655166 -0.9176623 0.2850812
54 5.514813 -0.6058434 -0.309672 -0.5150327 0.4570429 0.1287371 0.1369867 0.3909201 4.18621 -1.805631 -0.623695 0.1593965
55 5.310047 -0.5832799 0.2472485 -0.252536 0.5100874 0.5243504 0.1253146 0.06550681 4.160347 -2.114769 -0.1467921 0.1848756
58 5.253319 -0.4341568 -0.1876616 -0.503747 0.7381917 0.197907 -0.05758506 0.2183731 6.65474 -2.353408 -0.7121952 0.3124826
66 5.434914 -0.6184486 0.2577996 -0.4155676 0.5190919 0.1786852 0.1248206 0.2820328 10.04401 -2.026027 -0.8199019 0.2398509
68 5.250603 -0.3799955 0.2583697 -0.4592957 0.5024057 0.6715014 -0.06759636 0.2990145 3.738322 -1.96519 -0.3563975 0.110145
70 5.445785 -0.2399918 -0.06819604 -0.8903499 0.3503594 0.5256071 -0.04673696 0.2311194 5.940688 -2.412548 -0.5174895 0.2639205
76 5.133777 -0.6506145 0.05316412 -0.52245 0.6590538 0.2108549 0.1576616 0.4450243 4.653489 -1.977551 -0.6909634 0.2483401
77 5.410503 -0.3814134 0.009269836 -0.8301762 0.4381293 0.1922016 0.05248715 0.2377876 19.40688 -2.31668 -0.1412198 0.2205413
79 5.08888 -0.08097547 0.1501802 -0.9255072 0.4673069 0.1884099 0.04752673 0.2479365 6.261609 -2.622439 -0.2911782 0.3620369
80 5.209204 -0.5672182 0.2859107 -0.8335734 0.5793967 0.3302603 0.05931931 0.2280217 39.37698 -1.983315 -1.230133 0.3015999
82 5.371304 -0.3086127 -0.1158149 -0.8926261 0.4920247 0.4039025 -0.09628882 0.4369687 4.466818 -1.799451 -0.3713846 0.1941038
84 5.38024 -0.5526335 -0.3286001 -0.3831571 0.5594291 0.3935434 0.1428569 0.1944275 8.870606 -2.166069 -0.3435822 0.1977137
85 5.13485 -0.6451821 -0.07828635 -0.3464858 0.5278197 0.634182 -0.1819511 0.2591107 7.991983 -1.790076 -0.657595 0.1862418
86 5.347821 -0.2600217 -0.1940233 -0.5427863 0.5005471 0.3173743 0.204812 0.237756 58.46655 -2.359787 -0.4447717 0.310799
88 5.169057 -0.462239 0.04670487 -0.4287357 0.4494051 0.192574 0.1005388 0.2030287 3.987814 -2.147205 -0.6593022 0.2294727
90 5.446679 -0.5903757 -0.4316821 -0.3971183 0.4286241 0.4864716 0.1191625 0.1744377 5.15757 -1.951173 -0.343476 0.1815872
91 5.700753 -0.7015035 -0.7772893 -0.02990762 0.432695 0.1850006 -0.02409592 0.3118593 5.722797 -2.13232 -0.355697 0.1775393
92 5.724736 -0.7395934 -0.4542429 -0.3210292 0.420721 0.5541069 -0.1003909 0.3209901 5.053677 -2.209726 -1.222627 0.3179077
93 5.558163 -0.4345205 -0.9678048 -0.1828358 0.7452949 0.5516839 -0.05904483 0.3008199 3.618653 -1.681375 -0.6908097 0.190167
96 5.246818 -0.4687446 -0.2028358 -0.5648405 0.6035345 0.5938591 0.1711056 0.2077847 4.63083 -1.9598 0.07169522 0.1343817
97 5.233642 -0.3697952 0.05606215 -0.5950347 0.3906132 0.3533806 0.2539782 0.2940702 8.78684 -2.247096 -0.6040654 0.3143366
99 5.356319 -0.7699422 -0.1025129 -0.1537557 0.4420244 0.2639389 0.07874594 0.1828337 3.982256 -2.18043 -0.7876179 0.3568855
100 5.572824 -0.3320473 -0.003036855 -0.7498195 0.5840318 0.7822789 0.009889228 0.1605356 4.611979 -2.060332 -0.1561154 0.1570775
101 5.417655 -0.5263857 -0.02373414 -0.4316549 0.4258906 0.3258768 0.006507049 0.1697176 4.474647 -2.237569 -0.353452 0.2183088
102 5.610671 -0.3022368 -0.1556435 -0.9306835 0.58081 0.4880912 -0.01543648 0.0736135 4.1231 -1.977922 -0.2442802 0.174852
103 5.375401 -0.6045444 -0.3938813 -0.152537 0.5351841 0.5638981 0.1580116 0.3354428 9.478279 -2.321656 -0.2487328 0.2459601
104 5.10892 -0.002533065 0.2883662 -0.8322464 0.6035078 0.5598494 -0.03286679 0.25761 6.569542 -2.169677 -0.7872815 0.2624206
105 5.258177 -0.2574908 0.1013665 -1.046174 0.3969084 0.3928266 0.09075179 0.1171836 4.529033 -2.464001 -0.5815927 0.3301769
106 5.346337 -0.5757242 -0.02383609 -0.5208601 0.2948343 0.64839 -0.09348472 0.2021052 3.087492 -2.054659 -0.5408921 0.2408803
110 5.279368 -0.651915 -0.1451233 -0.1260437 0.5028442 0.3457578 0.1362667 0.1073684 16.57557 -2.171674 -0.5212264 0.2466407
112 5.33841 -0.6135812 0.1046006 -0.05730576 0.5330205 0.5277375 0.08248798 0.08756679 15.15531 -2.510933 -0.4598307 0.2858606
115 5.49628 -0.2772069 -0.273051 -0.7756211 0.4792654 0.6572818 0.04799796 0.1690101 5.099887 -2.191762 -0.8336078 0.2768669
116 5.044821 -0.08442064 0.359006 -0.9460992 0.4334503 0.2005358 -0.06056079 0.306595 2.519163 -1.614332 -1.015389 0.1831141
117 5.460324 -0.8213593 -0.3187022 -0.2636904 0.4378779 0.1074354 0.03004223 0.1929301 3.112641 -2.437534 0.08611385 0.276444
119 5.264166 -0.105323 0.183651 -0.9416171 0.5091054 0.3145487 0.1675541 0.2472967 4.847907 -2.218135 -0.008939732 0.1696402
120 5.113122 -0.2498392 0.3937157 -0.8679877 0.3948098 0.3101732 0.04698785 0.2703225 4.374671 -1.809533 -0.3388419 0.1624558
121 5.633339 -0.8028943 -0.3219575 0.08889656 0.5069463 0.3605434 -0.03847197 0.1975422 6.722097 -2.293012 0.04431204 0.2539774
122 5.200803 -0.1043211 0.2160385 -0.9277733 0.5060049 0.3490037 0.1033286 0.1119014 5.616488 -2.345741 -0.6616745 0.3172078
123 5.263123 -0.4221665 -0.01418431 -0.4288379 0.5406607 0.6275729 0.1710663 0.1285454 9.377384 -1.877016 -1.164424 0.2372671
126 5.288987 -0.4440974 0.3219273 -0.4310705 0.3897885 0.3072095 0.1808012 0.1725581 3.461671 -2.013988 -0.9756857 0.2190456
127 5.170098 -0.4417139 0.08739771 -0.5027888 0.5361663 0.2807136 0.1005731 0.08637291 4.298047 -1.819749 -1.471787 0.2609538
128 5.634345 -0.6375717 -0.6069349 -0.412258 0.5616939 0.6649444 0.07889505 0.09108036 16.83052 -1.834349 -0.9179842 0.2009352
130 5.224509 -0.008372935 0.126898 -0.9019323 0.4774242 0.463247 0.02410679 0.242051 5.082416 -2.003099 -0.5832774 0.2361727
131 5.253588 -0.4517686 -0.290437 -0.4598605 0.5089978 0.4814617 0.2404251 0.2600811 6.074459 -1.575554 -1.053381 0.1671355
132 5.033268 -0.4707817 -0.1747989 -0.4686309 0.4916982 0.4782002 0.167467 0.3316565 4.41129 -2.345776 0.05750845 0.1753898
134 5.445482 -0.4421695 0.2179828 -0.4598307 0.4193602 0.2516383 0.1904479 0.2090866 3.833812 -1.986714 -1.077323 0.2185968
135 5.706546 -0.5199804 -0.4026387 -0.690336 0.5209589 0.5287594 0.03359206 0.1216415 7.411384 -2.819691 -0.5662401 0.3987941
137 5.753634 -0.5524815 -0.5520065 -0.3797931 0.4118297 0.3906075 0.1455619 0.2160758 3.382211 -1.930576 -0.5818962 0.1749002
138 5.130881 -0.2304502 -0.05460026 -0.5354413 0.4008753 0.5012851 -0.1475346 0.1869284 7.459095 -2.050393 -0.7011746 0.2743449
139 5.263892 -0.5139943 -0.3131147 -0.3402959 0.3780727 0.3399004 0.04376038 0.2460736 3.297542 -2.312778 -0.359327 0.2532288
140 5.269666 -0.65782 0.2074208 -0.5517203 0.3770568 0.3639885 0.1284671 0.3088204 5.048853 -1.951017 -0.5337799 0.2230014
141 5.484738 -0.2691085 -0.3317403 -0.785745 0.3360761 0.6690578 -0.1038743 0.1454589 2.710001 -2.186066 -0.6985669 0.2653483
142 5.288526 -0.6156719 0.2755296 -0.2279241 0.5280967 0.5237139 0.2755579 0.3251467 9.837912 -2.115959 -0.2102535 0.2120705
143 5.29808 -0.7497883 -0.05775444 -0.2616605 0.5427049 0.718902 -0.2115543 0.2592466 9.138675 -1.956569 -1.056161 0.2749806
144 5.189984 -0.5079548 -0.1012012 -0.5163329 0.4767557 0.7648348 -0.2171744 0.3641319 27.98043 -2.076629 -0.5123359 0.285761
146 5.065956 -0.2941883 0.2764561 -0.613891 0.4409591 1.002226 0.06220945 0.1865453 4.392532 -1.746572 -0.646975 0.178729
147 5.243822 0.02869848 0.3326815 -0.8888709 0.4249347 0.7887757 0.007631591 0.197213 6.606466 -2.187285 -1.337774 0.3941036
148 5.346318 -0.6726587 0.1586247 -0.250469 0.5367875 0.4864155 -0.1420309 0.3527234 3.581487 -1.598204 -0.5289789 0.1738313
149 5.487562 -0.2347503 -0.9712204 -0.6412703 0.5272419 0.3709122 0.05554214 0.1051434 5.132503 -2.446649 0.3934741 0.2141834
150 5.284382 -0.2257918 0.01613088 -0.7669254 0.2708213 0.3438753 -0.05760856 0.1549531 4.016668 -2.593138 -0.534962 0.3389136
151 5.330114 -0.6445972 0.01611109 -0.3026121 0.5372589 0.4463127 0.3581134 0.4270425 16.89651 -2.03504 -0.5147608 0.2176396
152 5.220265 -0.5197337 0.216701 -0.3966294 0.653298 0.08995582 0.04988557 0.215769 2.904748 -2.610255 -0.635692 0.3576212
