1 0.2575487 0.2047447 0.3741503 0.2598033 0.4610559 0.2581554 0.1909066 0.3845648 0.4533143 0.3725768 0.08803791
2 0.2686844 0.2544475 0.3568017 0.3149726 0.4179423 0.2582733 0.2120581 0.3649405 0.5038212 0.3762538 0.09301898
3 0.2164581 0.2092583 0.308784 0.2809938 0.3554588 0.213964 0.216545 0.2515443 0.5488967 0.4019146 0.09772984
4 0.2365297 0.1920492 0.3064316 0.2299861 0.2952761 0.1805918 0.1276563 0.2025989 0.5954066 0.398923 0.1024079
5 0.2308146 0.2267635 0.3232965 0.3079355 0.4542741 0.3188649 0.3157342 0.3229093 0.5150974 0.3868501 0.09131576
6 0.2849799 0.2674317 0.3646817 0.3353034 0.491172 0.3151831 0.2790693 0.3723675 0.4399799 0.372223 0.07708699
7 0.2683004 0.2545525 0.3472922 0.2997905 0.416427 0.2449032 0.214081 0.3741325 0.445589 0.3832948 0.08277643
8 0.2342777 0.2061902 0.3197201 0.2540676 0.3514456 0.2252291 0.1888924 0.2345092 0.5542656 0.4038452 0.1054356
9 0.2287702 0.2219145 0.3334149 0.3075726 0.4555291 0.3225025 0.3855464 0.299327 0.4468985 0.3719502 0.08843513
10 0.2664438 0.3352998 0.3653814 0.4322865 0.5398394 0.3803578 0.4118925 0.4687487 0.4142626 0.3618787 0.0793433
11 0.1933806 0.2040993 0.3170438 0.283083 0.4121945 0.3105272 0.2774494 0.2762543 0.4660958 0.4006119 0.09748734
12 0.2080162 0.2293872 0.3455654 0.3624561 0.5500404 0.3131113 0.3028401 0.6023738 0.4538573 0.3878136 0.08101812
13 0.2253655 0.2370515 0.309463 0.2952135 0.3680642 0.239757 0.2120345 0.28827 0.4539161 0.376758 0.08941945
14 0.2536527 0.2717336 0.3701282 0.3605554 0.5609305 0.3776478 0.3733484 0.4180126 0.4110375 0.364218 0.0773496
15 0.246449 0.2485765 0.3385196 0.3311987 0.4568368 0.2744023 0.2396281 0.4066285 0.4310705 0.3743951 0.08258904
16 0.2767212 0.222682 0.3489453 0.2609492 0.4136225 0.2430529 0.1867505 0.3643143 0.4771378 0.3858143 0.09086615
17 0.2350909 0.1940873 0.3067252 0.2428514 0.2939861 0.1728073 0.1509775 0.2126626 0.5246581 0.382423 0.09641319
18 0.2221043 0.2218537 0.3492347 0.3252595 0.5498809 0.3229142 0.3067129 0.5585729 0.4263077 0.3858937 0.08104494
19 0.2512429 0.1816602 0.3554201 0.2564195 0.4674772 0.2521536 0.1743249 0.3726483 0.5237965 0.3956854 0.08835267
20 0.2019653 0.2424055 0.2614918 0.2968116 0.259227 0.1884912 0.2135971 0.1907908 0.5178887 0.3899436 0.09124898
21 0.2760883 0.309629 0.3642979 0.3444364 0.5583103 0.3720028 0.3270586 0.4280904 0.4731335 0.3747712 0.08816683
22 0.2143908 0.2034409 0.2893921 0.2719251 0.361649 0.272048 0.3117202 0.3114628 0.4745771 0.367715 0.09030057
23 0.2621716 0.2769061 0.363533 0.3519754 0.519457 0.3691833 0.361191 0.4093974 0.4468637 0.3928503 0.08510664
24 0.1697262 0.2331344 0.2382839 0.2967542 0.2600144 0.194739 0.2298915 0.2192956 0.4931364 0.3679118 0.09393363
25 0.2824105 0.3509755 0.4277576 0.4555103 0.8528432 0.4690612 0.3941402 0.846715 0.4208669 0.3996508 0.0811903
26 0.3021161 0.2766696 0.4052476 0.3427741 0.7186881 0.3971913 0.3384063 0.7758329 0.3941421 0.3686103 0.07504416
27 0.2044569 0.1899766 0.311194 0.3022144 0.4012204 0.2499264 0.2859924 0.3965233 0.4664821 0.3674306 0.0900295
28 0.2211715 0.2046193 0.2991799 0.2747439 0.3129171 0.194747 0.1972627 0.2611929 0.4526021 0.3675756 0.09179845
29 0.2073699 0.2481151 0.2941933 0.3107981 0.4077379 0.2551105 0.252216 0.4226653 0.4632274 0.3733457 0.08809524
30 0.2037415 0.2586095 0.3010436 0.3565623 0.3961744 0.2929529 0.3105586 0.2939997 0.4658386 0.3807238 0.08296494
31 0.2376201 0.1670938 0.3192507 0.2096802 0.3341991 0.1734443 0.1375877 0.2356132 0.5645004 0.4078941 0.1019449
32 0.2350147 0.2113057 0.3494213 0.2611148 0.4318884 0.2532371 0.2045931 0.2823893 0.4908942 0.3843727 0.09554113
33 0.2570064 0.2184062 0.3831657 0.2799064 0.4649736 0.2507595 0.2137782 0.2854275 0.3936993 0.36816 0.07665747
34 0.2527849 0.3090484 0.3407811 0.3409134 0.5815237 0.4279871 0.4647003 0.5536712 0.4446965 0.3778532 0.0833055
35 0.2107652 0.259908 0.2954249 0.3440195 0.4109613 0.33082 0.3700341 0.3072506 0.5189139 0.3798402 0.09213717
36 0.2159267 0.2243572 0.2859892 0.2918482 0.3208848 0.2250964 0.2278181 0.252021 0.5013221 0.3755924 0.09588282
37 0.3808282 0.2614289 0.4997991 0.3363591 0.7377524 0.3590421 0.3427711 0.4809444 0.481364 0.3989643 0.08335467
38 0.2849771 0.2695528 0.390025 0.3412489 NaN NaN NaN NaN 0.4334452 0.3690869 0.08082812
39 0.2613515 0.3499554 0.3251956 0.4068346 0.3513707 0.2445879 0.257015 0.3014227 0.5332213 0.3940067 0.1010061
40 0.2826877 0.2699597 0.3800583 0.3283928 0.4965972 0.3102494 0.3197462 0.3617923 0.4547252 0.3740226 0.09160363
41 0.2282184 0.2466282 0.3177634 0.3094483 0.3505185 0.2250862 0.1889342 0.2764932 0.5377296 0.3839859 0.09756195
42 0.2734896 0.3317681 0.4259186 0.3921958 0.8524923 0.6076495 0.526844 0.7350455 0.3813023 0.3784825 0.07679645
43 0.294661 0.3116944 0.3834112 0.3866289 0.5679594 0.4202422 0.3954815 0.477006 0.3971708 0.3609972 0.07862245
44 0.2143304 0.2354297 0.3260587 0.3123945 0.6260162 0.4901971 0.3588313 0.4849852 0.5189286 0.3865894 0.1023104
45 0.1998297 0.2104597 0.3489211 0.3639002 0.4443397 0.2991522 0.3052919 0.3929489 0.4338342 0.4008963 0.07947895
46 0.2952541 0.2903611 0.37736 0.3481233 0.4942024 0.3350504 0.3167997 0.3393309 0.440817 0.3818895 0.08347713
47 0.233281 0.3471666 0.3638998 0.506557 0.7126353 0.5069116 0.8478947 0.7547193 0.4201208 0.3893254 0.08042585
48 0.2567885 0.2284941 0.3711303 0.2993116 0.4954449 0.3188829 0.2554286 0.34867 0.4690292 0.4131054 0.09395064
49 0.2812163 0.2104196 0.3799074 0.2537552 0.4486914 0.2347112 0.1708015 0.3002026 0.4499308 0.3713715 0.08116098
50 0.2181196 0.156437 0.3211332 0.2190844 0.363528 0.2519932 0.1688922 0.2226933 0.5524261 0.3969704 0.09920583
51 0.2233065 0.2493674 0.3084076 0.3278352 0.3740369 0.2363809 0.2426705 0.3347201 0.4918792 0.3727007 0.09275295
52 0.2093032 0.2465359 0.3093987 0.3155987 0.3978582 0.2667336 0.2244924 0.3755773 0.4435831 0.3827499 0.09022117
53 0.284653 0.2700871 0.3789872 0.3603491 0.5497481 0.3856535 0.3532111 0.390891 0.4587646 0.3732294 0.08077009
54 0.2885078 0.3626043 0.3660826 0.4363048 0.4874546 0.3156868 0.3257486 0.3800048 0.5072962 0.3927334 0.09509259
55 0.2065067 0.2785432 0.3211141 0.3926823 0.4539348 0.3555897 0.3748714 0.436737 0.5326674 0.4213553 0.09985924
56 0.1996908 0.2016357 0.2989492 0.2789234 0.3316893 0.2146668 0.20403 0.2440004 0.455348 0.368906 0.08937326
57 0.2275908 0.2400193 0.2954194 0.2876996 0.311839 0.1977721 0.1786631 0.2494039 0.5389392 0.3942796 0.1025213
58 0.2195342 0.2425789 0.3153497 0.3285363 0.4417573 0.2783919 0.310536 0.4325514 0.5108789 0.3773305 0.08851725
59 0.2233238 0.2690651 0.3178647 0.3376015 NaN NaN NaN NaN 0.4800823 0.3765555 0.09189109
60 0.2733085 0.2213024 0.3639117 0.2922523 0.4341459 0.271107 0.2701892 0.2968229 0.4004415 0.3491365 0.07833741
61 0.313033 0.327941 0.4306258 0.4485278 0.8178517 0.5950065 0.557442 0.6224863 0.3797695 0.365212 0.07062394
62 0.2425088 0.3225162 0.3114162 0.3696565 0.35629 0.2607485 0.2487562 0.2621438 0.46588 0.3850794 0.09454055
63 0.2385432 0.3037378 0.3443353 0.4111328 0.4886541 0.3688912 0.4141717 0.3763102 0.4707599 0.3969598 0.0896407
64 0.3240035 0.2740407 0.4214804 0.3366758 0.6121039 0.3936377 0.3525156 0.4737077 0.4419871 0.3766139 0.0776021
65 0.2311788 0.3192429 0.3617778 0.445758 0.5400954 0.3651862 0.400601 0.5335388 0.4351261 0.3808467 0.07946526
66 0.1730982 0.1890009 0.2469113 0.2525053 0.3017493 0.1948521 0.1727328 0.3227451 0.5178247 0.3716305 0.1020781
67 0.2028052 0.2407391 0.3066409 0.343601 0.3757313 0.2868567 0.3130841 0.2854496 0.4851169 0.3965039 0.0868747
68 0.203559 0.2554198 0.3120593 0.4008192 0.4512689 0.349131 0.4050381 0.3737305 0.4362823 0.3691202 0.08040653
69 0.2265827 0.2363939 0.3173409 0.3139431 0.4247789 0.3074228 0.2855923 0.3294007 0.4766096 0.3833342 0.08459325
70 0.2677449 0.1950029 0.3784586 0.2608061 0.4818894 0.266582 0.1944958 0.350773 0.4497952 0.3721355 0.08683222
71 0.02086974 NaN 0.3173402 NaN NaN NaN NaN NaN 0.4934302 0.3893222 0.08885018
72 0.3744483 0.5383152 0.4633903 0.6334049 0.7258334 0.5288463 0.5926333 0.6238006 0.3802342 0.3729032 0.06226105
73 0.2427312 0.2430885 0.3174718 0.290214 NaN NaN NaN NaN 0.4280207 0.3662153 0.08750496
74 0.2611806 0.282305 0.3506973 0.3481601 0.4937433 0.3461282 0.3257438 0.3926917 0.4129508 0.3550453 0.07986374
75 0.3218178 0.1733225 0.443907 0.2394397 0.5906536 0.2888329 0.1751306 0.3678884 0.5360379 0.3933081 0.09206763
76 0.3287727 0.2793923 0.4238726 0.3553503 0.6403241 0.4263886 0.3466278 0.4366749 0.5025078 0.3795606 0.09088433
77 0.2227733 0.262499 0.3323858 0.3484496 0.6409016 0.5077508 0.4399767 0.4963015 0.4198986 0.3788991 0.08456902
78 0.2378767 0.218015 0.3459691 0.2932192 0.4481271 0.2873081 0.2689154 0.3209953 0.4326619 0.3690848 0.08579322
79 0.1982343 0.1945762 0.3031687 0.2592803 0.371475 0.2549646 0.225313 0.2464076 0.5769784 0.4022603 0.1160575
80 0.2463267 0.2332974 0.3347043 0.3207888 0.4279131 0.2999164 0.2910637 0.3354221 0.5070369 0.3778408 0.09374211
81 0.1902353 0.2250775 0.2750933 0.294261 0.3022707 0.2257431 0.2491306 0.2661151 0.5377298 0.3906613 0.1039911
82 0.2511906 0.307543 0.3521294 0.3978395 0.5375735 0.3887148 0.3298435 0.3160344 0.3887272 0.357125 0.07512014
83 0.2455995 0.2143414 0.3270533 0.2792079 0.3954153 0.2513172 0.1854361 0.3000856 0.4782208 0.3791919 0.08819206
84 0.3058885 0.2130799 0.3816171 0.2511369 0.503174 0.3011682 0.1815272 0.4202764 0.5105681 0.3884439 0.09750958
85 0.2411634 0.2481382 0.3315328 0.3341065 0.4159707 0.2871357 0.2911967 0.2687154 0.4482432 0.3767502 0.07864872
86 0.3545859 0.3150558 0.4612889 0.3817845 NaN NaN NaN NaN 0.400839 0.3647449 0.07282597
87 0.2866502 0.3113026 0.4282777 0.3637169 1.258255 1.114042 1.249246 1.049321 0.4254971 0.3701563 0.0733774
88 0.186395 0.176195 0.2758075 0.2218196 0.2643129 0.1513117 0.1206861 0.2252395 0.4921576 0.4231683 0.09631655
89 0.2916872 0.2998988 0.3931402 0.3713527 NaN NaN NaN NaN 0.3956599 0.3701193 0.07161016
90 0.2437145 0.300468 0.3730274 0.3663637 0.5946896 0.3931099 0.3963282 0.5746269 0.4244313 0.3975459 0.08208608
91 0.3048428 0.3323647 0.4237681 0.3998503 0.803859 0.5100093 0.5103068 0.6450764 0.3991407 0.3795698 0.07750191
92 0.2742507 0.3246242 0.3622672 0.4037959 0.4537641 0.3054765 0.378061 0.3839936 0.445618 0.3952748 0.08713875
93 0.331392 0.2653503 0.4243274 0.3205186 0.6072855 0.4599517 0.366047 0.3334747 0.4310318 0.388082 0.08131585
94 0.2235781 0.2183401 0.3252451 0.2773307 0.3621972 0.2212358 0.1939024 0.2301902 0.4568666 0.4102524 0.08801165
95 0.2180016 0.2464897 0.3243899 0.3350065 0.4773985 0.3135775 0.3080185 0.4588639 0.4719755 0.3787131 0.08795672
96 0.3138831 0.2317368 0.515248 0.3148497 1.110415 0.693857 0.4503194 0.85274 0.3959308 0.4001852 0.07061811
97 0.2769089 0.384726 0.3928795 0.4667215 0.7928119 0.5736636 0.8057112 0.7968001 0.3980004 0.3682618 0.07596921
98 0.2241718 0.2642971 0.2952066 0.3308163 0.344576 0.2296481 0.2526446 0.2995117 0.4665241 0.3748516 0.09147405
99 0.1942001 0.2244983 0.2841275 0.3162058 0.3902134 0.3088188 0.2857621 0.3000728 0.5440248 0.3769975 0.1009091
100 0.2322083 0.2347546 0.3138703 0.309851 0.337713 0.2079292 0.1822133 0.2819624 0.5408867 0.3767596 0.09748192
