2 5.553492 -0.3495204 -0.3937725 -0.6204007 1.144806 0.4052407 0.09040043 0.1003406 -2.937514 -0.5862925 0.4144881
3 5.29549 -0.3736505 -0.4556277 -0.4838686 1.042773 0.1221467 0.08318479 0.2236319 -2.806704 -0.2160157 0.4123679
5 5.430592 -0.5558845 -0.3734206 -0.4175986 1.194736 0.114305 0.04740395 0.4421352 -2.167613 -0.3589691 0.2766932
6 5.18553 -0.307478 -0.3303155 -0.7765921 0.9546361 0.1523103 0.1350169 0.1933123 -2.517891 -0.7087817 0.3739843
9 5.466959 -0.06396876 0.07904894 -1.056107 1.655963 1.278557 0.227736 0.09773618 -1.701991 -0.7942327 0.0986383
10 5.52385 -0.5860559 -0.1352946 -0.4675048 1.166504 0.177158 0.09581873 0.1503771 -2.15092 -0.07800498 0.1690912
12 5.249898 -0.5202144 0.07367886 -0.8173044 1.920433 0.08286538 0.1389862 0.784633 -1.872937 -0.1492446 0.1666242
13 5.505877 -0.5009338 -0.0631682 -0.4587621 0.7317117 0.2133698 0.1116006 0.1314466 -2.429893 -0.639433 0.3156119
14 5.470345 -0.7629592 0.003499888 0.02013171 1.521584 2.019116 0.4704528 0.1543517 -1.690053 -0.9877471 0.1280785
15 5.494631 -0.2686954 -0.08930936 -0.4402541 1.186819 0.5353553 0.2493078 0.2148946 -1.851709 -0.6755887 0.1757011
16 5.865495 -0.5907349 -0.816472 -0.3842269 0.8114602 0.2214052 0.2310988 0.3291576 -2.321226 -0.1433683 0.2636211
17 5.14388 -0.4505299 -0.1832515 -0.4330221 1.427743 0.9968931 0.2273501 0.2035553 -1.959246 -1.231293 0.2785802
18 5.727948 -0.1512507 -0.5150157 -0.548637 0.8765794 0.3798612 0.07802453 0.04396426 -2.385717 -0.6048455 0.2370656
19 5.535942 -0.4373366 -0.276045 -0.7083831 1.147294 0.3246919 0.2506132 0.3192723 -2.310609 -0.5849866 0.3038101
20 5.54647 -0.2266108 -0.9211497 -0.5727368 1.143351 0.2723103 0.2009677 0.2198675 -2.528065 -0.250847 0.2968981
21 5.095687 -0.2914336 -0.6160909 -0.8374884 1.436118 0.4143952 0.2816295 0.2706062 -2.398821 -0.1537005 0.230519
22 4.758902 -0.1591275 0.3272169 -0.8494483 0.9849608 0.3943811 0.2114212 0.1859359 -2.726546 -0.9794822 0.4331969
23 5.250621 -0.2671307 -0.04214323 -0.8843122 0.6868527 0.3900915 0.1474447 0.08950785 -3.088654 0.2932221 0.3406645
24 5.337297 -0.1960008 -0.1773479 -0.7248851 1.197697 0.162451 0.1844277 0.3731586 -2.244821 -0.3666433 0.2369175
26 5.595734 -0.8946439 0.02701971 -0.2324056 1.05271 0.2021961 0.2370836 0.3708699 -2.207042 -0.4429471 0.2074355
27 5.092482 -0.7439646 0.1724427 -0.1632388 1.299662 0.3372773 0.3199269 0.4472218 -2.280237 -0.6242901 0.29189
28 5.482676 -0.9676105 -0.1827107 -0.1709018 1.691518 0.3002568 0.111824 0.2172161 -1.889493 -0.3443481 0.1665876
29 5.255804 -0.1356562 0.2382954 -1.333057 1.159548 0.4153257 0.05438846 0.2892212 -2.091524 -0.9044816 0.2875697
30 5.383748 -0.6561968 0.1178082 -0.4858197 1.205371 0.3072656 0.1953131 0.2479943 -2.064963 -0.3234826 0.2042182
32 5.365963 -0.6056302 -0.02580282 -0.3976282 0.9323284 0.3858077 0.252905 0.218292 -2.026313 -0.6920046 0.2671573
35 5.052137 -0.5179517 -0.1509904 -0.5862721 1.334198 0.146811 0.07281827 0.2883018 -2.224967 -0.4293989 0.2387973
36 5.455851 -0.5226522 0.4034019 -0.5076888 1.547033 0.8578709 0.144228 0.191362 -1.949633 -0.7586337 0.1372644
37 5.369216 -0.3541537 -0.1796591 -0.9199733 0.8095196 0.2414736 0.2615364 0.3754582 -2.839046 -0.2867679 0.3506113
38 5.011363 -0.297101 0.1472441 -0.5695874 0.989394 0.3118623 0.09449448 0.08791569 -2.160558 -0.4179755 0.2794328
39 4.824095 -0.8143616 0.3779783 -0.01407683 1.011615 0.5233795 0.4688385 0.4987331 -1.825705 -0.403306 0.191369
40 5.4328 -0.4456872 -0.5516613 -0.5143296 1.028399 0.4378985 0.2154905 0.188274 -2.278846 -0.3438185 0.11902
43 5.39652 0.06549483 0.01217655 -1.050542 1.012443 0.1539863 0.1282363 0.2227321 -2.39384 -0.7077707 0.2078051
46 5.241113 0.0462838 0.2519064 -1.082319 1.112466 0.7731898 0.3064993 0.1622318 -1.803984 -1.408924 0.1871298
47 5.558101 -0.2647592 -0.1124514 -0.5259076 1.140051 0.1593183 0.1297995 0.3229163 -2.9462 -0.894077 0.3282924
48 5.170339 -0.7004614 -0.05389341 -0.3973935 0.9820071 0.3135839 0.2393072 0.2526133 -2.359607 -0.9243462 0.3125176
49 5.049728 -0.5338695 0.2376559 -0.7209451 1.163151 0.3237661 0.1463467 0.2763656 -2.144727 -0.620708 0.2530228
50 5.218453 -0.3708766 -0.3857865 -0.8348612 1.247845 0.6233985 0.3724376 0.2851619 -2.156192 -0.7350012 0.2750544
52 5.460355 -0.5522099 -0.1078929 -0.6720741 0.8114899 0.3376357 0.1334784 0.2723376 -2.655166 -0.9176623 0.2850812
54 5.50857 -0.6617861 -0.2654663 -0.5587954 1.185665 0.1062182 0.2128863 0.7399715 -1.805631 -0.623695 0.1593965
55 5.163231 -0.6823801 0.2297888 -0.2547979 1.488804 0.6179122 0.3349693 0.2587779 -2.114769 -0.1467921 0.1848756
58 5.373591 -0.5961355 -0.3672469 -0.3704057 1.37393 0.1625461 0.08698314 0.1462814 -2.353408 -0.7121952 0.3124826
66 5.391749 -0.6338419 0.2912678 -0.4003231 0.9601333 0.1381829 0.1433031 0.2466554 -2.026027 -0.8199019 0.2398509
68 5.35419 -0.5207567 -0.00105388 -0.2244985 1.620573 1.032805 0.1288579 0.3502856 -1.96519 -0.3563975 0.110145
70 5.510691 -0.3227209 -0.09589855 -0.8512498 0.9073319 0.4165682 0.1937538 0.1509572 -2.412548 -0.5174895 0.2639205
76 5.172342 -0.5969792 -0.0552034 -0.504743 1.57164 0.4311856 0.3379737 0.366237 -1.977551 -0.6909634 0.2483401
77 5.39052 -0.4034949 -0.009107675 -0.8068687 0.7394969 0.09931519 0.09830151 0.2239723 -2.31668 -0.1412198 0.2205413
79 5.113771 -0.04064656 0.1240823 -0.9717228 1.000569 0.1139218 0.1326921 0.2942685 -2.622439 -0.2911782 0.3620369
80 5.196112 -0.5562439 0.3105815 -0.8299849 0.944963 0.1695151 0.1137392 0.1807142 -1.983315 -1.230133 0.3015999
82 5.637664 -0.2935528 -0.4920587 -1.02691 1.47785 0.1568234 0.08189747 0.2542635 -1.799451 -0.3713846 0.1941038
84 5.461635 -0.5572125 -0.3738397 -0.4033677 1.040554 0.3659337 0.2351652 0.2038879 -2.166069 -0.3435822 0.1977137
85 5.119006 -0.5970868 -0.009281996 -0.438802 1.223437 0.2778321 0.06534701 0.1314053 -1.790076 -0.657595 0.1862418
86 5.354857 -0.2719751 -0.1948139 -0.5219546 0.8135493 0.2717703 0.2268467 0.2407256 -2.359787 -0.4447717 0.310799
88 4.996313 -0.4109472 0.3450087 -0.5307362 1.24727 0.2708166 0.09153757 0.2435694 -2.147205 -0.6593022 0.2294727
90 5.432345 -0.4710799 -0.2960069 -0.6460644 1.051998 0.6418121 0.1684385 0.08116201 -1.951173 -0.343476 0.1815872
91 5.837911 -1.006303 -0.917998 0.3553068 1.001512 0.03844237 0.02718941 0.6221175 -2.13232 -0.355697 0.1775393
92 5.77535 -0.7546985 -0.6650087 -0.3490154 1.166973 0.4093808 0.126078 0.1395715 -2.209726 -1.222627 0.3179077
93 5.433897 -0.2632938 -0.5962966 -0.3393941 2.291858 0.6091091 0.1463246 0.1704609 -1.681375 -0.6908097 0.190167
96 5.111166 -0.4603323 -0.06628164 -0.492825 1.477021 0.7494129 0.3480894 0.223671 -1.9598 0.07169522 0.1343817
97 5.206677 -0.4182614 0.06947228 -0.6038496 0.8766797 0.2594513 0.2729488 0.3616941 -2.247096 -0.6040654 0.3143366
99 5.433828 -0.9283003 -0.3345795 0.02062008 1.327169 0.1184656 0.1138482 0.2880366 -2.18043 -0.7876179 0.3568855
100 5.655987 -0.3211023 -0.41944 -0.8280503 1.492018 1.358769 0.3796584 0.1454673 -2.060332 -0.1561154 0.1570775
101 5.376972 -0.4474495 -0.0183133 -0.3512085 1.133452 0.3847868 0.1733761 0.1308974 -2.237569 -0.353452 0.2183088
102 5.761673 -0.3575462 -0.7334251 -0.8050591 1.524019 1.127366 -0.1048866 0.05143656 -1.977922 -0.2442802 0.174852
103 5.399207 -0.6563006 -0.305835 -0.1417542 1.175168 0.5424458 0.2839617 0.2246269 -2.321656 -0.2487328 0.2459601
104 5.163664 -0.0892432 0.2774629 -0.7134305 1.374605 0.4892042 0.3555501 0.3614529 -2.169677 -0.7872815 0.2624206
105 5.348241 -0.4847893 0.1819311 -0.8911994 0.9508683 0.7030821 0.2071964 0.09761497 -2.464001 -0.5815927 0.3301769
106 5.374436 -0.7633593 0.04485458 -0.4627515 1.224295 0.5857682 0.2387434 0.1808536 -2.054659 -0.5408921 0.2408803
110 5.230062 -0.583815 -0.1289173 -0.1894314 0.8348189 0.3444603 0.1511658 0.1027243 -2.171674 -0.5212264 0.2466407
112 5.397856 -0.6561586 -0.01338638 -0.006176973 0.9083462 0.5497299 0.08586962 0.04238719 -2.510933 -0.4598307 0.2858606
115 5.425434 -0.3546094 0.02816178 -0.622144 1.189155 0.8813943 0.2911169 0.1506912 -2.191762 -0.8336078 0.2768669
116 5.276034 -0.0852849 0.3041943 -0.951695 1.829677 0.0928062 0.05220464 0.3270981 -1.614332 -1.015389 0.1831141
117 5.580245 -0.7447472 -0.621188 -0.5242952 1.340119 0.3287248 0.1005773 0.1474651 -2.437534 0.08611385 0.276444
119 5.381378 -0.1453937 0.07657115 -0.7948783 1.259857 0.5977964 0.3682337 0.2961309 -2.218135 -0.008939732 0.1696402
120 5.076786 -0.2972664 0.3167543 -0.7489244 1.15476 0.2946279 0.183936 0.1915743 -1.809533 -0.3388419 0.1624558
121 5.687306 -0.7696732 -0.4605495 0.1077034 1.167094 0.1656693 0.06238938 0.1784204 -2.293012 0.04431204 0.2539774
122 5.13177 -0.06732493 0.367932 -1.063255 1.201129 0.3655934 0.09214119 0.06602352 -2.345741 -0.6616745 0.3172078
123 5.183977 -0.4169481 0.0434549 -0.4469828 1.062123 0.6125711 0.2002391 0.100026 -1.877016 -1.164424 0.2372671
126 5.20356 -0.7453221 0.6313803 -0.1931778 1.209863 0.6262353 0.4639484 0.4138143 -2.013988 -0.9756857 0.2190456
127 5.117075 -0.591807 0.3989702 -0.5159464 1.659388 1.092974 0.02804722 0.02415658 -1.819749 -1.471787 0.2609538
128 5.643766 -0.632899 -0.6784184 -0.4301777 0.9731595 0.6157391 0.1247318 0.05504283 -1.834349 -0.9179842 0.2009352
130 5.132121 -0.01466715 0.2891607 -0.9546626 1.279033 0.3814723 0.21628 0.252203 -2.003099 -0.5832774 0.2361727
131 5.096611 -0.5596023 -0.09166765 -0.4031103 1.117914 0.514994 0.4113797 0.4050936 -1.575554 -1.053381 0.1671355
132 5.091264 -0.5948308 -0.09515763 -0.1846242 1.262919 0.7013053 0.4095784 0.3242932 -2.345776 0.05750845 0.1753898
134 5.196835 -0.3598192 0.3348056 -0.4272452 1.1739 0.190803 0.2489763 0.499436 -1.986714 -1.077323 0.2185968
135 5.628306 -0.5734453 -0.2647798 -0.6734392 1.156649 0.4529354 0.1555355 0.1004242 -2.819691 -0.5662401 0.3987941
137 5.605416 -0.6140618 -0.4255664 -0.6609539 1.371927 0.3266787 0.569355 1.359575 -1.930576 -0.5818962 0.1749002
138 4.908716 -0.1274831 0.163882 -0.6607892 0.9655259 0.7782797 -0.2416768 0.1786768 -2.050393 -0.7011746 0.2743449
139 5.186719 -0.5213595 -0.3524321 -0.3650464 1.294361 0.2944399 0.2068226 0.2865783 -2.312778 -0.359327 0.2532288
140 5.348473 -0.6398927 0.09888648 -0.7239354 0.9884035 0.3418304 0.3473628 0.4527915 -1.951017 -0.5337799 0.2230014
141 5.663983 -0.1673798 -0.5300295 -1.201449 1.903873 0.2961836 0.4232661 1.824388 -2.186066 -0.6985669 0.2653483
142 5.327437 -0.5316207 0.2672281 -0.2751862 1.124311 0.4650058 0.3618446 0.3664643 -2.115959 -0.2102535 0.2120705
143 5.255686 -0.641727 -0.01049354 -0.3642211 1.204906 0.3936441 0.0907534 0.1513163 -1.956569 -1.056161 0.2749806
144 5.240927 -0.5627824 -0.1706763 -0.419384 1.050531 0.3821219 0.06439591 0.1223284 -2.076629 -0.5123359 0.285761
146 5.207899 -0.2764511 0.04929744 -0.6741828 1.240834 1.81561 0.4064653 0.1342345 -1.746572 -0.646975 0.178729
147 5.234309 0.01689232 0.3398675 -0.8388352 1.184279 0.5080053 0.1958843 0.1693267 -2.187285 -1.337774 0.3941036
148 5.339596 -0.8737154 -0.08090079 -0.0796566 1.977799 0.1171621 0.06547953 0.2389506 -1.598204 -0.5289789 0.1738313
149 5.42974 -0.2276877 -0.8678037 -0.8685946 1.222158 0.3085579 0.1086614 0.09466953 -2.446649 0.3934741 0.2141834
150 5.11154 -0.1661306 0.159392 -0.8010728 0.8595401 0.4510067 0.009603735 0.1393987 -2.593138 -0.534962 0.3389136
151 5.343206 -0.6510434 0.02080282 -0.3505282 0.9782086 0.3253144 0.3679265 0.5111375 -2.03504 -0.5147608 0.2176396
152 5.259267 -0.5474841 0.4234173 -0.7427624 2.075873 0.6211912 0.0921426 0.1016391 -2.610255 -0.635692 0.3576212
