2 0.2393895 0.2135972 0.3307393 0.2708217 0.2781327 0.167908 0.1513653 0.1130408 56.25581 0.5983241 0.4043459 0.1084825
3 0.1884059 0.199989 0.2699788 0.2697934 0.1883837 0.1413975 0.1665167 0.1135798 5.569189 0.5680273 0.3905272 0.1063593
5 0.1992449 0.2225452 0.2717975 0.3121074 0.1750243 0.1434251 0.2016688 0.0949837 1.977344 0.4508416 0.3620831 0.08600849
6 0.1840649 0.2069743 0.2518805 0.2612617 0.1646129 0.112504 0.135568 0.1121955 20.48063 0.5437592 0.3948027 0.1049733
9 0.1591262 0.1392696 0.2198787 0.188448 0.1168101 0.06809077 0.06722557 0.07440889 0.6519846 0.3937352 0.3908337 0.06413955
10 0.2023074 0.1860876 0.281623 0.2502194 0.2115704 0.1523803 0.1507591 0.1148848 3.423034 0.4507778 0.3686511 0.08463545
12 0.194327 0.1904954 0.3001714 0.3051576 0.2197021 0.1692278 0.225116 0.1397144 1.204609 0.4097024 0.360545 0.07540309
13 0.1791728 0.1784423 0.2477557 0.2237265 0.1649681 0.1076553 0.1237026 0.06967892 54.73456 0.5350612 0.37783 0.0999719
14 0.2481225 0.2112581 0.3377494 0.2684785 0.2930889 0.1287694 0.1307461 0.09541078 1.136339 0.3672442 0.3911943 0.06628623
15 0.2257421 0.197003 0.3200072 0.2595353 0.2596199 0.1437947 0.1426023 0.1154405 5.356925 0.4304764 0.3605449 0.07705988
16 0.1819415 0.2519292 0.2506144 0.3317604 0.1598576 0.1329564 0.24987 0.0743454 56.56314 0.5028109 0.3864276 0.08557108
17 0.2468941 0.1927446 0.3064643 0.2342695 0.226491 0.1242115 0.09485369 0.1064754 0.8712305 0.4442331 0.3901032 0.09080237
18 0.1963662 0.1398091 0.2856153 0.1858787 0.1905026 0.09587409 0.07117683 0.09148418 5.681677 0.5397341 0.3921366 0.09470119
19 0.1892347 0.1924632 0.256676 0.2525624 0.1513535 0.1034194 0.1175408 0.07562661 1.32373 0.4790446 0.3744942 0.08892699
20 0.1995479 0.1753224 0.2727679 0.2325208 0.1803333 0.1200038 0.1138554 0.1051313 2.235772 0.5391624 0.3952875 0.09453302
21 0.2133445 0.2037005 0.3213106 0.2875646 0.2312878 0.1446436 0.1606804 0.1231592 2.153141 0.4762973 0.3960171 0.08992733
22 0.2087654 0.2090533 0.2881582 0.2541959 0.2066003 0.1348406 0.1174533 0.09355731 3.344762 0.5520321 0.3994685 0.1124894
23 0.1909221 0.1394559 0.2695461 0.2020862 0.1970649 0.1074942 0.07835605 0.07293627 38.815 0.5822018 0.3906623 0.1066754
24 0.1931985 0.2375923 0.2777261 0.2979658 0.2188867 0.1633156 0.2078477 0.1280981 6.909446 0.4756814 0.3783584 0.0869009
26 0.1712822 0.2068587 0.2484308 0.2776058 0.1694669 0.1238479 0.193697 0.1067302 5.26559 0.443965 0.3724065 0.08540066
27 0.2250661 0.2365968 0.3014394 0.2999306 0.2585322 0.1926744 0.2419488 0.1299303 2.579918 0.4463622 0.3756054 0.08704432
28 0.2054821 0.1386166 0.3032119 0.1857596 0.2176792 0.1109352 0.08588236 0.1019061 1.030226 0.4178219 0.3613017 0.08288855
29 0.1757083 0.1444333 0.2570939 0.1907625 0.1630503 0.07681556 0.072982 0.06738171 0.9374695 0.4743029 0.3816813 0.09079138
30 0.2248646 0.2184499 0.327181 0.3080228 0.2824352 0.2118813 0.2482852 0.1215107 12.43792 0.422965 0.3649987 0.08112911
32 0.1989731 0.196218 0.2703572 0.2546991 0.1852972 0.1124897 0.1200201 0.09321146 3.960932 0.4401091 0.3695523 0.08522867
35 0.2172986 0.1975605 0.3050267 0.2711381 0.2338173 0.1570469 0.1565316 0.1392426 4.554861 0.4635633 0.3802695 0.09411909
36 0.2048428 0.1562609 0.2781981 0.204565 0.2289045 0.1253208 0.1221926 0.1069678 1.295466 0.4142116 0.3841926 0.07617302
37 0.164821 0.1882111 0.2284147 0.2598726 0.1439943 0.1141172 0.1408979 0.08154513 3.04787 0.5774271 0.3913793 0.1081931
38 0.2024003 0.1596465 0.2860577 0.2032321 0.1916935 0.09435271 0.07243231 0.08436617 1.759876 0.467351 0.3723557 0.09243982
39 0.2207085 0.2268987 0.3093889 0.3057685 0.2475589 0.1638572 0.1967341 0.0993945 44.18143 0.3816936 0.3540971 0.07897254
40 0.2123256 0.1853321 0.2864314 0.2405556 0.2192659 0.1328845 0.1322148 0.09695607 4.752357 0.4872836 0.4194969 0.09091786
43 0.1886037 0.2225139 0.2581507 0.2752773 0.1798263 0.1218124 0.1367477 0.1094922 7.944896 0.5362169 0.4227526 0.09406004
46 0.2321747 0.2003888 0.3221449 0.2549815 0.2681025 0.1571008 0.1195029 0.1133703 3.556455 0.4471989 0.4176707 0.08311337
47 0.1988947 0.2347672 0.2711983 0.306071 0.1941323 0.1413572 0.1941112 0.1200992 6.633759 0.6062109 0.4241738 0.1073633
48 0.1981821 0.2092313 0.278311 0.2714758 0.1913776 0.1302374 0.1447715 0.09323989 4.212269 0.4981982 0.4018444 0.09993663
49 0.207191 0.157597 0.2767658 0.1967437 0.1717202 0.09349201 0.09356408 0.07524835 0.905922 0.4503325 0.3816158 0.08940361
50 0.1920192 0.2333226 0.2772313 0.2940527 0.2121789 0.138256 0.1780604 0.1166341 2.311586 0.459581 0.3910186 0.08852858
52 0.1945596 0.1725532 0.2723087 0.2323621 0.1806197 0.1137545 0.1119201 0.06143023 4.867097 0.5656921 0.4381905 0.1067161
54 0.1531622 0.2065549 0.2317881 0.2844626 0.1343998 0.1118077 0.1681384 0.1003031 1.407337 0.4131578 0.3711021 0.07874416
55 0.2162672 0.1656525 0.3111459 0.2143147 0.2424905 0.1140325 0.1278767 0.1091576 1.319442 0.4149416 0.3643942 0.08103509
58 0.2058877 0.210399 0.284325 0.2696435 0.2027007 0.1449606 0.1395656 0.1520226 3.077191 0.4987615 0.3761317 0.09701418
66 0.1721551 0.2072321 0.2394681 0.265544 0.1513626 0.1153913 0.1507123 0.1036067 5.980794 0.4627974 0.3720886 0.09037472
68 0.2396131 0.1941822 0.330593 0.2655159 0.2861511 0.1649387 0.1604282 0.1067563 1.150787 0.4214665 0.3816442 0.07907649
70 0.2037811 0.1985729 0.2827458 0.2453563 0.1911544 0.1058438 0.1099385 0.07773499 2.468568 0.5053062 0.3865601 0.09163715
76 0.1976578 0.2568648 0.2747111 0.3500918 0.2197394 0.1730539 0.2478903 0.1577723 1.828007 0.4148603 0.369251 0.08101546
77 0.1601344 0.1758123 0.2230105 0.2358447 0.1421469 0.1035827 0.1223974 0.07982309 22.0137 0.4893291 0.3707237 0.09243656
79 0.1619359 0.1957153 0.2421019 0.2639972 0.1520541 0.117035 0.1615008 0.1089699 2.920516 0.5186805 0.3690512 0.09836123
80 0.1951822 0.2152669 0.2679739 0.262787 0.1921848 0.1371206 0.1317213 0.1016108 56.84136 0.4657451 0.3929133 0.09526966
82 0.2442344 0.2504094 0.3137071 0.3175389 0.2166578 0.1792361 0.2391331 0.1312992 1.69906 0.4310525 0.365933 0.07642531
84 0.2026965 0.1875631 0.284095 0.2456003 0.200926 0.1281703 0.1223132 0.1090766 4.523101 0.4515025 0.3671576 0.08644238
85 0.2289824 0.2008576 0.3220999 0.2583381 0.2524871 0.1615836 0.1387759 0.1154323 3.627769 0.4176329 0.3658161 0.08712525
86 0.1778843 0.1926479 0.2511542 0.2441241 0.1614414 0.1000626 0.1231824 0.08244802 82.54782 0.4825006 0.3610545 0.09090852
88 0.1613709 0.1856435 0.2395369 0.2390257 0.1544527 0.09942652 0.1169359 0.09967592 1.274962 0.4552668 0.3769537 0.0916552
90 0.2233453 0.203837 0.2966699 0.2482992 0.2283287 0.1313869 0.1117948 0.1001827 2.071822 0.4384743 0.3662661 0.08225617
91 0.1624905 0.1832313 0.2345996 0.2496172 0.1413171 0.1098205 0.1462436 0.0845138 2.146666 0.4583677 0.3722322 0.08905272
92 0.2192674 0.2588453 0.3015914 0.3042659 0.2256783 0.1544765 0.1689528 0.09951465 2.012561 0.5046831 0.4067495 0.09463411
93 0.2508262 0.2496609 0.3543979 0.33827 0.3267185 0.2186471 0.2166339 0.2135117 1.31147 0.4059265 0.3689683 0.07386921
96 0.2407071 0.1939477 0.3346818 0.2634247 0.2796268 0.1624506 0.1674552 0.1414188 1.807761 0.4046641 0.3574671 0.07612513
97 0.1828867 0.2251654 0.255364 0.2894484 0.1640318 0.1217522 0.1637589 0.0924501 5.40997 0.4792107 0.3772894 0.0926129
99 0.1805397 0.2110385 0.2641653 0.2619435 0.1743179 0.1192751 0.1286535 0.1149293 1.401685 0.4679686 0.3726221 0.09444824
100 0.2398174 0.1605836 0.3661161 0.2392787 0.3057123 0.1540062 0.1208558 0.1329861 1.623969 0.4380015 0.3619709 0.07765456
101 0.1815021 0.1734323 0.2607153 0.2291512 0.1730461 0.1000029 0.1000375 0.1023195 1.682074 0.4607405 0.3706912 0.08495323
102 0.2255876 0.1713193 0.3178286 0.2231113 0.2539977 0.1545769 0.1094632 0.1274117 1.284297 0.4544901 0.370695 0.0810105
103 0.2261901 0.2237533 0.3084724 0.3020804 0.2439968 0.1547582 0.1678108 0.1050193 4.722571 0.4571269 0.3747729 0.08494735
104 0.2305621 0.2060854 0.3239155 0.2664548 0.244106 0.1587604 0.14518 0.1237087 2.582451 0.4342629 0.3740995 0.0786425
105 0.1956832 0.1800467 0.2706823 0.2235098 0.1972096 0.1263735 0.1013359 0.09053366 1.749131 0.4891554 0.383506 0.0925369
106 0.2255531 0.1616892 0.312525 0.2234524 0.2229647 0.1283006 0.1131698 0.0789395 0.9426064 0.4306883 0.3711919 0.08341019
110 0.193319 0.1717019 0.2630407 0.2208735 0.2211522 0.1153396 0.1327468 0.0860758 16.7044 0.4716224 0.3718618 0.09256617
112 0.21021 0.1503471 0.304088 0.2042245 0.2583794 0.1262095 0.1039066 0.09850447 13.02356 0.4986518 0.3781359 0.09884432
115 0.2377934 0.1970162 0.3305854 0.2412534 0.2752464 0.1351112 0.1248536 0.1078267 2.054886 0.451189 0.3840714 0.0821565
116 0.1901489 0.3142568 0.2506413 0.3449332 0.1584329 0.1355366 0.1718183 0.1468805 0.7723027 0.4108651 0.3738762 0.07615973
117 0.1515114 0.1672505 0.2225288 0.2637423 0.1443496 0.1113294 0.1424794 0.1146074 0.99004 0.4873792 0.3809333 0.09137667
119 0.1908423 0.1960304 0.2733422 0.2713357 0.1936413 0.1134296 0.1362235 0.1211743 1.79486 0.4416203 0.373188 0.07386789
120 0.1878543 0.2051725 0.2568953 0.2659982 0.1675071 0.120215 0.1547556 0.09981003 1.556299 0.4156983 0.3588832 0.08101878
121 0.1982398 0.1783719 0.2833627 0.2554969 0.2027631 0.1442168 0.1324605 0.1194498 3.338462 0.4594483 0.3592114 0.0857707
122 0.1982642 0.1702591 0.2781878 0.223594 0.1938522 0.1141093 0.1098071 0.1172614 2.180825 0.4907277 0.3663775 0.09292572
123 0.2374432 0.1989488 0.320809 0.2455003 0.2590589 0.1367481 0.1200893 0.1122756 5.28346 0.4534761 0.3991692 0.08883302
126 0.1900128 0.1896086 0.2557609 0.2266314 0.1599954 0.1017027 0.1036026 0.08766494 1.035198 0.3985112 0.3851173 0.07629289
127 0.2000605 0.2087769 0.2722167 0.2430108 0.1917401 0.1040573 0.09866043 0.1166188 1.417936 0.4137453 0.4036403 0.08408003
128 0.2291396 0.1903301 0.3230375 0.2225265 0.2615329 0.1231429 0.1059284 0.102271 15.59595 0.4479696 0.3842151 0.08548345
130 0.2235331 0.1923439 0.2999517 0.267753 0.2282061 0.1536908 0.1573943 0.1057438 1.920591 0.4433404 0.3644031 0.08211584
131 0.2388912 0.2249736 0.3123374 0.2741746 0.2258352 0.159052 0.1823712 0.1084682 2.856678 0.3911322 0.3789864 0.08052117
132 0.2274803 0.1994537 0.3024101 0.2748398 0.2298312 0.1516231 0.1682069 0.1107707 1.569421 0.4351825 0.3800238 0.08033016
134 0.180053 0.1820271 0.2543007 0.2363593 0.1774038 0.1273598 0.132426 0.08592232 1.1785 0.4458494 0.3913359 0.08684077
135 0.2106425 0.1801661 0.3065257 0.2365417 0.2395293 0.1340207 0.1148019 0.1126925 3.44358 0.5695674 0.4005952 0.103811
137 0.2049993 0.1952471 0.2781996 0.2455165 0.1769674 0.1093904 0.1306585 0.09618319 0.9563657 0.4261037 0.3758409 0.07819097
138 0.2121127 0.1733434 0.2849292 0.227952 0.2234493 0.1341452 0.1048025 0.08113281 3.142698 0.4778613 0.3710222 0.09555971
139 0.1877174 0.1805041 0.2598111 0.2377966 0.1697529 0.1122546 0.1325849 0.09497963 1.05193 0.4682255 0.3748168 0.09194391
140 0.1930497 0.2026661 0.2649607 0.2741398 0.1709595 0.127091 0.1420585 0.08862126 1.875782 0.4202891 0.3658708 0.08046845
141 0.2435009 0.1694418 0.3217399 0.2175324 0.2471963 0.1129377 0.09691147 0.08626713 0.7262708 0.4774591 0.3907335 0.08308793
142 0.2207623 0.2074376 0.3009238 0.286739 0.2444797 0.1466399 0.1663177 0.1166559 6.377539 0.4231684 0.3597721 0.07451965
143 0.2396109 0.2414155 0.334571 0.2957692 0.2739319 0.1755703 0.1533619 0.1089522 4.486813 0.4427538 0.3842538 0.08914294
144 0.2286005 0.2135175 0.3195319 0.2840881 0.3038133 0.2186245 0.199606 0.09113925 32.82687 0.4550491 0.3674712 0.09084013
146 0.2628132 0.1800525 0.3735169 0.2333141 0.3398403 0.1523771 0.1270979 0.09402946 1.462512 0.3900195 0.3582363 0.07487749
147 0.2514429 0.2359582 0.3386045 0.2777178 0.27638 0.158235 0.1297894 0.1042816 3.213043 0.4902672 0.3959582 0.09344431
148 0.2239206 0.234029 0.3223079 0.3081176 0.2439957 0.1914752 0.2087281 0.1377588 1.062613 0.3840388 0.3578279 0.07868985
149 0.1975013 0.1439108 0.2842559 0.2179641 0.1991079 0.1104 0.09991089 0.1156519 1.945766 0.4944716 0.3881123 0.08878173
150 0.1671401 0.144786 0.2365654 0.1929089 0.1528172 0.08482265 0.1001243 0.05765563 1.356307 0.5378792 0.3742951 0.1053823
151 0.1982452 0.218858 0.2844998 0.2934368 0.2116895 0.1504307 0.1830831 0.09556833 12.26601 0.4282355 0.3596682 0.08263526
152 0.1665693 0.1871496 0.2584035 0.2745747 0.2185299 0.1713406 0.1633284 0.1555572 0.8143504 0.489962 0.3826776 0.0948422
