1 0.2581639 0.2105376 0.3747078 0.2770586 0.4570901 0.2576444 0.2075472 0.3864596 0.1759329
2 0.2702978 0.2569231 0.356084 0.3202683 0.4730109 0.2824775 0.228949 0.4262763 0.1800371
3 0.2163787 0.2019184 0.3080045 0.2670185 0.3387878 0.2151959 0.2156972 0.2308701 0.1853423
4 0.2348809 0.1902997 0.3048358 0.2286893 0.2927198 0.1753359 0.123281 0.2061095 0.1827451
5 0.2299374 0.2373917 0.3234643 0.3250919 0.4493866 0.3484954 0.3222916 0.2910115 0.1822083
6 0.2842449 0.2732318 0.364741 0.3420098 0.478156 0.312049 0.2835291 0.3495396 0.1796334
7 0.2677187 0.2515899 0.3464511 0.3035673 0.4112983 0.2390003 0.2059312 0.3694128 0.18859
8 0.233316 0.1946035 0.3193615 0.2474275 0.3677654 0.2380663 0.1947469 0.2388175 0.191012
9 0.231345 0.2306249 0.3362196 0.3031374 0.4920398 0.3579879 0.3995866 0.3036586 0.1801716
10 0.2695976 0.3711853 0.3686932 0.4735382 0.5462095 0.3845658 0.4166531 0.4846411 0.1755065
11 0.1937862 0.2000449 0.3162887 0.2732777 0.3995258 0.2947798 0.2609481 0.2765767 0.1771142
12 0.2074013 0.2345612 0.3449047 0.363013 0.4432526 0.2696811 0.2936047 0.4582565 0.1814094
13 0.2262616 0.2256663 0.310871 0.2855121 0.3579177 0.2381764 0.2067355 0.2768534 0.1817997
14 0.2509185 0.2555831 0.36655 0.3492911 0.5275784 0.3773371 0.3869491 0.3817524 0.1740777
15 0.2456983 0.2464889 0.33826 0.3286549 0.4144712 0.2475148 0.234719 0.3568267 0.1816958
16 0.277453 0.2292611 0.3508058 0.2726916 0.4037645 0.2541279 0.2020102 0.3525046 0.1867518
17 0.2346286 0.1896449 0.3070378 0.2437623 0.297471 0.1812488 0.1541691 0.189864 0.1825742
18 0.2237288 0.2407045 0.3500615 0.3278494 0.5044983 0.3008748 0.288244 0.4897047 0.1808559
19 0.2527215 0.1814369 0.3576576 0.2626713 0.5864386 0.3268509 0.205837 0.5066971 0.187507
20 0.2019698 0.2666298 0.2628093 0.3025491 0.2493917 0.179927 0.2128283 0.181081 0.1847349
21 0.2768361 0.2869654 0.3643931 0.3414556 0.5940453 0.4241734 0.3379049 0.470369 0.1793794
22 0.2153529 0.2058383 0.290248 0.2653362 0.3314259 0.2244407 0.2580447 0.2680343 0.1797326
23 0.2636352 0.2676924 0.3640083 0.3336574 0.49813 0.3564811 0.3448446 0.387418 0.1893636
24 0.1705048 0.2143306 0.2384612 0.284003 0.2444494 0.188516 0.2117731 0.1817872 0.1781533
25 0.2834224 0.3427402 0.4281982 0.4402136 0.7891539 0.4861121 0.4158803 0.850799 0.1830861
26 0.3025536 0.3069149 0.4060197 0.3578229 0.5343612 0.3154756 0.2841774 0.4721859 0.1804214
27 0.2074392 0.2004719 0.3165465 0.3242785 0.4088021 0.2892367 0.3754142 0.3789969 0.1777453
28 0.2207621 0.2022543 0.2988473 0.2853358 0.3422986 0.2117527 0.2081769 0.2811119 0.1792477
29 0.2074547 0.2336791 0.293415 0.3035816 0.4301838 0.28606 0.3321024 0.4734573 0.1774513
30 0.2022882 0.2356255 0.3015183 0.3350978 0.4049661 0.3180869 0.3327841 0.2813585 0.1770743
31 0.2362064 0.1657285 0.3179145 0.2120796 0.3279164 0.1729134 0.1368101 0.2342163 0.1956002
32 0.2351871 0.2264726 0.3501302 0.2768503 0.4348144 0.2665183 0.2079169 0.3077162 0.1799344
33 0.2562699 0.2280158 0.3809533 0.2925185 0.4658189 0.2506159 0.2134558 0.2748441 0.1757338
34 0.2575437 0.305567 0.3432338 0.3590941 0.6796281 0.5139417 0.6068698 0.6757965 0.178802
35 0.2114612 0.2592022 0.2942427 0.3382444 0.4310236 0.3340934 0.3636196 0.3437022 0.1815053
36 0.2164636 0.2284011 0.2883464 0.296102 0.3147522 0.2258408 0.2271486 0.2293732 0.1826592
37 0.381603 0.2613281 0.5013532 0.3331038 0.7332208 0.3742218 0.3873227 0.4688743 0.1943783
38 0.2867461 0.2818783 0.3900643 0.3608425 NaN NaN NaN NaN 0.1789147
39 0.2603766 0.3259536 0.3240708 0.3823509 0.3671688 0.2507418 0.2592131 0.3151767 0.1847349
40 0.2843093 0.2505233 0.382062 0.3130107 0.5785371 0.3888861 0.3690632 0.4276539 0.1806793
41 0.2279225 0.2388517 0.3183793 0.3018793 0.4132317 0.247888 0.1939434 0.3444641 0.1797326
42 0.275675 0.2762911 0.4280697 0.3512754 0.7371167 0.5191163 0.4721121 0.5519361 0.1740634
43 0.2957412 0.3051886 0.3839463 0.3692607 0.5814588 0.378817 0.3986799 0.5044644 0.1766255
44 0.2128541 0.23523 0.3242241 0.3181804 0.6549073 0.5037535 0.3864022 0.5310356 0.1775756
45 0.1990788 0.2189924 0.3495659 0.3860459 0.4642025 0.3081671 0.3063124 0.4321555 0.1749636
46 0.2935147 0.2880663 0.3741398 0.3371155 0.4647736 0.3017522 0.2762164 0.3133335 0.1863623
47 0.2322934 0.3277669 0.3637074 0.5019566 0.6413158 0.4908385 0.7794048 0.6271575 0.1797434
48 0.2553433 0.2487242 0.3710733 0.3163047 0.5175023 0.3364987 0.2635965 0.3574304 0.1868322
49 0.2835391 0.2119961 0.382655 0.2568657 0.4799304 0.2645424 0.1710509 0.3173125 0.1806793
50 0.2183773 0.1620626 0.3220154 0.228465 0.3614445 0.2418064 0.1613381 0.2041882 0.1872471
51 0.224021 0.238928 0.3092459 0.3134054 0.3922388 0.2383543 0.2343236 0.4035018 0.1791442
52 0.2093363 0.2358605 0.3083234 0.3047414 0.3966841 0.2494515 0.2173553 0.3736787 0.177346
53 0.2855103 0.2696773 0.3827679 0.371511 0.5639208 0.3671562 0.4151963 0.4791136 0.1830981
54 0.2925962 0.4043108 0.3711396 0.4590759 0.477856 0.3304065 0.340894 0.3886296 0.1820016
55 0.2070183 0.256409 0.3222743 0.3730086 0.4935634 0.3455222 0.3593677 0.4787703 0.192093
56 0.1991929 0.1909169 0.299232 0.2688313 0.3239481 0.2140625 0.2158165 0.2296111 0.1749326
57 0.2295479 0.2362929 0.2973149 0.274524 0.3222605 0.1957826 0.179215 0.274936 0.1869134
58 0.2190421 0.2238974 0.3140242 0.3177118 0.3935897 0.2632407 0.3080835 0.368574 0.1783332
59 0.2203412 0.2506713 0.3168096 0.330953 NaN NaN NaN NaN 0.1781533
60 0.2734028 0.215591 0.3639588 0.2751016 0.4417076 0.2508544 0.2361171 0.3086899 0.1721147
61 0.3114875 0.3263125 0.4289886 0.4135058 0.8063395 0.5697355 0.5331568 0.599273 0.1799344
62 0.2426873 0.317919 0.3122588 0.3664976 0.3531073 0.258875 0.2510932 0.2752565 0.1849038
63 0.2401776 0.2999517 0.3463747 0.4165448 0.4684588 0.3670747 0.4229453 0.3591864 0.1850763
64 0.3249866 0.2704853 0.421984 0.3323661 0.6091527 0.3962283 0.3522239 0.4409914 0.1829196
65 0.2328855 0.3110816 0.3626636 0.4246146 0.5716535 0.3811072 0.3984378 0.5827804 0.178077
66 0.1718984 0.2049861 0.244908 0.2635759 0.2877782 0.1921195 0.1816818 0.310147 0.1772294
67 0.2016512 0.2445874 0.3052949 0.3445109 0.37352 0.2854214 0.3128657 0.2837795 0.1868322
68 0.2031252 0.2593898 0.3117712 0.3998088 0.4409365 0.3503683 0.4080535 0.3538539 0.1750435
69 0.2261584 0.2364892 0.3169249 0.3133182 0.4263412 0.2947699 0.2799623 0.3391399 0.1849038
70 0.2681775 0.1877693 0.3783182 0.2545302 0.4672498 0.2567074 0.1907538 0.3156394 0.1815053
71 0.235752 0.2231497 0.3499138 0.3192838 1.203093 0.6338556 0.4845188 1.306643 0.1817004
72 0.3736032 0.5512571 0.4627836 0.6273001 0.7225194 0.5251477 0.5930352 0.6300973 0.1780495
73 0.2406436 0.235206 0.3118024 0.2369941 NaN NaN NaN NaN 0.1766669
74 0.2623594 0.2561805 0.3540612 0.3367226 0.500741 0.3733454 0.3590966 0.3695867 0.1732414
75 0.3218179 0.1776258 0.4443348 0.2421248 0.5881926 0.2936731 0.1838446 0.3546324 0.18859
76 0.3313432 0.2984071 0.4267734 0.368638 0.6486822 0.4378078 0.3455228 0.4310957 0.1783332
77 0.2262771 0.2747489 0.3355638 0.3523818 0.6498317 0.4689442 0.4083077 0.5645188 0.1783644
78 0.2381656 0.2253644 0.3468891 0.3000028 0.4336907 0.2892435 0.2712014 0.270846 0.1752549
79 0.1977749 0.2062954 0.3014301 0.2696333 0.3638941 0.2411532 0.2188045 0.2618021 0.1830861
80 0.2458836 0.241478 0.3341113 0.323202 0.415528 0.3065346 0.3142558 0.2904653 0.1800371
81 0.1889368 0.2284079 0.2731678 0.2982206 0.3507747 0.2537866 0.2763165 0.3345799 0.1804599
82 0.2505133 0.2767152 0.3506882 0.3397042 0.4980421 0.3704263 0.3083384 0.3065781 0.1739902
83 0.2449539 0.2297433 0.3264871 0.2788839 0.3789357 0.2484792 0.1847485 0.2754358 0.1853423
84 0.306041 0.239266 0.3812183 0.2802864 0.6643961 0.3164975 0.2094093 0.7597725 0.1843609
85 0.2419063 0.2586346 0.333132 0.3434908 0.4145524 0.2859037 0.2927137 0.3007637 0.1824069
86 0.3520371 0.3227789 0.4583631 0.3743418 NaN NaN NaN NaN 0.177947
87 0.288185 0.2442789 0.4304146 0.3360915 NaN NaN NaN NaN 0.1740777
88 0.1862069 0.1772246 0.2745704 0.2296403 0.2504361 0.1410455 0.1134485 0.2233931 0.1847349
89 0.2912458 0.295572 0.3937783 0.3808244 NaN NaN NaN NaN 0.1800371
90 0.2421785 0.2902568 0.3718453 0.3707208 0.5526642 0.4087131 0.3855827 0.4692811 0.1784719
91 0.303211 0.337734 0.423005 0.3912101 0.7984513 0.6059061 0.5801887 0.5335388 0.1771142
92 0.2742224 0.3482683 0.3602566 0.4173255 0.476179 0.3072654 0.369121 0.3976073 0.1852527
93 0.3360535 0.2720428 0.4289435 0.3193826 0.6617882 0.4531725 0.3741387 0.4081419 0.18859
94 0.2244961 0.226352 0.3259091 0.2941858 0.3592878 0.2113889 0.2007827 0.2473438 0.1863623
95 0.2190889 0.2344767 0.3251496 0.3125678 0.760468 0.4855489 0.4589476 0.8310597 0.1775836
96 0.3026595 0.2445994 0.5124187 0.3126722 NaN NaN NaN NaN 0.1772294
97 0.2777579 0.3698556 0.393364 0.467195 0.8164227 0.5735914 0.9560876 0.796223 0.1782043
98 0.2251312 0.2592304 0.2952454 0.3233064 0.333339 0.2197564 0.2603812 0.2968116 0.1826592
99 0.194422 0.2207486 0.2832105 0.3058009 0.3525523 0.2682275 0.2580248 0.2614476 0.1785961
100 0.2332884 0.2732482 0.315413 0.3270499 0.3582979 0.219518 0.1815443 0.3241714 0.1785961
