2 5.547093 -0.3515879 -0.3776523 -0.6299493 1.12999 0.4176079 0.0961865 0.1035218 -1.519826
3 5.305205 -0.3696369 -0.4753755 -0.4782158 1.046089 0.1234942 0.08800948 0.2348873 -1.320045
5 5.419156 -0.5410906 -0.3532667 -0.4438566 1.197027 0.1130106 0.04876632 0.4518643 -1.305755
6 5.175863 -0.3043464 -0.3176132 -0.7840061 0.9515869 0.1510858 0.1339262 0.1924795 -1.46228
9 5.466362 -0.06646665 0.08475206 -1.059628 1.653438 1.282499 0.2274256 0.09761033 -1.693995
10 5.509328 -0.5746951 -0.1276185 -0.4756159 1.171064 0.1766994 0.09535081 0.150544 -1.542374
12 5.253938 -0.5200412 0.06365014 -0.8221248 1.925838 0.08208594 0.1389444 0.8038331 -1.329853
13 5.506153 -0.4969668 -0.06299877 -0.4610329 0.7226908 0.2130354 0.1105207 0.1297308 -1.474402
14 5.486097 -0.7815956 -0.02434358 0.04372208 1.511116 2.005255 0.4666057 0.1533674 -1.661025
15 5.496607 -0.2758111 -0.08314614 -0.4420588 1.173073 0.5413789 0.2514296 0.2153449 -1.464412
16 5.869384 -0.5807708 -0.8212464 -0.3975105 0.8111463 0.2193033 0.2281423 0.324794 -1.347074
17 5.147026 -0.4657754 -0.1701837 -0.4293232 1.434517 0.9902897 0.2230041 0.2022756 -1.530746
18 5.725642 -0.1504761 -0.5126537 -0.5513792 0.8679821 0.3779183 0.07752746 0.0437773 -1.632038
19 5.541297 -0.4458969 -0.2846364 -0.6997562 1.135846 0.3286387 0.2553728 0.3246356 -1.430189
20 5.539931 -0.2172409 -0.9086397 -0.5948043 1.14434 0.276708 0.2047799 0.2232459 -1.486378
21 5.105907 -0.2934403 -0.6382917 -0.8288837 1.429925 0.415926 0.2834072 0.2716574 -1.666596
22 4.761611 -0.1574117 0.3250569 -0.8498106 0.9885864 0.4000695 0.214353 0.1870271 -1.58045
23 5.249609 -0.2714522 -0.03638234 -0.8848422 0.6929862 0.3863425 0.1460815 0.08891841 -1.586315
24 5.332268 -0.1951887 -0.1716848 -0.7332718 1.189592 0.1603535 0.1825984 0.3724313 -1.495028
26 5.588706 -0.8881816 0.03464031 -0.2411751 1.053143 0.2007856 0.2348195 0.3673024 -1.625967
27 5.080194 -0.7308301 0.1918478 -0.1752158 1.292459 0.3310892 0.3136762 0.441473 -1.486378
28 5.472486 -0.9487291 -0.1553571 -0.2126842 1.684169 0.293312 0.1087047 0.2196727 -1.460402
29 5.2523 -0.1399038 0.2369454 -1.31803 1.169218 0.4201051 0.05561931 0.2904286 -1.474402
30 5.397122 -0.6692944 0.1109637 -0.4796459 1.214712 0.3077423 0.1973015 0.2517207 -1.436305
32 5.361965 -0.6036942 -0.01814438 -0.3989776 0.9440711 0.380077 0.250356 0.2181371 -1.367366
35 5.064818 -0.5304043 -0.1556851 -0.5728228 1.3279 0.1484169 0.07609345 0.2924548 -1.592631
36 5.473338 -0.5420568 0.3841839 -0.4853391 1.555537 0.8624883 0.1489617 0.1924312 -1.746639
37 5.368738 -0.3592045 -0.1724055 -0.9188792 0.8083712 0.2409539 0.2597999 0.3715666 -1.586315
38 5.001471 -0.2809581 0.1534168 -0.5832422 1.005847 0.3140195 0.0951846 0.08795123 -1.326871
39 4.819743 -0.796773 0.3731742 -0.02196192 1.020547 0.5312488 0.4749854 0.5029212 -1.349927
40 5.432385 -0.4468801 -0.548869 -0.514714 1.02468 0.4347979 0.2132171 0.1859335 -2.005334
43 5.401881 0.06928449 0.001254959 -1.050724 1.016204 0.1548014 0.1291958 0.2246853 -1.874451
46 5.243805 0.03548682 0.2492047 -1.071404 1.100024 0.7831285 0.3108909 0.1639314 -1.72165
47 5.564474 -0.2693135 -0.11875 -0.5265151 1.141216 0.1583623 0.1305649 0.3277586 -1.89712
48 5.165135 -0.7005596 -0.04408102 -0.3984148 0.972889 0.3145028 0.2394412 0.2521497 -1.644123
49 5.048365 -0.5339555 0.2332464 -0.7179721 1.178703 0.3275857 0.1500104 0.2815558 -1.534475
50 5.221605 -0.3756702 -0.3891275 -0.8304444 1.222464 0.6217162 0.3718285 0.2846222 -1.540445
52 5.468112 -0.5548614 -0.1133409 -0.6720021 0.8127357 0.3351743 0.1315442 0.2741198 -1.915908
54 5.508736 -0.6646742 -0.2632881 -0.5578994 1.202046 0.1073902 0.2162422 0.7499109 -1.536577
55 5.135584 -0.6596836 0.2681016 -0.2883126 1.492861 0.6284079 0.3413245 0.2628617 -1.492313
58 5.359412 -0.5864918 -0.3516005 -0.3804248 1.380279 0.1611734 0.08552691 0.1448126 -1.5498
66 5.386761 -0.6274419 0.2938248 -0.3984549 0.9590508 0.1379287 0.1448151 0.2519836 -1.492313
68 5.335226 -0.5074435 0.02190551 -0.2419703 1.622079 1.029963 0.1272545 0.3540408 -1.712979
70 5.512758 -0.3336563 -0.09142147 -0.8426028 0.9050657 0.423843 0.1962583 0.1511042 -1.626435
76 5.176704 -0.6113273 -0.05641394 -0.4898405 1.574368 0.4270272 0.3332775 0.3616697 -1.410987
77 5.399812 -0.4102308 -0.01464654 -0.8063547 0.739101 0.0990856 0.09791138 0.2234639 -1.5272
79 5.117637 -0.04635674 0.1266162 -0.9716924 0.9958826 0.1151574 0.1369692 0.3061715 -1.349023
80 5.192056 -0.5629666 0.3057659 -0.8173385 0.9498338 0.1672388 0.1133314 0.182502 -1.482832
82 5.645911 -0.3085949 -0.4953395 -1.003836 1.457486 0.1598129 0.08365721 0.2563052 -1.269238
84 5.463461 -0.5683763 -0.3831799 -0.3880406 1.040342 0.3646069 0.2342146 0.203057 -1.604018
85 5.113047 -0.5969821 0.001464395 -0.4434143 1.231191 0.2728919 0.06186969 0.1278766 -1.454432
86 5.350985 -0.2762519 -0.1953978 -0.5201782 0.8055837 0.2677629 0.2224757 0.2358662 -1.349927
88 4.991416 -0.4145901 0.3579642 -0.5328514 1.249795 0.2721603 0.09213679 0.2480083 -1.592631
90 5.430781 -0.4617121 -0.2942642 -0.6573885 1.061588 0.6483809 0.1692136 0.08103213 -1.454432
91 5.835799 -1.007791 -0.9140553 0.3570407 0.9901903 0.03841488 0.02717682 0.6214178 -1.636837
92 5.769951 -0.7639772 -0.6550753 -0.3424906 1.165558 0.4076004 0.1251876 0.1384348 -1.603707
93 5.452494 -0.2836105 -0.6098101 -0.3124638 2.30104 0.6014459 0.1415383 0.1675908 -1.308333
96 5.107548 -0.4498608 -0.06638461 -0.4981125 1.480454 0.7703962 0.3622656 0.2327824 -1.435085
97 5.206349 -0.4163881 0.06255392 -0.5956451 0.8700003 0.2629133 0.2747891 0.3607159 -1.333651
99 5.443111 -0.9260787 -0.3484663 0.02593616 1.325062 0.1207489 0.117779 0.2950961 -1.252763
100 5.661056 -0.3198708 -0.427022 -0.8281344 1.492851 1.370362 0.3877211 0.1493448 -1.501224
101 5.390921 -0.4679064 -0.03298338 -0.3263037 1.135671 0.3788945 0.1708712 0.1301583 -1.530746
102 5.758976 -0.3488949 -0.7180452 -0.8294875 1.495131 1.1485 -0.1074336 0.05174217 -1.424035
103 5.390647 -0.6473301 -0.2986517 -0.1511149 1.176382 0.5476721 0.2869369 0.2260093 -1.495028
104 5.15734 -0.09030345 0.2789166 -0.7088538 1.369549 0.4876818 0.3531521 0.3582776 -1.466337
105 5.3598 -0.4958122 0.1834889 -0.8932511 0.9526078 0.6843409 0.201031 0.09553194 -1.50107
106 5.377303 -0.7631538 0.05129726 -0.4605329 1.219813 0.5783318 0.2345666 0.1783929 -1.411612
110 5.227783 -0.5750559 -0.1246701 -0.1968595 0.8250601 0.3413498 0.1503156 0.1030013 -1.492313
112 5.392968 -0.6542703 -0.001675169 -0.01479381 0.9027618 0.5455715 0.0859807 0.04279693 -1.575536
115 5.43796 -0.3648526 0.009314547 -0.6117775 1.179268 0.9059095 0.3021213 0.155729 -1.488949
116 5.275648 -0.06842937 0.3043045 -0.9657571 1.79272 0.0908229 0.04781487 0.3165593 -1.417843
117 5.580265 -0.7381361 -0.6332083 -0.5182922 1.349453 0.3352793 0.10473 0.1499022 -1.386294
119 5.380783 -0.1399067 0.08658356 -0.8130545 1.257579 0.5871823 0.3619913 0.2925394 -1.530746
120 5.07961 -0.3085408 0.316173 -0.7369505 1.159104 0.2928114 0.1822478 0.1891556 -1.373716
121 5.675545 -0.7692333 -0.4463185 0.1025136 1.165001 0.1659808 0.06220983 0.1782035 -1.266277
122 5.134893 -0.07789683 0.3580106 -1.050475 1.202065 0.362079 0.09187883 0.06629522 -1.410392
123 5.187455 -0.4162709 0.04216052 -0.4531073 1.051972 0.6055541 0.1995526 0.1004063 -1.538402
126 5.222067 -0.7565767 0.6075734 -0.1793992 1.204593 0.6184379 0.4570302 0.4077737 -1.631417
127 5.114037 -0.589355 0.4158315 -0.5276936 1.652043 1.090128 0.02739232 0.02405828 -1.558145
128 5.632908 -0.6117534 -0.6650997 -0.4529049 0.9763722 0.6058752 0.1213394 0.05387552 -1.565232
130 5.118013 0.004663636 0.3079844 -0.9728151 1.272817 0.3843874 0.2184379 0.2537341 -1.349023
131 5.099909 -0.5569669 -0.093699 -0.409226 1.111995 0.5200561 0.4180627 0.4134177 -1.518981
132 5.089782 -0.59094 -0.08434496 -0.1952851 1.255101 0.7136565 0.4149617 0.3261644 -1.661025
134 5.200082 -0.3690218 0.335549 -0.4205085 1.173423 0.1870333 0.2423465 0.4895642 -1.620802
135 5.622383 -0.5642127 -0.2542398 -0.6854541 1.159993 0.4605325 0.1584408 0.1014637 -1.513556
137 5.592438 -0.5998295 -0.4161338 -0.6727041 1.33595 0.3260224 0.5674965 1.355644 -1.553868
138 4.904436 -0.1207869 0.1653809 -0.6621325 0.974677 0.7863392 -0.2412436 0.177345 -1.354546
139 5.183018 -0.5264395 -0.3337535 -0.3733044 1.291036 0.2967386 0.2090318 0.2879063 -1.559566
140 5.336108 -0.6187814 0.1179034 -0.7497111 0.9887967 0.3421223 0.3482119 0.4550337 -1.386294
141 5.663261 -0.1653482 -0.5297789 -1.199954 1.91818 0.2966352 0.432476 1.855214 -1.46228
142 5.318591 -0.5303832 0.2940789 -0.2882579 1.117542 0.4644253 0.358799 0.36106 -1.342674
143 5.261864 -0.6544023 -0.02030069 -0.3485504 1.213254 0.3866109 0.08927575 0.1531934 -1.488949
144 5.238294 -0.5646071 -0.1712902 -0.4221597 1.043227 0.3793798 0.06362708 0.1233422 -1.28364
146 5.202363 -0.2751862 0.04095714 -0.6645987 1.244671 1.803112 0.4053443 0.1342332 -1.392373
147 5.246587 -0.007550498 0.3388308 -0.8267763 1.19237 0.5038117 0.1942096 0.1681414 -1.256241
148 5.333909 -0.8628267 -0.06973007 -0.09673801 1.976501 0.1169531 0.06728602 0.2448602 -1.245937
149 5.439441 -0.24427 -0.8854308 -0.8452936 1.2178 0.3111659 0.1096157 0.09516812 -1.472237
150 5.102422 -0.1594032 0.1699265 -0.8119221 0.8710357 0.4565152 0.01102231 0.1406769 -1.504077
151 5.332168 -0.6482095 0.0374261 -0.3577484 0.9806014 0.3220269 0.3637286 0.5059395 -1.464412
152 5.253578 -0.5395658 0.4382722 -0.7587771 2.063844 0.6307845 0.09249457 0.1010125 -1.486378
