1 0.1639187 0.1702828 0.2427556 0.2195871 0.1596952 0.09926596 0.09698891 0.1035157 1.299756 0.1759329
2 0.2397596 0.2150707 0.3236711 0.285514 0.2723308 0.1794172 0.1638483 0.1871538 5.788972 0.1800371
3 0.1844735 0.1696369 0.2583149 0.2300701 0.1734323 0.09711914 0.1035236 0.09774697 2.995341 0.1853423
4 0.2359711 0.1765571 0.2917692 0.2059013 0.2053077 0.1133381 0.08048796 0.09185615 3.071861 0.1827451
5 0.2179482 0.1873068 0.2987001 0.2522131 0.226317 0.1495028 0.1372116 0.1106808 11.44373 0.1822083
6 0.2537974 0.2104621 0.3373367 0.2720023 0.2711263 0.1567402 0.1405894 0.1426127 5.578496 0.1796334
7 0.2503545 0.2116192 0.301981 0.2427068 0.2187456 0.1174392 0.1089468 0.0936205 1.809937 0.18859
8 0.2036954 0.1729968 0.2829716 0.2207605 0.20355 0.122835 0.1124049 0.1257582 3.375083 0.191012
9 0.1700793 0.1523841 0.2481151 0.2059199 0.1727014 0.1100791 0.1227649 0.08410492 1.232918 0.1801716
10 0.2074195 0.2224968 0.286659 0.2845406 0.1876151 0.1281471 0.1788886 0.114187 1.170549 0.1755065
11 0.1702055 0.1621324 0.2825794 0.2240179 0.2124802 0.1341239 0.1303722 0.09638664 5.145433 0.1771142
12 0.1891112 0.2049499 0.3191228 0.3152894 0.218907 0.1652559 0.1980021 0.09293556 3.805784 0.1814094
13 0.1934501 0.1858073 0.2713272 0.242773 0.180886 0.1157791 0.1152543 0.08354474 3.35957 0.1817997
14 0.2070979 0.2364409 0.3004287 0.3017727 0.234765 0.1588741 0.1784029 0.1460672 3.677941 0.1740777
15 0.1918142 0.1668665 0.28395 0.2484423 0.1965407 0.1197614 0.1384535 0.09388931 1.989109 0.1816958
16 0.2454088 0.1954105 0.3000297 0.2378313 0.218717 0.1168047 0.11405 0.08604203 2.261582 0.1867518
17 0.2096629 0.1610691 0.2681614 0.1973828 0.1743617 0.09525547 0.07688087 0.08816702 2.84664 0.1825742
18 0.1905784 0.1924021 0.2991925 0.3062778 0.2200172 0.1524707 0.194013 0.0981863 2.651096 0.1808559
19 0.2198731 0.1736151 0.2702681 0.2090038 0.1682747 0.08731195 0.07191668 0.07349073 1.225042 0.187507
20 0.1838187 0.2282664 0.2397773 0.2773812 0.1534822 0.11106 0.1494119 0.07955959 72.84265 0.1847349
21 0.2553155 0.2102432 0.3386507 0.2608537 0.2956941 0.1819099 0.1527563 0.1228797 11.18282 0.1793794
22 0.1893313 0.1499556 0.2643621 0.2140405 0.1781903 0.1039219 0.1100096 0.08334912 6.381693 0.1797326
23 0.2411346 0.2504396 0.3446825 0.3195767 0.2918502 0.215238 0.2528816 0.1574131 2.632714 0.1893636
24 0.1314427 0.1575266 0.1904813 0.2246335 0.09972145 0.08271669 0.1267629 0.0741062 2.098749 0.1781533
25 0.1952735 0.255456 0.3012468 0.3337992 0.2199692 0.1588735 0.1877519 0.1349821 1.020788 0.1830861
26 0.2310636 0.2126458 0.3004868 0.2623556 0.2110937 0.1248747 0.1405364 0.1004164 1.212304 0.1804214
27 0.1879782 0.1699076 0.2832182 0.2696142 0.2007548 0.1288173 0.1630467 0.08431663 7.004021 0.1777453
28 0.1736914 0.1606832 0.2431148 0.2162795 0.1578149 0.09803917 0.1209851 0.08562484 2.514862 0.1792477
29 0.2006892 0.2270643 0.2881977 0.2885093 0.2096731 0.146927 0.1850056 0.07733772 107.1594 0.1774513
30 0.1830436 0.189991 0.2696396 0.2746243 0.1947681 0.1423293 0.1780127 0.123559 6.486796 0.1770743
31 0.2030917 0.1475022 0.2741877 0.1894996 0.1875076 0.09878528 0.07959991 0.07958042 1.711243 0.1956002
32 0.2018839 0.1665477 0.2970241 0.2188291 0.2242199 0.1124916 0.0893548 0.08152445 3.15818 0.1799344
33 0.2074527 0.1882812 0.3158355 0.2337707 0.2399729 0.1135191 0.09236903 0.1069266 2.788674 0.1757338
34 0.2323385 0.2670222 0.3245642 0.3166178 0.2585559 0.1595777 0.1803974 0.09784749 9.605365 0.178802
35 0.19104 0.2396217 0.2712119 0.3182491 0.1963354 0.15689 0.212599 0.1280714 13.04837 0.1815053
36 0.1611397 0.173198 0.2371772 0.2423213 0.1475181 0.1084883 0.1315746 0.1017055 2.054732 0.1826592
37 0.3053018 0.1898829 0.3921597 0.2401819 0.3592105 0.1601212 0.1122446 0.14271 1.409745 0.1943783
38 0.2173552 0.1834301 0.3133811 0.2480474 0.257499 0.1550046 0.1645303 0.0949857 0.9456341 0.1789147
39 0.2123319 0.2681529 0.2641386 0.3244357 0.1655179 0.1279783 0.1609785 0.1118453 2.212101 0.1847349
40 0.2143501 0.194187 0.2947733 0.2380054 0.2097786 0.11433 0.1150967 0.1044894 1.155942 0.1806793
41 0.2223783 0.2039027 0.2879276 0.2575694 0.1941836 0.1280514 0.1145872 0.1086258 2.722813 0.1797326
42 0.2362524 0.1932698 0.3831336 0.2602417 0.3430525 0.1756248 0.1332936 0.1502723 2.46711 0.1740634
43 0.2460599 0.2784012 0.3182532 0.3545238 0.2614521 0.1907126 0.2611685 0.1178388 2.753122 0.1766255
44 0.1859117 0.1894421 0.2987709 0.2612669 0.244314 0.1586763 0.1196251 0.1154321 8.176352 0.1775756
45 0.149295 0.1473846 0.2767274 0.2817974 0.1656705 0.1227036 0.1326728 0.103216 1.484595 0.1749636
46 0.2779349 0.2833966 0.326529 0.3212715 0.217438 0.1388445 0.1388696 0.1464725 1.498763 0.1863623
47 0.1678231 0.2620476 0.2768239 0.4233993 0.1839361 0.1913358 0.3458803 0.1265215 1.903561 0.1797434
48 0.1888333 0.1833797 0.2660406 0.2413843 0.1805734 0.1106608 0.1053791 0.0932463 1.043664 0.1868322
49 0.1708308 0.151034 0.2319718 0.203517 0.1320611 0.08041988 0.08373215 0.07440355 0.9407753 0.1806793
50 0.2062718 0.1462627 0.3062277 0.2036641 0.2511384 0.1327955 0.08519632 0.09031001 44.43154 0.1872471
51 0.20177 0.1830692 0.2839949 0.2573308 0.1906236 0.1155784 0.1267483 0.09230929 3.389335 0.1791442
52 0.1694621 0.1855621 0.2637437 0.2467087 0.1752421 0.1240716 0.1314804 0.09060327 1.949057 0.177346
53 0.2237712 0.1838403 0.3271663 0.2371107 0.2491797 0.138611 0.1194171 0.1017139 1.171229 0.1830981
54 0.2389512 0.2938862 0.3056197 0.3585183 0.2287743 0.16228 0.2170951 0.158866 3.744683 0.1820016
55 0.1869226 0.1494309 0.2904135 0.2277332 0.1900986 0.1161974 0.1150395 0.0893342 1.42502 0.192093
56 0.1714403 0.1615729 0.2712653 0.2433339 0.1763067 0.1154689 0.1202368 0.09795158 3.954147 0.1749326
57 0.2155 0.2099498 0.2772792 0.2518734 0.1788191 0.127369 0.1218409 0.07846877 2.682473 0.1869134
58 0.1896485 0.174309 0.2798438 0.2720788 0.1919586 0.1253059 0.1444713 0.1184901 2.255191 0.1783332
59 0.2242878 0.2350194 0.3207367 0.3123782 0.2681083 0.213998 0.2161593 0.08534421 84.43286 0.1781533
60 0.2598912 0.1895942 0.3361103 0.2412639 0.2605905 0.131566 0.1264305 0.1289001 6.135766 0.1721147
61 0.1926832 0.2434223 0.2696603 0.338965 0.1995204 0.1708684 0.237241 0.121416 1.194373 0.1799344
62 0.178464 0.2502632 0.235682 0.2971372 0.1396956 0.1134781 0.1445962 0.1083353 1.577475 0.1849038
63 0.1785841 0.2253556 0.249571 0.2939951 0.1549918 0.130915 0.2084819 0.1362156 1.073172 0.1850763
64 0.2304832 0.1932065 0.3171378 0.2338226 0.2274236 0.112549 0.1075382 0.1037963 1.047293 0.1829196
65 0.1915109 0.2233741 0.3063702 0.3168499 0.217433 0.1783472 0.200318 0.1351698 2.102044 0.178077
66 0.1473483 0.1781048 0.2039037 0.2328334 0.1125436 0.08028388 0.1064734 0.06572042 3.471982 0.1772294
67 0.176854 0.155185 0.2612731 0.2180495 0.1804442 0.1185105 0.1276081 0.1107132 1.694566 0.1868322
68 0.1634074 0.1940574 0.2340032 0.2662116 0.1360871 0.1060968 0.1499469 0.1091993 1.484261 0.1750435
69 0.2176193 0.2234554 0.2987618 0.2958109 0.2425907 0.1808337 0.183038 0.1221512 24.35273 0.1849038
70 0.201776 0.1677618 0.2913878 0.2270175 0.2237481 0.1158013 0.09871487 0.08879594 1.765947 0.1815053
71 0.1539313 0.1718945 0.2540485 0.2551754 0.1538385 0.1082555 0.1377104 0.09398034 1.513112 0.1817004
72 0.2604329 0.2797319 0.3145958 0.328846 0.1991163 0.1229889 0.1434852 0.09518106 0.8063497 0.1780495
73 0.1994358 0.1994118 0.2689183 0.2532208 0.1786713 0.1223364 0.1489515 0.0733791 2.289762 0.1766669
74 0.2069906 0.1770106 0.2892894 0.2442701 0.2152367 0.1329607 0.1263646 0.1455828 2.447525 0.1732414
75 0.301871 0.1691808 0.4189294 0.2349194 0.4814807 0.2280348 0.1405976 0.09902926 7.661107 0.18859
76 0.2482969 0.2106762 0.3297747 0.2623678 0.2867368 0.1673637 0.1100478 0.154494 1.832686 0.1783332
77 0.1856652 0.1988458 0.2777474 0.2773791 0.200297 0.1505295 0.1852702 0.1002539 1.549658 0.1783644
78 0.197971 0.1640296 0.3095514 0.235737 0.2174453 0.1200028 0.1123486 0.1239623 2.74179 0.1752549
79 0.1573029 0.1571813 0.2505374 0.22557 0.1925729 0.1022139 0.1064498 0.1063804 4.536625 0.1830861
80 0.2292698 0.2106128 0.3109998 0.2751445 0.254735 0.1584488 0.1431981 0.1025619 159.8088 0.1800371
81 0.1492423 0.1622853 0.2204129 0.2238493 0.1184253 0.08816887 0.1134019 0.07931641 1.196591 0.1804599
82 0.2264945 0.1999192 0.3241325 0.2594031 0.2711587 0.1632977 0.1321476 0.09403292 3.870506 0.1739902
83 0.2199769 0.1986473 0.2814641 0.2441049 0.207813 0.1264513 0.1077858 0.09994572 3.332484 0.1853423
84 0.1904485 0.1531073 0.2495745 0.2026332 0.1467293 0.08166941 0.06275159 0.07742167 1.530459 0.1843609
85 0.2056494 0.201573 0.2718514 0.2633639 0.183191 0.1293244 0.1460387 0.1260149 2.008623 0.1824069
86 0.3004186 0.3009735 0.3733032 0.3637796 0.3274863 0.2184255 0.275599 0.1337905 1.988048 0.177947
87 0.2747008 0.2146609 0.3872502 0.2868572 0.3807817 0.2181437 0.154943 0.1475989 2.723312 0.1740777
88 0.1697103 0.1498862 0.2520523 0.2047471 0.1549413 0.08999145 0.09156488 0.06333859 2.996464 0.1847349
89 0.2315439 0.1945096 0.3339518 0.2695815 0.2543047 0.1562547 0.157365 0.08114373 1.105554 0.1800371
90 0.1883228 0.2183206 0.2985184 0.317133 0.2120714 0.1652528 0.1960164 0.123684 1.630012 0.1784719
91 0.2576842 0.1886295 0.3588498 0.2296852 0.3405937 0.1556807 0.1140218 0.1128476 1.979136 0.1771142
92 0.2435933 0.3074998 0.3138036 0.3620825 0.2340519 0.1692714 0.2487278 0.131529 2.395992 0.1852527
93 0.2353674 0.2182711 0.3118204 0.254475 0.2638195 0.1469917 0.1745132 0.1224292 1.435213 0.18859
94 0.2011283 0.1785407 0.3005264 0.2364449 0.2297548 0.1182181 0.1161416 0.1019347 12.3618 0.1863623
95 0.2073196 0.2247564 0.3077761 0.2993983 0.2368788 0.1715142 0.201071 0.1182371 11.85742 0.1775836
96 0.2733011 0.1680317 0.4463293 0.2526887 0.4889499 0.2104271 0.1237756 0.1239018 3.483505 0.1772294
97 0.2095727 0.2543121 0.3294939 0.3496209 0.2463917 0.1779796 0.2484352 0.1423502 1.712506 0.1782043
98 0.2048207 0.206165 0.2701178 0.2631338 0.1725887 0.1083551 0.1494365 0.09473585 3.334035 0.1826592
99 0.1574131 0.2066004 0.2187133 0.2855069 0.1538459 0.1331744 0.1737139 0.1148153 1.92468 0.1785961
100 0.1867879 0.1557242 0.2584847 0.2066879 0.1512679 0.09166087 0.07856433 0.09515679 1.558576 0.1785961
