1 5.109006 -0.3705335 0.1436962 -0.5826588 0.4687256 0.2045065 0.0560007 0.1060181 3.990107 -1.435085
2 5.331977 -0.3247023 0.1376679 -0.9933702 0.824327 0.4109175 -0.1050442 0.2114795 9.240583 -1.46228
3 5.51789 -0.04680098 -0.534285 -0.9690171 0.4538372 0.3164604 0.1487922 0.1605302 6.931041 -1.597944
4 5.749644 -0.1312454 -0.6941911 -0.879615 0.4775284 0.4050957 -0.06014374 0.08187897 6.887688 -1.598265
5 5.529138 -0.2518702 -0.4849257 -0.670931 0.5237057 0.5330048 0.2391903 0.2268567 14.27518 -1.476678
6 5.409238 -0.1762933 -0.283151 -0.8983121 0.6694634 0.6028818 0.1241917 0.2079679 9.674368 -1.486378
7 5.258309 -0.3213616 0.3113525 -0.6316166 0.4568743 0.442583 -0.03703372 0.1509884 4.451606 -1.750517
8 5.717072 -0.7258571 -0.3107788 -0.290457 0.6748685 0.2675138 0.02086054 0.07874376 7.774809 -1.786538
9 5.43329 -0.6487843 -0.3700099 -0.1563071 0.4251378 0.2610778 0.1478196 0.1169335 4.075456 -1.604018
10 5.263468 -0.6707105 0.2177251 -0.3495459 0.4283363 0.4065585 -0.08883719 0.2684646 3.797053 -1.225175
11 5.213987 -0.6383259 0.2575529 -0.6617248 0.5123848 0.3317415 0.108625 0.08743071 9.04124 -1.367366
12 5.545269 -0.4519965 -0.5047773 -0.0706907 0.4263958 0.6009599 -0.02010279 0.5086067 7.850233 -1.524881
13 4.935978 -0.1713645 -0.02733922 -0.9341807 0.37959 0.4325107 0.04932009 0.2219193 7.311198 -1.50107
14 5.314854 -0.5841077 0.1017373 -0.8148395 0.6606734 0.3705454 0.1747763 0.2664973 7.790825 -1.299283
15 5.208845 -0.5473869 0.3668715 -0.4370291 0.4877399 0.4178308 0.02992778 0.2721136 5.419383 -1.668754
16 5.559417 -0.7162335 -0.228587 -0.4792013 0.4463598 0.4560075 -0.04175363 0.1552313 5.726898 -1.683126
17 5.151222 -0.1823049 0.02715561 -1.016746 0.4315131 0.3476039 0.0593856 0.07376902 6.859883 -1.609438
18 4.940546 -0.3149506 0.08113917 -0.7865481 0.4686251 0.4904791 -0.04537485 0.4968161 6.106533 -1.559566
19 5.352385 -0.5439748 0.04659792 -0.5580818 0.3393386 0.3318885 0.08382183 0.1145498 3.884696 -1.632695
20 5.911732 -0.3604 -0.7164187 -0.8590104 0.524207 0.2085415 0.156248 0.3338389 52.65061 -1.637609
21 5.023961 -0.2486047 0.234887 -0.5662708 0.6101376 0.6833046 0.226548 0.2041854 14.84619 -1.366876
22 5.289094 -0.4456029 0.2528251 -0.8063856 0.4562821 0.3637295 0.07865373 0.1224489 11.2694 -1.480408
23 5.436772 -0.6202547 -0.2255428 -0.3639214 0.7250855 0.5885249 -0.1399455 0.4761482 6.194826 -1.696449
24 5.311165 -0.2845413 -0.2109249 -0.769337 0.3469915 0.07038764 0.06401228 0.196024 5.193543 -1.436305
25 5.29956 -0.4538654 -0.3132594 -0.6095945 0.4930934 0.4292114 0.2105634 0.3774192 3.23384 -1.426035
26 5.246301 -0.5581106 0.1884207 -0.5711973 0.454023 0.4945128 -0.02508447 0.2471498 3.836822 -1.587579
27 5.134456 -0.322396 0.07591738 -0.6022035 0.437095 0.4751927 0.144009 0.3040532 11.32837 -1.460402
28 5.279098 -0.5202972 0.2319726 -0.7399791 0.4150992 0.2615351 0.1091152 0.1557752 5.873917 -1.509908
29 5.472984 -0.4127805 0.04596627 -0.6184602 0.4841009 0.5784001 -0.04598115 0.5054366 76.3699 -1.478102
30 5.577634 -0.2691693 -0.2283914 -0.8644086 0.5642213 0.2898577 0.1995982 0.3549535 10.11594 -1.501224
31 5.812756 -0.5532484 -0.3712026 -0.4870653 0.4104137 0.4137417 -0.0692335 0.1198635 4.872946 -1.912009
32 5.464797 -0.6537436 0.01031641 -0.2932802 0.3894375 0.5788797 0.1359028 0.1272957 6.83033 -1.468359
33 5.081009 -0.2679614 0.324337 -0.7870624 0.4967985 0.5952816 0.05860035 0.1017583 6.766257 -1.446919
34 5.646988 -0.6347729 -0.564325 -0.1637342 0.4812453 0.6712963 0.1150621 0.3785298 13.1759 -1.399033
35 5.426234 -0.3819582 -0.2383117 -0.5537705 0.6282763 0.2775337 0.04484702 0.4794365 15.87317 -1.518981
36 5.594751 -0.6763757 -0.3776717 -0.3379205 0.4370569 0.1858486 0.08170521 0.2328958 5.023271 -1.603867
37 5.358403 -0.5122111 0.132513 -0.4714659 0.665851 0.9168125 0.06850233 0.08914258 4.200389 -1.76451
38 5.243706 -0.00838502 -0.3603916 -0.8594337 0.3410373 0.6108895 0.006937897 0.2999974 2.905586 -1.392684
39 5.282071 -0.4359526 -0.3748989 -0.415174 0.5489909 0.179593 0.08544684 0.3836545 6.006623 -1.637609
40 5.395371 -0.6543014 -0.5912037 -0.08430428 0.43381 0.4808583 0.125455 0.1580083 3.567997 -1.570866
41 5.349918 -0.05413998 -0.2044882 -0.8672443 0.4954299 0.3890107 0.005925502 0.1949075 6.186505 -1.480408
42 5.102415 -0.4259531 0.1395654 -0.6473594 0.6462531 0.8524894 -0.01641145 0.0938613 5.811548 -1.194627
43 4.98199 -0.1014013 0.2485475 -1.306624 0.5879823 0.5318255 0.1530595 0.6221846 6.575581 -1.529395
44 5.42429 -0.6830653 -0.2386659 -0.2428681 0.494881 0.4775694 0.1274762 0.129364 11.20604 -1.22807
45 5.385846 -0.2533344 -0.2356062 -0.8527366 0.3521622 0.3146249 0.0200779 0.2230615 3.960262 -1.252763
46 5.2724 -0.4733674 0.0360134 -0.5476286 0.6954058 0.2834138 0.1286118 0.1926957 4.39333 -1.710081
47 5.511429 -0.8787003 -0.2160249 -0.3094011 0.539516 0.2393552 0.2579844 0.7924626 5.200059 -1.347074
48 5.242716 -0.6604343 -0.2668492 -0.1471315 0.4363717 0.3295099 0.08879042 0.1880227 3.619838 -1.677646
49 5.268165 0.02507862 0.2190022 -1.027343 0.3081397 0.2456401 0.02333983 0.1377929 3.266528 -1.570866
50 5.823895 -0.6946874 -0.4170094 -0.6881574 0.536145 0.6276699 0.1218985 0.0664321 31.37806 -1.649789
51 5.397821 -0.3062374 -0.025048 -0.7816438 0.3934367 0.4843973 0.1070121 0.1690586 7.256388 -1.379863
52 5.239458 -0.4094198 0.2457764 -0.642215 0.4213691 0.3074091 -0.03918956 0.2183965 5.322092 -1.354546
53 5.345948 -0.1835479 0.2270114 -0.9343533 0.4413632 0.6062462 0.2689987 0.1830914 3.635901 -1.575536
54 5.545997 -0.7928176 -0.4466853 -0.1350766 0.7947261 0.2598963 0.1567427 0.3894768 8.178037 -1.488949
55 5.164658 -0.03732073 0.113033 -0.932069 0.4040692 0.4495738 -0.04146655 0.1968174 4.481652 -1.710414
56 5.152384 -0.3231736 -0.3753967 -0.8870422 0.436988 0.3488087 0.03976826 0.2016221 7.588905 -1.367832
57 5.366403 -0.4580582 0.02512458 -0.4602389 0.4001096 0.4097787 -0.05324161 0.2564748 6.553402 -1.672137
58 5.734617 -0.2786127 -0.8952343 -0.2478089 0.458775 0.3784055 -0.06250455 0.2321934 5.508669 -1.301553
59 5.193538 -0.2242323 0.1664695 -0.8008757 0.4915927 0.8058742 -0.2756979 0.5958836 61.07086 -1.436305
60 5.017564 -0.4271481 0.4583004 -0.7948517 0.5883483 0.6453453 0.1351386 0.1369358 10.57307 -1.409825
61 5.149081 -0.5182348 0.1725127 -0.4751295 0.5469574 0.2487566 0.2470859 0.4760563 3.913646 -1.468359
62 4.847389 -0.2464827 0.1712247 -0.6048762 0.4684773 0.1390782 0.04725487 0.2749501 4.427062 -1.626435
63 5.346549 -0.4609282 0.01512624 -0.6267426 0.5683253 0.112366 0.04306899 0.3755907 3.372371 -1.615136
64 4.912978 -0.1605806 0.4638327 -0.738277 0.4307688 0.5957702 0.05811354 0.1551411 3.487013 -1.586965
65 5.39582 -0.3488296 0.2341979 -0.9532959 0.5815124 0.3714342 0.03091151 0.3589506 5.727573 -1.315067
66 5.351749 -0.6117212 0.003567943 -0.3514624 0.2984191 0.1820266 0.007159498 0.2226731 7.256488 -1.360977
67 5.670188 -0.2907153 -0.2696659 -0.5389985 0.5702521 0.2033043 0.09071119 0.130601 4.927363 -1.677646
68 5.644108 -0.5359189 -0.3889864 -0.5065775 0.4696186 0.1222712 0.04142129 0.2545047 4.32427 -1.361602
69 5.57612 -0.3416042 -0.2388623 -0.9058215 0.7115477 0.4097298 0.1233829 0.3694662 23.02883 -1.626435
70 5.161483 -0.2934151 0.1126314 -0.803918 0.3939996 0.5274644 0.04803569 0.1679752 4.973896 -1.518981
71 5.61471 -0.4998792 -0.2025859 -0.758658 0.4061004 0.2585067 -0.01901527 0.2693006 4.330538 -1.507076
72 5.424315 -0.4648953 -0.2775053 -0.70779 0.3735997 0.4901254 0.0338816 0.31549 3.054142 -1.442384
73 5.05844 -0.6554936 0.2112935 -0.5158131 0.3255502 0.4555422 0.0325357 0.2638284 5.670513 -1.392525
74 5.422353 -0.755162 -0.2955034 -0.2197853 0.5680636 0.3570004 0.06698954 0.08515618 5.633131 -1.236012
75 5.510069 -0.2255781 -0.4380727 -0.6357041 0.5701958 1.464784 -0.4250159 0.2768374 11.50195 -1.750517
76 5.356968 -0.4143554 0.04761477 -0.4068171 0.6594794 0.4989384 -0.0129784 0.03103796 4.820204 -1.301553
77 5.44076 -0.6161074 -0.3126033 -0.6732688 0.4281887 0.3778408 -0.01484692 0.320921 4.222143 -1.424035
78 5.382849 -0.583816 0.3067631 -0.2815 0.5541048 0.4775759 0.07631125 0.1667193 6.344099 -1.475907
79 5.037476 -0.2465207 0.04334143 -0.9318637 0.5237953 0.1950477 0.08747366 0.08598797 8.148468 -1.426035
80 5.664743 -0.8827927 -0.4343026 0.1271959 0.6320305 0.6166822 0.2387606 0.2261811 112.8127 -1.46228
81 5.206821 -0.2932075 -0.2029969 -0.6735777 0.3254688 0.1964068 -0.01759454 0.2017022 3.734429 -1.437588
82 5.190257 -0.5044021 -0.295737 -0.429723 0.4809253 0.6927636 0.3370023 0.2474135 8.104353 -1.422226
83 5.186125 -0.4385176 0.1359158 -0.5096361 0.5227222 0.3562039 0.1135538 0.1958484 7.61804 -1.597944
84 4.792127 -0.2668269 0.3510616 -0.7941834 0.3370574 0.3019152 0.00230801 0.07986487 4.725294 -1.497885
85 5.51392 -0.4425147 -0.449193 -0.5607428 0.6271073 0.213694 0.1412853 0.2262858 5.63433 -1.620488
86 5.222424 -0.1316018 -0.2273113 -0.952218 0.6283887 0.7684956 0.07137336 0.5728286 5.508913 -1.448426
87 5.346414 -0.08862085 0.01794208 -1.190098 0.6134652 0.9701463 -0.1321233 0.108511 6.185346 -1.098612
88 5.490562 -0.4485651 -0.4240212 -0.4635986 0.310038 0.3999188 -0.05870314 0.1873389 7.276859 -1.637609
89 5.500222 -0.6410164 -0.02776912 -0.4451367 0.3294503 0.7770449 -0.1192782 0.3172879 3.692303 -1.46228
90 5.233195 -0.5317065 -0.2047516 -0.2976888 0.5233634 0.3943262 0.004588667 0.4483297 4.674094 -1.417843
91 5.141994 -0.236597 0.3380988 -0.7966803 0.4866847 0.9054448 0.227485 0.09738989 4.823114 -1.367366
92 5.056486 -0.6025422 0.3426079 -0.2030577 0.5714115 0.4792008 0.08496276 0.5277917 5.771557 -1.603707
93 5.427648 -0.741002 -0.1845163 -0.4958791 0.5758999 0.4671924 0.2124111 0.1532661 4.079784 -1.750517
94 5.291617 -0.264715 0.0935055 -1.018776 0.5579826 0.5261002 0.2314343 0.2206154 14.97963 -1.710081
95 5.537431 -0.5610361 -0.223614 -0.3524848 0.4794095 0.6231805 -0.03119767 0.3601433 13.51904 -1.341558
96 5.544235 -0.202799 -0.4329364 -0.8554988 0.5942818 1.466743 0.1673644 0.1192951 7.590879 -1.360977
97 5.435125 -0.8847293 -0.4269493 -0.1522076 0.5723564 0.4736935 0.1607186 0.462551 4.683168 -1.308333
98 5.179052 -0.481517 0.1812065 -0.5091388 0.4643828 0.3405559 0.1281906 0.2554545 7.100649 -1.603867
99 5.270647 -0.1185377 0.09462895 -0.6533676 0.4784855 0.05371887 -0.0261479 0.3012631 4.877417 -1.287854
100 5.431233 -0.1969748 0.0429864 -0.740834 0.3620627 0.3237116 0.04091786 0.08676114 4.318577 -1.287854
