1 0.1732246 0.1668024 0.2543224 0.2081599 0.1845894 0.1053042 0.09271908 0.1276647 1.43286 1.028826 0.4649405 0.134602 0.2803461
2 0.2531021 0.2479487 0.3405958 0.3065758 0.3090809 0.1998936 0.1804879 0.2146927 11.50882 0.8978774 0.5129949 0.1422561 0.2377642
3 0.1867567 0.1918118 0.2602452 0.2417086 0.1666328 0.0954294 0.1008707 0.09756573 3.592477 0.9002386 0.4993464 0.1390331 0.2110464
4 0.2345945 0.1944459 0.2901995 0.2180921 0.2146058 0.1242192 0.09324202 0.1157388 3.357816 1.611884 0.7320073 0.1379324 0.3458931
5 0.2155375 0.2219644 0.2958226 0.255055 0.2180393 0.1505887 0.142387 0.1335639 14.76647 0.7690808 0.4717433 0.1649514 0.2346736
6 0.2687941 0.2652284 0.3523575 0.3069215 0.3071483 0.1949204 0.1958506 0.1782312 15.18593 0.9623734 0.6340345 0.138736 0.2603915
7 0.2651264 0.2342649 0.3218721 0.2676656 0.2580439 0.144846 0.1416103 0.103325 2.739543 0.7903895 0.4460878 0.1307274 0.2080103
8 0.2018626 0.1876028 0.2818755 0.217554 0.1985289 0.1201091 0.1036789 0.1260012 3.466126 1.296909 0.4548946 0.1189405 0.3016457
9 0.1710825 0.1575524 0.2475512 0.2171978 0.1644472 0.1080451 0.1353666 0.08519008 1.325237 0.6629333 0.3998074 0.1017524 0.1470873
10 0.2123327 0.2363802 0.2932181 0.2788753 0.2060455 0.1356994 0.1844263 0.1330609 1.258979 0.7490023 0.4038072 0.1237963 0.2104359
11 0.1746027 0.1583003 0.2913354 0.2084674 0.2260366 0.1279366 0.1217018 0.1054512 5.255634 0.7646033 0.462517 0.1699781 0.2548856
12 0.192748 0.2047129 0.3232567 0.3181289 0.2284303 0.1658059 0.2011388 0.09634286 4.55676 0.7105137 0.4034758 0.119543 0.1661424
13 0.2005365 0.2002127 0.2796827 0.2546227 0.198452 0.125562 0.1249092 0.09070031 4.837326 0.8402969 0.5089966 0.1409408 0.2308316
14 0.2103451 0.2273317 0.3039645 0.2944855 0.2431123 0.1619188 0.1809605 0.1713 4.796884 0.5853179 0.4052749 0.1048986 0.1454181
15 0.1955858 0.1841775 0.2902522 0.2552361 0.2023787 0.125464 0.1578298 0.1042796 2.155655 0.6579638 0.4114211 0.149838 0.2001892
16 0.250017 0.1953863 0.3069214 0.2366751 0.2278775 0.1255129 0.1236216 0.08605132 2.812674 0.7386793 0.4211549 0.1190811 0.1857854
17 0.2098004 0.1854752 0.2696446 0.2086516 0.1780773 0.09431578 0.08960515 0.0970924 3.532341 0.981797 0.4944228 0.1285318 0.2324187
18 0.1931692 0.2128645 0.3020887 0.2997722 0.2308903 0.1599684 0.1937689 0.1126615 2.957647 0.6389799 0.4302819 0.13553 0.196049
19 0.2214287 0.1899886 0.2730012 0.221642 0.1783384 0.09605711 0.0918179 0.08152913 1.376016 0.7533199 0.4128317 0.166183 0.2415758
20 0.1805518 0.2659062 0.234524 0.3131223 0.1542643 0.1261988 0.1959166 0.09128569 154.6426 0.8881503 0.5955844 0.1643724 0.2253916
21 0.2670657 0.2387395 0.3549386 0.2891492 0.3556887 0.2165358 0.1802001 0.1420731 39.31453 0.7133961 0.4659362 0.2021005 0.2486428
22 0.1938118 0.1554657 0.2697239 0.2090682 0.1895451 0.1043414 0.1087861 0.08892734 8.878483 0.8076582 0.4243102 0.1303899 0.2060286
23 0.2491092 0.3053116 0.3547804 0.3732587 0.3181231 0.2533435 0.3340887 0.1740618 3.626788 0.708435 0.4394614 0.1201372 0.1950883
24 0.136921 0.2014082 0.1970974 0.2694052 0.1259584 0.11402 0.1972124 0.08929635 3.921617 1.236391 0.6589755 0.1923119 0.3434347
25 0.2069369 0.2666198 0.3152615 0.3306085 0.2469618 0.1674846 0.2114943 0.1395219 1.157487 0.5219044 0.4231864 0.1268893 0.1492773
26 0.2359753 0.2252044 0.3059314 0.2671569 0.22551 0.1434292 0.159232 0.1095995 1.372673 0.6091749 0.4185991 0.1220461 0.1802388
27 0.1898773 0.1864956 0.2869571 0.2707879 0.208903 0.13886 0.1641765 0.09452365 9.540335 0.6808089 0.4026352 0.155925 0.2138352
28 0.179526 0.1748223 0.2501178 0.2341787 0.1670185 0.1076981 0.1342026 0.09092851 3.653834 0.6126348 0.3910495 0.1319237 0.168408
29 0.2026145 0.2499489 0.2890159 0.3075367 0.2146302 0.1583913 0.2106137 0.09298886 170.743 0.8248027 0.5102711 0.2000873 0.2709204
30 0.1833149 0.2110971 0.2776064 0.312804 0.1951383 0.1583917 0.2225087 0.1233498 20.00506 0.6263467 0.4525033 0.1228553 0.1481571
31 0.2046212 0.1572885 0.2755261 0.1968569 0.1927713 0.1029024 0.08821493 0.08175227 2.113058 1.022417 0.5037817 0.1307714 0.2228292
32 0.2050374 0.1923204 0.3016221 0.2370015 0.2237176 0.1121058 0.09444895 0.09088585 3.221785 0.6810297 0.4039787 0.142393 0.1856988
33 0.2103892 0.184098 0.3191686 0.2279553 0.243467 0.1176532 0.09437855 0.1093318 3.213865 0.6396322 0.40265 0.117973 0.1734607
34 0.2392017 0.2895467 0.3349453 0.3222607 0.2828411 0.1846249 0.1832347 0.1204702 19.88098 0.6797467 0.4242421 0.1457563 0.1971251
35 0.191919 0.247201 0.2721832 0.321512 0.2150889 0.1775104 0.2470625 0.1596038 16.57622 0.7644405 0.4354451 0.1662509 0.239329
36 0.1641576 0.1954969 0.2387659 0.2594756 0.153646 0.1134187 0.1465155 0.1129334 2.441793 0.8340424 0.4247815 0.1394 0.2260948
37 0.3084845 0.1932889 0.3962637 0.2454303 0.3761648 0.1700487 0.119245 0.1508872 1.489988 0.5248162 0.4092035 0.1322724 0.157168
38 0.2292146 0.2240292 0.3360785 0.2921801 0.3084442 0.1905712 0.2267021 0.1003358 1.36854 0.6419859 0.4285684 0.1186491 0.1634309
39 0.2119117 0.3008065 0.2635434 0.3354618 0.1693782 0.1349306 0.180871 0.1157121 2.468431 0.7695621 0.4510233 0.1368863 0.1813953
40 0.2195353 0.2001971 0.3009179 0.233471 0.2166792 0.119284 0.1195176 0.1088609 1.25583 0.5608326 0.3819517 0.1264627 0.155613
41 0.2233251 0.2070439 0.2895314 0.2484971 0.1998922 0.1294706 0.1187102 0.1167582 3.086235 0.9163494 0.4565225 0.1129623 0.1907793
42 0.2519195 0.2369925 0.4087752 0.2782716 0.4057664 0.2054411 0.1623203 0.2028455 5.051878 0.8958003 0.5431439 0.1548028 0.3021234
43 0.2472363 0.2946444 0.318988 0.3679319 0.2666449 0.193576 0.2921287 0.1308965 3.559178 0.4864684 0.4165441 0.1260037 0.1475502
44 0.1930338 0.2247393 0.3054191 0.2567283 0.2562447 0.1665367 0.1290293 0.1469571 16.92523 0.902995 0.4853505 0.2344169 0.3760561
45 0.1551003 0.1664343 0.2900179 0.3046545 0.1821177 0.1368682 0.1522472 0.1204633 1.853988 0.7434611 0.5224675 0.1221946 0.1798725
46 0.2696683 0.3362218 0.3202162 0.3552309 0.2347939 0.1628354 0.1870204 0.1863344 1.730429 0.7739145 0.4429764 0.1153455 0.2229843
47 0.1722022 0.3025223 0.2824389 0.4179776 0.2099219 0.2004999 0.3967669 0.1498771 2.198503 0.5646329 0.4392953 0.183404 0.2209666
48 0.189181 0.1916899 0.2666022 0.2452144 0.1873862 0.1239866 0.115858 0.1009213 1.100569 0.6532883 0.455355 0.1237845 0.1616136
49 0.177956 0.1513873 0.2398375 0.2083418 0.1503369 0.08561199 0.08782454 0.07737452 1.047809 0.8123062 0.4536679 0.1260116 0.192208
50 0.2067009 0.1621937 0.3051932 0.1976786 0.2534816 0.1357572 0.08931806 0.09801354 84.25012 0.8854338 0.5352821 0.2216748 0.3386129
51 0.2049717 0.2116908 0.2858865 0.2632043 0.2015715 0.1268877 0.1746487 0.09785602 5.087685 0.829799 0.4468659 0.1382673 0.2162835
52 0.1815343 0.1810123 0.2833006 0.2445554 0.2101547 0.133787 0.1253077 0.1078856 2.658996 1.152386 0.6163786 0.1487429 0.2981711
53 0.2265486 0.1917752 0.3288292 0.2462693 0.2527425 0.1558822 0.1445521 0.1065869 1.364933 0.6621938 0.3994109 0.1078887 0.1437321
54 0.2468328 0.3618878 0.3141864 0.3837143 0.2534992 0.177819 0.235892 0.191272 4.650452 0.7476945 0.4674488 0.1898326 0.2860049
55 0.1876357 0.1660033 0.2935188 0.232362 0.1970777 0.1244256 0.1186686 0.09137489 1.44304 0.7969007 0.5275363 0.1332849 0.1997565
56 0.180935 0.2000326 0.2858619 0.2552211 0.1988128 0.1285731 0.1203552 0.1324898 10.04846 0.9121166 0.5979545 0.1442412 0.2666814
57 0.2205414 0.2600434 0.2840631 0.2739281 0.1848237 0.1310357 0.1205772 0.09415301 3.072835 1.160544 0.4642612 0.1556358 0.3281093
58 0.1938443 0.259582 0.2802779 0.3328465 0.2184311 0.1724013 0.3051188 0.1693469 6.658693 1.090779 0.5682165 0.2137907 0.3217076
59 0.2241666 0.2229514 0.321225 0.2959924 0.2704677 0.1978885 0.1867987 0.08699889 124.1618 0.718614 0.4488233 0.1502502 0.1936546
60 0.2643026 0.1884196 0.3458368 0.2386832 0.286104 0.1467779 0.1382649 0.1450226 12.65316 0.6793391 0.405436 0.1211429 0.204144
61 0.1989786 0.2381467 0.2752268 0.3540976 0.2013912 0.1744702 0.2605055 0.1448457 1.310324 0.5228095 0.4299893 0.1249108 0.1458695
62 0.188532 0.2348944 0.2487383 0.2760551 0.1636928 0.1184332 0.1362513 0.1211951 1.856683 0.8784088 0.4704039 0.1409454 0.2551733
63 0.1826456 0.236196 0.2547006 0.2956489 0.1675925 0.1335491 0.2034583 0.1458504 1.104906 0.7248127 0.4356092 0.1179343 0.1817744
64 0.2340876 0.1953531 0.3216429 0.2373674 0.2400098 0.1170499 0.1131355 0.1124315 1.082339 0.6861448 0.397413 0.1126922 0.1708516
65 0.1937916 0.2671439 0.3098973 0.3319849 0.2288139 0.1986539 0.2304409 0.143116 2.384549 0.6906235 0.4745939 0.1127795 0.1711711
66 0.1501461 0.2073897 0.2069212 0.2540994 0.1199936 0.08678694 0.1290804 0.07435212 3.834249 0.9485344 0.4145678 0.1642242 0.2584093
67 0.1798196 0.1707556 0.2659667 0.2296266 0.1833457 0.1178578 0.128284 0.1149762 1.894047 0.7418686 0.4339479 0.1118606 0.1698833
68 0.1656506 0.2020529 0.2371779 0.2763352 0.1451857 0.1179779 0.1634157 0.120103 1.625686 0.659686 0.3943571 0.1083008 0.158264
69 0.2211476 0.2605859 0.304625 0.3054748 0.2603953 0.2341986 0.1946851 0.1408505 79.75744 0.7173227 0.4706367 0.1420091 0.2100355
70 0.2066818 0.1785079 0.2961406 0.2391803 0.2338764 0.1200893 0.1088646 0.08948931 1.941172 0.6694775 0.397142 0.119649 0.1684517
71 0.1601151 0.1794143 0.2615347 0.2609502 0.1779252 0.1150853 0.1391443 0.1008295 1.802707 0.7093776 0.4819877 0.1661556 0.2135887
72 0.2607099 0.2911939 0.3153215 0.3423759 0.2115756 0.1327546 0.1540477 0.1064384 0.8607771 0.5755223 0.4294039 0.09620011 0.1357793
73 0.2059144 0.2188784 0.2779933 0.2665085 0.1971877 0.1450571 0.1832702 0.07875367 3.011529 0.6771799 0.40756 0.1226566 0.1860153
74 0.2230783 0.2088695 0.3113207 0.2604328 0.2606917 0.1548076 0.1379072 0.1780032 4.112502 0.9455434 0.4819077 0.1172688 0.2544411
75 0.3121747 0.1768422 0.4317442 0.2351203 0.5172955 0.2339834 0.1401985 0.1146151 13.3335 0.9295773 0.4557087 0.1371476 0.2357884
76 0.2576744 0.2115224 0.3390414 0.2429096 0.3114927 0.1589709 0.1000253 0.1881212 2.081089 0.9443659 0.4730496 0.1455172 0.2523132
77 0.1895827 0.2163207 0.2810051 0.2903248 0.221547 0.1654071 0.2047968 0.1121231 2.11432 0.5423967 0.3995003 0.1237343 0.1559004
78 0.1986934 0.1818334 0.307935 0.2334808 0.2123251 0.1196773 0.1012137 0.1552503 3.715911 0.7141182 0.383143 0.1108688 0.1825961
79 0.1621399 0.1881237 0.2567043 0.233103 0.1919574 0.09769989 0.1023482 0.1121574 5.752566 1.018237 0.5190869 0.1566297 0.2650757
80 0.2273169 0.6071481 0.3082484 0.4352587 0.2921719 0.1782969 0.1425635 0.2347959 176.8751 1.168314 0.3979987 0.3029592 0.6125465
81 0.1494341 0.1661114 0.2222787 0.2214277 0.1223583 0.08728443 0.1034684 0.08858452 1.245423 1.026731 0.5260697 0.1363328 0.2556524
82 0.2247212 0.2078758 0.3184769 0.2591982 0.2662959 0.1570968 0.143768 0.1096123 4.444178 0.5007947 0.3874442 0.1359012 0.1670102
83 0.2265552 0.2111281 0.2893798 0.2563999 0.2431772 0.1508295 0.1310408 0.1197073 4.206529 0.729165 0.4214935 0.1592213 0.2313908
84 0.1964515 0.1699452 0.2567591 0.2115637 0.1625761 0.09701393 0.08240706 0.08516835 1.753408 1.068219 0.5677845 0.2058987 0.3566728
85 0.2064045 0.2232342 0.2726036 0.2783908 0.1845365 0.1333794 0.1602812 0.1333369 2.234866 0.7221485 0.4500056 0.1005157 0.1570747
86 0.3053183 0.3935142 0.3786222 0.4230639 0.3441221 0.2534666 0.3579824 0.1285328 2.30807 0.5667599 0.4213488 0.112308 0.1560967
87 0.2859758 0.2571811 0.3963718 0.3056501 0.4206373 0.2276855 0.1846085 0.2000028 3.69506 1.07028 0.6720349 0.1490034 0.3112396
88 0.1761968 0.1765707 0.2613815 0.2210216 0.1689926 0.09755767 0.1073823 0.07193238 3.906138 1.259965 0.726627 0.1778823 0.3582892
89 0.2369113 0.2784145 0.3408429 0.3134818 0.2800869 0.1861773 0.2413481 0.09195786 1.389946 0.6700384 0.4813199 0.1823159 0.2813924
90 0.1953458 0.2191007 0.3085053 0.3282603 0.2394394 0.1847278 0.250958 0.1430101 1.918987 0.7769671 0.5011897 0.1297497 0.2046931
91 0.2656441 0.2167326 0.3670966 0.251262 0.3522965 0.1622272 0.1319337 0.1247903 2.343293 0.6513896 0.4532223 0.1463322 0.1984719
92 0.248666 0.3156392 0.3189842 0.3711001 0.2425167 0.1740855 0.261148 0.1321897 2.710159 0.5582282 0.4019686 0.1263206 0.1540655
93 0.2509674 0.2514509 0.3292193 0.2828655 0.3064745 0.1652698 0.1748579 0.1358343 1.657508 0.7238116 0.5051925 0.1374567 0.1902855
94 0.2045774 0.1961675 0.30267 0.2494048 0.2365808 0.1248113 0.1380904 0.1104178 23.39747 0.7465403 0.5349411 0.1592021 0.230085
95 0.2124634 0.3394255 0.3150743 0.3071104 0.2552907 0.1823083 0.2047564 0.1696726 47.09095 0.7852128 0.4419789 0.2233564 0.3520941
96 0.2794683 0.2524916 0.4500441 0.2805267 0.5167863 0.21421 0.1415833 0.1438674 4.776324 0.6829138 0.5140866 0.1663111 0.2526379
97 0.2198648 0.3041634 0.3434094 0.394851 0.2692223 0.2086369 0.3930939 0.1432322 2.642591 0.5406352 0.4287999 0.102395 0.1242844
98 0.205416 0.2371994 0.271512 0.2826237 0.1818266 0.1201113 0.1885417 0.1044093 5.390211 0.6373564 0.4174611 0.145561 0.1878278
99 0.1643364 0.2469781 0.2290804 0.286548 0.1824166 0.1593153 0.1736822 0.134924 2.229098 1.20942 0.4450583 0.1509487 0.3194215
100 0.1896885 0.1971783 0.2621377 0.2362553 0.1614983 0.09825876 0.09613421 0.1021412 1.94628 1.03738 0.4408732 0.1197915 0.2219942
