1 5.12975 -0.6015074 0.1406482 -0.4510719 0.5390837 0.228951 0.03433154 0.08513598 4.221924 -0.1078784 -1.189505 0.4307685 -0.6236948
2 5.319727 -0.6111191 0.1316698 -0.880219 0.9328913 0.495545 -0.1369331 0.2615591 13.40761 -0.08437251 -1.169766 0.448543 -0.6637707
3 5.526805 -0.2008667 -0.5469702 -0.8842876 0.4856247 0.3051897 0.1876197 0.1454036 7.731578 -1.119145 -1.01843 0.4149836 -0.3932229
4 5.728029 -0.3098655 -0.6669743 -0.7815555 0.5378252 0.3575905 -0.07624295 0.09721086 7.120633 0.3856494 -1.592978 0.4207762 -0.6675263
5 5.524582 -0.4479706 -0.4942046 -0.590229 0.5696768 0.4832235 0.2924174 0.2157322 15.88572 -0.9443137 -0.8304338 0.4574143 -0.4726042
6 5.462295 -0.5215822 -0.2937511 -0.8782668 0.7924822 0.6610793 0.1190869 0.3619184 15.98578 1.303836 -1.752728 0.3292343 -0.8063171
7 5.281495 -0.5963969 0.3011035 -0.4736278 0.5116058 0.5312214 -0.03824665 0.2249838 5.767903 0.8623264 -1.312828 0.2543308 -0.7025061
8 5.729707 -0.794387 -0.3279607 -0.2467912 0.6924794 0.2460197 0.02467206 0.06889298 7.951252 -1.863135 -0.9171197 0.327433 -0.1900192
9 5.438559 -0.7361779 -0.3643722 -0.1282275 0.4454242 0.2445657 0.1688441 0.1330729 4.275952 -1.008424 -0.6836035 0.256974 -0.3125736
10 5.286444 -0.9818699 0.2201101 -0.226525 0.5071035 0.3946324 -0.05028034 0.2299409 3.949656 0.2191984 -0.7632895 0.3712332 -0.6197025
11 5.206058 -0.9191669 0.2870648 -0.5147915 0.537922 0.3645002 0.1457194 0.0796206 8.61432 0.03986319 -1.397326 0.5447514 -0.809496
12 5.571732 -0.6379016 -0.5035456 0.02655949 0.4419233 0.6323915 0.01088671 0.5208947 8.666431 -1.198818 -0.2158197 0.3592465 -0.3891121
13 4.947422 -0.4063706 -0.007907829 -0.8500977 0.4225036 0.4729364 0.09233789 0.2351273 9.120835 0.1481792 -1.466751 0.4110015 -0.6327452
14 5.330001 -0.8735879 0.121112 -0.6732914 0.7464745 0.3366355 0.234568 0.2238638 9.020987 -0.5869917 -0.7794768 0.3273887 -0.4127875
15 5.237278 -0.6880652 0.3580929 -0.4294594 0.5311118 0.4108212 0.03388655 0.2980136 5.686367 -0.9755202 -0.7744884 0.4395515 -0.5219031
16 5.558329 -0.8567488 -0.2225129 -0.4174854 0.4534406 0.5020854 -0.05355327 0.1943139 6.417822 -0.4515978 -1.014085 0.277295 -0.4402891
17 5.169165 -0.3155749 0.02313146 -0.9704568 0.4515523 0.3439297 0.04420258 0.100511 7.727662 -0.8228263 -0.7618466 0.3472449 -0.4303221
18 4.966935 -0.4715007 0.07914753 -0.7426511 0.4992396 0.4965298 -0.04133997 0.4719178 6.424655 -1.296028 -0.664148 0.3988963 -0.3817908
19 5.368425 -0.7513567 0.02921208 -0.4392046 0.377375 0.3299055 0.05963877 0.149774 4.164298 -1.019705 -0.122762 0.48708 -0.6372465
20 5.920627 -0.7591861 -0.6920682 -0.6492797 0.5784491 0.1474279 0.1596824 0.4546154 87.65375 0.8761891 -1.863585 0.4242253 -0.8244565
21 5.109171 -0.6531717 0.1245634 -0.4384302 0.7212737 0.7732942 0.3380017 0.2087517 26.72164 -0.3607238 -1.064807 0.6438598 -0.7834895
22 5.312449 -0.5810457 0.2363931 -0.8076946 0.4903859 0.3855899 0.1004908 0.1134627 13.45717 -0.5338775 -0.5558934 0.3601937 -0.5167164
23 5.449769 -1.015136 -0.2281262 -0.1279442 0.7808643 0.6568278 -0.2357004 0.7041177 7.336055 -0.2171498 -1.140517 0.3093431 -0.5582831
24 5.323369 -0.6246206 -0.208022 -0.694362 0.4325946 0.04488769 0.07760728 0.3578491 7.584438 2.057445 -1.506985 0.4678992 -1.200928
25 5.285479 -0.8197827 -0.2852638 -0.33933 0.5374553 0.4806538 0.2290798 0.4359496 3.518269 -1.116928 -1.163227 0.4380394 -0.3755421
26 5.257996 -0.8027572 0.2003341 -0.4305798 0.503176 0.4980345 0.02760823 0.2407899 4.09552 -0.1048611 -1.170469 0.2943959 -0.5153346
27 5.144822 -0.5085119 0.0798835 -0.5845914 0.4747541 0.4775173 0.1817172 0.2998412 12.9391 -0.8122109 -0.1988898 0.4318558 -0.5606914
28 5.313302 -0.6653609 0.1940501 -0.7187251 0.4385983 0.2848068 0.1244209 0.2110994 7.260248 -1.000913 -0.6124831 0.3702313 -0.4233629
29 5.517388 -0.8087095 0.04458556 -0.4079268 0.5409027 0.5403136 -0.03991521 0.5538565 99.22484 0.5039394 -1.704002 0.5813745 -0.9008962
30 5.598538 -0.4847854 -0.2002448 -0.8249004 0.6054475 0.3142427 0.2342548 0.4717275 17.8338 -0.9273142 -0.9422624 0.3732167 -0.4027815
31 5.817736 -0.6650656 -0.3663029 -0.4429132 0.4366628 0.4224925 -0.05656959 0.1366279 5.558585 -0.1930247 -1.221789 0.3036619 -0.5637794
32 5.469757 -0.8321213 0.01054179 -0.1779592 0.3970808 0.5974258 0.129228 0.1449154 6.905569 -1.119524 -1.007596 0.4749544 -0.4361785
33 5.085751 -0.4797647 0.3628857 -0.6703132 0.5203432 0.605839 0.04106665 0.1334514 7.386363 -0.3695741 -1.152382 0.3629364 -0.4745118
34 5.693013 -1.053865 -0.5910997 0.1087883 0.5580994 0.6893288 0.2256485 0.3039314 19.00654 -0.2137207 -1.355019 0.4616842 -0.5595078
35 5.447416 -0.6663478 -0.2308001 -0.441761 0.7016984 0.2327148 0.09528831 0.4789613 17.28895 -1.023081 -0.7122024 0.5095713 -0.5555216
36 5.610541 -0.8279027 -0.3943369 -0.3163774 0.4755485 0.1767205 0.08991378 0.2554097 5.491408 -0.7157501 -0.737295 0.3830313 -0.5099162
37 5.346646 -0.6313059 0.1455609 -0.4313889 0.7051156 0.9312651 0.08166727 0.09647167 4.306666 -1.692638 -0.296952 0.3701431 -0.3456075
38 5.224354 -0.2362346 -0.3004416 -0.7996009 0.3779808 0.7296739 0.01494853 0.427553 3.599761 -0.542211 -0.9610953 0.3703332 -0.4335031
39 5.281553 -0.6529252 -0.3601894 -0.2934615 0.5657755 0.1776924 0.0942188 0.4200156 6.323791 -1.020512 -1.36253 0.438851 -0.3783091
40 5.392321 -0.7940603 -0.5920248 -0.002784124 0.4512967 0.5050941 0.1365322 0.1748973 3.813456 -1.414688 -0.7783439 0.3734522 -0.2890233
41 5.344284 -0.1246281 -0.1881127 -0.8425709 0.5130148 0.3970858 0.01011421 0.1894191 6.563321 -1.871338 -0.6038234 0.3700722 -0.1719336
42 5.123689 -0.9327527 0.1954049 -0.3842225 0.8463405 0.9451231 0.02010556 0.1061819 8.50218 1.104425 -1.714142 0.4805579 -0.9137481
43 5.012834 -0.41713 0.248582 -1.17446 0.6478284 0.4902457 0.1525344 0.7109013 7.423609 -0.5665644 -1.062446 0.3672354 -0.4851944
44 5.417227 -0.9512785 -0.2422102 -0.1618156 0.5642499 0.4980417 0.1476402 0.1376003 16.04914 -0.6981226 -0.9352759 0.618173 -0.6666508
45 5.41361 -0.4415304 -0.2273723 -0.9252657 0.4163176 0.3302396 0.008002671 0.2670233 4.625258 -0.0489289 -0.9527161 0.3956597 -0.5773214
46 5.299934 -0.9717949 0.02404142 -0.2022518 0.811466 0.1927476 0.1069633 0.2921285 4.563433 0.410874 -1.262321 0.2737408 -0.6644878
47 5.527232 -1.340282 -0.2329489 -0.2527609 0.62054 0.2292329 0.2829875 0.8698638 5.632836 -1.241586 -0.6069529 0.6301865 -0.6740393
48 5.269099 -0.8192277 -0.2960439 -0.05260399 0.4631278 0.3201173 0.09947035 0.2052418 3.715014 -0.936841 -1.431535 0.3648932 -0.393734
49 5.266746 -0.08629104 0.2441318 -1.004809 0.3362675 0.2795571 0.01965758 0.1578897 3.527339 -0.1833665 -1.210323 0.3737903 -0.5216765
50 5.820613 -0.8510049 -0.4124249 -0.6629233 0.5859501 0.6029358 0.1727588 0.0554668 49.37151 -0.8580802 -0.7292902 0.5370303 -0.6942885
51 5.400413 -0.5078995 -0.009772781 -0.7552069 0.4258458 0.4968601 0.1391531 0.2322803 9.045106 -0.4357268 -0.9154664 0.4358907 -0.5366616
52 5.272835 -0.8113954 0.1943911 -0.4657854 0.4868654 0.3855777 0.08485402 0.2152246 6.278657 2.145925 -2.135117 0.4193353 -1.086038
53 5.348032 -0.3013174 0.2520385 -0.9082355 0.4672378 0.6164692 0.2982541 0.2201821 3.982576 -0.9834061 -0.5430798 0.2844192 -0.3348663
54 5.601334 -1.261367 -0.5089776 0.1239686 0.9127514 0.2255722 0.1688825 0.3844095 9.029969 -0.6014221 -1.420563 0.5562164 -0.6170705
55 5.156658 -0.1481983 0.1290264 -0.8915624 0.4166944 0.4648325 -0.05021991 0.2055158 4.471505 -0.9776994 -1.172382 0.3833124 -0.4242357
56 5.167172 -0.5465874 -0.3613039 -0.8541415 0.5198635 0.3712271 0.09521387 0.1901779 11.72342 -0.05995047 -0.9530618 0.3722057 -0.6013722
57 5.393215 -0.6200019 -0.001062029 -0.3586884 0.4218959 0.4176834 -0.06532141 0.2582957 6.970019 -0.8117 -1.344228 0.4202358 -0.4269937
58 5.768695 -0.7503717 -0.9113406 -0.3575369 0.6669159 0.2667732 0.1214173 0.4236797 9.974898 1.588969 -1.116333 0.5738646 -1.151679
59 5.211313 -0.5172492 0.1755168 -0.6630532 0.5278398 0.7920956 -0.1517594 0.4890972 80.53922 -0.4694371 -1.277564 0.4960505 -0.5691067
60 5.012961 -0.6843312 0.5233817 -0.7466833 0.6963481 0.6573763 0.1953448 0.1084879 15.7588 0.3562527 -0.5304746 0.2678657 -0.6701375
61 5.159563 -0.7876985 0.1864137 -0.5032914 0.5818698 0.2530073 0.2322808 0.59054 4.10552 -0.3769021 -0.9849559 0.3678172 -0.5272042
62 4.85449 -0.5857234 0.1961449 -0.3954014 0.5285607 0.1755163 0.0896604 0.2417678 4.782219 0.2914678 -1.495753 0.3997256 -0.6693543
63 5.35518 -0.6417075 0.01897571 -0.5190651 0.599696 0.1213861 0.060053 0.348611 3.415943 -1.2132 -1.084609 0.3595081 -0.328056
64 4.904542 -0.2843826 0.4742118 -0.6854958 0.4578414 0.6182614 0.05497652 0.153448 3.611024 -1.06536 -0.7487734 0.3275992 -0.3297631
65 5.409701 -0.6933816 0.2299845 -0.807743 0.6049388 0.3834769 0.1167426 0.4351793 6.248892 -0.3048295 -1.082618 0.341016 -0.4661017
66 5.345392 -0.8916435 0.02859177 -0.2139939 0.3152345 0.1889939 0.01077711 0.2620477 7.575557 -0.03184745 -0.8747984 0.5057603 -0.7284884
67 5.654 -0.4039317 -0.2459643 -0.4890634 0.5837622 0.2277949 0.08751411 0.1603435 5.273616 -1.025299 -0.8389519 0.2918018 -0.3374449
68 5.679849 -0.7371069 -0.4157812 -0.4467575 0.4979142 0.1185003 0.0403272 0.3138674 4.57973 -0.4552882 -0.387202 0.2930662 -0.4534675
69 5.572783 -0.6215632 -0.2131499 -0.8058197 0.7635785 0.4472974 0.2349952 0.3782594 43.71786 -0.437756 -0.8551156 0.34056 -0.5359088
70 5.165088 -0.418762 0.1181706 -0.7704705 0.3970782 0.567067 0.03814042 0.2027017 5.268351 -1.139382 -0.492138 0.3492992 -0.3653591
71 5.625829 -0.6986157 -0.210203 -0.730703 0.4459216 0.2913636 0.03707125 0.2620948 4.766517 -0.6127915 -0.927427 0.4645655 -0.5961728
72 5.40021 -0.768282 -0.2290699 -0.5252325 0.4080014 0.4973318 0.04992851 0.3446857 3.208139 -0.1399724 -1.074236 0.2646692 -0.4151208
73 5.091384 -0.8454416 0.2044801 -0.4562634 0.3368749 0.5064225 0.001044478 0.3364415 6.593378 -0.245995 -1.109258 0.3593112 -0.4950055
74 5.478038 -1.036519 -0.2967198 -0.2245576 0.7276774 0.397271 0.07986667 0.09176293 7.631306 0.9291497 -1.050344 0.2956071 -0.7161522
75 5.521117 -0.3359069 -0.4248281 -0.626595 0.6213818 1.591346 -0.4382625 0.2609778 15.41929 -1.070414 -0.4400419 0.3747711 -0.4747631
76 5.364373 -0.6537201 0.01755886 -0.33386 0.7540578 0.5118401 0.01623579 0.00318481 5.178047 0.04928936 -0.9655171 0.4897498 -0.6802637
77 5.436322 -0.8406469 -0.3039819 -0.5400538 0.485927 0.3694124 0.02647373 0.3550947 4.986246 -0.9638012 -0.8585601 0.4093483 -0.4337948
78 5.413774 -0.7372803 0.285977 -0.2314469 0.6391185 0.4105002 0.1583914 0.1089544 7.551096 -0.8491566 -0.8259926 0.3138423 -0.3584346
79 5.018983 -0.3994593 0.04936878 -0.8623092 0.5611906 0.2056121 0.1076272 0.07694766 9.558774 -1.369351 -1.027731 0.5412473 -0.4337078
80 5.657341 -1.07305 -0.4151854 0.1854034 0.6621583 0.5796564 0.2425225 0.2190728 112.728 -1.441879 -0.5855527 0.5040527 -0.4368381
81 5.206713 -0.4205902 -0.2001039 -0.6215716 0.3482434 0.189933 -0.004670129 0.1780416 3.843875 -0.9652893 -1.046249 0.4479853 -0.4220564
82 5.191036 -0.7634953 -0.2639066 -0.3005451 0.5427086 0.618363 0.342872 0.2491309 8.71871 -0.4712977 -0.916516 0.4145044 -0.5414279
83 5.181255 -0.7404557 0.1597188 -0.4437588 0.5901905 0.3775244 0.2170612 0.2170435 8.514753 -0.02388404 -0.4060665 0.4076932 -0.7712354
84 4.818746 -0.4235908 0.2957421 -0.8252038 0.3653595 0.3279184 0.01065273 0.1180283 5.046944 0.2841135 -1.254153 0.5847101 -0.8795136
85 5.533523 -0.6409848 -0.4492105 -0.4897645 0.6681694 0.1861338 0.1893372 0.2448254 6.020071 -0.4175242 -0.6464698 0.2160161 -0.4203321
86 5.272941 -0.553441 -0.2682105 -0.748324 0.6368171 0.8110149 0.2066881 0.7431232 6.117981 -0.1185773 -0.8765166 0.2519381 -0.4590903
87 5.352324 -0.7180238 0.04098769 -0.8000646 0.7485334 0.9889112 -0.05474232 0.120706 7.023848 1.856733 -1.780503 0.4801991 -1.014221
88 5.521866 -0.7143891 -0.440279 -0.3195985 0.3365687 0.4436708 -0.04408497 0.2322629 8.532403 1.926934 -2.663206 0.4412592 -1.052485
89 5.495929 -0.9395648 0.00593479 -0.3639195 0.3667983 0.8455971 -0.1702024 0.4779492 4.228275 0.05788063 -1.237744 0.4597121 -0.7014051
90 5.267079 -0.8834702 -0.1990458 -0.1361274 0.5730595 0.4452591 -0.03666429 0.5600619 4.94108 0.3151997 -1.758119 0.431466 -0.6911323
91 5.107729 -0.5609446 0.409755 -0.587962 0.5464168 0.916957 0.2635027 0.1069185 5.319817 0.1690186 -1.810521 0.5404626 -0.6779641
92 5.068821 -0.8379239 0.3332662 -0.07626289 0.5975797 0.5020172 0.111393 0.571772 6.291689 -1.427528 -1.145298 0.4159817 -0.2976162
93 5.465305 -1.147768 -0.2118075 -0.2326507 0.606999 0.589888 0.3157256 0.2275052 4.394951 0.7645642 -1.854822 0.3095193 -0.7461091
94 5.337628 -0.4931342 0.05713137 -0.8895335 0.6077262 0.5188858 0.2465416 0.2520423 20.77811 -0.3752549 -1.754429 0.4345121 -0.5832913
95 5.54649 -0.9430588 -0.2179617 -0.1436311 0.5693678 0.653519 0.01752336 0.3932197 30.02402 -0.477577 -1.040067 0.5383371 -0.6400075
96 5.556318 -0.4929286 -0.4145567 -0.7188245 0.6361241 1.507203 0.1060917 0.1935607 8.588381 -0.3609614 -1.481519 0.4827022 -0.5747155
97 5.472499 -1.284371 -0.5017336 -0.04672102 0.60589 0.5662185 0.2380987 0.7094439 6.011946 -0.3574337 -0.9902623 0.301527 -0.425232
98 5.178426 -0.739045 0.1945879 -0.3778744 0.5155933 0.3286431 0.1319402 0.3328498 9.300723 -0.6056083 -0.9019912 0.4038681 -0.5337426
99 5.310818 -0.4754691 0.04796563 -0.5052513 0.5371831 0.06993976 0.03277591 0.2542504 5.133418 0.2126624 -0.6582361 0.4886484 -0.7369714
100 5.444156 -0.3272627 0.0189546 -0.7287633 0.3998671 0.3252252 0.06109913 0.112474 4.960537 -0.8700745 -0.6179621 0.4080158 -0.3955419
