2 5.523898 -1.040242 -0.4050796 -0.3136098 1.428062 0.2602878 0.1915159 0.2882035 0.9453957 -2.222573 1.042173 -1.727599
3 5.310572 -0.9038393 -0.5114636 -0.2845016 1.255902 0.1553372 0.1117537 0.2619395 0.2369458 -1.203137 0.6335305 -0.9672495
5 5.502503 -1.252832 -0.3494114 -0.2265072 1.552159 0.09650637 0.02385999 0.5554525 1.121795 -1.476006 0.5631584 -1.197075
6 5.25592 -0.8028438 -0.4037344 -0.4967585 1.094851 0.1430412 0.1521869 0.2032097 0.06633372 -1.900615 0.6350947 -0.8815028
9 5.517295 -0.8786411 0.06223651 -0.6224934 2.347006 1.272379 0.2981861 0.20072 2.424107 -3.15544 0.8633836 -1.857599
10 5.598332 -1.159298 -0.1847419 -0.3425899 1.488962 0.1000356 0.0861965 0.3803819 2.04006 -1.031516 0.3840429 -1.358763
12 5.365602 -1.514926 -0.006768341 -0.7256068 2.337527 0.09700587 0.1903768 1.601446 1.255546 -1.741275 0.3772937 -1.040948
13 5.537954 -1.017315 -0.0588403 -0.2303353 0.8803718 0.1591883 0.129488 0.2573423 1.179174 -1.557358 0.7539438 -1.353357
14 5.485831 -1.429323 0.02216908 0.3779398 1.861713 1.990454 0.6103218 0.2395938 -0.6240198 -1.067772 0.6095537 -0.8792318
15 5.527028 -0.9770966 -0.04561469 -0.1442461 1.505129 0.6077477 0.35843 0.2938036 1.341807 -1.710769 0.7002767 -1.31941
16 5.930707 -1.265863 -0.8684309 -0.1863244 0.9868442 0.2310873 0.3121052 0.5606118 0.7251357 -1.308606 0.6515956 -1.12019
17 5.228924 -1.207763 -0.2469342 0.06299395 1.776362 1.013156 0.2610795 0.1901548 -0.3196731 -1.736577 0.6224873 -0.84878
18 5.810188 -0.6527903 -0.6427072 -0.3128383 1.111589 0.386179 0.1528366 0.09095925 4.258111 -2.901074 0.6461521 -1.833846
19 5.576807 -1.102575 -0.2532927 -0.4124757 1.437793 0.3261758 0.272439 0.3368725 -0.5991443 -1.486522 0.8235033 -1.015688
20 5.543574 -0.7625195 -0.9156419 -0.3667557 1.354867 0.3589009 0.274815 0.2411246 -0.1716621 -1.366507 0.6935403 -0.9572162
21 5.097867 -0.763977 -0.6141098 -0.7017241 1.67832 0.3582579 0.3239495 0.3807225 -0.782643 -1.254022 0.5693747 -0.7759216
22 4.741569 -0.6907769 0.36771 -0.5528048 1.18276 0.3926651 0.2196684 0.1852874 -0.9786417 -1.619208 0.9039891 -0.9976266
23 5.240031 -0.525206 -0.02618697 -0.8960736 0.8272854 0.4184649 0.1635786 0.09463707 -0.5082345 -0.7410197 0.7727078 -1.053428
24 5.355018 -0.878269 -0.1834226 -0.49715 1.451333 0.1558529 0.2396516 0.587463 0.4582661 -1.393883 0.6193979 -1.077826
26 5.632276 -1.29861 0.01345613 -0.1067051 1.196225 0.1860001 0.2697697 0.4063991 -0.5114165 -0.6060036 0.4877708 -0.7932016
27 5.187257 -1.432808 0.1566986 0.09579331 1.674853 0.272497 0.3009792 0.493466 -1.06122 -0.7385831 0.755877 -0.9844487
28 5.495188 -1.520273 -0.1230569 -0.06395712 2.078788 0.2978862 0.1586441 0.2703602 0.7136342 -1.007164 0.3484128 -0.9431049
29 5.240027 -0.8687501 0.3173481 -0.9511835 1.515846 0.3131636 0.127469 0.3168448 1.169055 -3.122376 0.8548549 -1.375983
30 5.454184 -1.276647 0.09115348 -0.4121034 1.589502 0.2169941 0.2135555 0.4575139 0.754892 -0.9696108 0.5252912 -1.183614
32 5.362702 -1.364483 -0.03263551 -0.05659842 1.179436 0.3289686 0.3263863 0.3895217 0.05168259 -1.252819 0.9231477 -1.388943
35 5.109788 -1.002108 -0.2227645 -0.3959627 1.632591 0.1613617 0.0847749 0.2925429 0.1809132 -1.413743 0.4983869 -0.9507004
36 5.525656 -1.093269 0.3888721 -0.2443764 1.986015 0.8667269 0.1773737 0.2505161 0.06133725 -1.091919 0.5568061 -1.042711
37 5.387399 -0.8459677 -0.1961839 -0.7923861 0.9598019 0.2426174 0.309153 0.4886975 -0.9746892 -1.430165 0.91449 -1.074989
38 4.917894 -0.9869754 0.265026 -0.3765668 1.3158 0.3364929 0.201647 0.2207254 2.012582 -1.46206 0.8037577 -1.715979
39 4.875134 -1.375363 0.3871303 0.1401868 1.202341 0.5685493 0.5439713 0.5960274 -0.84023 -0.4103997 0.6130678 -0.7957458
40 5.416241 -0.7577307 -0.5365399 -0.4029619 1.128711 0.4606096 0.2697941 0.269545 -0.02367904 -1.325747 0.4627052 -0.9161721
43 5.384126 -0.503912 0.007209243 -0.7410079 1.210043 0.1760362 0.2000917 0.3580484 1.785793 -2.800342 0.7877547 -1.537862
46 5.218236 -0.7273389 0.273436 -0.552807 1.303188 0.8445371 0.466117 0.3028913 1.176094 -2.985654 0.7113256 -1.214454
47 5.639794 -0.6510721 -0.2107481 -0.2926514 1.288907 0.1825254 0.141739 0.2783311 -0.8325378 -1.287962 0.6216725 -0.8081435
48 5.20117 -1.146249 -0.0856124 -0.1460489 1.097565 0.2963265 0.2556043 0.2872732 -0.5423224 -1.45255 0.5564933 -0.7581871
49 5.074826 -1.180012 0.2012303 -0.4260549 1.441375 0.3350666 0.237403 0.3481733 0.1728417 -1.490862 0.6437885 -1.113297
50 5.257068 -1.128232 -0.4076091 -0.4313318 1.570293 0.5302005 0.4101278 0.407147 -0.7869361 -1.535769 0.7889554 -0.9879621
52 5.50087 -1.004053 -0.1920178 -0.4100466 0.9357794 0.3290928 0.20579 0.3363628 -0.5719246 -2.026085 0.9550201 -1.294983
54 5.558221 -1.310629 -0.249406 -0.2239272 1.330803 0.1092032 0.269534 0.8744046 -0.07230292 -1.240472 0.4181171 -0.7280229
55 5.251583 -1.275721 0.1834493 -0.2010726 1.901266 0.4200733 0.3644041 0.5322204 -0.8456837 -0.2738525 0.5628797 -0.8473565
58 5.359992 -1.092418 -0.2583971 -0.1510082 1.652555 0.119426 0.08050974 0.1492794 0.576492 -1.600458 0.5008349 -0.994257
66 5.426731 -1.213614 0.3060655 -0.09452916 1.09538 0.1375395 0.1890241 0.343892 0.8653263 -1.366146 0.4882892 -0.9893407
68 5.341302 -1.244478 0.09308761 -0.0733677 2.093448 0.7128941 0.3481752 0.7513223 0.3850623 -1.109939 0.6213496 -1.253762
70 5.482634 -0.7345402 -0.03435721 -0.6771722 1.065483 0.3465301 0.2136551 0.211433 -0.1645735 -1.55188 0.6483288 -0.9156298
76 5.241203 -1.35775 -0.06747562 -0.1815363 2.043767 0.4775913 0.3451188 0.3225757 -0.5568721 -1.272909 0.6449248 -0.9027787
77 5.437128 -0.7252559 -0.03394832 -0.7532252 0.8349331 0.136108 0.1385159 0.227875 0.5486845 -1.081813 0.4771102 -0.9258323
79 5.15635 -0.6956963 0.1615993 -0.8048283 1.400343 0.1045113 0.1248403 0.2761129 0.6400901 -1.950878 1.023896 -1.543658
80 5.245884 -1.29388 0.2523322 -0.3656886 1.139397 0.19771 0.1724466 0.2573216 1.467782 -2.635922 0.7029102 -1.384038
82 5.734962 -1.141732 -0.5421806 -0.6582759 1.978863 0.1720232 0.1096303 0.3176652 2.511127 -2.840014 0.4195425 -1.233614
84 5.408078 -1.063551 -0.2158682 -0.2273489 1.262415 0.3705139 0.2886198 0.2397479 0.4313505 -1.301172 0.6630664 -1.218752
85 5.20891 -1.25753 -0.09098192 -0.1336729 1.521244 0.2352962 0.1397296 0.2194604 2.016583 -1.577003 0.3929363 -1.335188
86 5.408046 -0.8044324 -0.1901347 -0.3292217 1.020857 0.248476 0.2305813 0.2543462 -0.1381791 -1.186555 0.8333392 -1.095234
88 5.002242 -1.064889 0.4063622 -0.2576067 1.585022 0.3275157 0.2201926 0.2740179 0.256869 -1.330016 0.8505452 -1.46831
90 5.42088 -1.084573 -0.2188394 -0.4336197 1.387816 0.5492427 0.2628748 0.1781628 0.7706161 -1.595612 0.7821451 -1.410933
91 5.902558 -1.302381 -0.9266758 0.4441765 1.089026 0.03808105 0.01855752 0.6283904 -0.7019352 -0.4734783 0.3580202 -0.5516006
92 5.788841 -1.459535 -0.6112301 0.1238237 1.418258 0.3357774 0.1322085 0.2121937 0.8284908 -2.5272 0.6217842 -1.11483
93 5.469463 -1.45625 -0.6112082 0.256522 3.146432 0.7362456 0.2631996 0.2991387 1.459208 -1.80274 0.4794361 -1.167453
96 5.205036 -1.102201 -0.06431971 -0.5108797 2.060642 0.6112381 0.4227827 0.4131198 0.1417303 -0.5823449 0.5780927 -1.157168
97 5.19168 -1.20705 0.07844586 -0.2651311 1.023105 0.2714334 0.375407 0.5859304 -0.1712367 -1.084814 0.7351742 -1.033175
99 5.458473 -1.681883 -0.2931853 0.3195574 1.661362 0.08047538 0.1023979 0.4199903 -0.2183651 -1.129195 0.7401657 -1.063925
100 5.722196 -0.948414 -0.4341022 -0.7197545 1.911199 1.309085 0.578558 0.3062148 0.5270803 -1.331793 0.574836 -1.089804
101 5.392836 -1.085811 0.01115029 -0.1588697 1.504658 0.3360105 0.2533221 0.2579938 1.061864 -0.9366559 0.8388123 -1.647496
102 5.758943 -0.8676422 -0.7179297 -0.7013982 1.845522 1.307497 0.02585763 0.03775243 1.716075 -2.181701 0.4134902 -1.056649
103 5.432452 -1.363779 -0.3164193 0.07005791 1.562702 0.4541893 0.3571359 0.4202953 -0.7718711 -0.5038572 0.8977846 -1.301826
104 5.21301 -0.7417197 0.301646 -0.4231879 1.702768 0.4794039 0.3556544 0.3648179 -0.6052246 -1.276775 0.6863255 -0.8207588
105 5.343009 -0.8625697 0.2074695 -0.722602 1.120374 0.6638853 0.1723373 0.08186513 -0.7442519 -1.204476 0.6031014 -0.7111039
106 5.460398 -1.380355 -0.06772678 -0.2577143 1.544607 0.4932339 0.2852302 0.3181045 -0.2755574 -1.091934 0.6219163 -0.9568619
110 5.272329 -1.065283 -0.164807 -0.001138778 1.029762 0.3075629 0.1909854 0.1612222 0.8974011 -1.032696 0.6408177 -1.26245
112 5.385017 -1.069528 0.01601373 0.09618618 1.201924 0.4100969 0.1389245 0.09053358 0.7339311 -0.3957387 0.6604884 -1.352136
115 5.434978 -1.10827 0.04954949 -0.2382989 1.646138 0.9018784 0.3021926 0.1689121 0.01637497 -1.563081 0.930615 -1.343933
116 5.329871 -1.029236 0.2824917 -0.3721478 2.249389 0.1575998 0.1250967 0.4105199 1.832574 -2.038468 0.3225343 -0.9593317
117 5.544624 -1.430929 -0.5405914 -0.4376087 1.800037 0.2166697 0.1873109 0.3833669 0.6393376 -1.422819 0.7001064 -1.416753
119 5.405789 -0.7038404 0.141252 -0.7741645 1.685163 0.5433586 0.4150811 0.4159903 -0.0392433 -0.9218319 0.6438059 -1.023859
120 5.133547 -1.009623 0.3532438 -0.5284012 1.4634 0.3030207 0.264106 0.330094 1.946003 -1.162154 0.425458 -1.27827
121 5.686635 -1.342785 -0.3914849 0.08288064 1.598593 0.1280374 0.02704415 0.3008548 1.512921 -0.1026118 0.5711491 -1.453054
122 5.194702 -0.6206585 0.3590545 -0.8013617 1.516076 0.2876398 0.09403104 0.06886566 0.6859212 -1.666643 0.6473683 -1.088631
123 5.191271 -1.097806 -0.01133514 -0.01113557 1.2534 0.6675215 0.3004375 0.146699 0.8719509 -1.925795 0.6211299 -1.126214
126 5.235572 -1.185708 0.6501688 0.04355416 1.347342 0.6052684 0.4553203 0.3957071 -1.181119 -0.9327633 0.5190771 -0.5631079
127 5.147487 -1.365308 0.3781262 0.014392 2.083159 1.327905 1.523356e-06 1.038382e-07 0.9956711 -2.659988 0.7050674 -1.347722
128 5.699202 -1.202405 -0.6499216 -0.1105975 1.268141 0.5251868 0.138917 0.07320818 1.732592 -2.484721 0.5029353 -1.20083
130 5.259974 -0.8366903 0.1520855 -0.6553899 1.696518 0.4181195 0.3219542 0.4022755 0.8511959 -2.081986 0.8262545 -1.325424
131 5.151981 -1.427493 -0.05126733 0.1048483 1.413312 0.313714 0.4046776 0.7255092 0.1234143 -1.469778 0.5575766 -0.943711
132 5.139658 -1.108631 -0.1291449 -0.1957058 1.660364 0.7092861 0.4888203 0.4349945 -0.501279 -0.3072907 0.6429246 -1.147489
134 5.255635 -1.086611 0.3439935 -0.03814289 1.416332 0.1912298 0.288962 0.6091885 0.5058856 -1.670639 0.6076471 -1.052537
135 5.532849 -1.140104 -0.1957309 -0.4332212 1.444784 0.3369965 0.2016073 0.1984402 -0.7237995 -1.638462 0.9420529 -1.182298
137 5.671649 -1.290143 -0.4258202 -0.3937409 1.590082 0.3132365 0.587769 1.449672 -1.250555 -1.064214 0.5990388 -0.6444825
138 4.953252 -0.7482633 0.09674647 -0.3237304 1.214282 0.8498386 -0.014746 0.04911885 1.833969 -1.652011 0.6300903 -1.357327
139 5.241175 -0.9605502 -0.3682345 -0.236072 1.50627 0.2869675 0.2067353 0.2982786 -0.6436003 -0.8878414 0.5094746 -0.7186037
140 5.382049 -1.235766 0.106868 -0.5051858 1.147855 0.4012244 0.41471 0.5254043 -0.4686026 -1.234195 0.6475523 -0.8544372
141 5.751901 -1.16968 -0.5492136 -0.7420143 2.273856 0.3673708 0.6154824 1.872106 -1.289748 -1.557505 0.6833667 -0.6523032
142 5.379922 -1.144474 0.257016 -0.1895871 1.360744 0.622576 0.4812871 0.4359122 -0.4832597 -0.4535569 0.6867225 -0.9494426
143 5.193486 -1.411006 0.1179699 0.06485671 1.592493 0.3820247 0.1641502 0.1731735 1.349158 -2.02176 0.7483751 -1.528455
144 5.242376 -1.334872 -0.1393248 -0.1805607 1.434634 0.250834 0.1594317 0.3191493 2.263504 -1.757329 0.6975181 -1.732046
146 5.307399 -1.146135 0.07069029 -0.3092997 1.906987 1.406488 0.5086114 0.2494791 0.1251614 -1.584734 0.8742486 -1.318459
147 5.284826 -1.008974 0.3109761 -0.2169603 1.615493 0.385506 0.2082927 0.2291172 0.8298911 -2.283967 0.9755679 -1.350458
148 5.397982 -1.698801 -0.04793788 0.1457868 2.498941 0.1646351 0.1460093 0.2989751 1.194876 -0.8220923 0.2517429 -0.9438057
149 5.465846 -0.6364747 -0.8819658 -0.8799022 1.552461 0.2651678 0.1357227 0.1367369 1.366022 -1.709462 0.420433 -1.1014
150 5.146698 -0.6966885 0.172532 -0.6415013 1.12938 0.2586759 0.09065514 0.2498741 1.247108 -1.939339 1.037125 -1.742598
151 5.409049 -1.204518 0.04475628 -0.1396308 1.195617 0.3188797 0.3892908 0.5433724 -0.5854745 -0.9751863 0.6582756 -0.8784927
152 5.312628 -1.228209 0.3960635 -0.5155876 2.857403 0.3486806 0.04378513 0.1000191 -0.3384049 -1.898117 0.7936038 -1.227875
