1 0.2818919 0.22612 0.4098442 0.2895107 0.5727403 0.3419953 0.2282934 0.46073 1.086583 0.6423833 0.2370134 0.3877424
2 0.2852546 NaN 0.3852976 0.267246 NaN NaN 0.1853993 NaN NaN NaN NaN NaN
3 0.2315065 0.223443 0.3297607 0.2837901 0.397778 0.25131 0.2833994 0.2923929 0.921302 0.5886879 0.2027436 0.2761774
4 0.2426733 0.2180533 0.3131677 0.2548836 0.3521012 0.2133505 0.1623319 0.3148613 1.892592 1.038672 0.2124298 0.4850704
5 0.2413691 NaN 0.3389214 0.2645093 0.3814567 0.315407 0.3395744 NaN 0.7563264 0.4465868 NaN NaN
6 0.3100848 0.3916168 0.3972597 0.4137897 0.6310653 0.4107134 0.3664228 0.6163646 1.398219 1.141961 0.2360234 0.5020569
7 0.2839629 0.2596486 0.3659414 0.3353488 0.2855944 0.1722291 0.239482 NaN 0.8723945 0.5379912 0.1408816 NaN
8 0.2371379 0.2170361 0.3246591 0.2616113 0.4054665 0.2324647 0.188115 0.3535744 0.9795086 0.4887843 0.1669529 0.3125052
9 0.2411694 0.2541776 0.3553647 0.3638828 0.5978624 0.4659379 0.6728675 0.802896 1.449086 0.8896052 0.1911556 0.5781944
10 0.3105151 0.4582442 0.4232224 0.5206337 0.8443539 0.6035827 0.5687713 0.819901 0.9548959 0.6560221 0.2607479 0.4069467
11 0.2122211 NaN 0.3437985 0.1780027 0.1662744 0.2567027 0.2822067 NaN 0.3909547 NaN NaN NaN
12 0.2267383 0.2435441 0.375421 0.3853928 0.3336873 0.2179795 0.292306 NaN 0.8322277 0.4889702 0.18544 0.1205129
13 0.2528349 0.2708189 0.3441316 0.3117125 0.4677221 0.3167756 0.2867346 0.3781292 1.001945 0.7629804 0.2297601 0.3590957
14 0.2740504 0.2536249 0.3993836 0.3823067 0.6303909 0.4914399 0.5117149 NaN 0.6075822 0.4323298 0.1286557 0.045988
15 0.260888 0.306136 0.3570238 0.3640431 0.7137238 0.4143463 0.3581989 0.8494479 0.7797458 0.6832494 0.3350783 0.4735535
16 0.2842136 0.18085 0.3553042 0.257893 NaN NaN NaN NaN 0.7143094 0.4741819 0.1278595 NaN
17 0.2445297 0.2156957 0.3177122 0.2584703 0.3505936 0.2065044 0.1958594 0.3013936 1.008669 0.6213267 0.2015296 0.3032846
18 0.2452622 0.2231195 0.3805459 0.3461594 0.3519694 0.2802684 0.2806197 NaN 0.6935748 0.4545206 0.1395466 NaN
19 0.2525712 0.2279176 0.3626548 0.292577 NaN NaN 0.08554143 NaN 0.9588842 0.5229912 0.1472894 NaN
20 0.2131423 0.431742 0.2843092 0.3525295 0.5622118 0.3411089 0.3277424 0.4973032 1.044861 1.052607 0.4283524 0.6661241
21 0.3096945 0.2106947 0.4113793 0.3404812 NaN NaN NaN NaN 0.8669111 0.5892509 0.1957173 0.1934125
22 0.2314515 0.1686753 0.3144644 0.2636621 0.3562371 0.2599982 0.262559 NaN 0.7958688 0.4853277 0.1705612 0.1119073
23 0.2865502 0.3642919 0.3923331 0.4248287 0.7124055 0.5342846 0.5667396 0.663587 0.8034084 0.5727973 0.2217171 0.4172467
24 0.1854 0.2976971 0.2592636 0.3475676 0.4958657 0.3801203 0.3745836 0.3620981 1.365479 0.770764 0.2608757 0.4074182
25 0.3122344 0.6401033 0.471005 0.6419869 1.332055 0.8260784 0.5415106 1.611293 1.154556 0.6370977 0.3253885 0.366712
26 0.3218197 0.1239878 0.4367393 0.3353571 0.2463209 NaN 0.2186995 NaN 0.69448 0.5162683 NaN NaN
27 0.2221478 0.1267872 0.3344621 0.3051023 0.3774035 0.2731133 0.2967828 NaN 0.75398 0.4539737 NaN NaN
28 0.2402577 0.3173132 0.3365361 0.3203262 0.4662995 0.2881982 0.2380664 0.519961 0.638686 0.4638435 0.2806852 0.3947907
29 0.2253642 0.2710671 0.317178 0.3433886 0.5969305 0.3926408 0.4445638 0.7370934 1.434657 0.972606 0.3156408 0.5875555
30 0.2161507 0.3805778 0.3179903 0.3773922 0.5267236 0.3232352 0.3360979 0.8517735 0.7134322 0.7281049 0.273381 0.406778
31 0.2403474 0.2067412 0.3216668 0.2334699 0.3737164 0.2289268 0.1914462 0.3197781 1.322311 0.7135231 0.2073359 0.4449617
32 0.2457688 0.2112296 0.3612706 0.3008589 0.3757958 0.2272956 0.2201326 NaN 0.7097706 0.4599505 0.1638095 0.1052887
33 0.2669081 NaN 0.3925002 0.3002152 0.4020578 0.2178113 0.2241705 NaN 0.3520663 0.2715505 NaN NaN
34 0.2834966 0.3788596 0.3812521 0.3546608 1.126063 0.9628568 1.307668 1.160976 0.8572259 0.5529158 0.4186867 0.6823174
35 NaN NaN 0.3054826 NaN NaN NaN NaN NaN 0.7875911 NaN NaN NaN
36 0.2345015 0.2686186 0.3097974 0.3378874 0.4210371 0.3056863 0.3406198 0.3327334 0.8540037 0.4974434 0.2073977 0.3002409
37 0.3955286 0.2986471 0.5180438 0.3587366 0.8798997 0.4818361 0.4055995 0.7662753 0.6451086 0.497373 0.2416759 0.3022644
38 0.3113265 0.3254428 0.4279286 0.4085194 NaN NaN 0.1843085 NaN 0.742847 0.6054813 0.2343673 0.2723993
39 0.2780014 0.4081827 0.3440898 0.43005 0.4411626 0.3118847 0.2973683 0.4124893 0.8362251 0.5585787 0.20485 0.2717673
40 0.3115281 0.5392781 0.4128727 0.455798 0.8372502 0.4355677 0.3537596 1.162505 1.106374 0.5918556 0.4870146 0.5963681
41 0.2419028 0.1197164 0.3320933 0.2999884 0.1559456 0.2065022 0.1732218 NaN 0.3418667 0.1108938 NaN NaN
42 0.3135157 0.3556453 0.4823122 0.4114093 0.9892983 0.5879438 0.4777841 1.17403 1.242226 1.137809 0.2573413 0.5699218
43 0.3101495 0.2983762 0.4009553 0.4110053 0.3982657 0.3408672 0.4751653 NaN 0.5514095 0.4625298 0.09785629 NaN
44 0.2410797 0.2963756 0.3602551 0.3453261 0.6704756 0.4827914 0.3566957 0.5901403 1.060445 0.683282 0.3734709 0.4604191
45 0.2242665 0.2183451 0.3905813 0.4056211 0.388083 0.3084326 0.3467498 NaN 0.9646944 0.6352082 0.1962492 0.1422884
46 0.3117648 0.4528653 0.3941223 0.4000091 0.6687805 0.4184275 0.3664317 0.6575122 0.8016535 0.6319961 0.2541562 0.5356513
47 0.2604797 0.3720279 0.4049189 0.5395747 0.7376692 0.5525492 0.7772479 0.7543348 0.7457894 0.6583649 0.2436782 0.3016285
48 0.2664294 0.2681248 0.3850323 0.3335116 0.6620193 0.4799124 0.3946879 0.5042033 0.6993001 0.5765559 0.2108458 0.2624464
49 0.3019637 0.1874788 0.4048125 0.263647 NaN NaN NaN NaN 0.8725517 0.5322121 0.1737357 NaN
50 0.2304174 0.1176817 0.335728 0.2482699 0.416517 0.2726888 0.2057413 NaN 0.8237587 NaN NaN NaN
51 0.242729 0.2869857 0.3313141 0.3627774 0.3477075 0.253486 0.3610176 NaN 0.8261962 0.4512091 0.1576938 NaN
52 0.2419781 NaN 0.3575747 0.2800546 NaN NaN 0.2596251 NaN 1.341807 0.598764 0.1947703 0.05889309
53 0.2909124 0.05547309 0.3812544 0.3158054 NaN NaN NaN NaN 0.5268019 0.4026514 NaN NaN
54 0.3140685 NaN 0.3946625 0.2194881 0.3367045 0.3314492 0.3872642 NaN 0.713526 0.5952683 NaN NaN
55 0.2263579 0.4995478 0.3606542 0.4239579 1.530165 0.7092643 0.5030594 2.024945 1.773648 1.753081 0.372489 0.9004898
56 0.2212854 0.2244073 0.3327611 0.3045146 0.560475 0.3818881 0.3913168 0.6204644 1.011013 0.818814 0.1949577 0.3420969
57 0.2436673 0.2891805 0.3157457 0.3006252 0.4831011 0.2639237 0.2194611 0.5339543 1.043464 0.6347581 0.3313512 0.5447415
58 0.2404164 0.3485347 0.343264 0.4173174 0.6979257 0.5193862 0.6469237 0.5905181 1.289782 0.7377256 0.3027373 0.355844
59 0.2454957 0.3153004 0.350651 0.3317194 0.8011116 0.4962795 0.3864736 1.058745 0.8968137 0.9259443 0.4252739 0.6156636
60 0.2905553 NaN 0.3910401 0.2531313 0.5372007 0.3813193 0.2737345 NaN 0.1877309 0.4636008 0.0795628 NaN
61 0.33196 0.3526243 0.4548865 0.5071357 0.3649562 0.3085969 0.712206 NaN 0.6713624 0.5700734 0.13202 0.1111234
62 0.2788492 0.3454572 0.3597151 0.3813374 0.5181225 0.3694955 0.300203 0.4203485 1.108156 0.7599271 0.2628578 0.4933622
63 0.2599845 0.4380961 0.374809 0.4292648 0.9175933 0.633567 0.579446 1.080664 0.8371589 0.709013 0.262503 0.5052375
64 0.3640912 0.3425582 0.4738623 0.3783064 1.240289 0.8025077 0.7444018 1.495972 1.094968 0.6996006 0.2956805 0.6655812
65 0.2587981 0.3834208 0.4054158 0.498593 0.7844509 0.5737774 0.5678126 0.7789712 0.7483398 0.676403 0.2008241 0.2560851
66 0.1837066 0.2255894 0.261416 0.2944555 0.1473287 0.1314109 0.2102154 NaN 0.9333475 0.476905 0.2037413 NaN
67 0.2137295 0.3040488 0.3244389 0.3737663 0.4359487 0.3413187 0.3487147 0.4110352 0.7259208 0.4796974 0.1821977 0.2741221
68 0.2116564 NaN 0.34489 0.3945019 0.4808225 0.4355662 0.4966775 NaN 0.7987415 0.4883347 NaN NaN
69 0.2483617 0.3905432 0.3465506 0.3356037 0.7850102 0.6625358 0.4667138 0.8085511 0.7956969 0.7004327 0.3167894 0.5284791
70 0.2780474 0.1613973 0.3910373 0.284022 0.2709928 0.1897971 0.2020122 NaN 0.701701 0.4310297 0.07838626 NaN
71 0.2597577 0.2210026 0.3885326 0.319174 0.3674278 0.1992068 0.2434052 NaN 0.8019026 0.5531506 0.2088963 0.1898201
72 0.4298625 0.6197669 0.5305007 0.7245272 1.065399 0.7763704 0.8435898 0.8955786 0.8339978 0.7757034 0.2029825 0.2822505
73 0.255135 0.2248569 0.3335724 0.2894643 0.2371056 0.2185334 0.3328219 NaN 0.7066388 0.4886932 0.1691114 0.1463516
74 0.2993042 0.2948608 0.4035957 0.3637245 0.6400709 0.4241025 0.3244721 0.5179095 1.053863 0.709198 0.2032881 0.3351688
75 0.338204 0.1885693 0.4675974 0.251572 0.712089 0.3782792 0.2422429 0.6038131 1.106881 0.6388525 0.2777095 0.5016028
76 0.373864 0.4600862 0.4756462 0.4027443 1.0274 0.6182578 0.3974839 0.946164 1.281892 1.060543 0.4623429 0.8707275
77 0.2409749 0.3350398 0.3604283 0.4001075 1.806244 1.410465 1.220852 1.449948 0.6791121 0.4965475 0.2935567 0.4632201
78 0.2594736 0.3495658 0.37238 0.3182325 0.7275368 0.515134 0.4577549 0.733641 0.8912163 0.5319653 0.2909567 0.5662236
79 0.2310331 0.5419258 0.317818 0.2742176 0.5751006 0.2941767 0.2508264 0.9417517 3.372571 2.544665 0.807883 1.90422
80 0.2577982 0.3166849 0.3541573 0.336904 0.711162 0.4311989 0.4062075 0.8239293 0.804353 0.471752 0.3006545 0.5051383
81 0.2114883 NaN 0.3075916 0.2615023 NaN NaN 0.1547856 NaN 0.4988461 NaN NaN NaN
82 0.2683569 0.2853917 0.373578 0.3770128 0.4703159 0.3410693 0.3375278 NaN 0.566616 0.4711738 NaN NaN
83 0.2707478 0.3033792 0.360417 0.3206095 0.7036567 0.5578136 0.3816406 0.4598383 0.8697728 0.551222 0.3150446 0.4979527
84 0.3216915 0.2373376 0.3955557 0.287802 NaN NaN 0.07123382 NaN 1.215593 0.6619176 0.2658952 0.2255188
85 0.2597322 NaN 0.3561252 0.3686397 0.4442278 0.1575413 0.2943235 NaN NaN NaN NaN NaN
86 0.3787831 0.3761134 0.4922145 0.4420903 0.5162401 0.3587707 0.6040545 NaN 0.6800425 0.5352775 0.1507015 0.1533401
87 0.3359699 0.3705383 0.4887449 0.4396696 1.094046 0.6932204 0.5658352 1.230937 1.262492 0.8833122 0.1999141 0.4241351
88 0.2105866 0.2789316 0.3047953 0.2581086 0.7784572 0.3776602 0.2774451 1.154729 3.287012 2.915168 0.4901797 1.418593
89 0.3179507 0.4049418 0.4327402 0.4756789 1.924606 1.180975 1.026581 2.450784 0.8794986 0.9221727 0.4163691 0.6098834
90 0.2740226 0.3485555 0.4184806 0.4264325 0.7731545 0.5452445 0.5170755 0.7154811 1.113997 0.8774871 0.2390476 0.4221989
91 0.328848 0.4100605 0.4547733 0.4181937 1.029464 0.7715051 0.6185142 0.7318759 0.862259 0.6209918 0.2383424 0.3326773
92 0.2929519 0.2778872 0.3843554 0.3865943 0.4863882 0.332048 0.463526 0.1975674 0.6180471 0.463078 0.09890072 NaN
93 0.3688734 0.3208448 0.4680787 0.344265 0.8062212 0.5783898 0.4670734 0.425441 0.9087662 0.6870214 0.2328289 0.3471694
94 0.2358128 0.3147104 0.3416352 0.3448406 0.5047725 0.3159527 0.2960047 0.4974356 0.8331544 0.7733517 0.3283433 0.512264
95 0.2357123 0.2406263 0.3479228 0.3487939 0.2582117 0.2253827 0.289752 NaN 0.8332631 0.5139631 0.2295303 0.2540516
96 0.3267375 0.2729099 0.5311394 0.3865497 0.7135233 0.4261215 0.3861708 NaN 0.8232671 0.69535 0.2208631 0.264137
97 0.2987107 0.5088165 0.4240449 0.5715776 0.6160395 0.4540011 1.010326 NaN 0.6445437 0.5046972 0.1402948 0.1401219
98 0.2369124 0.3063243 0.3109208 0.3699168 0.4231217 0.3036915 0.3577971 0.3602543 0.7492504 0.525914 0.2292925 0.2790996
99 0.2240072 0.2880016 0.3247381 0.3378144 0.5644532 0.4553675 0.3733506 0.4892248 1.396141 0.5938305 0.256508 0.5305334
100 0.2526976 0.343222 0.3390455 0.3502019 0.4764462 0.3043707 0.2827889 0.4830589 1.185058 0.662541 0.22693 0.3759327
