1 2.640602 1.333659 1.288984 6.621534 1.658292 1.676266
2 2.959716 1.343093 1.344171 6.45067 1.319136 1.325147
3 1.205098 1.105726 1.119046 2.76745 1.035906 0.9957758
4 1.293985 0.711538 0.7306746 4.225956 0.8646754 0.7950439
5 1.835394 1.365081 1.320933 4.064831 1.411537 1.338217
6 2.497304 0.7909666 0.8279006 6.754559 0.8020807 0.9160858
7 1.04468 0.5260929 0.5128254 4.404264 0.5033638 0.5060534
8 2.254595 1.86333 1.839558 5.02917 1.868416 1.895012
9 1.245175 1.120917 1.180076 4.17741 1.305852 1.383726
10 1.977177 1.499358 1.501904 8.735652 1.731827 1.514447
11 3.078234 1.581028 1.58113 5.802705 1.667308 1.451698
12 2.608298 2.024936 2.019011 6.137874 1.907421 1.940813
13 2.278088 1.384763 1.420133 5.809849 1.372079 1.420613
14 4.67364 3.613298 3.509017 8.712347 3.340671 3.37813
15 1.552617 1.093409 1.102498 5.684651 1.089397 1.060718
16 2.418094 1.778819 1.893554 5.983973 2.112668 2.121355
17 2.526114 1.897537 1.749271 4.955509 2.112255 1.916383
18 2.143048 1.471819 1.552061 6.16161 1.633156 1.575925
19 4.570502 3.138774 2.832856 9.080893 3.105005 3.050722
20 2.21349 1.271201 1.292485 4.018134 1.141626 1.071913
21 3.493484 1.896556 1.903507 6.943706 1.711117 1.881371
22 3.340731 2.594292 2.506671 5.95927 2.551296 2.433245
23 3.644498 2.037668 2.335937 9.75632 2.247421 2.297796
24 2.890527 1.551376 1.533485 4.896531 1.441981 1.554377
25 2.349945 1.677156 1.851813 10.61158 2.168568 2.0738
26 2.352606 1.510259 1.612494 7.62876 1.542268 1.650953
27 1.338253 0.9621842 0.8999778 3.66775 1.037831 1.050689
28 1.714397 1.376666 1.379418 3.557417 1.583183 1.621764
29 3.557178 1.953697 1.834944 7.213037 1.712004 1.77652
30 1.295934 0.9020826 0.9958046 2.491963 0.9740549 1.052087
31 3.510245 2.375535 2.550563 6.001019 2.56425 2.657566
32 1.602396 1.238296 1.182547 3.799125 1.275059 1.264896
33 1.452795 1.086642 1.089312 3.689049 1.081102 1.04401
34 4.040339 2.688289 2.673531 7.414969 2.605528 2.649422
35 2.616366 1.56885 1.560124 5.317386 1.651553 1.691323
36 1.883351 1.204952 1.199448 4.976511 1.112858 1.081214
37 4.501873 3.438156 3.531467 12.33213 3.702214 3.424215
38 2.591425 1.543696 1.64192 7.180416 1.338865 1.441902
39 1.417771 0.8826281 0.8847995 3.780883 1.010425 0.9894406
40 1.114648 0.778344 0.7965897 5.062543 1.035957 1.025761
41 1.419107 1.221697 1.184484 3.183122 1.389431 1.530764
42 3.491851 1.314714 1.193295 9.961557 1.267635 1.252118
43 2.120778 1.256222 1.371796 5.713526 1.339526 1.348205
44 3.940879 2.757764 2.751385 8.902107 2.783169 2.892257
45 1.525658 1.048707 1.058194 5.864007 1.070896 1.030556
46 3.491061 1.78008 1.801743 6.989668 2.017284 1.920563
47 4.968599 2.430136 2.251414 11.59568 2.449885 2.636765
48 1.558183 0.9582912 0.9190749 4.663711 0.9081023 0.9826925
49 2.688109 1.479702 1.553653 5.142151 1.496987 1.500615
50 2.509673 1.382714 1.314958 4.831309 1.360063 1.372023
51 1.266442 0.9037591 0.9190118 4.558079 1.034767 1.030294
52 3.352771 1.626592 1.599892 7.137423 1.558932 1.551373
53 1.602757 1.396834 1.292402 4.876848 1.743914 1.56881
54 4.286507 2.348463 2.328875 10.54274 2.436699 2.321591
55 1.549472 0.935096 0.9713013 4.568285 1.145246 1.149643
56 2.397013 1.474006 1.446111 5.112587 1.522237 1.490472
57 2.244353 1.790135 1.762684 4.953897 1.628606 1.797703
58 2.768955 1.502756 1.475005 5.779811 1.707593 1.714896
59 2.41056 1.721657 1.685976 5.312525 1.602759 1.748153
60 1.86306 1.040863 1.007407 4.532718 1.101252 0.9534733
61 2.436242 1.030233 1.075107 8.819026 0.8291342 0.8479828
62 2.280248 1.645904 1.525758 6.594132 1.719547 1.579338
63 2.019539 1.288355 1.331528 5.953531 1.415746 1.422467
64 5.520276 4.181828 3.878323 12.54441 3.661994 3.816086
65 1.251145 0.8159136 0.8140511 5.212025 1.032234 0.9979606
66 1.585629 1.0965 1.092864 3.338337 1.029732 1.066114
67 1.096835 0.8850735 0.8654815 2.934617 0.9075386 0.9240956
68 1.154362 0.9640587 0.8763409 5.174255 1.007183 0.8871525
69 3.734768 2.204556 2.094121 6.56167 2.158406 2.235537
70 1.343468 1.064407 1.087668 3.601167 1.142473 1.186973
71 2.382423 1.684606 1.727489 6.594934 1.689599 1.747125
72 5.295663 4.342535 4.403237 19.45356 4.450601 4.356341
73 2.481091 1.844734 1.835356 5.173809 1.800952 1.919185
74 2.371258 1.441404 1.422263 6.918365 1.439422 1.387365
75 2.979536 2.125831 2.142652 7.009015 2.29511 2.233885
76 2.597061 1.708038 1.545862 6.592444 1.776621 1.901068
77 2.563576 1.655001 1.726995 7.300345 1.75504 1.869097
78 2.038701 1.7965 1.847352 4.669891 1.867557 1.89991
79 1.659111 1.135259 1.114033 3.418385 1.249147 1.17569
80 2.585088 2.036834 2.145074 4.985732 2.133387 1.974714
81 2.881676 2.099503 2.142882 5.975849 2.379699 2.402137
82 2.141021 1.255393 1.32711 6.242601 1.296904 1.222796
83 3.657686 1.673216 1.637658 6.831206 1.51059 1.442182
84 4.050877 2.219825 2.214545 6.724148 2.393111 2.302202
85 1.278589 1.050118 1.106439 3.832389 1.195599 1.209131
86 3.452179 1.840804 1.597209 7.52058 1.853342 1.622844
87 5.567803 2.571333 2.46963 11.55449 2.473217 2.409505
88 2.490823 1.792334 1.793906 4.670304 1.872848 1.896189
89 3.262523 1.694847 1.719677 11.91618 1.677708 1.788161
90 3.113738 1.669451 1.660102 8.275101 1.780653 1.839469
91 2.272374 1.492367 1.524908 6.589941 1.510797 1.372685
92 2.579447 1.77707 1.829145 6.007615 1.930396 2.02085
93 4.561799 2.455824 2.267585 7.999172 2.149207 2.215721
94 1.921346 1.234329 1.22706 4.183709 1.345094 1.354739
95 2.274425 1.267884 1.286206 5.128878 1.328177 1.327954
96 2.82307 2.249205 2.166663 8.599511 2.18876 2.195886
97 5.237841 3.167841 3.278462 11.69896 3.093086 3.079379
98 1.746797 1.100949 1.095841 4.758907 1.135947 1.071418
99 2.191064 1.404846 1.371843 5.324611 1.372011 1.411581
100 1.338647 1.050308 1.070455 4.908662 1.238226 1.294563
