2 4050002
3 4050003
5 4050005
6 4050006
9 4050009
10 4050010
12 4050012
13 4050013
14 4050014
15 4050015
16 4050016
17 4050017
18 4050018
19 4050019
20 4050020
21 4050021
22 4050022
23 4050023
24 4050024
26 4050026
27 4050027
28 4050028
29 4050029
30 4050030
32 4050032
35 4050035
36 4050036
37 4050037
38 4050038
39 4050039
40 4050040
43 4050043
46 4050046
47 4050047
48 4050048
49 4050049
50 4050050
52 4050052
54 4050054
55 4050055
58 4050058
66 4050066
68 4050068
70 4050070
76 4050076
77 4050077
79 4050079
80 4050080
82 4050082
84 4050084
85 4050085
86 4050086
88 4050088
90 4050090
91 4050091
92 4050092
93 4050093
96 4050096
97 4050097
99 4050099
100 4050100
101 4050101
102 4050102
103 4050103
104 4050104
105 4050105
106 4050106
110 4050110
112 4050112
115 4050115
116 4050116
117 4050117
119 4050119
120 4050120
121 4050121
122 4050122
123 4050123
126 4050126
127 4050127
128 4050128
130 4050130
131 4050131
132 4050132
134 4050134
135 4050135
137 4050137
138 4050138
139 4050139
140 4050140
141 4050141
142 4050142
143 4050143
144 4050144
146 4050146
147 4050147
148 4050148
149 4050149
150 4050150
151 4050151
152 4050152
