1 807.2645 808.2192 807.1867 815.2054 816.5038 815.3215
2 874.5311 877.7337 882.6676 894.1388 895.5375 900.516
3 836.9898 843.2547 840.3299 849.9256 856.4158 853.556
4 806.4826 812.6676 813.7767 821.9592 826.7985 828.2464
5 830.5619 836.0958 836.4318 864.9923 866.9628 867.3717
6 901.7243 910.2165 912.0699 913.3484 923.1561 925.0434
7 743.3722 742.5846 752.625 794.4758 791.1119 801.2608
8 854.2977 859.8237 858.8075 896.3533 900.5999 900.0331
9 836.4823 838.5292 840.7068 848.959 851.4155 853.5175
10 766.0025 765.5205 772.4536 821.6889 820.4669 827.1544
11 840.4123 841.2346 846.8114 848.7033 849.467 854.8881
12 904.4835 906.0457 905.9121 934.6626 934.5391 934.4532
13 798.0526 803.4738 804.7485 840.8623 843.4706 844.7526
14 799.6651 803.7017 807.2422 825.7736 828.8199 832.1847
15 809.6451 809.9991 824.8064 820.0755 819.0526 833.6969
16 901.5588 904.395 905.1348 920.6021 920.6167 921.497
17 896.6886 899.2025 898.525 938.0713 938.3783 937.812
18 811.5703 814.2726 823.1498 882.6421 888.2243 897.3749
19 913.6499 915.6282 915.2441 962.5332 966.2487 965.9096
20 827.8371 829.0957 837.8779 863.2609 862.1815 870.9741
21 837.9395 842.6113 851.2253 855.2565 858.2977 866.6612
22 870.498 871.2553 877.2354 954.9153 954.4215 960.358
23 855.7319 855.3895 862.6207 880.8598 880.1157 887.3061
24 773.9798 779.4685 780.8941 780.5047 786.3276 787.8031
25 860.0871 859.9205 866.127 892.6547 892.0789 898.0566
26 854.9506 854.8758 857.2963 888.4725 887.1513 889.9193
27 848.9634 847.0189 866.462 876.8979 874.2825 893.3257
28 784.0517 782.3041 789.0341 805.1499 802.7362 809.2777
29 774.4758 778.9021 793.634 800.6189 806.6036 821.4564
30 795.7621 800.7397 801.4073 815.8775 818.3325 818.8248
31 806.2906 815.1388 816.0427 828.8267 834.7823 835.7889
32 839.1176 842.2578 848.6596 857.2564 866.5635 873.3264
33 740.4696 742.1977 749.2391 773.4869 774.1497 781.169
34 840.1734 839.7816 840.3996 881.8311 881.5466 882.2201
35 833.3583 841.5368 838.6757 841.769 850.5311 847.5596
36 747.3159 748.7275 762.9596 757.1796 757.5623 771.7564
37 824.5331 823.2885 827.1304 853.8068 850.5199 854.2341
38 863.9117 866.6942 866.4738 887.4775 886.6046 886.7266
39 807.5384 813.1463 811.5743 862.7122 867.4874 865.8457
40 834.0665 836.9783 836.9871 901.0454 908.3634 908.0961
41 921.3151 923.0635 919.8768 961.0823 960.3755 957.7036
42 889.5494 891.4611 889.4391 915.9609 917.3365 915.0502
43 754.545 767.4029 767.1094 770.2793 783.8606 783.4544
44 829.892 837.9308 835.273 861.4723 866.9002 863.6924
45 828.1053 829.179 828.7287 853.4057 855.949 855.6681
46 821.0933 820.3315 823.7138 845.8588 844.0282 846.7461
47 874.9203 877.6912 882.95 907.884 912.3098 917.1409
48 813.2351 821.9438 818.2647 843.4019 853.2184 849.6242
49 783.1893 791.4759 790.0653 799.3371 805.8289 804.4205
50 856.6664 859.5975 869.272 864.7014 867.0346 876.4732
51 887.2678 890.1979 888.9952 901.4846 904.7365 903.612
52 778.0215 781.1478 789.3343 800.2717 799.8457 807.9167
53 852.7898 852.5297 852.2797 898.7104 898.9225 898.4648
54 793.1314 797.8026 800.5729 814.8107 820.0638 822.7647
55 828.6925 831.1185 833.5435 863.48 863.3065 865.8163
56 814.716 828.7037 826.0915 826.9711 838.4959 836.0843
57 763.0219 763.6667 767.878 788.2179 788.7354 793.1637
58 809.8327 813.2286 810.451 831.052 834.2836 831.2449
59 860.0185 866.5223 867.8959 894.9617 901.0299 902.2056
60 796.9038 799.0225 798.2536 832.0955 835.9513 835.3712
61 870.5879 870.6066 871.1132 907.0906 905.4847 905.7375
62 777.9781 780.2531 793.5049 807.0459 808.5179 821.679
63 805.4619 803.7469 817.38 836.0846 833.9375 847.5182
64 764.3011 764.8966 766.5116 800.2712 800.6902 802.4527
65 849.3359 850.0143 850.2886 883.5821 881.8223 882.2156
66 785.4568 787.5928 793.9704 821.4501 823.936 829.708
67 830.9086 832.9148 839.2576 861.7935 862.6358 869.1829
68 776.4552 783.1888 783.4887 810.6451 817.306 817.5673
69 827.8853 828.8291 827.7547 855.2893 855.1111 854.074
70 818.637 829.2007 827.3004 848.332 856.2593 854.4057
71 833.2352 834.0982 833.4192 855.4797 857.166 856.5389
72 812.3441 813.9981 818.0506 856.1246 858.8412 863.1998
73 915.2712 919.801 917.3265 937.0059 942.2283 939.441
74 934.1021 933.0953 940.2167 971.7272 969.1541 975.9505
75 826.0264 826.713 826.5506 849.3706 850.7122 850.3983
76 820.8576 824.2152 822.5864 884.5445 886.5122 884.8888
77 817.8049 818.8538 820.0279 839.0125 837.4607 838.6347
78 854.3585 858.3475 856.1122 885.9636 888.8385 886.3852
79 808.2908 809.5689 816.9217 840.8234 840.225 847.4772
80 892.5281 895.2377 898.4405 913.9652 914.098 917.077
81 856.915 856.3347 855.9747 887.9079 886.3775 885.8358
82 776.5234 782.9464 795.9803 786.7826 795.1393 808.1805
83 843.5577 844.9482 849.8934 865.8395 868.4833 873.4819
84 736.6716 737.3568 747.7518 786.577 787.5269 797.5972
85 762.5931 762.0931 764.8275 787.0344 785.8976 788.1516
86 807.5218 808.1732 807.8867 828.2382 828.669 828.3548
87 832.2818 836.5434 839.0677 861.7109 865.2018 867.8888
88 874.4218 877.6476 875.9006 886.9245 888.5648 887.0745
89 732.5283 740.8718 740.8336 763.2024 771.1139 770.7358
90 813.8121 818.6194 829.0619 839.4008 844.508 854.4085
91 762.8502 771.8679 773.0582 797.3658 808.9409 809.9765
92 756.1281 758.0258 769.492 788.2737 789.0403 800.5377
93 858.4365 867.5842 864.1934 867.3525 875.7908 872.8343
94 841.9191 842.4528 839.6816 860.1964 862.0729 859.4028
95 838.6948 840.4384 837.9571 911.4596 916.5391 914.2131
96 702.0347 711.1258 714.1509 729.1008 738.5239 740.8013
97 784.6767 787.8449 806.7452 795.8661 798.1795 816.9644
98 859.7484 858.7448 856.7867 875.2019 873.6839 871.8772
99 857.2638 856.1031 858.3229 949.3306 949.0257 951.6518
100 868.1374 869.4137 871.0652 883.8914 884.2605 885.9666
