1 832.1208 831.1635 826.3069 838.1496 837.536 832.5297
2 899.3874 900.678 901.7878 917.0831 916.5697 917.7242
3 861.8461 866.199 859.4501 872.8698 877.4481 870.7642
4 831.3389 835.6119 832.897 844.9035 847.8307 845.4546
5 855.4182 859.0401 855.5521 887.9365 887.995 884.58
6 926.5806 933.1608 931.1901 936.2927 944.1883 942.2516
7 768.2285 765.5288 771.7452 817.4201 812.1442 818.469
8 879.154 882.7679 877.9277 919.2976 921.6322 917.2413
9 861.3386 861.4735 859.8271 871.9033 872.4477 870.7257
10 790.8588 788.4648 791.5738 844.6332 841.4992 844.3626
11 865.2686 864.1789 865.9316 871.6476 870.4993 872.0963
12 929.3397 928.99 925.0323 957.6069 955.5714 951.6614
13 822.9089 826.4181 823.8687 863.8065 864.5028 861.9608
14 824.5214 826.646 826.3625 848.7179 849.8521 849.393
15 834.5014 832.9434 843.9266 843.0198 840.0848 850.9051
16 926.4151 927.3393 924.2551 943.5463 941.6489 938.7052
17 921.5449 922.1468 917.6453 961.0155 959.4106 955.0202
18 836.4266 837.2168 842.2701 905.5863 909.2566 914.5831
19 938.5062 938.5725 934.3644 985.4775 987.2809 983.1178
20 852.6934 852.04 856.9981 886.2052 883.2138 888.1824
21 862.7958 865.5556 870.3455 878.2008 879.3299 883.8695
22 895.3543 894.1996 896.3557 977.8596 975.4537 977.5662
23 880.5882 878.3337 881.741 903.8041 901.1479 904.5143
24 798.8361 802.4128 800.0143 803.4489 807.3598 805.0113
25 884.9434 882.8647 885.2473 915.599 913.1111 915.2648
26 879.8069 877.8201 876.4165 911.4168 908.1836 907.1275
27 873.8196 869.9631 885.5823 899.8422 895.3148 910.5339
28 808.908 805.2484 808.1543 828.0942 823.7684 826.4859
29 799.3321 801.8464 812.7543 823.5632 827.6359 838.6646
30 820.6184 823.6839 820.5275 838.8218 839.3648 836.033
31 831.1469 838.083 835.163 851.771 855.8146 852.9971
32 863.9739 865.2021 867.7798 880.2006 887.5957 890.5346
33 765.3259 765.142 768.3593 796.4312 795.182 798.3772
34 865.0297 862.7259 859.5198 904.7753 902.5789 899.4284
35 858.2146 864.4811 857.7959 864.7133 871.5633 864.7678
36 772.1722 771.6718 782.0798 780.1239 778.5946 788.9646
37 849.3894 846.2328 846.2506 876.751 871.5522 871.4423
38 888.768 889.6385 885.594 910.4218 907.6369 903.9348
39 832.3947 836.0906 830.6945 885.6565 888.5197 883.0539
40 858.9228 859.9226 856.1073 923.9897 929.3957 925.3043
41 946.1714 946.0078 938.997 984.0266 981.4078 974.9118
42 914.4057 914.4054 908.5593 938.9052 938.3687 932.2584
43 779.4013 790.3472 786.2296 793.2235 804.8928 800.6626
44 854.7483 860.8751 854.3932 884.4166 887.9325 880.9006
45 852.9616 852.1233 847.8489 876.3499 876.9813 872.8763
46 845.9496 843.2758 842.8341 868.803 865.0604 863.9543
47 899.7766 900.6354 902.0702 930.8283 933.342 934.3491
48 838.0914 844.8881 837.3849 866.3462 874.2506 866.8324
49 808.0456 814.4202 809.1855 822.2814 826.8611 821.6287
50 881.5227 882.5417 888.3923 887.6457 888.0668 893.6814
51 912.1241 913.1422 908.1154 924.4289 925.7688 920.8202
52 802.8778 804.0921 808.4545 823.2159 820.8779 825.1249
53 877.6461 875.474 871.4 921.6547 919.9548 915.673
54 817.9877 820.7469 819.6931 837.755 841.0961 839.9729
55 853.5488 854.0627 852.6637 886.4242 884.3388 883.0245
56 839.5723 851.648 845.2117 849.9154 859.5282 853.2925
57 787.8782 786.611 786.9983 811.1621 809.7676 810.3719
58 834.689 836.1729 829.5713 853.9962 855.3158 848.4531
59 884.8748 889.4665 887.0162 917.906 922.0622 919.4138
60 821.7601 821.9668 817.3739 855.0398 856.9836 852.5794
61 895.4442 893.5508 890.2335 930.0348 926.517 922.9457
62 802.8344 803.1974 812.6252 829.9901 829.5501 838.8872
63 830.3182 826.6912 836.5002 859.0289 854.9698 864.7264
64 789.1574 787.8409 785.6318 823.2154 821.7225 819.6609
65 874.1922 872.9586 869.4088 906.5263 902.8545 899.4238
66 810.3131 810.5371 813.0906 844.3944 844.9683 846.9162
67 855.7649 855.859 858.3778 884.7377 883.6681 886.3911
68 801.3115 806.1331 802.6089 833.5894 838.3383 834.7755
69 852.7416 851.7733 846.8749 878.2336 876.1433 871.2822
70 843.4933 852.145 846.4206 871.2762 877.2915 871.6139
71 858.0915 857.0425 852.5394 878.4239 878.1983 873.7471
72 837.2004 836.9424 837.1708 879.0688 879.8735 880.408
73 940.1275 942.7453 936.4468 959.9502 963.2605 956.6492
74 958.9584 956.0395 959.3369 994.6715 990.1864 993.1587
75 850.8827 849.6573 845.6708 872.3149 871.7445 867.6065
76 845.7139 847.1594 841.7066 907.4887 907.5445 902.097
77 842.6612 841.7981 839.1481 861.9568 858.493 855.8429
78 879.2148 881.2917 875.2325 908.9079 909.8708 903.5934
79 833.1471 832.5131 836.042 863.7677 861.2573 864.6854
80 917.3844 918.182 917.5607 936.9095 935.1302 934.2852
81 881.7713 879.279 875.0949 910.8522 907.4097 903.044
82 801.3797 805.8907 815.1006 809.7269 816.1715 825.3887
83 868.414 867.8925 869.0136 888.7837 889.5155 890.6901
84 761.5279 760.3011 766.872 809.5213 808.5592 814.8054
85 787.4494 785.0373 783.9477 809.9786 806.9299 805.3598
86 832.3781 831.1175 827.007 851.1825 849.7012 845.563
87 857.1381 859.4877 858.1879 884.6552 886.2341 885.097
88 899.2781 900.5919 895.0208 909.8687 909.597 904.2827
89 757.3846 763.8161 759.9538 786.1467 792.1462 787.944
90 838.6684 841.5637 848.1821 862.3451 865.5403 871.6167
91 787.7065 794.8122 792.1785 820.3101 829.9732 827.1847
92 780.9844 780.9701 788.6122 811.2179 810.0725 817.7459
93 883.2928 890.5285 883.3137 890.2968 896.823 890.0425
94 866.7754 865.397 858.8018 883.1407 883.1052 876.611
95 863.5511 863.3826 857.0773 934.4039 937.5713 931.4213
96 726.891 734.07 733.2711 752.0451 759.5561 758.0095
97 809.533 810.7892 825.8655 818.8103 819.2117 834.1726
98 884.6047 881.6891 875.907 898.1462 894.7162 889.0854
99 882.1201 879.0474 877.4431 972.2749 970.058 968.86
100 892.9937 892.358 890.1854 906.8356 905.2928 903.1748
