1 0.32
2 0.44
3 0.44
4 0.44
5 0.52
6 0.36
7 0.54
8 0.5
9 0.42
10 0.54
11 0.58
12 0.46
13 0.54
14 0.48
15 0.48
16 0.46
17 0.42
18 0.5
19 0.42
20 0.5
21 0.5
22 0.5
23 0.38
24 0.44
25 0.42
26 0.44
27 0.5
28 0.52
29 0.54
30 0.54
31 0.54
32 0.46
33 0.62
34 0.44
35 0.5
36 0.52
37 0.46
38 0.46
39 0.48
40 0.5
41 0.5
42 0.46
43 0.62
44 0.64
45 0.4
46 0.44
47 0.54
48 0.52
49 0.52
50 0.42
51 0.48
52 0.58
53 0.36
54 0.62
55 0.52
56 0.46
57 0.5
58 0.36
59 0.5
60 0.44
61 0.38
62 0.48
63 0.42
64 0.54
65 0.52
66 0.54
67 0.56
68 0.52
69 0.48
70 0.54
71 0.42
72 0.54
73 0.56
74 0.52
75 0.52
76 0.44
77 0.5
78 0.52
79 0.42
80 0.56
81 0.36
82 0.52
83 0.5
84 0.56
85 0.44
86 0.44
87 0.44
88 0.5
89 0.54
90 0.46
91 0.64
92 0.64
93 0.46
94 0.44
95 0.44
96 0.64
97 0.6
98 0.3
99 0.46
100 0.38
