1 -390.6323 -392.1096 -393.5933 -395.6027 -397.2519 -398.6608
2 -424.2655 -426.8669 -431.3338 -435.0694 -436.7687 -441.258
3 -405.4949 -409.6273 -410.1649 -412.9628 -417.2079 -417.778
4 -390.2413 -394.3338 -396.8884 -398.9796 -402.3992 -405.1232
5 -402.281 -406.0479 -408.2159 -420.4961 -422.4814 -424.6859
6 -437.8621 -443.1083 -446.0349 -444.6742 -450.578 -453.5217
7 -358.6861 -359.2923 -366.3125 -385.2379 -384.556 -391.6304
8 -414.1489 -417.9118 -419.4038 -436.1767 -439.3 -441.0166
9 -405.2412 -407.2646 -410.3534 -412.4795 -414.7077 -417.7588
10 -370.0013 -370.7602 -376.2268 -398.8445 -399.2335 -404.5772
11 -407.2062 -408.6173 -413.4057 -412.3516 -413.7335 -418.4441
12 -439.2417 -441.0228 -442.9561 -455.3313 -456.2696 -458.2266
13 -386.0263 -389.7369 -392.3742 -408.4311 -410.7353 -413.3763
14 -386.8326 -389.8509 -393.6211 -400.8868 -403.4099 -407.0924
15 -391.8226 -392.9996 -402.4032 -398.0377 -398.5263 -407.8484
16 -437.7794 -440.1975 -442.5674 -448.301 -449.3083 -451.7485
17 -435.3443 -437.6012 -439.2625 -457.0356 -458.1892 -459.906
18 -392.7851 -395.1363 -401.5749 -429.321 -433.1122 -439.6875
19 -443.8249 -445.8141 -447.6221 -469.2666 -472.1243 -473.9548
20 -400.9185 -402.5479 -408.939 -419.6305 -420.0908 -426.4871
21 -405.9697 -409.3056 -415.6126 -415.6282 -418.1488 -424.3306
22 -422.249 -423.6277 -428.6177 -465.4576 -466.2107 -471.179
23 -414.8659 -415.6947 -421.3104 -428.4299 -429.0578 -434.653
24 -373.9899 -377.7342 -380.447 -378.2523 -382.1638 -384.9016
25 -417.0436 -417.9602 -423.0635 -434.3274 -435.0394 -440.0283
26 -414.4753 -415.4379 -418.6481 -432.2362 -432.5757 -435.9597
27 -411.4817 -411.5094 -423.231 -426.4489 -426.1413 -437.6628
28 -379.0258 -379.152 -384.517 -390.575 -390.3681 -395.6388
29 -374.2379 -377.4511 -386.817 -388.3094 -392.3018 -401.7282
30 -384.8811 -388.3698 -390.7037 -395.9388 -398.1663 -400.4124
31 -390.1453 -395.5694 -398.0214 -402.4134 -406.3912 -408.8945
32 -406.5588 -409.1289 -414.3298 -416.6282 -422.2817 -427.6632
33 -357.2348 -359.0989 -364.6196 -374.7435 -376.0749 -381.5845
34 -407.0867 -407.8908 -410.1998 -428.9155 -429.7733 -432.1101
35 -403.6792 -408.7684 -409.3378 -408.8845 -414.2655 -414.7798
36 -360.658 -362.3638 -371.4798 -366.5898 -367.7812 -376.8782
37 -399.2666 -399.6443 -403.5652 -414.9034 -414.26 -418.117
38 -418.9558 -421.3471 -423.2369 -431.7388 -432.3023 -434.3633
39 -390.7692 -394.5732 -395.7872 -419.3561 -422.7437 -423.9228
40 -404.0333 -406.4892 -408.4936 -438.5227 -443.1817 -445.0481
41 -447.6576 -449.5317 -449.9384 -468.5411 -469.1877 -469.8518
42 -431.7747 -433.7305 -434.7195 -445.9804 -447.6682 -448.5251
43 -364.2725 -371.7015 -373.5547 -373.1396 -380.9303 -382.7272
44 -401.946 -406.9654 -407.6365 -418.7362 -422.4501 -422.8462
45 -401.0527 -402.5895 -404.3643 -414.7028 -416.9745 -418.8341
46 -397.5467 -398.1658 -401.8569 -410.9294 -411.0141 -414.3731
47 -424.4602 -426.8456 -431.475 -441.942 -445.1549 -449.5705
48 -393.6175 -398.9719 -399.1323 -409.701 -415.6092 -415.8121
49 -378.5947 -383.738 -385.0326 -387.6685 -391.9144 -393.2102
50 -415.3332 -417.7987 -424.636 -420.3507 -422.5173 -429.2366
51 -430.6339 -433.0989 -434.4976 -438.7423 -441.3682 -442.806
52 -376.0107 -378.5739 -384.6671 -388.1358 -388.9228 -394.9583
53 -413.3949 -414.2648 -416.1399 -437.3552 -438.4613 -440.2324
54 -383.5657 -386.9013 -390.2865 -395.4053 -399.0319 -402.3824
55 -401.3462 -403.5592 -406.7717 -419.74 -420.6533 -423.9082
56 -394.358 -402.3518 -403.0458 -401.4856 -408.248 -409.0422
57 -368.511 -369.8333 -373.939 -382.1089 -383.3677 -387.5818
58 -391.9164 -394.6143 -395.2255 -403.526 -406.1418 -406.6225
59 -417.0093 -421.2611 -423.948 -435.4809 -439.515 -442.1028
60 -385.4519 -387.5112 -389.1268 -404.0478 -406.9757 -408.6856
61 -422.294 -423.3033 -425.5566 -441.5453 -441.7424 -443.8687
62 -375.9891 -378.1266 -386.7525 -391.5229 -393.2589 -401.8395
63 -389.731 -389.8735 -398.69 -406.0423 -405.9687 -414.7591
64 -369.1506 -370.4483 -373.2558 -388.1356 -389.3451 -392.2264
65 -411.6679 -413.0072 -415.1443 -429.791 -429.9111 -432.1078
66 -379.7284 -381.7964 -386.9852 -398.7251 -400.968 -405.854
67 -402.4543 -404.4574 -409.6288 -418.8967 -420.3179 -425.5914
68 -375.2276 -379.5944 -381.7443 -393.3226 -397.653 -399.7836
69 -400.9426 -402.4145 -403.8774 -415.6447 -416.5555 -418.037
70 -396.3185 -402.6004 -403.6502 -412.166 -417.1296 -418.2028
71 -403.6176 -405.0491 -406.7096 -415.7398 -417.583 -419.2694
72 -393.172 -394.999 -399.0253 -416.0623 -418.4206 -422.5999
73 -444.6356 -447.9005 -448.6633 -456.5029 -460.1141 -460.7205
74 -454.051 -454.5476 -460.1083 -473.8636 -473.5771 -478.9752
75 -400.0132 -401.3565 -403.2753 -412.6853 -414.3561 -416.1991
76 -397.4288 -400.1076 -401.2932 -430.2722 -432.2561 -433.4444
77 -395.9025 -397.4269 -400.0139 -407.5062 -407.7304 -410.3173
78 -414.1792 -417.1737 -418.0561 -430.9818 -433.4193 -434.1926
79 -391.1454 -392.7844 -398.4609 -408.4117 -409.1125 -414.7386
80 -433.2641 -435.6189 -439.2203 -444.9826 -446.049 -449.5385
81 -415.4575 -416.1674 -417.9873 -431.954 -432.1887 -433.9179
82 -375.2617 -379.4732 -387.9902 -381.3913 -386.5696 -395.0903
83 -408.7789 -410.4741 -414.9467 -420.9197 -423.2416 -427.7409
84 -355.3358 -356.6784 -363.8759 -381.2885 -382.7635 -389.7986
85 -368.2966 -369.0465 -372.4137 -381.5172 -381.9488 -385.0758
86 -390.7609 -392.0866 -393.9434 -402.1191 -403.3345 -405.1774
87 -403.1409 -406.2717 -409.5338 -418.8554 -421.6009 -424.9444
88 -424.2109 -426.8238 -427.9503 -431.4622 -433.2824 -434.5373
89 -353.2642 -358.4359 -360.4168 -369.6012 -374.557 -376.3679
90 -393.906 -397.3097 -404.5309 -407.7004 -411.254 -418.2043
91 -368.4251 -373.934 -376.5291 -386.6829 -393.4705 -395.9882
92 -365.064 -367.0129 -374.746 -382.1368 -383.5201 -391.2688
93 -416.2182 -421.7921 -422.0967 -421.6763 -426.8954 -427.4171
94 -407.9596 -409.2264 -409.8408 -418.0982 -420.0365 -420.7014
95 -406.3474 -408.2192 -408.9785 -443.7298 -447.2695 -448.1066
96 -338.0174 -343.5629 -347.0754 -352.5504 -358.2619 -361.4006
97 -379.3383 -381.9224 -393.3726 -385.933 -388.0897 -399.4822
98 -416.8742 -417.3724 -418.3934 -425.6009 -425.842 -426.9386
99 -415.6319 -416.0516 -419.1614 -462.6653 -463.5129 -466.8259
100 -421.0687 -422.7069 -425.5326 -429.9457 -431.1303 -433.9833
