1 1.41817 1.289842 1.300958 1.690391 1.309714 1.311778
2 1.471942 1.128011 1.141181 2.390742 1.146396 1.109647
3 1.459125 1.198823 1.145532 1.824731 1.148206 1.23466
4 1.395398 1.02615 1.061042 2.151148 1.062765 1.008468
5 1.178184 1.080327 1.048997 1.637213 1.167215 1.185116
6 1.437772 1.114407 1.162115 2.1101 1.204044 1.212327
7 0.7722336 0.768942 0.7661918 1.339252 0.8066793 0.7916941
8 0.6877531 0.6258402 0.6132354 1.689137 0.6154155 0.5888879
9 1.200345 0.8290357 0.8303345 2.144651 0.8631162 0.8024786
10 0.8032641 0.7341847 0.7385276 1.1548 0.8387852 0.7854012
11 0.9175191 0.8464427 0.7994483 1.199336 0.827695 0.8102725
12 1.354082 1.189234 1.172335 1.723637 1.179953 1.167516
13 1.065935 0.8647509 0.8537377 1.813324 0.7841371 0.8033437
14 1.427587 1.091695 1.094755 1.787916 1.073873 1.0766
15 1.077405 0.9863345 0.9821836 1.259203 0.9842442 0.9590035
16 1.125085 0.8807741 0.9158968 2.150632 0.8418585 0.8390826
17 1.292888 1.071343 1.143372 2.110074 1.170718 1.093186
18 0.8830214 0.9251368 0.9285981 1.51067 0.9206645 0.8665172
19 1.148559 1.003352 0.9685627 1.899766 0.9404585 1.066861
20 1.08391 1.011707 0.9964851 2.00438 1.037382 1.07093
21 1.251133 1.080528 1.073827 2.03289 1.051629 1.021202
22 1.174118 0.8818383 0.8035229 2.937561 0.8764066 0.8845513
23 0.9415238 0.9698037 0.9084784 1.011901 0.8681418 0.9036362
24 1.335718 1.047939 1.103354 1.706157 1.093145 1.096034
25 1.093976 0.9508071 0.9767786 1.891397 0.9152718 0.9279267
26 1.156107 1.057306 1.046288 1.837011 1.099167 1.161549
27 1.025993 1.007524 1.071978 1.336842 0.9733221 1.038089
28 1.093794 0.9609588 1.045107 1.365962 1.042351 1.009923
29 0.8668608 0.7636531 0.7669644 1.905174 0.7425678 0.7353588
30 1.126547 0.9263391 0.9678495 1.791263 0.9070798 0.9147722
31 1.221102 0.9682119 0.9238921 1.938835 0.8720538 0.8820645
32 1.025154 0.8599085 0.8591051 1.900927 0.8476442 0.8752165
33 1.266238 1.093856 1.06613 2.377591 1.061209 1.049036
34 0.7917247 0.7906284 0.7503772 1.309128 0.7791891 0.7693213
35 1.301693 0.9292457 0.9882124 1.907295 0.9425975 0.9684867
36 0.9391219 0.7539766 0.7328345 1.445664 0.7812946 0.7467046
37 1.458685 1.362344 1.354585 1.881158 1.456106 1.371877
38 1.532387 1.277973 1.316693 2.187929 1.263876 1.322989
39 1.122527 0.7881054 0.7282671 2.163131 0.7116575 0.7742067
40 0.9684019 0.9863114 0.9765742 2.162141 1.006878 1.027272
41 1.528385 1.256206 1.291209 1.994431 1.243907 1.214904
42 1.40335 1.23668 1.258255 1.5722 1.338431 1.309718
43 1.39181 0.90121 0.8844591 2.142064 0.8924672 0.8898778
44 0.8547982 0.7356476 0.7450016 1.689475 0.7473291 0.7981926
45 1.004233 0.8862248 0.8985931 1.52435 0.8742106 0.9157456
46 0.930089 0.8708582 0.8777723 1.42043 0.8188129 0.8218538
47 0.9184585 0.7286565 0.722062 1.897287 0.9119735 0.8673581
48 0.8569683 0.7492875 0.7373381 1.384602 0.8074968 0.7795994
49 0.8832023 0.7026391 0.7291414 1.401148 0.7232676 0.7215448
50 0.8939665 0.7843319 0.7456333 1.194974 0.7822419 0.7624148
51 1.216093 0.8460775 0.8680547 2.068962 0.8965492 0.9282434
52 1.24033 1.031237 1.05071 1.871277 1.090475 1.114723
53 0.8506667 0.7349033 0.7379377 1.159609 0.782278 0.7490529
54 0.9200286 0.7887242 0.7848903 1.309484 0.7823563 0.7988036
55 1.04513 0.8855981 0.925873 1.839699 0.8604423 0.8401505
56 1.075764 0.9630568 0.8878144 1.665133 0.9593383 0.9173825
57 0.9339276 0.8745822 0.9031808 1.437709 0.941297 0.9144926
58 1.027638 0.8879682 0.9284381 1.359762 0.9490914 0.9332698
59 1.21717 0.992739 0.9766278 2.215109 1.038286 1.047695
60 1.290833 0.9548717 0.9456309 1.939747 1.03407 1.015096
61 1.279532 0.9525922 0.9284106 1.988219 1.061309 0.9281203
62 1.05081 0.8784216 0.8498415 1.522989 0.8596014 0.8195128
63 1.176919 1.075861 1.080749 1.613261 1.064862 1.05988
64 1.201764 1.101485 1.116123 1.755269 1.123326 1.131562
65 1.169844 1.078504 1.081666 1.581718 1.16246 1.136456
66 1.087656 0.9382696 0.943967 1.376126 0.9632418 0.9684408
67 1.515246 1.286282 1.319315 2.439636 1.318245 1.375233
68 1.534035 1.203605 1.172062 2.028036 1.23896 1.210857
69 1.314751 1.183039 1.172088 1.551195 1.178328 1.185713
70 1.196852 0.9007302 0.9190141 2.031032 0.8555932 0.8395198
71 1.06831 0.9389978 1.013681 1.430702 0.9441088 0.9003152
72 1.458231 1.340249 1.29722 2.012423 1.476821 1.429657
73 0.8222736 0.7424783 0.7357632 1.405402 0.749321 0.7497454
74 1.009202 0.9711552 0.9624872 1.269134 0.8928234 0.8862518
75 0.963182 0.865985 0.8792573 1.262452 0.8971586 0.9238337
76 1.127496 0.9523601 0.9312393 2.224242 1.008082 0.9987777
77 0.8355536 0.7806473 0.7669373 1.364581 0.8496105 0.8390199
78 0.9958347 0.7154808 0.7466517 1.658391 0.705336 0.7561314
79 2.175335 1.986573 1.941035 2.409172 1.915066 1.915446
80 1.533983 1.328924 1.270492 2.397509 1.33806 1.361829
81 0.8991242 0.6622155 0.7589164 0.8579352 0.6999188 0.6925179
82 1.726343 1.319016 1.327916 2.123698 1.41305 1.362774
83 1.09521 0.8735494 0.8809216 1.641642 0.9179166 0.9792825
84 1.302364 1.225663 1.248602 1.581596 1.351236 1.283172
85 0.8372681 0.8680199 0.8441613 1.083013 0.9078475 0.8881795
86 1.158256 0.938812 0.9411403 1.539602 1.016061 0.9730932
87 1.542383 1.407649 1.357352 1.921617 1.455045 1.475477
88 1.018423 0.9177846 0.9437005 1.561367 1.031981 0.9670845
89 1.293236 0.9171404 0.90844 1.812763 0.9707744 0.9862778
90 1.590429 1.156991 1.1615 2.407014 1.156131 1.159796
91 1.147404 0.8874963 0.8965205 1.801101 0.951473 0.9547116
92 1.16242 0.8556489 0.8678957 2.306799 0.9307834 0.8526984
93 2.026619 1.339394 1.431019 2.607565 1.401649 1.441702
94 1.250763 1.047646 1.044635 1.660799 1.144385 1.111604
95 0.9161443 0.6058839 0.665777 1.604163 0.9168072 0.9013454
96 1.278423 0.9685283 0.9653895 2.021543 0.9670076 0.9824837
97 0.78559 0.657199 0.6733537 1.26489 0.6728068 0.6693991
98 1.017802 0.9341029 0.9488039 1.060645 0.8997139 0.900876
99 0.9438902 0.9747546 0.9305317 1.236372 0.9087314 0.8893484
100 1.111221 1.011162 0.9507909 1.401232 1.01151 1.027229
