1 0.3360647 0.3294369 0.3289639 0.3858064 0.3304066 0.3289405
2 0.3005345 0.2391359 0.2398379 0.5248632 0.2329098 0.2278681
3 0.3424228 0.3202901 0.2908198 0.387592 0.2926069 0.3174354
4 0.2727724 0.2360181 0.2438214 0.4011259 0.2489294 0.2361622
5 2.176818 2.975245 2.909785 2.400353 3.218292 3.325008
6 10.7963 18.48969 22.44103 1.976518 25.92597 20.37186
7 0.1884171 0.2070264 0.2149658 0.3067079 0.2247715 0.2151541
8 0.1450757 0.1350823 0.1339875 0.3564856 0.1322143 0.1234089
9 0.2456126 0.1825717 0.1817925 0.425417 0.1918431 0.1757618
10 0.1725153 0.1588785 0.1576991 0.2304188 0.1850819 0.1726452
11 0.2066595 0.2121328 0.1967331 0.231581 0.2078138 0.2048934
12 0.3599895 0.3598676 0.3526637 0.4189729 0.3531859 0.3542145
13 0.2466483 0.2064682 0.2111849 0.3985823 0.1942307 0.1981878
14 0.3045665 0.2481196 0.2592602 0.3763198 0.2610827 0.2630445
15 0.1998564 0.1987711 0.2023929 0.2240373 0.200414 0.1915858
16 0.2183889 0.1793648 0.1885549 0.4299468 0.1766115 0.1739424
17 0.2914756 0.2566265 0.2806783 0.4290482 0.2981567 0.2768235
18 0.3264847 0.4560587 0.4603658 0.6469145 0.3241195 0.4364094
19 0.2457989 0.2332469 0.2134508 0.3898483 0.1998924 0.2406605
20 0.2796129 0.2796776 0.2745749 0.4262277 0.2815663 0.2919314
21 0.2512542 0.210447 0.2100625 0.4257237 0.1993759 0.1963545
22 0.1773315 0.1476196 0.1403286 0.5429498 0.1454587 0.1497642
23 0.2255414 0.2246863 0.2142274 0.236249 0.1994605 0.2118056
24 0.2436271 0.2187917 0.2304034 0.3128804 0.232189 0.2274008
25 0.2234423 0.2038898 0.2110601 0.3776143 0.194812 0.2017195
26 0.2517689 0.2537657 0.2545481 0.3767112 0.2693289 0.292533
27 0.2455873 0.2426461 0.2552861 0.2819035 0.2286226 0.2491738
28 0.2190567 0.1916543 0.2124867 0.253446 0.2047523 0.2020523
29 0.1974532 0.2487256 0.2546965 0.3942698 0.2313891 0.2285754
30 0.2752861 0.2434971 0.253742 0.4241295 0.2338963 0.2353723
31 0.3105787 0.3397565 0.318999 0.4313175 0.3413542 0.3367596
32 0.2776742 0.2818224 0.2734622 0.4295005 0.2666399 0.2875324
33 0.2467397 0.2198211 0.2116176 0.4535361 0.2020301 0.1998097
34 0.1656045 0.1705388 0.1613581 0.2671999 0.1653112 0.1637103
35 0.27623 0.2145703 0.2303638 0.402012 0.2198742 0.2270412
36 0.1994102 0.1934041 0.1902411 0.2959631 0.203215 0.1989235
37 0.289493 0.2887474 0.281146 0.3217024 0.3090447 0.2880228
38 0.270829 0.2312118 0.2418856 0.4024025 0.227666 0.241825
39 0.2086064 0.1631781 0.1549536 0.44954 0.1472384 0.1623306
40 0.3331154 0.4284662 0.4570424 0.4682651 0.4738335 0.468669
41 0.3779205 0.3261626 0.3445424 0.418095 0.3202708 0.3141821
42 2.07604 4.870802 5.504151 0.4727015 8.122508 5.695324
43 0.3295101 0.2285553 0.2301956 0.4764686 0.2211582 0.22252
44 0.219303 0.1975894 0.2157998 0.412789 0.2063069 0.221257
45 0.2107023 0.1845859 0.1886988 0.3145967 0.1848071 0.1916929
46 0.2102483 0.2079245 0.2192992 0.2788692 0.1981145 0.2023633
47 0.2475904 0.2843527 0.2709766 0.4795056 0.3367586 0.3324925
48 0.2545851 0.2143327 0.2121123 0.3720764 0.2362275 0.2273112
49 0.3601708 0.3625717 0.3845355 0.4547882 0.3821269 0.380084
50 0.2341821 0.241331 0.2276639 0.2753971 0.248522 0.241432
51 0.2491597 0.1778873 0.1820343 0.4348746 0.1862733 0.1956552
52 0.2328626 0.1996977 0.2008054 0.3653258 0.2067278 0.2158189
53 0.2188202 0.189725 0.1897468 0.2879693 0.2018276 0.19814
54 0.2473736 0.2264634 0.2267859 0.3109911 0.2251162 0.2298737
55 0.2289024 0.1932856 0.2056597 0.4055243 0.1836336 0.1853453
56 0.3493055 0.6417766 0.5893744 0.4073322 0.6652012 0.6949373
57 0.5177078 0.4237474 0.4180558 0.6781767 0.4488792 0.3749948
58 0.2655045 0.2396741 0.2556076 0.3204929 0.2640886 0.2646439
59 0.2409072 0.210407 0.2070352 0.4472461 0.2266654 0.2304409
60 0.2868348 0.2209163 0.2245534 0.389409 0.2302843 0.220463
61 0.2499446 0.184334 0.1804553 0.4184575 0.2157956 0.1810729
62 0.2037928 0.1867048 0.182197 0.2879915 0.1833577 0.1710231
63 0.2324992 0.2164288 0.2202338 0.2933973 0.2098158 0.2060759
64 0.2425621 0.2569213 0.2736479 0.3563735 0.2588121 0.2662552
65 0.2325839 0.2210534 0.2212255 0.2894791 0.2496228 0.239653
66 0.204027 0.1928569 0.1893721 0.2514581 0.1907136 0.1995968
67 0.285435 0.2534931 0.2533808 0.4885207 0.2560759 0.2768648
68 0.3125237 0.2560363 0.2453476 0.3956669 0.2603248 0.2483305
69 0.3564316 0.3410769 0.3332219 0.4127443 0.356237 0.3477235
70 0.2467665 0.190366 0.1943493 0.4334974 0.190187 0.1793858
71 0.2518378 0.2441253 0.2615331 0.310561 0.2338129 0.2290738
72 0.3383244 0.325745 0.3120424 0.422063 0.3416539 0.3254213
73 0.2463509 0.2775307 0.2644879 0.3594775 0.2755009 0.3001966
74 0.2195667 0.2200854 0.2170716 0.2593369 0.1984793 0.2059656
75 0.2237836 0.2079155 0.2145322 0.2779852 0.2113382 0.2193262
76 0.2108654 0.1882954 0.1846144 0.4576864 0.2044904 0.2067179
77 0.2221997 0.2186775 0.2114419 0.2989774 0.2339515 0.2266686
78 0.3318107 0.2276781 0.2483286 0.4836306 0.2273083 0.2354376
79 0.60285 0.6485414 0.6344907 0.5403547 0.6337186 0.6200784
80 0.2867545 0.3058866 0.2988757 0.4324721 0.3202495 0.3232871
81 0.1936305 0.1502923 0.1693508 0.1690724 0.1638476 0.1536812
82 0.4053276 0.3748776 0.3685452 0.4647365 0.3904859 0.3676105
83 0.2451585 0.2891766 0.2590726 0.3194944 0.2930869 0.319756
84 0.6936048 0.7351001 0.7509278 0.720609 0.8443412 0.7842167
85 0.1807504 0.1950322 0.1892298 0.2168156 0.2113245 0.2039085
86 0.2322063 0.1880876 0.1892278 0.3016478 0.2063631 0.1916415
87 0.3066851 0.2894149 0.2776928 0.3850874 0.3000283 0.3020773
88 0.3409388 0.4734225 0.457364 0.3435164 0.5363685 0.4935642
89 0.2731769 0.2144079 0.210649 0.3660312 0.2251302 0.2268558
90 0.2807066 0.2058047 0.2066285 0.4370528 0.2078074 0.204593
91 0.2572637 0.2014285 0.2125696 0.3955535 0.2235933 0.2214835
92 0.2146269 0.1568499 0.1594612 0.4562129 0.1659901 0.147859
93 0.4340684 0.3244881 0.3473543 0.5928544 0.3302244 0.3602858
94 0.4745596 0.4662063 0.455649 0.4859859 0.4637336 0.4759376
95 0.2243335 0.1774107 0.2070639 0.367473 0.2036147 0.2022062
96 0.2781321 0.2336639 0.246279 0.4209123 0.2551734 0.2572209
97 0.1548163 0.1461398 0.1483178 0.255065 0.1500416 0.1489311
98 0.3454436 0.3493023 0.3448128 0.3540701 0.3455816 0.3321627
99 0.2590815 0.27486 0.2629319 0.2603973 0.2501464 0.249492
100 0.4705114 0.5270198 0.461267 0.5039012 0.5337302 0.5318778
