1 0.2219453 0.2069894 0.3119091 0.2772067 0.3215173 0.2097646 0.2079548 0.1819403 0.5496334 0.4757919 0.09607821
3 0.2129766 0.1477436 0.2996585 0.1971508 0.2695178 0.1416109 0.1048898 0.1606549 0.6049488 0.4791713 0.1218726
5 0.2001594 0.1743372 0.2844154 0.2470353 0.2683991 0.1695409 0.1551157 0.1683668 0.56681 0.4439529 0.09845918
6 0.2345301 0.2271128 0.3285949 0.2988912 0.3474759 0.2137659 0.2065559 0.2862462 0.5059687 0.4379182 0.09091477
8 0.2019271 0.2045261 0.2827558 0.2739025 0.301448 0.2014728 0.1657039 0.2244802 0.4625613 0.4017989 0.08473341
9 0.2121504 0.1908817 0.2971242 0.2492634 0.2825776 0.1802083 0.1468388 0.1881908 0.6298525 0.424608 0.1144759
10 0.2389982 0.2329125 0.3342387 0.3036648 0.4066806 0.2975503 0.2452733 0.331797 0.5094595 0.4492894 0.0915639
11 0.2861848 0.2611559 0.4013617 0.357498 0.5712569 0.3569864 0.3508121 0.4437459 0.4429462 0.4065814 0.07825601
13 0.2398722 0.1816038 0.3385935 0.2475892 0.3557933 0.2037419 0.1812784 0.2219221 0.564379 0.4450021 0.1058922
14 0.2099468 0.1799677 0.2955238 0.245901 0.2979966 0.178808 0.1573354 0.1789408 0.514163 0.435223 0.1020315
15 0.2202171 0.1864206 0.313811 0.2647151 0.3162543 0.2030463 0.2022298 0.2418598 0.4837943 0.4134332 0.09437261
16 0.2803666 0.1911289 0.3937325 0.2385399 0.4504828 0.2147259 0.1595562 0.2749361 0.4966567 0.4121829 0.09606749
18 0.2185509 0.1780737 0.3043968 0.225488 0.2764419 0.145013 0.1250341 0.1651529 0.6057011 0.5347195 0.1148916
20 0.2132935 0.2116348 0.3000359 0.2906227 0.2752326 0.1730706 0.1937452 0.1806508 0.5347568 0.42941 0.09268974
21 0.2001997 0.1648907 0.2778593 0.2116504 0.2323444 0.1312452 0.1150739 0.1695876 0.6279846 0.4984546 0.1136347
25 0.2336973 0.2087943 0.3272711 0.2791146 0.3752863 0.2679149 0.2390408 0.2814999 0.52669 0.474651 0.1072457
26 0.2155531 0.1884957 0.3028017 0.2535458 0.3191446 0.2060337 0.1824791 0.19688 0.557086 0.429684 0.1003109
27 0.2617675 0.2121045 0.3700059 0.3069779 0.7170192 0.4990223 0.4428678 0.6779515 0.4718544 0.4097356 0.0921124
28 0.2206506 0.1616532 0.3096752 0.2134339 0.319614 0.1875913 0.1736183 0.1830332 0.5053435 0.4228402 0.09992302
29 0.2083543 0.2218487 0.2910629 0.2997302 0.283707 0.2042312 0.208328 0.2054806 0.5870797 0.440167 0.1127785
30 0.2227998 0.1791766 0.3107586 0.2366334 0.306181 0.1891678 0.1568026 0.2184764 0.5694821 0.4546636 0.1144894
31 0.2473815 0.1574877 0.3467367 0.2042128 0.3801389 0.2044758 0.1455654 0.2099375 0.5073948 0.4449786 0.09809118
32 0.2441533 0.1883098 0.3438711 0.2688463 0.4461434 0.3076101 0.2601077 0.2550426 0.5865662 0.4459943 0.1108674
33 0.2759749 0.1695122 0.3885047 0.2313886 0.4332083 0.2060016 0.1393745 0.2395589 0.5751294 0.4709249 0.09757658
35 0.1930121 0.1632306 0.271178 0.2139298 0.2285624 0.1298159 0.1379326 0.1629284 0.5751711 0.4740549 0.1127289
36 0.2524805 0.1996001 0.3532922 0.260894 0.3832659 0.2194971 0.183885 0.250165 0.4820936 0.4169264 0.09850156
37 0.2278076 0.1864359 0.3186411 0.2473809 0.327794 0.2026285 0.1784936 0.1899553 0.592972 0.4943812 0.09738512
38 0.2771056 0.2173605 0.3886451 0.2849026 0.5066745 0.2641253 0.2012977 0.4566667 0.4679695 0.3914417 0.0821607
39 0.2486168 0.2318223 0.3494021 0.3051135 0.3936612 0.2320493 0.2608827 0.2348387 0.446129 0.4345272 0.08637163
40 0.2230733 0.1524014 0.3148804 0.209766 0.2864693 0.1516746 0.133325 0.197502 0.5632829 0.4605253 0.1034197
41 0.1640443 0.1366985 0.2273467 0.1738865 0.1609327 0.09192394 0.07347487 0.1127939 0.6430698 0.4968269 0.1279161
43 0.2399307 0.1956831 0.3375182 0.2678856 0.3617762 0.2282909 0.2325167 0.2663654 0.5324763 0.4404269 0.09399154
47 0.245248 0.1849295 0.3435148 0.2381582 0.353953 0.1878926 0.1438112 0.2320282 0.4998678 0.4532561 0.09252814
50 0.1926384 0.1588311 0.2693065 0.2059812 0.2427183 0.1471874 0.1337551 0.1485333 0.6836289 0.5184453 0.1233334
51 0.2178016 0.2081837 0.3055871 0.2760953 0.3317972 0.2155184 0.2038627 0.2156616 0.5168102 0.4232807 0.1007199
52 0.3047376 0.1927063 0.4282783 0.2505541 0.5282237 0.243195 0.1697324 0.2349618 0.4956228 0.4305677 0.08451485
54 0.2188171 0.2112859 0.3067425 0.2764351 0.3261186 0.2097254 0.2095982 0.1925298 0.5538304 0.4173953 0.1054526
55 0.2188233 0.2423379 0.3044199 0.3189505 0.336338 0.2531258 0.2872095 0.2333906 0.5510803 0.4876288 0.103192
56 0.2298314 0.191049 0.3229129 0.2475609 0.3984153 0.2367433 0.201013 0.351427 0.5128751 0.4072943 0.09824061
57 0.2066705 0.2099022 0.2889603 0.2807555 0.3184155 0.2159097 0.2112263 0.2252194 0.5164116 0.4300317 0.09733608
58 0.2751866 0.1928631 0.3873063 0.2609629 0.4586724 0.235997 0.1728832 0.2651878 0.5154976 0.4618307 0.09045119
60 0.196793 0.1675816 0.2775333 0.2307089 0.2375127 0.1405912 0.1624012 0.1543901 0.6090907 0.4954073 0.1181968
62 0.2188999 0.1726726 0.3089357 0.234888 0.2981866 0.1671316 0.142783 0.2056882 0.5836297 0.4485518 0.1149121
65 0.2439736 0.1535951 0.3433984 0.2024007 0.3528177 0.1704866 0.1272847 0.1705537 0.6507722 0.5021307 0.1246778
66 0.2476111 0.2019574 0.347689 0.2691593 0.3718475 0.2057948 0.1976467 0.2330439 0.586648 0.4668823 0.09706997
68 0.2193092 0.1888369 0.307787 0.2524989 0.3285566 0.2119844 0.1587723 0.2363977 0.5582937 0.4513763 0.1096118
69 0.1954905 0.2010778 0.2700661 0.2496531 0.2523218 0.1642706 0.1550548 0.1875266 0.5360104 0.4502177 0.1047926
70 0.2322356 0.1670533 0.3284085 0.2342206 0.338332 0.1885584 0.1415621 0.2216711 0.6241649 0.4588718 0.1106652
71 0.2540388 0.2038899 0.3584231 0.2864019 0.4073884 0.2781903 0.2125141 0.2225521 0.4522042 0.4235625 0.09008021
72 0.2387053 0.1904792 0.3348697 0.2493219 0.3470078 0.1961934 0.1647744 0.228696 0.4717794 0.4143126 0.08699834
74 0.2693754 0.1733409 0.3812681 0.2447261 0.4190119 0.2078506 0.1944481 0.275683 0.5800493 0.4436933 0.09890344
75 0.2923664 0.1888297 0.4098733 0.2567687 0.4996622 0.2622669 0.1966185 0.2795161 0.5216307 0.5222399 0.09450093
76 0.2464703 0.2043371 0.3476581 0.2845889 0.3897214 0.226093 0.1936981 0.2592561 0.5173069 0.4398496 0.09548763
78 0.2204539 0.1833676 0.3089822 0.2468911 0.3179793 0.1892515 0.1897416 0.188953 0.5987608 0.4364673 0.1052705
79 0.2107911 0.1997486 0.2957291 0.2737379 0.2874845 0.191394 0.1803506 0.225297 0.5548286 0.4133366 0.1034678
80 0.2615175 0.300092 0.3677272 0.4092763 0.4611254 0.3133124 0.3709815 0.3768626 0.4897099 0.4344765 0.0857298
81 0.2042857 0.1797639 0.2878883 0.2457527 0.2713828 0.1777855 0.1614468 0.2107672 0.8545362 0.4741131 0.1529156
82 0.2693383 0.2138349 0.3774891 0.2913389 0.4209084 0.2222416 0.2276706 0.2213185 0.4858604 0.4556844 0.09350021
83 0.2227571 0.2292731 0.3098207 0.2927061 0.3396351 0.2297308 0.2358012 0.2517607 0.5078066 0.4201206 0.091174
84 0.2344362 0.1596805 0.3300518 0.2183934 0.3130964 0.1608376 0.1257218 0.1785948 0.6242204 0.4797921 0.1193706
85 0.2255246 0.1727294 0.3168204 0.2331989 0.3059772 0.1717491 0.1390439 0.2119335 0.4794747 0.420819 0.09673895
86 0.240218 0.2192341 0.3384506 0.2970394 0.4252616 0.2766701 0.2229578 0.3428653 0.5481636 0.4313044 0.09355785
87 0.2820867 0.2392005 0.3945449 0.3092495 0.5520792 0.359135 0.2700793 0.3883442 0.4891766 0.4786741 0.1043283
90 0.2328527 0.1908673 0.3248855 0.2490553 0.3515485 0.2106023 0.1867779 0.2274922 0.5018832 0.4330797 0.09934012
91 0.2457471 0.2046701 0.3470304 0.2930228 0.4119924 0.2654761 0.2258624 0.2499955 0.4866549 0.4223898 0.09186852
92 0.3770811 0.2015086 0.5299558 0.2595406 1.02177 0.4807647 0.3317605 0.6880562 0.4198087 0.4369702 0.08609724
93 0.2239144 0.1994258 0.3161986 0.2786234 0.3216289 0.1912005 0.1803476 0.2001794 0.5474043 0.4067038 0.0997797
94 0.2975339 0.2208687 0.4201455 0.3066481 0.6073326 0.4108241 0.2689298 0.3063181 0.5312043 0.4963825 0.1039795
95 0.2498685 0.1875956 0.3513168 0.2500833 0.3594533 0.1871145 0.1513281 0.2644521 0.5193585 0.4192506 0.09005477
96 0.2114203 0.2262228 0.2926999 0.2862806 0.2788099 0.1750401 0.1884184 0.2182379 0.6234738 0.511028 0.1177273
99 0.1970732 0.1823474 0.273133 0.2374387 0.2614807 0.1722284 0.1636624 0.1609472 0.6197947 0.4984978 0.1206165
100 0.2196574 0.1801838 0.3088109 0.2477999 0.2848954 0.1678143 0.1554759 0.1857459 0.872623 0.642571 0.1649586
102 0.2353563 0.1468666 0.3325895 0.205268 0.3033749 0.1350636 0.1002016 0.1666273 0.5584325 0.432365 0.1021026
103 0.2446981 0.1614917 0.3435546 0.2170295 0.3278863 0.1562399 0.1351739 0.1945929 0.4998955 0.4860557 0.09341918
105 0.2230276 0.1684018 0.3130233 0.2212178 0.2960783 0.1665848 0.1216719 0.1916346 0.6608481 0.5122767 0.1311688
107 0.2313172 0.2216306 0.3248912 0.2986301 0.3296625 0.2048929 0.2565087 0.1977261 0.4458974 0.4314484 0.08840596
108 0.2232693 0.2016499 0.3121556 0.2678528 0.3357273 0.226713 0.2053165 0.1837783 0.5315895 0.4809402 0.1025854
109 0.2469831 0.1614021 0.3483432 0.2246052 0.3447969 0.1634984 0.1315563 0.2033099 0.5139498 0.4250367 0.09882789
111 0.338515 0.2443828 0.4743723 0.3285768 0.7223743 0.4012407 0.2897282 0.5157722 0.4065008 0.3897109 0.07621764
112 0.2054577 0.2093501 0.2887068 0.2797085 0.2865958 0.1894248 0.2021565 0.1894061 0.521268 0.4256404 0.09437334
113 0.2350973 0.2311346 0.3282172 0.3009535 0.3362915 0.2097737 0.2081627 0.220605 0.6127629 0.510922 0.1182704
114 0.2084846 0.163778 0.2915505 0.2218111 0.3018628 0.188593 0.1658123 0.1760958 0.5752034 0.431936 0.1096056
115 0.2195529 0.2306399 0.3046695 0.2927215 0.3208478 0.2078091 0.2018755 0.2009994 0.5768873 0.4740629 0.1092457
116 0.2985485 0.2087541 0.4204135 0.284093 0.5797424 0.3299895 0.2450153 0.3308662 0.4726624 0.4081093 0.08707607
117 0.2464933 0.187601 0.3465696 0.2532315 0.3657967 0.2008753 0.1614308 0.2261898 0.497833 0.4605991 0.09794449
119 0.2735563 0.1773302 0.3859823 0.2339834 0.4488002 0.2276042 0.1913347 0.1987094 0.5495707 0.4346268 0.1017969
120 0.2141123 0.1720862 0.3009264 0.2338584 0.2778337 0.1635013 0.1446494 0.1970085 0.6908456 0.4707759 0.1208554
121 0.1954775 0.1813618 0.2756299 0.2525 0.2452163 0.1573124 0.1553566 0.1659375 0.5910441 0.4538793 0.1105242
122 0.2327422 0.1816754 0.3258606 0.2329676 0.3535204 0.1950332 0.148594 0.176831 0.5011043 0.4396674 0.0985651
123 0.2566864 0.1708121 0.3592943 0.2182885 0.391638 0.1948699 0.1328266 0.213237 0.5222955 0.4072943 0.09402183
124 0.1996356 0.1477765 0.2809261 0.2010489 0.2595137 0.1602737 0.1451748 0.1505475 0.5222759 0.4411667 0.09859733
127 0.2500385 0.1903053 0.35113 0.259448 0.3666041 0.2052539 0.1772864 0.2477286 0.550091 0.4799587 0.1002013
128 0.2912617 0.1696354 0.4136789 0.2502651 0.50305 0.262133 0.1761 0.2807897 0.4681038 0.3901699 0.08407088
129 0.3054407 0.1967702 0.4290826 0.2669199 0.5871312 0.3143151 0.246814 0.3863557 0.4671149 0.4445614 0.09360976
130 0.2262718 0.2077269 0.3146317 0.2698004 0.3336446 0.2065293 0.1910107 0.2200523 0.5784127 0.4577202 0.1096476
131 0.2629934 0.1662246 0.3724409 0.2371896 0.4392459 0.2305783 0.1800522 0.2002492 0.6201699 0.4524089 0.1071948
133 0.2201023 0.1930381 0.307896 0.2573306 0.2931794 0.1788857 0.157458 0.2190206 0.5485339 0.4775366 0.1089172
134 0.229261 0.1831234 0.3203537 0.2343768 0.2958257 0.1489835 0.1391694 0.1935363 0.51487 0.4196069 0.09820626
135 0.2755238 0.2071245 0.3869569 0.2742411 0.4401303 0.2236662 0.1848904 0.2653701 0.5606153 0.4537709 0.0960304
136 0.2874259 0.2811827 0.4021108 0.3765582 0.5297242 0.3356832 0.3274184 0.4448391 0.5541925 0.4436471 0.09794227
