1 0.2087663 0.2131152 0.2776531 0.2746899 0.1902368 0.1398699 0.1611115 0.1033047 4.78531 0.5496334 0.4757919 0.09607821
3 0.214918 0.1440432 0.2897223 0.1858187 0.2028497 0.09601301 0.07194483 0.09781382 8.429437 0.6049488 0.4791713 0.1218726
5 0.1791377 0.1602061 0.250227 0.2277493 0.1593278 0.1041615 0.1116533 0.08508091 3.574264 0.56681 0.4439529 0.09845918
6 0.2021296 0.1753929 0.2805181 0.2307996 0.1885332 0.1096829 0.1213179 0.08215891 1.618186 0.5059687 0.4379182 0.09091477
8 0.1894401 0.1345748 0.2668782 0.1948206 0.1686329 0.09029915 0.08365206 0.07055986 2.37368 0.4625613 0.4017989 0.08473341
9 0.1941382 0.1731833 0.260161 0.2160695 0.1795961 0.09759837 0.09677933 0.09145235 3.329183 0.6298525 0.424608 0.1144759
10 0.1748706 0.1542144 0.2523098 0.2205112 0.1637755 0.1090462 0.1162999 0.08413762 1.145862 0.5094595 0.4492894 0.0915639
11 0.2201478 0.1700492 0.2779681 0.2124765 0.1750846 0.1021819 0.09601913 0.08984603 0.6679009 0.4429462 0.4065814 0.07825601
13 0.2132184 0.159779 0.2963207 0.2204954 0.2125375 0.1157628 0.104995 0.09710481 1.747265 0.564379 0.4450021 0.1058922
14 0.1847577 0.1335924 0.2592228 0.1940684 0.1859412 0.1098654 0.09591568 0.07747805 2.364698 0.514163 0.435223 0.1020315
15 0.1995699 0.1715453 0.2827062 0.2334532 0.1875397 0.1186266 0.1290006 0.09006713 1.359407 0.4837943 0.4134332 0.09437261
16 0.2289642 0.1536886 0.3103806 0.2007115 0.2649721 0.111657 0.09198378 0.08860732 1.983246 0.4966567 0.4121829 0.09606749
18 0.2003052 0.1628794 0.2781327 0.2092378 0.1945354 0.1006407 0.09018522 0.08990636 7.678597 0.6057011 0.5347195 0.1148916
20 0.1757144 0.1720556 0.2543966 0.2392261 0.1631459 0.1048782 0.1282682 0.07826993 2.721643 0.5347568 0.42941 0.09268974
21 0.1768536 0.1625118 0.2464452 0.2032213 0.1604323 0.08795585 0.08905357 0.08232829 7.262449 0.6279861 0.4984559 0.1136349
25 0.1444168 0.1565357 0.20208 0.2074723 0.1357847 0.1027837 0.1119325 0.08574205 1.119718 0.52669 0.474651 0.1072457
26 0.2093929 0.1833995 0.2843314 0.2432461 0.2284133 0.1359582 0.1341674 0.09359517 27.94477 0.557086 0.429684 0.1003109
27 0.2342651 0.1859199 0.3366626 0.2732846 0.3150677 0.2248859 0.2158506 0.07693132 3.371899 0.4718544 0.4097356 0.0921124
28 0.1843459 0.1404451 0.2651017 0.192703 0.1817264 0.09480412 0.09372189 0.09863546 3.421667 0.5053435 0.4228402 0.09992302
29 0.1881175 0.158571 0.2585082 0.2154995 0.1677868 0.1042785 0.1072021 0.07603182 1.498013 0.5870797 0.440167 0.1127785
30 0.1867375 0.1644562 0.2653004 0.2168968 0.1730051 0.1114316 0.1080541 0.1212824 2.580648 0.5694821 0.4546636 0.1144894
31 0.2140799 0.134944 0.3035396 0.1803829 0.2381447 0.1104434 0.07553405 0.07929657 2.123754 0.5073948 0.4449786 0.09809118
32 0.1621964 0.1450554 0.2276713 0.1951034 0.132784 0.08521077 0.09576419 0.09892411 0.8054003 0.5865662 0.4459943 0.1108674
33 0.2462945 0.1622331 0.3616053 0.2251586 0.3300972 0.1391789 0.1037234 0.1042421 4.800073 0.5751294 0.4709249 0.09757658
35 0.1811195 0.1353514 0.2517669 0.1793135 0.1487016 0.07402577 0.07357331 0.07128791 2.133079 0.5751711 0.4740549 0.1127289
36 0.1845292 0.1573895 0.2549228 0.2194806 0.1559208 0.08905302 0.1027404 0.06533475 0.74483 0.4820936 0.4169264 0.09850156
37 0.1982515 0.1630138 0.2739902 0.2132805 0.1882559 0.1037079 0.1049095 0.09159088 2.661824 0.592972 0.4943812 0.09738512
38 0.2307742 0.1964907 0.3350482 0.2702066 0.2739328 0.1397247 0.1361261 0.07838462 1.743119 0.4679695 0.3914417 0.0821607
39 0.1651092 0.1874318 0.2310559 0.247783 0.1344917 0.09438333 0.1505587 0.09337034 1.345222 0.446129 0.4345272 0.08637163
40 0.2138546 0.1417458 0.2924466 0.1848744 0.1980271 0.08755358 0.08026581 0.06757185 1.858069 0.5632829 0.4605253 0.1034197
41 0.1518909 0.1281662 0.2064241 0.1574381 0.1000994 0.05341951 0.04821656 0.04224427 1.80326 0.6430698 0.4968269 0.1279161
43 0.1943138 0.183611 0.2708388 0.2499188 0.2064351 0.1324071 0.1516628 0.1036405 2.586498 0.5324763 0.4404269 0.09399154
47 0.22224 0.1983584 0.2924082 0.2411488 0.2301723 0.1086711 0.1021895 0.06446931 3.522546 0.4998678 0.4532561 0.09252814
50 0.1896089 0.137617 0.2552704 0.1738287 0.1563232 0.08434933 0.07564047 0.08111079 3.230678 0.6836289 0.5184453 0.1233334
51 0.1760204 0.1872068 0.2255815 0.2391464 0.1349194 0.0944832 0.1061643 0.09158746 1.143812 0.5168102 0.4232807 0.1007199
52 0.2650925 0.1556944 0.3542653 0.1967318 0.3054026 0.1176337 0.08206164 0.08272893 1.343049 0.4956228 0.4305677 0.08451485
54 0.1924031 0.1667927 0.2780378 0.2350945 0.1832567 0.1135587 0.1314689 0.1037925 3.18561 0.5538304 0.4173953 0.1054526
55 0.1873365 0.1909795 0.2585963 0.2456408 0.1659955 0.1120155 0.1309014 0.1049032 1.784558 0.5510803 0.4876288 0.103192
56 0.2158596 0.1544357 0.3098467 0.2136002 0.2186198 0.1305087 0.1112862 0.07251964 1.582704 0.5128751 0.4072943 0.09824061
57 0.1536265 0.1619557 0.2188746 0.2130864 0.1255528 0.07927634 0.1006977 0.0837838 1.145324 0.5164116 0.4300317 0.09733608
58 0.2500663 0.176799 0.3406709 0.2383222 0.2886851 0.1476164 0.1221009 0.1099579 1.782823 0.5154976 0.4618307 0.09045119
60 0.194398 0.1476486 0.2706496 0.2057092 0.1735502 0.09516496 0.1061738 0.08045799 4.550301 0.6090907 0.4954073 0.1181968
62 0.2049931 0.1613001 0.2866358 0.2157813 0.2144157 0.1148545 0.1137921 0.1001842 6.955319 0.5836297 0.4485518 0.1149121
65 0.2232911 0.1319395 0.3159424 0.1782902 0.2489839 0.1029732 0.07095068 0.09465569 3.711889 0.6507722 0.5021307 0.1246778
66 0.2466148 0.1884522 0.3448512 0.2474518 0.2780452 0.1361739 0.1396932 0.1101692 5.580269 0.586648 0.4668823 0.09706997
68 0.1757997 0.1636806 0.2468328 0.2249679 0.1613421 0.1028391 0.1114659 0.07212692 2.418023 0.5582937 0.4513763 0.1096118
69 0.1766077 0.1844218 0.2315203 0.2180407 0.1328549 0.08229232 0.09571265 0.0838388 2.147262 0.5360104 0.4502177 0.1047926
70 0.2290758 0.1775918 0.3182934 0.2451169 0.2631084 0.1570205 0.1242417 0.09628475 5.722007 0.6241649 0.4588718 0.1106652
71 0.2036466 0.1850743 0.292169 0.2521223 0.2142617 0.1365607 0.1361524 0.1005803 1.955658 0.4522042 0.4235625 0.09008021
72 0.2240558 0.1828818 0.3091447 0.2361607 0.2550556 0.1338251 0.1231462 0.1326623 22.80539 0.4717794 0.4143126 0.08699834
74 0.2272892 0.15615 0.3292926 0.2310745 0.2917164 0.1358417 0.1352195 0.1014642 2.932706 0.5800493 0.4436933 0.09890344
75 0.2245437 0.1313137 0.2875752 0.1588958 0.1840688 0.07198319 0.04980737 0.09192018 0.629017 0.5216307 0.5222399 0.09450093
76 0.202709 0.1555028 0.2891706 0.215474 0.2035366 0.1107658 0.1113075 0.1052958 1.603476 0.5173069 0.4398496 0.09548763
78 0.1770841 0.1279721 0.2703178 0.1955746 0.1662712 0.08978245 0.08854259 0.09497495 1.756903 0.5987608 0.4364673 0.1052705
79 0.1704457 0.1540809 0.2599104 0.2262188 0.1609561 0.1080509 0.1148853 0.09116214 2.034081 0.5548286 0.4133366 0.1034678
80 0.2392389 0.1690739 0.3412942 0.2447832 0.2795723 0.1490874 0.1538788 0.1339612 1.785654 0.4897099 0.4344765 0.0857298
81 0.1919474 0.1642707 0.2686909 0.2260333 0.1838759 0.1238689 0.1245323 0.08016476 3.474341 0.8545362 0.4741131 0.1529156
82 0.1891526 0.1528412 0.2814271 0.2170075 0.1950277 0.1048255 0.114832 0.1064112 1.713462 0.4858604 0.4556844 0.09350021
83 0.1946909 0.189019 0.2864801 0.2420807 0.1914939 0.1177228 0.124778 0.1057848 2.871812 0.5078066 0.4201206 0.091174
84 0.2349241 0.1556298 0.3267255 0.2107453 0.2709101 0.1298841 0.1054218 0.086501 70.83484 0.6242204 0.4797921 0.1193706
85 0.2104206 0.1477031 0.2858844 0.198487 0.187904 0.09890987 0.08194033 0.1068214 2.215329 0.4794747 0.420819 0.09673895
86 0.2162958 0.1889488 0.283016 0.2472199 0.1901242 0.116746 0.1277168 0.08443561 1.129704 0.5481636 0.4313044 0.09355785
87 0.1975301 0.1575501 0.2896804 0.2212273 0.2159806 0.1272065 0.1179884 0.1300361 1.032612 0.4891766 0.4786741 0.1043283
90 0.1935083 0.1552109 0.2777029 0.2032657 0.1928321 0.09861338 0.09394713 0.08727078 1.833864 0.5018832 0.4330797 0.09934012
91 0.2056384 0.1706798 0.2685176 0.237388 0.1819247 0.1186868 0.1346885 0.09807781 1.549777 0.4866549 0.4223898 0.09186852
92 0.1902737 0.1516327 0.2786691 0.2105148 0.1815675 0.09560565 0.1008385 0.07770165 0.8665953 0.4198087 0.4369702 0.08609724
93 0.1982582 0.156125 0.279086 0.2057061 0.1957374 0.09801659 0.08735949 0.08369577 2.12635 0.5474043 0.4067038 0.0997797
94 0.2082817 0.18263 0.2942053 0.2545212 0.2073139 0.1323045 0.1429392 0.1150255 0.9907473 0.5312043 0.4963825 0.1039795
95 0.2180566 0.1845578 0.293732 0.225938 0.2218641 0.1095924 0.1055623 0.0795135 2.099237 0.5193585 0.4192506 0.09005477
96 0.1976968 0.1818957 0.2770907 0.2404397 0.1859239 0.1187728 0.1354894 0.08747799 2.804143 0.6234738 0.511028 0.1177273
99 0.1722661 0.1725033 0.2326792 0.2207401 0.1401923 0.0965773 0.1142667 0.08270136 3.01509 0.6197947 0.4984978 0.1206165
100 0.1937746 0.1429177 0.2873514 0.2018259 0.1864081 0.09804401 0.09538414 0.108833 1.88744 0.872623 0.642571 0.1649586
102 0.22089 0.1244497 0.3174847 0.1779803 0.2465668 0.09956936 0.07714766 0.075241 8.532966 0.5584325 0.432365 0.1021026
103 0.1741823 0.1302893 0.2566026 0.1815048 0.1731707 0.08118823 0.08321494 0.08076978 1.423236 0.4998955 0.4860557 0.09341918
105 0.1666284 0.1467772 0.2357468 0.1967061 0.152479 0.08649864 0.08777393 0.06402104 2.604299 0.6608481 0.5122767 0.1311688
107 0.1837428 0.1644594 0.2607911 0.2276158 0.1761673 0.1069064 0.1377196 0.08598467 1.630851 0.4458974 0.4314484 0.08840596
108 0.1985394 0.1641664 0.2816611 0.2282302 0.1990542 0.1176957 0.1132381 0.100688 2.979207 0.5315895 0.4809402 0.1025854
109 0.1994399 0.1532971 0.2858551 0.2029527 0.1999723 0.09946458 0.08380776 0.0896896 2.33317 0.5139498 0.4250367 0.09882789
111 0.2150315 0.1685436 0.317115 0.2369902 0.2711817 0.141172 0.1157926 0.1310146 0.9078142 0.4065008 0.3897109 0.07621764
112 0.183326 0.1751641 0.2645329 0.2405618 0.191903 0.1256765 0.144385 0.09837053 5.656453 0.521268 0.4256404 0.09437334
113 0.1686068 0.1523305 0.2410488 0.2048808 0.1518406 0.0922569 0.1149609 0.07997511 1.045409 0.6127629 0.510922 0.1182704
114 0.1984992 0.1582899 0.2695726 0.2125464 0.1968361 0.1150625 0.1131875 0.1042562 15.33861 0.5752034 0.431936 0.1096056
115 0.2161291 0.1666117 0.2879387 0.2140871 0.1940246 0.1081225 0.1008169 0.086613 1.96994 0.5768873 0.4740629 0.1092457
116 0.2179913 0.1799488 0.2955512 0.2301592 0.2090844 0.1133498 0.1134803 0.1013293 0.8871461 0.4726624 0.4081093 0.08707607
117 0.2393942 0.1767323 0.3281706 0.2248178 0.2899647 0.1321366 0.1185536 0.07810974 4.81841 0.497833 0.4605991 0.09794449
119 0.229724 0.1443671 0.342554 0.2011411 0.2897905 0.12746 0.1018902 0.1036412 3.654576 0.5495707 0.4346268 0.1017969
120 0.2161178 0.1656943 0.3072699 0.2292536 0.2298326 0.1329835 0.1271393 0.07928002 38.66862 0.6908456 0.4707759 0.1208554
121 0.1679799 0.1490183 0.2283293 0.1990233 0.1262031 0.07544355 0.08562047 0.08318594 1.571062 0.5910441 0.4538793 0.1105242
122 0.2146365 0.1539976 0.288916 0.1954197 0.1958718 0.09903279 0.07794907 0.09660526 2.343214 0.5011043 0.4396674 0.0985651
123 0.2205069 0.1456926 0.2958573 0.1794493 0.2342579 0.09749288 0.06496775 0.07600589 1.765842 0.5222955 0.4072943 0.09402183
124 0.1909124 0.1210674 0.269137 0.1713137 0.1720434 0.08719897 0.07703353 0.07468815 3.251655 0.5222759 0.4411667 0.09859733
127 0.2454035 0.1831158 0.3453885 0.237734 0.2938793 0.1487257 0.136533 0.1069094 7.924509 0.550091 0.4799587 0.1002013
128 0.2370729 0.1347746 0.3178944 0.1935483 0.2697798 0.116095 0.08118913 0.1237157 1.525549 0.4681038 0.3901699 0.08407088
129 0.2150773 0.1731926 0.3074724 0.2328479 0.2582551 0.1294234 0.1354019 0.08937264 1.469271 0.4671149 0.4445614 0.09360976
130 0.1961815 0.1780949 0.2566199 0.2149787 0.150747 0.09323427 0.09776258 0.08710171 1.558808 0.5784127 0.4577202 0.1096476
131 0.1901015 0.1166541 0.2727973 0.1699646 0.181736 0.08544845 0.06585656 0.08827677 0.8423037 0.6201699 0.4524089 0.1071948
133 0.1661018 0.1287032 0.2443535 0.1814397 0.1574392 0.08713281 0.0804265 0.1024386 1.5514 0.5485339 0.4775366 0.1089172
134 0.1900312 0.148948 0.2707082 0.1958757 0.1827512 0.08800627 0.08287993 0.07064851 2.72723 0.51487 0.4196069 0.09820626
135 0.1536025 0.1385568 0.2413053 0.2152453 0.1393013 0.08743119 0.1024824 0.08720541 0.9622479 0.5606153 0.4537709 0.0960304
136 0.2510408 0.1876096 0.360303 0.2524576 0.2988624 0.1651405 0.1462312 0.1190295 1.578132 0.5541925 0.4436471 0.09794227
