1 5.264754 -0.1040737 0.074037 -0.7694011 1.093161 0.3267843 0.3121484 0.3996444 -2.652728 -0.3335584 0.08806744
3 5.241392 -0.6623917 -0.1432888 -0.1882613 0.9243658 0.3770052 0.09455515 0.06544614 -2.904715 -0.5353631 0.1894477
5 5.60444 -0.3466047 -0.5031944 -0.4620996 0.9740596 0.2125897 0.1913777 0.2845294 -2.816794 0.1355594 0.1140965
6 5.401077 -0.2221564 -0.7420615 -0.3977909 1.170142 0.3819523 0.1119675 0.4052204 -2.311429 -0.6214275 0.1254742
8 5.441907 -0.3382347 -0.1344528 -0.678618 0.8368683 0.2821932 0.2503268 0.3346749 -2.146639 -0.5491963 0.1354737
9 5.516209 -0.4974304 0.01885156 -0.7249824 0.9530568 0.3120189 0.1918411 0.1900662 -3.147899 -0.5260567 0.3321856
10 5.445174 -0.3047832 -0.07797926 -0.6378052 1.180696 0.4047123 0.06720676 0.406055 -2.444878 -1.08151 0.2164304
11 5.042277 -0.1363583 0.2491769 -1.090626 1.493962 0.7619793 0.5685816 0.5573182 -2.19474 -0.4689527 0.1355291
13 5.255128 -0.4765173 0.2731631 -0.4484532 1.226221 0.4309115 0.1878538 0.1545198 -2.863649 -0.345933 0.1868993
14 5.386673 -0.533138 -0.4743462 -0.2797065 0.9121242 0.3309263 0.2158436 0.2127589 -2.365859 -0.4489895 0.1137772
15 5.217375 -0.3326402 -0.287014 -0.5058184 1.211052 0.221577 0.115283 0.2155982 -2.293562 -0.04616478 0.05296748
16 4.765407 -0.1024671 0.6401932 -0.7103703 1.065161 1.023179 0.2122034 0.08897986 -2.479667 -0.9086182 0.2541579
18 5.561743 -0.5480322 -0.381812 -0.1841538 0.9330702 0.3985804 0.1920219 0.1476286 -2.699027 -1.50218 0.2243812
20 5.451093 -0.2819213 -0.4289697 -0.6630926 0.875773 0.3924331 0.382561 0.4843991 -2.742902 -0.3343986 0.2027533
21 5.489124 -0.1088734 -0.3155354 -0.6913383 0.8692012 0.2456494 0.08433677 0.1097668 -2.675415 -1.422406 0.2603065
25 5.383815 -0.6349679 0.2893326 -0.5541162 1.218155 0.3367928 -0.1655702 0.3769896 -2.380455 -1.095358 0.1486133
26 5.517864 -0.3625417 -0.1800686 -0.7449773 0.9458943 0.3649256 0.2621108 0.2696352 -2.817018 -0.3750201 0.2169967
27 5.170258 -0.2954196 0.1824945 -0.5439269 1.080023 0.8176883 -0.3892526 0.5448282 -2.219339 -0.06837588 0.04171047
28 5.432414 -0.573009 0.1472581 -0.289091 0.9834304 0.3967319 0.1606781 0.09907878 -2.378304 -0.7374246 0.151975
29 5.1026 -0.2034438 0.1142614 -0.9706695 1.006976 0.223982 0.2283417 0.5281834 -2.872125 -0.3880542 0.2244462
30 5.147298 -0.4758272 0.3443644 -0.780867 1.247851 0.1854177 0.03810649 0.1234808 -2.729714 -0.9157284 0.2443272
31 5.323321 -0.3393982 0.0345928 -0.8775199 0.9994679 0.6854165 0.05829823 0.03779295 -2.204388 -0.8224406 0.1095425
32 5.216318 -0.3050499 -0.2874217 -0.5115068 1.32479 0.3761109 0.1635475 0.1383688 -2.883077 -0.3483512 0.2158792
33 5.446306 0.004975641 -0.08700018 -1.249049 1.135057 0.9642032 0.23849 0.1316642 -2.776809 -0.3223275 0.1418512
35 5.257519 -0.423642 0.1374084 -0.6506672 0.8268269 0.2462278 0.1419624 0.1534175 -2.589198 -0.636349 0.1281097
36 5.087328 -0.4171803 0.2947561 -0.5902061 1.189368 0.5809206 0.2419185 0.1854853 -2.260642 -0.6191188 0.1312959
37 5.833041 -0.1749039 -0.6138503 -0.6230763 1.027245 0.4269018 0.2596718 0.2268752 -2.757046 -0.8130322 0.1743912
38 5.63128 -0.3686386 -0.2008392 -0.8666388 1.239994 0.8225358 0.1241653 0.220588 -2.188935 -0.4708697 0.1644344
39 5.384543 -0.5417667 -0.1265369 -0.6992825 1.209268 0.5109528 0.4124811 0.4040131 -1.991587 -0.906312 0.091882
40 5.707997 -0.6365392 -0.3816878 -0.2365938 0.9264637 0.4740893 0.1009578 0.1409402 -2.712715 -0.7084562 0.1797375
41 5.271232 -0.448626 -0.1275157 -0.599176 0.5243766 0.2124974 0.08621125 0.09291818 -2.791804 -1.436125 0.3147602
43 5.794114 -0.5975047 -0.7774882 -0.1450918 1.218199 0.4370463 0.2240731 0.3178311 -2.63773 -0.1891605 0.1111931
47 5.2357 -0.4462987 0.002640309 -0.5911218 0.7951137 0.8126627 0.2636716 0.2193772 -2.420856 -1.191711 0.2308178
50 5.458794 -0.3105877 -0.1968024 -0.7158206 0.8658879 0.2110255 0.1167043 0.1233121 -3.126915 -0.9724813 0.2634602
51 5.297138 -0.73474 -0.3732727 -0.494613 1.073187 0.2696059 0.2221627 0.2861633 -2.673603 -0.2702879 0.212918
52 5.576826 -0.1752183 0.07579976 -0.8143839 1.270557 1.248876 0.3240627 0.1220273 -2.329736 -0.7145646 0.1264561
54 5.171326 -0.2993845 0.3261787 -0.8586235 1.06099 0.2958682 0.2432477 0.2702567 -2.76081 -0.6237098 0.2564063
55 5.4868 -0.4054619 -0.5993296 -0.6854229 1.285904 0.0996093 0.123633 0.4843288 -2.477251 -0.9974207 0.1752374
56 5.487665 -0.6395582 -0.1250868 -0.3805427 1.012894 0.454768 0.02344774 0.1602403 -2.41954 -0.4750665 0.1760533
57 5.429333 -0.4866594 0.18547 -0.4736526 1.10118 0.1298582 0.1278676 0.2709224 -2.435091 -0.6686153 0.1669879
58 5.76021 -0.4790446 -0.7540278 -0.533977 1.318896 0.8038018 0.2652786 0.1620362 -2.440383 -0.4920363 0.09494152
60 5.206388 -0.6216544 -0.05292045 -0.5405057 0.8796292 0.258629 0.2060177 0.2567119 -3.119401 -0.01369704 0.1458961
62 5.108386 -0.60301 0.06794195 -0.5484699 1.065712 0.3208158 0.1398999 0.1682323 -3.066478 -0.3015073 0.2491496
65 4.766993 -0.1155543 0.596985 -1.141687 1.01044 0.6539676 0.1518409 0.06440893 -3.211034 -0.6441759 0.2592487
66 6.027011 -0.4292073 -1.139312 -0.5043345 1.195441 0.5287493 0.2841603 0.2253042 -2.787327 -0.2135287 0.1619564
68 5.199568 -0.4778076 0.3598092 -0.6429083 0.8716139 0.4622167 0.1259227 0.2768084 -2.676687 -0.6140814 0.1781381
69 5.113435 -0.1411287 0.5395241 -0.8297351 0.9221696 0.1369551 0.09874895 0.1793679 -2.309609 -1.384918 0.2256702
70 5.535678 -0.4404456 -0.4993915 -0.5654087 1.016523 0.5138621 0.1734657 0.1667746 -3.217457 0.09203528 0.2304699
71 4.975491 -0.4823926 0.3760802 -0.4179777 1.092802 0.6945422 0.416344 0.3127581 -2.180476 -0.1857311 0.03772298
72 5.486573 -0.2521771 -0.4941909 -0.5710589 1.274599 0.3480376 0.1534013 0.140419 -2.099384 -0.3886011 0.06208305
74 5.795078 -0.5490569 -1.025735 -0.4444191 1.192053 0.8378617 0.2297921 0.1553322 -3.167753 0.3423367 0.2032563
75 5.483846 -0.05220483 -0.255672 -1.077547 1.903161 0.5902148 0.1341573 0.09295428 -2.336207 -0.9200822 0.04112026
76 5.208758 -0.2109564 -0.08476326 -0.7740704 1.446416 0.3297247 0.1996606 0.2505759 -2.484566 -0.1474157 0.08613821
78 5.723527 -0.2824213 -0.5326839 -0.7093466 1.093583 0.2878188 0.1850646 0.1739155 -2.844975 -0.4790621 0.2305766
79 5.322861 -0.2232338 0.04411819 -0.8314159 1.116718 0.1657743 0.06785849 0.3068223 -2.682051 -0.348273 0.2027297
80 5.573529 -0.326669 -0.8251 -0.1517126 1.666175 0.307711 0.254885 0.9541969 -2.568279 -0.4695344 0.1533313
81 5.193429 -0.1868499 -0.2763659 -0.8150856 0.9539845 0.2514912 0.06381395 0.2490794 -4.382243 0.1089485 0.4952996
82 5.033704 -0.1603216 -0.2215191 -0.5170221 1.176383 0.812891 0.5292183 0.4301752 -2.343736 -0.8092568 0.1152096
83 5.51345 -0.2424736 -0.08789736 -0.9940964 1.150171 0.2301338 0.1995425 0.2883211 -2.264702 -0.705651 0.1723291
84 5.046663 -0.3851619 0.3935784 -0.7421801 0.9834753 0.5705446 0.2172369 0.1642668 -3.163296 -0.4290579 0.2204847
85 5.367108 -0.6773451 0.04014132 -0.5688417 1.186529 0.2742587 0.09169609 0.09753866 -2.30929 -0.702669 0.1546449
86 5.709554 -0.5449251 -0.5921759 -0.4076755 1.148236 0.4696166 0.1915903 0.3205222 -2.734322 -0.1586228 0.2034787
87 4.960902 -0.4981628 0.1226858 -0.2062369 1.638801 0.5910607 0.0892599 0.3271946 -2.148365 -1.084703 0.09086479
90 5.342974 -0.6140177 -0.1837215 -0.4642115 1.022065 0.455603 0.1970824 0.1363244 -2.330943 -1.059422 0.2303348
91 5.365437 -0.5826225 -0.1084612 -0.2945725 1.234396 0.4980514 0.3802123 0.4104851 -2.586974 -0.2720281 0.1431576
92 5.505806 -0.4776948 -0.7096495 -0.2754477 1.229802 2.504236 -0.162762 0.166465 -1.59213 -0.8689942 -0.0385358
93 5.155021 -0.6084073 0.5045517 -0.5330099 0.9962855 0.4209406 0.3190262 0.3238732 -3.165038 0.0954379 0.2913341
94 5.311759 -0.5929145 -0.35997 -0.3537446 1.604353 0.8948994 0.4438551 0.3154686 -2.552499 -0.6453401 0.09405524
95 5.742562 -0.4750642 -0.6715586 -0.6650688 1.099137 0.6329014 0.06452038 0.1554538 -2.511317 -0.2424843 0.166123
96 5.494916 -0.5144087 -0.5137463 -0.6132334 1.014174 0.2279527 0.1738499 0.3599382 -2.789837 -1.224763 0.2738609
99 5.292987 -0.4412862 0.1203749 -0.7857167 0.8879752 0.2013812 0.1671486 0.2215688 -2.830947 -1.286215 0.2806043
100 5.319458 -0.488297 0.1100279 -0.3769237 1.176246 0.263346 0.1582617 0.2948425 -3.989931 -0.6655184 0.2618722
102 5.608143 -0.5372096 -0.3197586 -0.4333997 0.8398325 0.6994013 0.165641 0.100471 -2.785809 -0.1694669 0.1603978
103 5.2943 -0.3899069 0.02985279 -0.6381792 0.986983 0.6796618 0.2249039 0.1666862 -2.406465 -0.8200846 0.08028361
105 5.226687 -0.4955615 0.3558823 -0.5126618 0.8055694 0.5722601 0.01304421 0.2249169 -3.237987 -1.097625 0.2926374
107 5.328682 -0.6377817 0.07486234 -0.5131183 1.021363 0.489343 0.4691538 0.5551866 -2.054366 -0.5576461 0.02536378
108 5.372022 -0.3727135 -0.1486795 -0.5939894 1.062412 0.3435142 0.2728609 0.2929562 -2.402319 -0.9508435 0.1239933
109 5.135034 -0.5560459 0.4776387 -0.4120625 1.031001 0.6693154 0.1916811 0.1090711 -2.827977 -0.4476497 0.2223545
111 5.103106 -0.31291 0.6738345 -0.8778613 2.151804 1.013999 0.1732413 0.14526 -1.92976 -0.3591414 0.07363121
112 5.343113 -0.283246 0.1849919 -0.6884665 0.9976821 0.2087849 0.2155244 0.3485768 -2.513331 -0.4164622 0.1507971
113 4.984161 -0.2511279 0.1143585 -0.4330274 1.165676 0.3954346 0.3403709 0.4787417 -3.123715 -1.218643 0.2964376
114 5.377958 -0.4842651 -0.1143046 -0.4371095 0.9742877 0.2564436 0.1387653 0.1240024 -2.811659 -0.5685143 0.2313478
115 5.207327 -0.3233876 -0.04252463 -0.6505144 1.057504 0.2728094 0.2564249 0.3446231 -2.73895 -1.300239 0.3042423
116 5.266947 -0.6150082 0.2425886 -0.2038879 1.461962 0.9963473 0.3430611 0.1831019 -2.571072 -0.5278764 0.2128218
117 5.433212 -0.6669079 -0.1865466 -0.07037758 0.9346361 0.7379259 0.2639489 0.3237005 -2.444078 -0.4730028 0.06903469
119 5.204168 -0.1913617 -0.4637793 -0.6002278 1.031078 1.010422 0.3481903 0.1516615 -2.737011 -0.531541 0.2145126
120 5.731893 -0.4099427 -0.5443017 -0.4467379 0.9074205 0.4001021 0.1237805 0.2519628 -3.355928 -0.03718938 0.2242266
121 5.841898 -1.005048 -0.6562386 0.2003208 0.9553961 0.1711971 0.1643737 0.2996159 -2.960338 -0.2230102 0.1771923
122 5.479287 -0.6601389 -0.4408604 -0.2379777 1.062225 0.465282 0.2212029 0.1470146 -2.318809 -0.8212558 0.1379567
123 5.345752 -0.2804201 0.1861069 -0.7549593 0.9025027 0.8562993 0.1595387 0.06669153 -2.544192 -0.6162276 0.2300394
124 5.487623 -0.3934037 -0.1806064 -0.8672071 0.8293315 0.3165416 0.1513477 0.1154719 -2.376783 -0.4991513 0.1006292
127 5.755149 -0.448013 -0.5346498 -0.6725145 1.249704 0.5385461 0.1099477 0.2910177 -2.581008 -0.516107 0.09072434
128 5.280081 -0.2623625 0.3033196 -0.8243513 1.459084 0.9197932 0.03014574 0.04039632 -2.520095 0.3416692 0.1186038
129 5.152228 -0.3960049 0.1631753 -0.670219 1.209997 1.298855 0.0870085 0.215212 -2.081888 -0.7170732 0.05244781
130 5.064856 -0.2533864 0.04127488 -0.7793221 1.142845 0.2727968 0.1891721 0.2066586 -2.744427 -1.116229 0.3123597
131 5.303354 -0.3357288 0.06657922 -0.8185276 1.2388 0.7366268 0.273823 0.1404355 -3.403744 0.2707899 0.2325349
133 5.406126 -0.4796132 -0.4245513 -0.2999907 1.242628 0.17027 0.07700737 0.2007627 -2.40998 -0.9591255 0.1418976
134 5.441457 -0.6059529 -0.2334694 -0.1390029 0.8592136 0.561557 0.2153825 0.1549692 -2.389809 -0.9700983 0.2350658
135 5.691653 -0.3962493 0.05405213 -0.5726438 1.315135 0.779899 0.315918 0.2301281 -3.16883 -0.8031039 0.3014274
136 5.259367 -0.1852525 0.2665059 -0.9080262 1.736657 0.5796981 0.01068693 0.6655138 -2.782296 -0.7746775 0.2487282
