1 5.146586 -0.18007 0.1549061 -0.6980471 0.6477683 0.3012713 0.1729765 0.4208651 9.664799 -2.652728 -0.3335584 0.08806744
3 5.173246 -0.5877737 -0.0515833 -0.2678851 0.5590307 0.4628689 0.02730616 0.09212597 12.42812 -2.904715 -0.5353631 0.1894477
5 5.58278 -0.4269952 -0.4369103 -0.4779257 0.5251151 0.2557424 0.07208051 0.2908992 8.309218 -2.816794 0.1355594 0.1140965
6 5.207425 -0.3211007 -0.3820935 -0.4910505 0.4348581 0.4371173 0.09969197 0.2726769 4.841388 -2.311429 -0.6214275 0.1254742
8 5.47168 -0.5074782 -0.1539746 -0.4524968 0.3582189 0.4256585 0.09837785 0.1719002 5.821398 -2.146639 -0.5491963 0.1354737
9 5.579925 -0.4145813 -0.1074603 -0.7272007 0.5021381 0.2991164 0.1294583 0.1721687 7.344549 -3.147899 -0.5260567 0.3321856
10 5.546707 -0.5077738 -0.3570695 -0.326163 0.4015217 0.2895159 0.04516513 0.2517051 3.538182 -2.444878 -1.08151 0.2164304
11 5.264632 -0.1483021 0.09514196 -0.7826718 0.4129568 0.3368952 0.0893516 0.1655611 2.685929 -2.19474 -0.4689527 0.1355291
13 5.390272 -0.4330104 0.1362656 -0.4972712 0.5175782 0.4690675 0.01059624 0.218266 5.293663 -2.863649 -0.345933 0.1868993
14 5.367499 -0.4184821 -0.2816188 -0.4577422 0.4706816 0.3179496 0.1772802 0.1468277 6.379055 -2.365859 -0.4489895 0.1137772
15 5.280005 -0.4668191 -0.3188747 -0.3138102 0.4639182 0.4193975 -0.05252958 0.2970896 4.230971 -2.293562 -0.04616478 0.05296748
16 4.971556 -0.1491737 0.4683813 -0.6201925 0.4797791 0.6070378 0.1695857 0.1188687 5.318958 -2.479667 -0.9086182 0.2541579
18 5.486872 -0.4792154 -0.3422358 -0.2785834 0.5598845 0.4113802 0.1455761 0.1800267 12.63932 -2.699027 -1.50218 0.2243812
20 5.498968 -0.2575796 -0.3954494 -0.6275431 0.4240548 0.3399361 0.1507989 0.3293654 6.402522 -2.742902 -0.3343986 0.2027533
21 5.469017 -0.1471968 -0.3185728 -0.6611966 0.5181044 0.2570631 0.03173769 0.1628454 11.86814 -2.675422 -1.422412 0.2603077
25 5.433201 -0.6022834 -0.05864922 -0.3947453 0.4826207 0.03495765 0.02059404 0.1952597 3.853236 -2.380455 -1.095358 0.1486133
26 5.482726 -0.3500788 -0.1723956 -0.7447367 0.611257 0.4372362 0.1834215 0.3164498 25.20766 -2.817018 -0.3750201 0.2169967
27 5.269461 -0.3689037 0.1438626 -0.5356219 0.4603528 0.8399243 -0.3986664 0.5375626 7.524013 -2.219339 -0.06837588 0.04171047
28 5.40762 -0.5285995 0.1848193 -0.3206737 0.5538938 0.309036 0.1170269 0.1169957 7.423374 -2.378304 -0.7374246 0.151975
29 4.978319 -0.1736589 0.199267 -0.8047935 0.4051877 0.342957 -0.04584188 0.2464796 4.591592 -2.872125 -0.3880542 0.2244462
30 5.201913 -0.4839244 0.1481307 -0.6732149 0.6471911 0.210257 0.004134559 0.164761 6.32976 -2.729714 -0.9157284 0.2443272
31 5.374794 -0.3390008 0.00689334 -0.9324285 0.4615481 0.5965643 -0.04409143 0.1072158 6.076141 -2.204388 -0.8224406 0.1095425
32 5.398915 -0.2569993 -0.2485142 -0.6329989 0.4502915 0.1555958 0.106074 0.1504049 2.884428 -2.883077 -0.3483512 0.2158792
33 5.455846 -0.1241362 -0.02801193 -1.056317 0.5943893 0.9361813 0.1064827 0.2019272 8.973632 -2.776809 -0.3223275 0.1418512
35 5.192749 -0.3382409 0.2220123 -0.7045481 0.3925391 0.3339685 0.04733711 0.1416614 5.705485 -2.589198 -0.636349 0.1281097
36 5.523465 -0.5759315 -0.09405409 -0.3053985 0.298398 0.3673689 -0.009459426 0.2592332 2.844463 -2.260642 -0.6191188 0.1312959
37 5.691347 -0.2780981 -0.3803039 -0.4926746 0.5399682 0.3478431 0.1582456 0.1886928 6.698701 -2.757046 -0.8130322 0.1743912
38 5.605352 -0.3140657 -0.1499812 -0.8355847 0.3893178 0.8335021 -0.07653902 0.367252 5.182217 -2.188935 -0.4708697 0.1644344
39 5.388337 -0.4453262 -0.2986532 -0.7162497 0.4587917 0.164278 0.1753526 0.3177483 4.099659 -1.991587 -0.906312 0.091882
40 5.667841 -0.6032109 -0.4665641 -0.2863293 0.3688527 0.5863315 -0.003423166 0.1712069 5.350189 -2.712715 -0.7084562 0.1797375
41 5.285199 -0.4437545 -0.06626152 -0.6247666 0.2218215 0.2501617 -0.009781336 0.09798346 5.122474 -2.791804 -1.436125 0.3147602
43 5.605766 -0.4497021 -0.6352 -0.1579765 0.619003 0.2884059 0.1124143 0.3615397 6.549421 -2.63773 -0.1891605 0.1111931
47 5.123062 -0.3956961 0.07420347 -0.6388644 0.3643899 0.5996744 0.1181475 0.2757185 7.846044 -2.420856 -1.191711 0.2308178
50 5.427578 -0.3362237 -0.1938709 -0.7101875 0.5004831 0.285779 0.06174432 0.09650698 7.588541 -3.126915 -0.9724813 0.2634602
51 5.256274 -0.7874224 -0.2454065 -0.3174785 0.4654828 0.1184716 0.09126547 0.2062129 3.704263 -2.673603 -0.2702879 0.212918
52 5.433316 -0.1823768 0.2581328 -0.8144167 0.4045542 0.921803 0.09941087 0.1562407 4.036221 -2.329736 -0.7145646 0.1264561
54 5.155415 -0.2013548 0.3219375 -0.9528091 0.5352981 0.3650312 0.1285099 0.2338188 7.14427 -2.76081 -0.6237098 0.2564063
55 5.538711 -0.3305727 -0.7823844 -0.7960145 0.6141932 0.1814258 0.032709 0.2598593 5.53121 -2.477251 -0.9974207 0.1752374
56 5.61961 -0.712755 -0.3989544 -0.168554 0.3253124 0.6701824 -0.1467547 0.249841 4.492102 -2.41954 -0.4750665 0.1760533
57 5.407281 -0.4949321 0.1721455 -0.4651067 0.406209 0.1497651 0.07248992 0.191802 3.72871 -2.435091 -0.6686153 0.1669879
58 5.545142 -0.4903183 -0.6070589 -0.5805409 0.5373625 0.7539517 -0.02547691 0.2748505 4.903237 -2.440383 -0.4920363 0.09494152
60 5.177408 -0.6023389 -0.02384868 -0.5878469 0.4917585 0.4004655 0.1181477 0.2273884 9.528766 -3.119401 -0.01369704 0.1458961
62 5.042057 -0.5978207 0.0562059 -0.4962759 0.6430428 0.3890857 0.04878093 0.1901772 11.2012 -3.066478 -0.3015073 0.2491496
65 4.841125 -0.1870205 0.5152227 -1.00445 0.5763589 0.6121334 0.0879914 0.07303241 7.966018 -3.211034 -0.6441759 0.2592487
66 5.8967 -0.3244496 -0.9508218 -0.5683362 0.6421813 0.7112934 0.1274376 0.2654725 10.52341 -2.787327 -0.2135287 0.1619564
68 5.304255 -0.5253474 0.141117 -0.4350413 0.4311243 0.2845552 0.05583515 0.2777793 6.222185 -2.676687 -0.6140814 0.1781381
69 5.220374 -0.2533102 0.4920158 -0.8474847 0.4450855 0.1680712 0.07060183 0.1345086 5.827072 -2.309609 -1.384918 0.2256702
70 5.530771 -0.5064122 -0.4719538 -0.4854559 0.5424389 0.6551094 -0.02102236 0.2862888 9.681174 -3.217457 0.09203528 0.2304699
71 5.12619 -0.4439136 0.3961806 -0.5617193 0.5305505 0.4431403 0.2448344 0.3229885 5.358732 -2.180476 -0.1857311 0.03772298
72 5.46152 -0.2762242 -0.4574586 -0.5544106 0.8717077 0.3839092 0.08753342 0.169952 21.70851 -2.099384 -0.3886011 0.06208305
74 5.675129 -0.4846397 -0.9682 -0.4599012 0.5707241 0.6958931 0.09638711 0.2636786 6.793157 -3.167753 0.3423367 0.2032563
75 5.480886 -0.1656027 -0.411217 -0.7754435 0.4361847 0.4080719 0.06830308 0.03773527 2.556069 -2.336207 -0.9200822 0.04112026
76 5.249909 -0.2871 -0.1562704 -0.7314221 0.5872283 0.3666356 0.1934605 0.1962853 4.867876 -2.484566 -0.1474157 0.08613821
78 5.728466 -0.3136172 -0.5661302 -0.5066693 0.4761016 0.3282024 0.07162374 0.1308718 5.042968 -2.844975 -0.4790621 0.2305766
79 5.211017 -0.1001457 0.06741359 -0.8433719 0.483913 0.2818459 0.00580984 0.2269795 5.431475 -2.682051 -0.348273 0.2027297
80 5.584302 -0.3732005 -0.61448 -0.40085 0.7473282 0.561388 0.2596615 0.220247 5.29146 -2.568279 -0.4695344 0.1533313
81 5.196728 -0.2374892 -0.1715773 -0.7983855 0.4656347 0.3934619 -0.04868493 0.2737325 8.05005 -4.382243 0.1089485 0.4952996
82 5.108289 -0.2664075 -0.1128705 -0.4812634 0.5913903 0.3455716 0.1610813 0.191494 4.921346 -2.343736 -0.8092568 0.1152096
83 5.462722 -0.2431962 0.008200919 -0.9561283 0.563855 0.3761725 0.1048409 0.2203504 6.868821 -2.264702 -0.705651 0.1723291
84 5.090882 -0.3920008 0.3516141 -0.7263245 0.6646643 0.736598 0.0928985 0.2257955 50.68012 -3.163296 -0.4290579 0.2204847
85 5.28015 -0.6915543 0.09015933 -0.5834758 0.5687108 0.3797031 0.0217365 0.1174237 5.818895 -2.30929 -0.702669 0.1546449
86 5.595774 -0.59078 -0.4301792 -0.3293767 0.3656447 0.4556766 0.04799254 0.2939746 3.566917 -2.734322 -0.1586228 0.2034787
87 5.204639 -0.5181226 0.00264868 -0.1460106 0.6727596 0.2885912 0.04585795 0.1869348 3.494349 -2.148365 -1.084703 0.09086479
90 5.273033 -0.645804 0.008740064 -0.4767279 0.4512171 0.398813 0.1082275 0.1382601 5.14575 -2.330943 -1.059422 0.2303348
91 5.466344 -0.5684819 -0.1716165 -0.4591911 0.547082 0.2795075 0.125354 0.3104686 4.718372 -2.586974 -0.2720281 0.1431576
92 5.423188 -0.4439902 -0.1657528 -0.4747773 0.3752078 0.4556849 0.01177453 0.2224946 3.142555 -1.59213 -0.8689942 -0.0385358
93 5.269845 -0.5947166 0.3843995 -0.5076048 0.4408148 0.4399021 0.1641645 0.159622 5.660771 -3.165038 0.0954379 0.2913341
94 5.386226 -0.5803016 -0.06591139 -0.2549144 0.5690779 0.3781483 0.1084009 0.3338127 3.519953 -2.552499 -0.6453401 0.09405524
95 5.483354 -0.3179093 -0.5643237 -0.7040986 0.4366503 0.5480116 -0.03823293 0.2202416 5.796369 -2.511317 -0.2424843 0.166123
96 5.467873 -0.5273004 -0.4813317 -0.5218949 0.5104187 0.3892575 -0.02302683 0.3014847 6.836924 -2.789837 -1.224763 0.2738609
99 5.248913 -0.4170626 0.2265176 -0.8079616 0.4678008 0.1885437 0.1073948 0.2493974 7.108224 -2.830947 -1.286215 0.2806043
100 5.50446 -0.6436045 -0.2198251 -0.198194 0.5440338 0.3780478 0.0676571 0.2010895 4.673458 -3.989931 -0.6655184 0.2618722
102 5.582677 -0.5382314 -0.308111 -0.4162339 0.4827916 0.7408047 0.05690431 0.1236431 13.3424 -2.785809 -0.1694669 0.1603978
103 5.198571 -0.3946119 0.07524013 -0.6353259 0.4361521 0.3477118 0.03733115 0.1512418 4.356336 -2.406465 -0.8200846 0.08028361
105 5.287774 -0.4928987 0.08272095 -0.4741209 0.3860599 0.2779436 0.005465985 0.220321 6.507403 -3.237987 -1.097625 0.2926374
107 5.521046 -0.4178559 -0.1558325 -0.7452642 0.4870204 0.312639 0.2461492 0.2983251 4.849255 -2.054366 -0.5576461 0.02536378
108 5.440961 -0.3436407 -0.02744887 -0.6220058 0.5535701 0.3837982 0.222614 0.2395741 6.698054 -2.402319 -0.9508435 0.1239933
109 5.183866 -0.523647 0.1503112 -0.4358857 0.5012911 0.4297261 0.06759962 0.1508688 6.051851 -2.827977 -0.4476497 0.2223545
111 5.348804 -0.3887778 0.1973389 -0.6925401 0.5568725 0.544662 0.08473439 0.1724132 3.064182 -1.92976 -0.3591414 0.07363121
112 5.403683 -0.3000257 0.01452704 -0.6341741 0.5936252 0.24631 0.189401 0.2682475 9.59809 -2.513331 -0.4164622 0.1507971
113 4.986319 -0.2931063 0.2874727 -0.5353328 0.4275586 0.2371197 0.1860865 0.2173447 3.581476 -3.123715 -1.218643 0.2964376
114 5.356645 -0.4844113 -0.08625768 -0.4386831 0.6601505 0.2864434 0.1073015 0.1381263 18.32103 -2.811659 -0.5685143 0.2313478
115 5.168319 -0.2680137 0.005265895 -0.6116713 0.4637588 0.4400312 0.2263646 0.1797581 5.539677 -2.73895 -1.300239 0.3042423
116 5.389477 -0.5526277 -0.1396739 -0.2303777 0.4682425 0.4733681 0.02421712 0.2062772 3.147996 -2.571072 -0.5278764 0.2128218
117 5.459308 -0.5327146 -0.2622737 -0.2397194 0.4983376 0.7725851 0.07782086 0.2679795 9.483825 -2.444078 -0.4730028 0.06903469
119 5.205875 -0.1820552 -0.2446327 -0.6380832 0.5864044 0.7572765 0.1932751 0.1383022 7.615884 -2.737011 -0.531541 0.2145126
120 5.704096 -0.3998728 -0.4925022 -0.4569937 0.5551951 0.6335079 -0.02598462 0.3349018 31.54863 -3.355928 -0.03718938 0.2242266
121 5.763614 -0.7748442 -0.4527825 -0.06686656 0.4278886 0.1768406 0.067934 0.1708296 4.448375 -2.960338 -0.2230102 0.1771923
122 5.520044 -0.5030194 -0.4176998 -0.4148965 0.5394581 0.4220635 0.106393 0.1262492 6.125039 -2.318809 -0.8212558 0.1379567
123 5.489625 -0.3314936 -0.1210278 -0.6082745 0.3752091 0.545317 0.1398988 0.06902092 4.764806 -2.544192 -0.6162276 0.2300394
124 5.429676 -0.4893152 -0.09587449 -0.707679 0.4522636 0.4003034 0.06565206 0.09315107 7.691812 -2.376783 -0.4991513 0.1006292
127 5.710909 -0.2970832 -0.4965481 -0.8250502 0.7225185 0.7599959 0.009921942 0.2781767 13.18858 -2.581008 -0.516107 0.09072434
128 5.155517 -0.1698699 0.1220837 -0.9033156 0.6250332 0.5293665 0.03290561 0.0476358 4.337631 -2.520095 0.3416692 0.1186038
129 5.333993 -0.3417136 0.005495199 -0.7013856 0.4798227 0.5981693 -0.01614095 0.2875685 4.450745 -2.081888 -0.7170732 0.05244781
130 5.292885 -0.1728708 -0.1817339 -0.7956384 0.45541 0.2652532 0.134365 0.1597679 4.762513 -2.744427 -1.116229 0.3123597
131 5.195661 -0.2214274 0.1266642 -0.6735025 0.4217713 0.4003206 0.1076798 0.09369383 2.963438 -3.403744 0.2707899 0.2325349
133 5.352124 -0.4480747 -0.3336038 -0.4712133 0.5324288 0.1779863 0.07893171 0.09118176 4.430807 -2.40998 -0.9591255 0.1418976
134 5.648482 -0.5467605 -0.38342 -0.2336629 0.4006429 0.448214 0.07176047 0.1500928 6.960472 -2.389809 -0.9700983 0.2350658
135 5.632062 -0.2408823 -0.2369375 -0.79582 0.4271855 0.2107398 0.1039477 0.1984378 3.3748 -3.16883 -0.8031039 0.3014274
136 5.370516 -0.1596886 0.139273 -0.9476728 0.6487072 0.760708 0.04039553 0.2904653 5.02836 -2.782296 -0.7746775 0.2487282
