1 5.571726 -0.7907311 -0.4686998 -0.1923614 0.4578384 0.3664898 0.2091788 0.4342412 19.96083 -2.70805
2 5.391639 -0.6468259 -0.3403488 -0.4535534 0.6357079 0.6176192 -0.009239991 0.191135 7.324522 -2.333908
3 5.30448 -0.3090383 -0.05748384 -0.7438491 0.4787088 0.3640457 0.09702632 0.1406135 10.54236 -2.393754
4 5.629112 -0.2457156 -0.09918135 -0.6825626 0.4922089 0.9710968 -0.07664355 0.3080074 18.65484 -2.311635
5 5.62031 -0.08548891 -0.09495377 -1.049288 0.4674351 0.3284457 0.006509806 0.1695097 5.542984 -2.166853
6 5.240404 -0.5182547 -0.4453529 -0.5623404 0.7042169 0.5682003 0.09188162 0.05038012 7.973881 -2.60269
7 5.265256 -0.2165941 0.1287635 -1.209525 0.3513666 0.3977921 -0.0500139 0.1507496 5.075265 -2.051271
8 5.569681 -0.3521641 -0.074007 -0.5858842 0.3905748 0.4581234 0.04034345 0.2576935 4.769843 -2.214846
9 5.399344 -0.4263948 -0.1516436 -0.598747 0.5506897 0.4258846 0.1325401 0.2342849 9.139276 -2.380428
10 5.291282 -0.3731533 -0.1133738 -0.6011075 0.3606328 0.2811567 0.09481383 0.07975767 3.930193 -2.041701
11 5.551497 -0.3185419 -0.2869896 -0.8497065 0.6726983 0.3704335 0.163727 0.1500739 10.35783 -1.98929
12 5.38171 -0.529173 -0.248929 -0.5206506 0.4980413 0.4795011 0.03907472 0.152442 5.677891 -2.369837
13 5.569133 -0.8287482 -0.3419122 -0.007430743 0.4116302 0.3961236 0.01999285 0.1437168 5.519693 -2.093235
14 4.873213 -0.2172157 0.5832357 -1.171781 0.4605078 0.1720177 0.1205162 0.3054011 4.7752 -2.201844
15 5.374391 -0.353903 -0.2420315 -0.7366508 0.5441091 0.419234 0.1070844 0.2520765 12.36156 -2.229118
16 5.464963 -0.01339582 -0.5931466 -0.9157128 0.5610249 0.6287364 0.1157797 0.2451972 7.245919 -2.328338
17 4.973161 -0.1579015 0.5644431 -0.6899491 0.549561 0.3870752 0.04017389 0.2242051 3.811487 -2.397895
18 5.256855 -0.2365008 0.4018329 -0.987405 0.424265 0.394493 -0.003919715 0.2474394 3.47459 -2.151762
19 5.519393 -0.4622582 -0.1060529 -0.4234916 0.5795279 0.3436144 0.05776322 0.2063106 4.204148 -2.410799
20 5.563951 -0.4078082 -0.5857904 -0.4717351 0.5543158 0.5297677 -0.04984402 0.3289756 7.298222 -2.1471
21 5.684046 -0.5261421 -0.4096051 -0.5888217 0.4914202 0.7296519 0.1421302 0.2139344 8.704143 -2.19277
22 5.290353 -0.3297199 -0.1063438 -0.3714127 0.5364645 0.2570081 0.04782964 0.09278971 3.532849 -2.183802
23 5.105201 -0.281469 0.229345 -0.6568896 0.4067314 0.2719138 0.1047147 0.2381035 6.371859 -2.596825
24 5.415365 -0.2839399 -0.02528598 -0.7549933 0.5010899 0.2538266 0.1230958 0.1378272 13.21551 -2.320604
25 5.285263 -0.1365406 -0.05698175 -0.9632963 0.4753125 0.3529413 0.07912272 0.2516873 4.324551 -2.3892
26 5.241022 -0.730753 -0.1333495 -0.2949759 0.4716115 0.7199561 0.1038444 0.1252662 4.64934 -2.329493
27 5.110129 -0.0248637 0.5401353 -0.9852274 0.6096096 0.7466462 -0.009286378 0.1942997 6.259914 -2.151762
28 5.51548 -0.4276686 -0.05385041 -0.4724157 0.5632177 0.2828293 -0.05915864 0.2963803 6.512898 -2.074622
29 5.664106 -0.2903138 -0.2135909 -0.5236442 0.4782912 0.4851633 -0.0380443 0.4206442 5.617669 -1.997468
30 4.926433 -0.5772025 0.4707188 -0.7858593 0.4723854 0.6005978 -0.01818601 0.0856049 6.880236 -2.074801
31 5.73905 -0.6482508 -0.3462028 -0.32593 0.5078632 0.5637674 -0.04677602 0.3464164 6.731112 -2.041701
32 5.44579 -0.269477 -0.03978357 -0.7502582 0.5960183 0.32585 0.09881216 0.1206565 6.137565 -2.258133
33 5.048632 -0.3013468 0.4325649 -0.6907493 0.3650774 0.3840482 -0.006347962 0.2168175 3.493929 -1.80776
34 5.167917 -0.3904082 0.06203296 -0.4295724 0.3926993 0.4588934 -0.1026164 0.2146201 3.978934 -2.333908
35 5.357829 -0.4199674 0.1787412 -0.4877955 0.5707285 0.5838402 0.1845011 0.1410011 11.22981 -2.179287
36 5.328048 -0.4140042 -0.0985 -0.4432228 0.4814208 0.7103776 0.1113868 0.2461935 35.64713 -2.074622
37 5.426619 -0.2559246 -0.3232346 -0.8657464 0.5093124 0.3623554 0.0203676 0.03814082 5.833245 -2.302585
38 5.265369 -0.2569594 0.2000994 -0.871131 0.5196553 0.5316587 0.1361569 0.08012928 6.425606 -2.319827
39 5.283353 -0.1879716 -0.01478155 -0.7485576 0.3736634 0.187413 0.08031248 0.1529989 3.052187 -2.211018
40 5.551071 -0.4830898 -0.4068872 -0.514817 0.3579899 0.4650319 -0.2163131 0.2743193 3.74437 -2.201659
41 5.594364 -0.7410759 -0.5554977 -0.3685769 0.5195722 0.8577254 -0.0557223 0.3300345 4.506339 -2.214846
42 5.275952 -0.3123126 0.0987886 -1.027076 0.477644 0.4577166 0.2294748 0.322482 6.280207 -2.340969
43 5.286584 -0.3864403 -0.2363323 -0.5728808 0.4315289 0.506022 0.1535328 0.08180133 6.410272 -1.86433
44 5.139179 -0.1712877 0.5107821 -0.9909873 0.4187642 0.3337774 0.1343119 0.3452291 5.468091 -1.895556
45 5.507206 -0.3998536 0.02214081 -0.5960731 0.3873459 0.4058981 0.1344298 0.1483149 4.519378 -2.455306
46 5.40907 -0.4117242 -0.2049708 -0.5409701 0.4799017 0.7678383 -0.07702593 0.1326621 6.835715 -2.325058
47 5.74095 -0.4082865 -0.5786501 -0.279809 0.463106 0.7006473 -0.001639354 0.2304042 4.463252 -2.106841
48 5.392834 -0.2573512 -0.07529397 -0.7422314 0.4348944 0.4807148 0.09857722 0.1506215 5.850042 -2.130975
49 5.251658 -0.6325864 0.05559264 -0.2984468 0.4623214 0.4273467 0.058845 0.1810057 7.915058 -2.103196
50 5.43724 -0.2889259 -0.02030533 -0.6673576 0.6185275 0.458374 0.1031323 0.1248176 17.17319 -2.436116
51 5.30867 -0.3219587 0.2348062 -0.7729693 0.629851 0.3044261 0.1138875 0.1466952 6.923392 -2.272985
52 5.401028 -0.6952576 -0.08851414 -0.4580786 0.4430782 0.991719 -0.019967 0.1744788 7.463858 -1.94591
53 5.191812 -0.3293536 -0.02985085 -0.8870712 0.4656102 0.2935278 0.1454726 0.1465817 5.704717 -2.60269
54 5.707674 -0.4009588 -0.5827289 -0.4723954 0.4283068 0.2163179 0.08040283 0.207989 3.835736 -1.884133
55 5.461187 -0.2480708 -0.3979348 -0.8867145 0.4303779 0.3929257 -0.04565034 0.2902534 4.644792 -2.140066
56 5.675789 -0.04354173 -0.4598931 -1.000027 0.5710628 0.9003395 0.1032819 0.1705617 13.48191 -2.249001
57 5.199896 -0.3563023 0.2594558 -0.8288138 0.3371373 0.3897517 0.0339426 0.1280771 4.519183 -2.142416
58 4.939975 -0.2882683 0.08700568 -0.4456124 0.4474371 0.4359464 -0.08546406 0.3105868 10.20059 -2.577688
59 5.628273 -0.4084214 -0.363483 -0.5493652 0.5631301 0.2299364 0.09176261 0.1460693 4.779797 -2.183802
60 5.566068 -0.4290914 -0.2381135 -0.6628364 0.3986168 0.1346989 0.1039715 0.1641708 3.67976 -2.325058
61 5.049084 -0.3599917 0.3697976 -1.021967 0.5238735 0.5624141 0.03723562 0.1219984 4.716712 -2.519393
62 5.770578 -0.5618308 -0.5607674 -0.1973446 0.4158757 0.3029862 0.04810515 0.07877079 4.909368 -2.233592
63 5.592586 -0.3640344 -0.5849613 -0.4037454 0.5555519 0.3455975 0.02937057 0.0796841 5.38901 -2.35364
64 5.256396 -0.5084261 -0.3338279 -0.5749699 0.3511953 0.3795666 0.04182123 0.3502351 4.388878 -2.017369
65 5.199827 -0.235046 0.03209936 -0.8494507 0.488271 0.5419805 0.08882385 0.1978678 4.407023 -2.117182
66 5.390826 -0.5148952 -0.02698403 -0.5949647 0.3840008 0.5598895 0.01128702 0.0155489 4.144713 -2.088658
67 5.040738 -0.3700101 0.05108343 -0.3460229 0.6042923 0.313213 0.1566722 0.2715945 5.455566 -1.981001
68 5.401836 -0.4707779 -0.1159566 -0.6484466 0.3311047 0.1967513 0.1352816 0.1755362 3.29626 -2.112541
69 5.729338 -0.2824865 -0.6295927 -0.9100289 0.4840612 0.2758786 0.1014895 0.1341215 5.11818 -2.224624
70 5.379831 -0.4167117 -0.04890743 -0.3682139 0.4598605 0.5659476 0.1297057 0.269073 7.335466 -2.08406
71 5.508927 -0.4196605 -0.2365799 -0.5304295 0.4299647 0.3623494 0.07319246 0.1502747 5.357409 -2.415063
72 5.406682 -0.7070876 -0.3257594 -0.2785878 0.5236 0.195558 -0.008463611 0.3139102 4.131155 -2.027173
73 5.367061 -0.2512031 0.06947494 -0.8101323 0.4916533 0.3073771 0.2393761 0.2821128 3.871136 -2.08833
74 5.106483 -0.31398 -0.1575989 -0.5478636 0.6700949 0.3796102 0.2036858 0.1806197 3.873397 -2.140066
75 5.185196 -0.5114033 -0.05314514 -0.4947186 0.4898946 0.5439875 0.1853671 0.1789359 6.048234 -2.103196
76 5.499379 -0.6178356 -0.2479856 -0.4393184 0.4204187 0.1266421 -0.05348842 0.2685629 3.709671 -2.338303
77 5.641606 -0.4698731 -0.3137432 -0.2387158 0.5066051 0.7526593 0.04928825 0.2308794 11.29097 -2.161022
78 5.247735 -0.4376915 -0.1900872 -0.3978626 0.4626854 0.4853476 0.03658247 0.211915 4.883604 -2.149075
79 5.164271 -0.2708398 0.1487382 -0.748685 0.4238855 0.4361746 0.09689669 0.1773553 3.91171 -2.344549
80 5.445141 -0.5938015 -0.3256696 -0.1961525 0.6488227 0.5157173 0.1317143 0.125345 5.711361 -2.061423
81 5.461505 -0.4084343 -0.2859189 -0.4516172 0.4657728 0.2533574 0.09185216 0.2451108 4.349341 -2.590267
82 4.984163 -0.2810516 0.05406952 -0.9055125 0.4862343 0.4824003 -0.04734674 0.2017726 10.2011 -2.126399
83 5.277726 -0.3185797 0.1432892 -0.4898702 0.6330174 0.1052047 0.0590546 0.1788893 4.559711 -2.1471
84 5.064161 -0.5702451 0.4197374 -0.3439491 0.2867444 0.577015 0.03488912 0.07525448 3.905636 -2.01013
85 5.505614 -0.216132 -0.05706088 -1.02024 0.3469737 0.1784227 0.03221964 0.2386547 5.353807 -2.311635
86 5.577441 -0.6396059 -0.1548137 -0.2852306 0.4343077 0.4111779 0.08199157 0.1373114 4.758981 -2.320604
87 4.933307 -0.3081797 0.681972 -0.670196 0.3432626 0.7334191 0.192098 0.2144661 4.827939 -2.372789
88 5.518293 -0.2975867 -0.4538281 -0.5322451 0.6894342 0.5426781 0.007236612 0.2170138 11.28362 -2.188296
89 5.306928 -0.2708928 -0.2099409 -0.5503618 0.4249305 0.4190182 -0.08981451 0.2200309 5.482484 -2.002481
90 5.467552 -0.4812497 -0.4340541 -0.448739 0.4837816 0.4542427 0.07581496 0.207354 5.656849 -2.253578
91 5.551738 -0.4523764 -0.1796187 -0.4525202 0.3025635 0.4106533 0.072779 0.1770512 3.598981 -1.842532
92 5.183478 -0.5688538 0.2262951 -0.6597456 0.452544 0.353829 0.009284234 0.2571083 5.453587 -1.796954
93 5.657097 -0.5495667 -0.4156933 -0.7956656 0.6784151 0.4087947 0.08002075 0.5618999 17.12016 -2.262668
94 5.286167 -0.3958311 0.01115972 -0.3902103 0.5310878 0.4252736 0.09178542 0.1300656 6.138345 -2.338303
95 5.266884 -0.1163071 0.07416433 -0.8965269 0.3967719 0.4804667 0.1355562 0.1777061 3.59092 -2.325058
96 5.155199 -0.4263732 0.2102965 -0.7926576 0.3874567 0.4677503 0.134342 0.06944522 4.419283 -1.7492
97 4.951741 -0.08433209 0.3972177 -0.8762504 0.571011 0.3531893 0.02659374 0.14082 10.28659 -1.94591
98 5.288579 -0.3050514 -0.1032085 -0.7128568 0.4841305 0.1761543 0.01402527 0.464686 8.830731 -2.821379
99 5.56368 -0.3246678 -0.1963718 -0.6010583 0.5027171 0.5187621 -0.09197227 0.2121356 3.893883 -2.253578
100 5.638597 -0.5430777 -0.3817942 -0.3570828 0.5321279 0.3400179 0.1258268 0.1312505 6.681287 -2.556819
