1 0.2083442 0.1987801 0.262262 0.2521135 0.1621751 0.1079366 0.1430171 0.07034589 17.85033 0.2581989
2 0.2550003 0.2032588 0.3300744 0.2385788 0.2693931 0.1309087 0.113658 0.1101459 3.31683 0.2232932
3 0.1966529 0.1383442 0.263312 0.1810024 0.1640327 0.08672393 0.07621412 0.07518225 4.91931 0.2227194
4 0.250609 0.1749997 0.3480249 0.2343174 0.3099615 0.1454489 0.1191662 0.07789542 17.19999 0.2235152
5 0.2154432 0.1618424 0.2699342 0.2017711 0.1782002 0.103378 0.089273 0.08084888 1.810858 0.2070431
6 0.221885 0.1301701 0.3227404 0.1757647 0.2723252 0.1141538 0.0879432 0.1131089 3.756925 0.244276
7 0.18613 0.1354602 0.2582068 0.183732 0.1633799 0.08881198 0.0810655 0.06305172 1.721807 0.2044479
8 0.1798846 0.1425153 0.2743328 0.2179405 0.1980459 0.1008865 0.1023231 0.07197289 1.578631 0.2106343
9 0.2061593 0.1642052 0.2820634 0.2227112 0.2061707 0.1008242 0.1166588 0.09127898 4.711531 0.2280884
10 0.169574 0.1311342 0.2381941 0.1744849 0.1416507 0.06977057 0.06511383 0.07175635 1.142038 0.2045598
11 0.233232 0.1859929 0.297935 0.2284744 0.2343055 0.1286982 0.1271753 0.1168314 6.371691 0.1979892
12 0.2142595 0.1419899 0.2890167 0.1848108 0.2126061 0.09514494 0.08308753 0.08178477 1.99852 0.2180443
13 0.1885251 0.1406028 0.2660296 0.190518 0.1725644 0.08636319 0.08598911 0.07263104 1.92005 0.2039687
14 0.1864799 0.2075107 0.23672 0.255052 0.1488528 0.1093326 0.1309882 0.08639173 1.662665 0.2151162
15 0.2024393 0.1796411 0.2780665 0.2300835 0.2040042 0.121125 0.1150394 0.08672095 8.083464 0.2148278
16 0.2133747 0.1480141 0.3237143 0.2217797 0.2417838 0.1214504 0.1135761 0.09712935 3.263137 0.2184389
17 0.1874747 0.1419036 0.2916321 0.219879 0.2123066 0.1166812 0.1198663 0.1065975 1.18342 0.2279212
18 0.210603 0.1791386 0.2755517 0.2251718 0.1933172 0.1163529 0.1200753 0.08505337 1.021469 0.2113082
19 0.1967997 0.1573909 0.2837068 0.2162871 0.1880006 0.1084048 0.1135302 0.1070613 1.253113 0.2277994
20 0.2243069 0.2065165 0.3034028 0.2636942 0.2449845 0.1491233 0.1378045 0.09136834 2.795306 0.2113596
21 0.2570317 0.1839335 0.3302059 0.2267516 0.2691177 0.120981 0.09553231 0.08404011 4.124364 0.2108656
22 0.1849277 0.1510703 0.2624776 0.198123 0.1907452 0.09687538 0.07930033 0.1020555 0.9557226 0.2109609
23 0.2147789 0.2048581 0.2569095 0.2314204 0.1338326 0.07739386 0.09146221 0.06399654 2.251683 0.2378091
24 0.1502268 0.1209123 0.2543372 0.1941068 0.1642342 0.09600571 0.0808196 0.07850073 9.25732 0.2234252
25 0.2005148 0.1796034 0.2713489 0.2295395 0.1733526 0.1028504 0.1122059 0.09386087 1.417824 0.2280041
26 0.2088332 0.1200199 0.3410554 0.190539 0.2553672 0.1033067 0.08017811 0.08759976 1.493686 0.2233368
27 0.2560214 0.1976339 0.3486482 0.2421644 0.2907891 0.1344843 0.1094815 0.1067067 2.31237 0.2113082
28 0.1980383 0.1882434 0.2709539 0.2447869 0.1885317 0.1411794 0.1543198 0.09584901 2.597379 0.2080684
29 0.1994706 0.1925612 0.2946552 0.2739912 0.2234679 0.1485672 0.1634531 0.09232841 2.080153 0.2050906
30 0.2135868 0.1280064 0.3078718 0.1739142 0.2246129 0.1049419 0.07383654 0.08399757 2.772163 0.2041769
31 0.2529399 0.2284644 0.3184527 0.2734039 0.2354633 0.1508423 0.1581225 0.0975535 2.759476 0.2045598
32 0.1748801 0.135812 0.2896789 0.2074916 0.1831321 0.09983879 0.09818329 0.1085534 2.297031 0.2191431
33 0.1729925 0.1524047 0.2765129 0.2198332 0.167776 0.1059133 0.1079764 0.0833181 1.074146 0.1937758
34 0.2004238 0.1516976 0.283815 0.2110831 0.1771528 0.1013918 0.09033114 0.0797218 1.177422 0.2232932
35 0.2089585 0.1439613 0.310273 0.2105156 0.2446141 0.118436 0.08761532 0.09828085 6.911259 0.2110092
36 0.2169426 0.1720298 0.3174457 0.2288237 0.2358917 0.1192522 0.1065832 0.07287602 46.80544 0.2080684
37 0.1872059 0.1112314 0.2717004 0.1566297 0.1790651 0.08262352 0.06139252 0.0867154 2.083023 0.2186918
38 0.212472 0.1198816 0.3000641 0.1697168 0.2195637 0.09638081 0.08101923 0.08675361 2.460061 0.2185218
39 0.141247 0.12392 0.2313034 0.1912689 0.1207253 0.0758643 0.08269224 0.08267166 0.8824674 0.2150183
40 0.1995895 0.1569241 0.2763561 0.2154409 0.1841208 0.1160825 0.1032192 0.0737639 1.100652 0.2107719
41 0.278799 0.1874168 0.3608469 0.2432692 0.3004203 0.1486296 0.1276448 0.09459092 1.410181 0.2106343
42 0.1962929 0.1539215 0.2826032 0.2286489 0.1899935 0.1157936 0.1258402 0.07989495 2.317516 0.2183171
43 0.1929181 0.1262316 0.2869736 0.1761292 0.217881 0.09845446 0.07648046 0.08016555 2.839631 0.1930235
44 0.1710595 0.1710905 0.2558444 0.2428942 0.1652891 0.1039105 0.1273223 0.07733054 1.872833 0.1895912
45 0.1939295 0.1363737 0.2668599 0.1834949 0.162598 0.08278857 0.07569463 0.07527373 1.608764 0.2330061
46 0.2376953 0.1401714 0.3339062 0.1941908 0.2856266 0.1273462 0.08267385 0.08106925 2.757636 0.2233808
47 0.2255686 0.1588385 0.3266037 0.2182466 0.2555273 0.1262165 0.1115772 0.09462507 1.447029 0.2038174
48 0.19687 0.1317678 0.2817645 0.1943543 0.1866013 0.08543558 0.08230181 0.07459387 1.982237 0.2074313
49 0.2076695 0.1578615 0.276311 0.2115941 0.1908195 0.1116483 0.1022052 0.08213571 3.786628 0.2077411
50 0.1971588 0.1395241 0.2915401 0.18725 0.205419 0.09976675 0.08102945 0.0912489 11.59773 0.2275647
51 0.198564 0.1489602 0.274902 0.1986646 0.2003639 0.1107716 0.1045258 0.1059459 3.055237 0.2143794
52 0.2610768 0.1719092 0.3651327 0.2161117 0.3383312 0.134327 0.1094366 0.07796485 3.423103 0.1985167
53 0.2018943 0.1545754 0.257652 0.1929051 0.162949 0.08361511 0.07739683 0.07604263 1.82062 0.244276
54 0.162944 0.1590579 0.2417538 0.2149405 0.1436416 0.09050413 0.1328528 0.09848984 1.386969 0.1927694
55 0.198379 0.1741568 0.2753194 0.2312123 0.1868066 0.1226116 0.1245503 0.08125269 1.593039 0.2073317
56 0.2377603 0.1401775 0.3492915 0.2139612 0.3442886 0.1405246 0.1060196 0.09339678 10.1024 0.2192383
57 0.1831545 0.1437931 0.2592742 0.1832473 0.150404 0.0756501 0.07413976 0.07025494 1.537351 0.2114115
58 0.213914 0.1747229 0.2757871 0.2290764 0.1796178 0.1102497 0.1124493 0.06868715 4.619394 0.2444892
59 0.1856563 0.1626468 0.259187 0.2084707 0.167226 0.102075 0.09760737 0.1014536 1.613036 0.2109609
60 0.1420846 0.1298494 0.2140271 0.1904378 0.120148 0.0820152 0.09048452 0.07557137 1.094648 0.2233808
61 0.2294964 0.1395125 0.3108021 0.1857915 0.2383177 0.111187 0.08203724 0.09467018 1.653153 0.2384719
62 0.2206798 0.15831 0.2679508 0.1825273 0.1506774 0.08253453 0.06108454 0.07420115 1.616964 0.2147812
63 0.1900397 0.1279292 0.2762044 0.1781109 0.1902653 0.09981454 0.07660422 0.0976158 1.86133 0.2283505
64 0.172616 0.1771077 0.2608203 0.2604989 0.1596875 0.1128647 0.142332 0.0741057 1.451231 0.2048491
65 0.2118688 0.1575732 0.3012241 0.2171649 0.2369252 0.1112766 0.1001506 0.09120171 1.412284 0.2075841
66 0.2112485 0.1048536 0.2895404 0.1385908 0.2279175 0.07869668 0.04601021 0.06986595 1.31014 0.2040201
67 0.1973212 0.1877639 0.2813028 0.2567899 0.1935917 0.1182252 0.1400945 0.1140969 1.926508 0.2015946
68 0.1272248 0.1204288 0.2367397 0.2060316 0.1161909 0.07118512 0.08468288 0.07042586 0.9895616 0.207636
69 0.1931049 0.1456949 0.2564007 0.1929926 0.159512 0.08408387 0.08510616 0.08632157 1.774022 0.2148748
70 0.200825 0.1597564 0.2993328 0.2260175 0.223068 0.1284628 0.1268268 0.07838458 2.880619 0.2040719
71 0.182803 0.1210177 0.2649992 0.1841258 0.1610615 0.08294748 0.08220288 0.08134278 1.970657 0.2277594
72 0.1641463 0.1856021 0.2552857 0.2526905 0.1532878 0.1123391 0.1389831 0.1073415 1.290744 0.2047317
73 0.1776171 0.1583325 0.2690819 0.236486 0.1768476 0.1029233 0.1246275 0.1077241 1.404517 0.2003474
74 0.1708741 0.1399489 0.3412322 0.2594065 0.2542196 0.120638 0.1195222 0.1348134 1.224456 0.2073317
75 0.2253848 0.1590397 0.3035962 0.2095705 0.2216963 0.1251482 0.09902437 0.08732874 2.324463 0.2077411
76 0.1680217 0.1640744 0.2193018 0.2180198 0.1193005 0.1015455 0.1281359 0.07968327 1.10628 0.2232499
77 0.2796787 0.1950101 0.3436684 0.234256 0.2593845 0.1306097 0.1127071 0.07869007 5.319054 0.2112068
78 0.1928467 0.1473339 0.2980198 0.2096232 0.2074484 0.1064006 0.1007553 0.08545365 1.66879 0.2072338
79 0.2024504 0.159446 0.2806075 0.206738 0.1826668 0.09059273 0.09322183 0.08636065 1.204717 0.2284409
80 0.2158262 0.1485971 0.3169086 0.2070138 0.2482184 0.1136435 0.0993354 0.1202561 2.216812 0.2006483
81 0.1691744 0.1530382 0.2454875 0.213684 0.1531639 0.09712379 0.1094122 0.08250558 1.368913 0.2443813
82 0.1979813 0.156967 0.2842465 0.208838 0.215107 0.1248183 0.1037609 0.08159511 5.678007 0.2074818
83 0.1655346 0.1674385 0.2494981 0.2299564 0.1744248 0.1099601 0.113288 0.1306909 1.60644 0.2113596
84 0.2245784 0.1257903 0.2943285 0.158315 0.1959744 0.06921595 0.05668281 0.05856417 1.174301 0.2012436
85 0.1382106 0.1398685 0.2106012 0.2194822 0.116236 0.07114156 0.09725882 0.0674459 1.981244 0.2235152
86 0.1938457 0.1398937 0.2738899 0.1842327 0.1858457 0.09811588 0.08194257 0.07905288 1.693774 0.2234252
87 0.2162989 0.1495356 0.3126644 0.1970523 0.2506859 0.1073131 0.08597086 0.06293875 1.699446 0.2229167
88 0.2329867 0.1675784 0.3182041 0.2251331 0.2453143 0.1426831 0.1201776 0.1090675 5.833135 0.210913
89 0.2092694 0.1701923 0.2755977 0.2198446 0.1875201 0.111465 0.1111064 0.07929231 1.977007 0.2050294
90 0.1884643 0.1519474 0.2903128 0.2128114 0.2021836 0.1083516 0.09664791 0.08693284 2.043642 0.2191905
91 0.1681822 0.1328506 0.2687252 0.1950586 0.1591506 0.08384272 0.09434867 0.0632305 1.104164 0.1902643
92 0.1797886 0.1572957 0.2704016 0.2385451 0.1731543 0.1135014 0.1318016 0.09059175 1.909613 0.19087
93 0.2059402 0.2109333 0.2912533 0.3032572 0.2123022 0.1556586 0.2046317 0.1083882 13.6604 0.2190962
94 0.1996441 0.1368808 0.2856831 0.1873348 0.2312699 0.111743 0.08959048 0.08671783 2.407829 0.2232499
95 0.1969796 0.1504016 0.2813872 0.1985525 0.1936415 0.09661691 0.08580563 0.07574329 1.011068 0.2233808
96 0.1872708 0.114295 0.2785309 0.1756227 0.2130659 0.09718025 0.06580894 0.07760021 1.576531 0.1915327
97 0.1988262 0.1579064 0.2758169 0.2069828 0.1937586 0.1139463 0.1021166 0.09843827 5.460548 0.19518
98 0.1742338 0.1875345 0.2306609 0.2545175 0.1308194 0.1062697 0.1536156 0.07641985 3.955648 0.2657723
99 0.2161764 0.1529887 0.3118989 0.222333 0.2376463 0.1286091 0.1008176 0.097093 1.112825 0.2191905
100 0.2233369 0.1532227 0.2774081 0.1936516 0.1862707 0.09104928 0.0916582 0.08706304 2.872692 0.2381454
