1 5.570545 -0.8213338 -0.4492926 -0.1807989 0.7292844 0.2529575 0.2721668 0.4389365 -2.70805
2 5.295864 -0.6240228 -0.2462023 -0.4730914 1.261901 0.5106014 0.1188794 0.2075125 -2.333908
3 5.297149 -0.3232285 -0.01465454 -0.7893479 0.8205479 0.3088675 0.1718719 0.1391388 -2.393754
4 5.591636 -0.2446758 -0.04861665 -0.6477195 0.9190983 0.8100721 0.07166321 0.2315636 -2.311635
5 5.580522 -0.0539095 -0.1631841 -0.9963469 1.044854 0.2457977 0.09798741 0.1173726 -2.166853
6 5.217022 -0.5092735 -0.50057 -0.5472134 1.19829 0.7437654 0.1404956 0.0574521 -2.60269
7 5.274012 -0.2300437 -0.07480316 -1.157986 0.9147492 0.3985526 0.1477868 0.1678959 -2.051271
8 5.923586 -0.4179679 -0.425781 -0.4850947 1.053687 1.182015 0.002584949 0.2754238 -2.214846
9 5.458071 -0.4151288 -0.2235998 -0.5852234 0.9842424 0.4718249 0.2398722 0.2096095 -2.380428
10 5.013207 -0.2082921 0.13683 -0.7372506 1.117191 0.4993719 0.1149717 0.06189323 -2.041701
11 5.497068 -0.3628008 -0.2174874 -0.8516488 1.106764 0.3887376 0.2058199 0.1577088 -1.98929
12 5.61464 -0.5516041 -0.5074951 -0.5392083 1.016767 0.8270448 0.1558056 0.1406289 -2.369837
13 5.458872 -0.6923926 -0.1880261 -0.1327679 0.9512376 0.2587403 0.1683996 0.3397497 -2.093235
14 4.876053 -0.2058145 0.6472766 -1.258849 1.01569 0.1184472 0.1354385 0.3599153 -2.201844
15 5.377093 -0.2687298 -0.2280206 -0.8407375 0.9005635 0.3431232 0.2165562 0.2255622 -2.229118
16 5.542041 0.133085 -0.5478352 -0.9821584 1.100269 0.5165221 0.2799958 0.2790469 -2.328338
17 4.892041 -0.09068765 0.6332202 -0.8639315 1.408798 0.4782482 -0.08478947 0.6117454 -2.397895
18 5.205549 -0.4877281 0.2591816 -0.6239853 1.332225 0.2634414 0.2352175 0.691084 -2.151762
19 5.427155 -0.3886432 -0.1355947 -0.765564 1.456564 0.1648967 0.2475466 0.6714684 -2.410799
20 5.567691 -0.410314 -0.4751731 -0.6154237 1.250137 0.8092097 -0.225216 0.5580869 -2.1471
21 5.797902 -0.5172359 -0.5693868 -0.6216948 0.9610548 0.8182537 0.2714456 0.1562845 -2.19277
22 5.490699 -0.4034441 -0.02864712 -0.3767362 1.697253 1.491632 -0.1954155 0.2058167 -2.183802
23 5.05213 -0.3156315 0.1577298 -0.6405164 0.7945197 0.2552983 0.2260499 0.2845179 -2.596825
24 5.419218 -0.2860645 0.009457747 -0.6879236 0.7705384 0.2836526 0.1717961 0.1453015 -2.320604
25 5.412429 -0.1609602 -0.01307353 -1.053595 1.144889 0.2747836 0.2885167 0.4706472 -2.3892
26 5.019455 -0.7498006 0.1394544 -0.1779959 1.166251 0.8311931 0.2099197 0.1037548 -2.329493
27 5.085219 -0.1163839 0.5777888 -0.9845908 1.290729 0.9892486 0.3044651 0.1520734 -2.151762
28 5.515881 -0.5157646 0.05219562 -0.4524795 1.075385 0.09187295 0.05535962 0.3138077 -2.074622
29 5.471026 -0.3508102 0.1205817 -0.3879461 1.16986 0.5725082 0.2354276 0.366956 -1.997468
30 4.900315 -0.5783638 0.5106895 -0.7080249 0.9430686 0.5896139 0.06776335 0.04748086 -2.074801
31 5.680006 -0.4582218 -0.2654843 -0.5206881 1.160244 0.316724 0.148815 0.1900153 -2.041701
32 5.3434 -0.235786 -0.1034285 -0.6181585 1.269083 0.2495754 0.1090156 0.2057848 -2.258133
33 5.14632 -0.4605816 0.6663226 -0.662131 1.121462 0.3475932 0.1664567 0.1665723 -1.80776
34 5.187943 -0.5731631 0.2852045 -0.3007195 1.122197 0.2409201 0.2220281 0.3381563 -2.333908
35 5.425379 -0.4760583 0.1090306 -0.499019 0.9623326 0.5735092 0.2235517 0.1271635 -2.179287
36 5.296342 -0.437051 -0.02120375 -0.4283815 0.791882 0.5490549 0.2399067 0.1930946 -2.074622
37 5.240248 -0.1636724 -0.1591934 -1.015236 1.00966 0.5017193 0.03409297 0.02992688 -2.302585
38 5.243153 -0.180795 0.2724203 -0.9239992 1.006666 0.598285 0.2065502 0.1099744 -2.319827
39 5.467188 -0.2032082 -0.09981034 -0.6439505 1.094193 0.3259606 0.3055267 0.373108 -2.211018
40 5.523657 -0.4777696 -0.2423942 -0.6976346 1.279309 0.2490301 0.01596725 0.3510899 -2.201659
41 5.563722 -0.8083972 -0.4947771 -0.3109882 1.402415 0.9299718 0.1443983 0.3197877 -2.214846
42 5.338876 -0.3779126 0.2095735 -1.053451 0.9776012 0.4538672 0.3405757 0.3961059 -2.340969
43 5.178358 -0.3676929 -0.1697999 -0.6615196 0.8712943 0.6117871 0.194966 0.08926592 -1.86433
44 5.127968 -0.09095198 0.4952581 -1.092553 0.9798681 0.4359494 0.3091316 0.3314081 -1.895556
45 5.270202 -0.3920937 0.3052626 -0.6773702 0.8842686 0.5216658 0.3420079 0.2649145 -2.455306
46 5.396772 -0.4675123 -0.3950344 -0.4062679 0.9870021 1.119748 -0.0384493 0.05298655 -2.325058
47 5.707503 -0.6346972 -0.4000732 -0.03530939 1.288748 0.6068081 0.1605574 0.2438844 -2.106841
48 5.449467 -0.4154204 -0.2589999 -0.5543247 0.9865464 0.5493397 0.2177148 0.1414492 -2.130975
49 5.284017 -0.5670756 0.1282494 -0.373897 0.8903292 0.4529903 0.1788597 0.1363118 -2.103196
50 5.461484 -0.2883773 -0.07602154 -0.6657245 0.9413523 0.370693 0.1729867 0.1262329 -2.436116
51 5.393363 -0.439207 0.1402706 -0.7042271 1.129631 0.3324799 0.1571062 0.1574403 -2.272985
52 5.527022 -0.7953873 -0.4019303 -0.3099873 0.9345091 1.195261 0.1276992 0.07087097 -1.94591
53 5.182735 -0.4024042 -0.1901801 -0.8894839 0.9801126 0.5429297 0.3270088 0.2622895 -2.60269
54 5.628037 -0.4868839 -0.4043116 -0.451332 1.032563 0.2118163 0.1960362 0.2608531 -1.884133
55 5.411121 -0.2127859 -0.05340144 -1.041308 1.091253 0.3407847 0.04017844 0.3109911 -2.140066
56 5.703532 -0.003978167 -0.4405694 -1.01781 0.9872716 0.9085302 0.1847694 0.08606249 -2.249001
57 5.147373 -0.450381 0.4483079 -0.7111482 0.8824751 0.4102605 0.1532159 0.0986709 -2.142416
58 4.916295 -0.2866589 0.07163725 -0.4197934 0.8806062 0.297364 0.06375609 0.2045913 -2.577688
59 5.540364 -0.1138833 -0.136386 -0.7753203 1.269226 0.3535143 0.2301874 0.2371309 -2.183802
60 5.728042 -0.7502362 -0.3491608 -0.4118914 0.987118 0.1006219 0.1037437 0.2854655 -2.325058
61 5.107304 -0.322978 0.3709401 -1.127717 1.175773 0.5216161 0.1571701 0.2142634 -2.519393
62 5.804481 -0.5472925 -0.656471 -0.2789758 0.8452752 0.3767433 0.2005777 0.153026 -2.233592
63 5.675283 -0.410133 -0.8538476 -0.2450769 1.181059 0.4332481 0.04795937 0.06335128 -2.35364
64 5.142087 -0.7350512 -0.2291363 -0.2959119 0.9733265 0.3040254 0.2856046 0.42245 -2.017369
65 5.087831 -0.1700889 0.4704684 -0.9391879 1.164061 1.143414 0.2235199 0.1057282 -2.117182
66 5.233109 -0.5131792 0.03995883 -0.6294077 0.8671207 1.063986 0.0931495 0.02385303 -2.088658
67 5.086941 -0.3819212 0.2432519 -0.3753289 1.280245 0.6690358 0.5019483 0.4472901 -1.981001
68 5.378976 -0.5851328 -0.3035876 -0.4187029 0.9231264 0.3044784 0.2080203 0.1896017 -2.112541
69 5.843471 -0.1417804 -0.7325894 -1.115 0.9703397 0.4569169 0.3127918 0.2749473 -2.224624
70 5.449135 -0.4764807 0.007792281 -0.3066544 1.005559 0.561106 0.2092093 0.2543974 -2.08406
71 5.547316 -0.4863229 -0.2229313 -0.5081794 0.9467943 0.2526388 0.1579222 0.1521531 -2.415063
72 5.497586 -1.061874 -0.2481638 -0.07742647 1.330393 0.04151431 -0.03652591 0.9310138 -2.027173
73 5.43038 -0.3505848 -0.1343935 -0.7419681 1.25365 0.4470116 0.3320475 0.3158692 -2.08833
74 5.215014 -0.1461122 -0.2911292 -0.5771573 1.743742 0.9347392 0.3017401 0.1560453 -2.140066
75 5.020103 -0.7249167 0.1418619 -0.3211053 1.044782 0.6615508 0.3379398 0.2264607 -2.103196
76 5.46318 -0.6475693 -0.2347011 -0.09654677 1.028767 0.06462875 -0.01721604 1.194716 -2.338303
77 5.738111 -0.4698313 -0.4198544 -0.2181939 0.9895082 0.6420378 0.1856743 0.1357637 -2.161022
78 5.343363 -0.4030131 -0.5690513 -0.4616503 1.074032 0.5818657 0.2933755 0.2195145 -2.149075
79 5.401795 -0.2032358 0.03116346 -1.042026 1.056651 0.5753618 0.3356647 0.2469834 -2.344549
80 5.27833 -0.5468099 -0.1931476 -0.2501564 1.313683 0.6878107 0.2064002 0.109616 -2.061423
81 5.400135 -0.5060141 -0.1090402 -0.3354124 1.011293 0.4378581 0.243976 0.1991184 -2.590267
82 4.968591 -0.3731693 0.02597552 -0.8028648 0.8808923 0.4028074 0.08329909 0.1105149 -2.126399
83 5.275792 -0.4516154 0.3410954 -0.4870006 1.362551 0.08272433 0.08153384 0.2794598 -2.1471
84 4.847795 -0.504952 0.682652 -0.554385 0.8397013 0.4176176 0.2250434 0.2980413 -2.01013
85 5.561389 -0.2660684 -0.2304293 -0.8524097 0.8144215 0.1701442 0.09493084 0.2287051 -2.311635
86 5.483026 -0.7700827 -0.2529132 -0.1458014 0.8907699 0.5634601 0.2285744 0.1400155 -2.320604
87 4.931986 -0.3876613 0.6560898 -0.6900248 0.789324 1.303334 0.384724 0.1885968 -2.372789
88 5.565243 -0.2789925 -0.5057214 -0.5318779 1.178299 0.3513172 0.1973185 0.1976298 -2.188296
89 4.983447 -0.07564023 0.0567184 -0.7321208 0.9689344 0.6339322 -0.09067693 0.1571519 -2.002481
90 5.456497 -0.5385066 -0.4129178 -0.4028807 1.110042 0.3829684 0.1191411 0.3033018 -2.253578
91 5.381285 -0.584581 0.2578722 -0.3918691 0.8800984 0.406208 0.3463522 0.4376589 -1.842532
92 5.267374 -0.5601013 0.1188615 -0.6065836 1.133517 0.3464732 0.152505 0.1634331 -1.796954
93 5.60198 -0.5411035 -0.4148538 -0.8682182 1.132502 0.2073347 0.2196459 0.4941901 -2.262668
94 5.234741 -0.5182172 -0.1682636 -0.2934741 0.9710912 0.672787 0.2201683 0.1387817 -2.338303
95 4.871613 -0.4655323 0.3913158 -0.6404089 0.9763764 1.583841 1.417744 1.372693 -2.325058
96 5.211473 -0.4510128 0.07198 -0.7669461 0.8515288 1.073941 0.1812439 0.05624935 -1.7492
97 4.969892 -0.09810274 0.3926258 -0.8434916 0.9793806 0.2315308 0.1118581 0.1184142 -1.94591
98 5.246649 -0.261356 -0.03222457 -0.6484158 0.8578623 0.06287156 0.07965733 0.5604616 -2.821379
99 5.300852 -0.4537429 0.3238538 -0.5530218 1.828051 0.5032624 0.2285507 0.177281 -2.253578
100 5.659916 -0.5020203 -0.3894163 -0.4530031 0.9530506 0.4491648 0.1751886 0.1168346 -2.556819
