1 0.2224282 0.2062259 0.312648 0.2764475 0.3273434 0.2093956 0.2089892 0.1870942 0.2329277
3 0.2135538 0.1464699 0.3002312 0.1981378 0.2706713 0.1433606 0.1055015 0.1576711 0.233208
5 0.1991861 0.1724005 0.2818659 0.246885 0.265694 0.1700704 0.1574998 0.1619664 0.2142521
6 0.2352178 0.2215934 0.3291449 0.293558 0.3494743 0.2112999 0.2045103 0.2876322 0.207636
8 0.2014804 0.1988955 0.2827155 0.2709142 0.2919105 0.1904053 0.1651172 0.2070021 0.1930235
9 0.2119272 0.1853897 0.2976265 0.2484885 0.2891117 0.17353 0.14768 0.186264 0.2013007
10 0.2393334 0.2274662 0.3362486 0.3009931 0.496924 0.3055298 0.2469992 0.4135153 0.2014166
11 0.2841831 0.2636297 0.3990539 0.3601189 0.5333842 0.331399 0.3258484 0.3477545 0.1959179
13 0.2394656 0.1794578 0.3371393 0.2437781 0.3570619 0.199967 0.1720316 0.2202221 0.2190497
14 0.2088841 0.1770175 0.2935058 0.2454657 0.2982349 0.1790724 0.1547825 0.1841388 0.2114115
15 0.2194212 0.1843304 0.3111162 0.2590318 0.3144642 0.1998193 0.2020376 0.2476111 0.20367
16 0.27983 0.1897864 0.3921004 0.2380992 0.4485316 0.2014493 0.1483628 0.2595791 0.1958532
18 0.2184638 0.1746055 0.3040395 0.2221073 0.2774304 0.1459463 0.1251319 0.1664455 0.2280461
20 0.2131654 0.2132356 0.300055 0.2894237 0.2791446 0.1772051 0.193039 0.1833853 0.2041769
21 0.1997542 0.170469 0.2773371 0.2149485 0.232672 0.130832 0.1102348 0.1648859 0.2074313
25 0.2348741 0.2095657 0.3277018 0.2788905 0.3755442 0.2681791 0.241746 0.2795264 0.2189579
26 0.2145586 0.1855143 0.3009187 0.2514262 0.318652 0.2084203 0.1878255 0.2030946 0.2075327
27 0.2624737 0.2088312 0.3611961 0.2243686 NA NA NA NA 0.2039687
28 0.220076 0.1591933 0.3093376 0.2143647 0.3176655 0.1884581 0.1833598 0.1830767 0.2038674
29 0.2062886 0.223418 0.2892126 0.299646 0.2807912 0.2024375 0.2034742 0.2043488 0.2110092
30 0.2222528 0.1832457 0.3104418 0.2400886 0.3038709 0.1854938 0.153121 0.2189009 0.2111071
31 0.2477297 0.156185 0.3474838 0.2058676 0.380411 0.2108231 0.1481062 0.2093982 0.2111071
32 0.244257 0.1864721 0.3452215 0.2656053 0.4433353 0.3095413 0.2605931 0.2514146 0.215067
33 0.2761746 0.1698446 0.3888966 0.2337147 0.4272361 0.1989783 0.1371608 0.2207682 0.2232499
35 0.1932543 0.1590169 0.2705184 0.2116594 0.2259296 0.1279544 0.1336509 0.1585158 0.2280041
36 0.2549131 0.2027585 0.356554 0.2634016 0.4096219 0.2502493 0.206823 0.2795085 0.2042838
37 0.2272782 0.1872991 0.3187057 0.2477746 0.3297754 0.2025598 0.1770502 0.1881178 0.2232499
38 0.2771916 0.2226912 0.3876518 0.2890324 0.4853246 0.2463035 0.1975396 0.3914488 0.1883021
39 0.2491737 0.2339813 0.3499532 0.3034711 0.3922458 0.2292582 0.2761326 0.2269663 0.2044479
40 0.2238663 0.1541207 0.315078 0.2129448 0.2900401 0.1535315 0.1386264 0.1983271 0.2143794
41 0.1636598 0.1349073 0.2277898 0.1725354 0.1566137 0.08737904 0.07374627 0.105625 0.2074818
43 0.2394898 0.1965036 0.3366671 0.2716752 0.3542757 0.2172449 0.225693 0.2551543 0.2142521
47 0.2457697 0.196561 0.3439715 0.2481756 0.3530387 0.1854744 0.1380148 0.2259249 0.2045036
50 0.1923462 0.1537575 0.2687779 0.2032435 0.2430754 0.147638 0.1302277 0.148571 0.2276417
51 0.2178224 0.2022149 0.3047127 0.2758285 0.3449361 0.2221803 0.2069151 0.2214286 0.2044479
52 0.3036131 0.193095 0.4265741 0.2512354 0.5281185 0.247113 0.1722715 0.2520797 0.2074313
54 0.2177866 0.2029932 0.3049365 0.2698969 0.3205481 0.2040727 0.2055504 0.1825936 0.2010753
55 0.2197885 0.244722 0.305648 0.321231 0.3490413 0.2648329 0.2956741 0.2547816 0.2192865
56 0.2287345 0.1823468 0.3217732 0.2431139 0.3551915 0.2116621 0.1807973 0.2848327 0.1984558
57 0.2070605 0.2116212 0.2894013 0.2743808 0.3180564 0.2281412 0.2168066 0.2082298 0.2081816
58 0.276487 0.1900901 0.3890074 0.2563957 0.4561206 0.2460065 0.1768535 0.2529973 0.2187789
60 0.1970239 0.1697315 0.2778581 0.2326212 0.2354878 0.1391078 0.1577802 0.1513883 0.2443459
62 0.2181528 0.1687985 0.3073333 0.2305616 0.2922978 0.1639817 0.1417901 0.2026632 0.2189579
65 0.2449122 0.1569749 0.3446935 0.2091112 0.3604193 0.1738149 0.1314283 0.1826606 0.2387036
66 0.2489473 0.205792 0.349738 0.2749344 0.385113 0.2124083 0.2008982 0.2377894 0.2195341
68 0.219158 0.1883949 0.3073822 0.2488392 0.3221046 0.2071944 0.1591723 0.2291289 0.2190497
69 0.1949527 0.1934951 0.2693803 0.2432874 0.2365862 0.1519215 0.1501761 0.1694646 0.2048491
70 0.2336433 0.1677233 0.3298064 0.23283 0.3451884 0.1914787 0.1432222 0.2292047 0.2191431
71 0.253597 0.2043543 0.3569608 0.283939 0.4193897 0.2603622 0.2087349 0.2358686 0.2115168
72 0.2392174 0.1912622 0.3347896 0.2507475 0.3518845 0.1990727 0.1702842 0.2268861 0.2008048
74 0.2691952 0.1701194 0.3805053 0.2409976 0.4149673 0.203219 0.1795167 0.2481421 0.2108656
75 0.2944016 0.1906037 0.412367 0.2572763 0.5106367 0.2730048 0.2063504 0.284502 0.2380417
76 0.2455836 0.2033391 0.3470684 0.279902 0.3923435 0.2249838 0.1912388 0.2586542 0.2148748
78 0.2196179 0.1826871 0.3090863 0.2430504 0.324521 0.195404 0.2000907 0.2016749 0.2041241
79 0.2106409 0.2121604 0.2955203 0.2805507 0.2864729 0.1865861 0.1791979 0.2320075 0.2010202
80 0.2648988 0.2989989 0.3710481 0.4107289 0.4681513 0.3182369 0.3719471 0.3761937 0.2113596
81 0.2049728 0.1821821 0.2881767 0.245857 0.2739749 0.1781933 0.1620848 0.2152442 0.2193842
82 0.2681693 0.2106253 0.3767397 0.2905325 0.4175517 0.2180436 0.2209987 0.2200046 0.2146438
83 0.2225791 0.2336455 0.309903 0.2963909 0.34098 0.2325952 0.2458252 0.2440307 0.1988942
84 0.2344713 0.1586265 0.330207 0.2197729 0.3123528 0.1578521 0.1256005 0.1763076 0.2327373
85 0.2258726 0.1750847 0.3176261 0.2332834 0.3104006 0.1778216 0.1363982 0.2047113 0.2008579
86 0.2408166 0.2163055 0.338821 0.2944732 0.4560279 0.2831906 0.2281516 0.3674699 0.205215
87 0.280242 0.2393051 0.3925636 0.3095355 0.5385039 0.3410274 0.2643386 0.3740694 0.2237
90 0.2328993 0.1970832 0.3247718 0.2568548 0.3573619 0.2148856 0.1850695 0.2367689 0.1987659
91 0.2459753 0.2044066 0.3472486 0.2929296 0.4134104 0.2599917 0.2291726 0.247244 0.2071376
92 0.3749813 0.2003354 0.5278214 0.25433 0.9560152 0.4799231 0.329267 0.6664499 0.2075327
93 0.2243926 0.1963282 0.3169357 0.2781373 0.3243518 0.1944616 0.1809643 0.2044637 0.1984558
94 0.2969824 0.2187104 0.4188777 0.3026846 0.6098416 0.4084566 0.262046 0.3089469 0.2387434
95 0.2504629 0.1936718 0.3522434 0.2526911 0.3662229 0.1909395 0.1507729 0.2709175 0.1980457
96 0.2129227 0.2318093 0.293829 0.2921079 0.2835153 0.1752686 0.1945744 0.2282898 0.2194337
99 0.1956443 0.1823409 0.2725552 0.2357726 0.2661786 0.1753327 0.1690544 0.1664146 0.2148748
100 0.2201689 0.1798693 0.3092896 0.2474144 0.2873307 0.1685748 0.1568857 0.1868375 0.3078234
102 0.2352515 0.1431101 0.3319752 0.1979143 0.3050112 0.1356711 0.100524 0.1728472 0.2106343
103 0.244027 0.1599725 0.3430121 0.2206435 0.3235464 0.1508863 0.1311628 0.1847213 0.2274146
105 0.2224251 0.1634721 0.3123584 0.218183 0.2921759 0.1630056 0.1226969 0.1924085 0.2327748
107 0.2314865 0.2260563 0.3253943 0.3004565 0.3356324 0.204577 0.2567147 0.1987735 0.2105445
108 0.2221207 0.1979363 0.3107116 0.2629294 0.3318248 0.2197018 0.200191 0.1826354 0.2233368
109 0.2474578 0.162822 0.3482857 0.2237418 0.3440968 0.1629897 0.12911 0.203315 0.2073813
111 0.3402858 0.2431438 0.4767609 0.3323182 0.7129705 0.3812524 0.2816957 0.497963 0.1935624
112 0.2050654 0.209692 0.2881303 0.278946 0.2974596 0.1918866 0.2105677 0.2026917 0.2077944
113 0.2346937 0.2310729 0.3286941 0.3090178 0.3375081 0.2099745 0.2064346 0.2267795 0.2279624
114 0.207498 0.1658024 0.2905823 0.2207158 0.3059732 0.1919638 0.165867 0.1739655 0.2072825
115 0.2183115 0.2266994 0.3039079 0.2924261 0.3139512 0.2042048 0.2026054 0.1963982 0.2080684
116 0.2982476 0.2159907 0.4196026 0.2858586 0.5594622 0.3257103 0.2532626 0.3133868 0.1983956
117 0.2457627 0.1872176 0.346256 0.2504245 0.3706426 0.2043078 0.1631529 0.237993 0.2277994
119 0.2729138 0.1790444 0.3841321 0.2362762 0.4442757 0.224711 0.1869133 0.1929361 0.2073813
120 0.2144904 0.1709534 0.3021805 0.2356871 0.2766055 0.1654404 0.1449561 0.1910272 0.2276806
121 0.1950478 0.182531 0.2752669 0.2517311 0.2437103 0.1555007 0.1545536 0.1604524 0.2229979
122 0.233413 0.17324 0.3267696 0.2284496 0.3548186 0.1945446 0.1517432 0.1774989 0.2069964
123 0.2568826 0.1716797 0.3592083 0.2181438 0.385065 0.1866258 0.1275315 0.207118 0.1959179
124 0.2002352 0.1508356 0.2813408 0.2025694 0.2692485 0.1707093 0.1599801 0.1536968 0.2105002
127 0.2500989 0.1910723 0.3515496 0.2606393 0.3720429 0.2139365 0.1870933 0.2517042 0.2273778
128 0.2933194 0.1689939 0.4149821 0.2471754 0.4998242 0.2587307 0.178815 0.2777744 0.192959
129 0.3056581 0.1958573 0.4298143 0.2634025 0.6043682 0.3250842 0.2491031 0.409514 0.2149222
130 0.2251344 0.209045 0.3122406 0.2692961 0.3311221 0.2041913 0.1922433 0.221596 0.2049687
131 0.2629709 0.1655198 0.371317 0.2355812 0.454286 0.2411148 0.192218 0.2037403 0.2184802
133 0.2208273 0.1899015 0.3086636 0.2538743 0.2946348 0.1786202 0.1580876 0.2176689 0.2190962
134 0.2290863 0.1958596 0.3205977 0.2440792 0.3022593 0.1530112 0.1485027 0.2092356 0.1958532
135 0.2747775 0.2047473 0.3857065 0.2702087 0.4383795 0.2227962 0.1831467 0.2605271 0.2113082
136 0.288845 0.2820368 0.4053111 0.3787023 0.5660679 0.3456565 0.3302988 0.4975231 0.2080126
