1 5.221859 -0.4198554 0.1739634 -0.6327508 1.223702 0.2778722 0.3446544 0.5384582 -0.4279744 -0.9462729 0.577604 -1.131733
3 5.206627 -0.7998061 -0.1125964 -0.1403587 0.9804108 0.3942052 0.1218322 0.0735137 -0.3717112 -0.7994305 0.3731734 -0.8987399
5 5.673977 -0.5451669 -0.528473 -0.4688088 1.090192 0.1805555 0.1907174 0.3453184 -0.279948 -0.6411381 0.4904941 -1.003363
6 5.407148 -0.5731146 -0.7120787 -0.2194196 1.295807 0.4292107 0.1445163 0.4844772 -0.02578521 -1.404051 0.3761363 -0.7737253
8 5.539024 -0.7485934 -0.1827642 -0.5308599 1.02078 0.2341448 0.2676559 0.4308087 0.5575273 -1.705456 0.657442 -1.207473
9 5.533325 -0.7660724 0.03190533 -0.6090291 1.066054 0.3237261 0.2011764 0.1837635 -1.220898 -1.262953 0.6880818 -0.851361
10 5.576591 -0.8983587 -0.240765 -0.2905124 1.462081 0.1900678 0.1199454 0.5614014 0.9233773 -2.537192 0.810674 -1.570619
11 5.071612 -0.5377161 0.2109292 -0.9710407 1.603043 0.7530967 0.6636083 0.7372233 -0.9402189 -0.9871551 0.3902159 -0.5664624
13 5.26496 -0.6639392 0.2587449 -0.3774715 1.309682 0.4379926 0.2071067 0.1763487 -1.29463 -0.5009124 0.4084376 -0.6327391
14 5.382027 -0.8417955 -0.4759881 -0.1969507 0.9908676 0.3602919 0.3043536 0.3223419 0.5384795 -1.328252 0.4478153 -1.120357
15 5.291521 -0.5890538 -0.3465235 -0.4583254 1.324298 0.2540269 0.1509336 0.2839475 0.6158575 -0.8200268 0.2153071 -0.8970478
16 4.771882 -0.3812387 0.6423074 -0.5571976 1.16757 1.025611 0.2072811 0.1070822 -1.118176 -1.246201 0.5571302 -0.6364799
18 5.565492 -0.8643979 -0.3623982 0.05169261 1.050513 0.3789385 0.2043581 0.1576733 -0.5876877 -1.859134 0.8087323 -1.211588
20 5.47668 -0.521386 -0.4533297 -0.5947695 0.9474262 0.403138 0.4044124 0.5058914 -1.883943 -0.8238506 0.6856615 -0.7047838
21 5.510439 -0.3733691 -0.3259097 -0.4977933 0.9516538 0.233384 0.09183843 0.1221811 0.7564564 -2.540021 0.500538 -0.9595695
25 5.396155 -0.949971 0.2938086 -0.3705276 1.393497 0.3490857 -0.1841566 0.4546085 0.7400894 -1.860337 0.4231829 -1.159009
26 5.527544 -0.672121 -0.1352432 -0.6323877 1.086533 0.2979115 0.2659606 0.3288364 -0.8418828 -1.228066 0.7221065 -1.045363
27 5.225817 -0.6218746 0.1551483 -0.5085753 1.289197 0.7747259 -0.3288792 0.6746637 1.508384 -0.7795091 0.4313987 -1.43903
28 5.498117 -0.8422803 0.1034178 -0.1497918 1.104269 0.3757715 0.1854126 0.1099545 0.2245649 -1.137999 0.4341672 -0.9630148
29 5.139132 -0.4571041 0.107258 -0.884127 1.099076 0.1607688 0.1631817 0.6156423 -1.816346 -0.9929865 0.6060397 -0.6500083
30 5.194366 -0.7761325 0.2705121 -0.5899953 1.41485 0.1514203 0.07320257 0.1427186 0.3872888 -1.926326 0.4663818 -1.097666
31 5.297008 -0.6051034 0.1121088 -0.7617263 1.17607 0.724965 0.08313511 0.04727403 1.64855 -2.448563 0.4738057 -1.321272
32 5.218192 -0.5572683 -0.2849381 -0.4212603 1.475008 0.45752 0.1938836 0.1405531 -0.9422518 -0.8724509 0.5590972 -0.8755389
33 5.463019 -0.1761659 -0.09004275 -1.17979 1.216551 0.9652828 0.2697627 0.1540314 -0.9236833 -1.306386 0.4351906 -0.670292
35 5.26288 -0.62901 0.1611941 -0.5439153 0.8718858 0.2041127 0.1600879 0.2255033 0.006089297 -1.402397 0.3611736 -0.8570886
36 5.094499 -0.8216891 0.3692443 -0.4224584 1.400366 0.4520687 0.2726394 0.3437901 -0.1039818 -1.309441 0.5450067 -1.05277
37 5.842618 -0.307235 -0.6204155 -0.5432527 1.054155 0.4195093 0.263666 0.2369147 -1.433471 -1.259447 0.3207907 -0.3904365
38 5.608044 -0.8536869 -0.1204004 -0.6681549 1.524448 0.7488919 0.252816 0.2169072 0.3163277 -1.882692 0.6147971 -1.07877
39 5.450105 -0.9624824 -0.204105 -0.4976086 1.312019 0.4933327 0.5004393 0.5693384 -0.06601732 -1.912511 0.3998253 -0.8186277
40 5.746204 -0.7626407 -0.4200578 -0.169201 0.9655018 0.4674171 0.1087909 0.1306088 -1.118113 -0.9763785 0.3180582 -0.5032498
41 5.283117 -0.6263599 -0.1442589 -0.4612678 0.5433869 0.2186222 0.09970674 0.09866533 -0.3364663 -2.149241 0.5650004 -0.8320651
43 5.824167 -0.8017622 -0.7392144 -0.1009395 1.318686 0.4579436 0.2609877 0.3120672 -0.8595129 -0.6941569 0.3813567 -0.7112985
47 5.23083 -0.6095278 0.01065253 -0.4717386 0.8220527 0.8423846 0.2642371 0.2172616 -1.531615 -1.45036 0.4324943 -0.3999713
50 5.474802 -0.3893867 -0.2034727 -0.6615792 0.8818869 0.2134718 0.1133032 0.116857 -1.903007 -1.289961 0.3429797 -0.3331027
51 5.290038 -1.024604 -0.341489 -0.380309 1.197783 0.251731 0.2352008 0.3131277 -0.8888441 -0.7461144 0.4461632 -0.7965638
52 5.568434 -0.4800549 0.1361023 -0.6562693 1.411028 1.24956 0.37277 0.1438003 -0.5581789 -1.462623 0.527349 -0.7933197
54 5.206719 -0.6346057 0.3495582 -0.7090165 1.212531 0.2580683 0.2491511 0.2920561 -1.043362 -1.406038 0.6970335 -0.9086073
55 5.495929 -0.6255129 -0.5918454 -0.5420674 1.326396 0.1065507 0.1279242 0.522047 -1.018674 -1.547588 0.2698399 -0.4131262
56 5.521509 -0.9768187 -0.1613776 -0.2606973 1.151372 0.4364725 0.1375862 0.1649602 0.5562523 -1.296576 0.5744238 -1.224349
57 5.481751 -0.9573893 0.1410908 -0.2735787 1.296215 0.08511016 0.1431847 0.4802446 1.300367 -1.223283 0.4516403 -1.341766
58 5.784824 -0.6984863 -0.7508919 -0.4483985 1.434883 0.8267288 0.2896862 0.1893005 -0.803022 -1.15631 0.3812871 -0.6798953
60 5.204172 -0.7311643 -0.03059114 -0.5143146 0.9020376 0.2460447 0.2116018 0.2864459 -1.705796 -0.379364 0.3547766 -0.5873461
62 5.104211 -0.7203234 0.07849736 -0.5108185 1.113192 0.3580226 0.1285399 0.1504922 -1.783414 -0.5584839 0.3975675 -0.4861685
65 4.757558 -0.1779939 0.5990939 -1.104228 1.030283 0.6745302 0.1508664 0.05714579 -2.322356 -0.9474129 0.3700431 -0.3029542
66 5.966961 -0.7175823 -1.10395 -0.4063547 1.305992 0.574182 0.3573595 0.3086119 -1.096392 -1.108451 0.5937082 -0.8364489
68 5.186323 -0.714464 0.3850458 -0.5301058 0.9301843 0.531322 0.1984824 0.2744178 -0.79723 -1.055838 0.502961 -0.8306653
69 5.096324 -0.5126065 0.5924567 -0.5794823 1.024951 0.1133384 0.1048046 0.2386256 0.9790352 -2.044751 0.4332794 -0.9792614
70 5.531685 -0.6426462 -0.5090949 -0.526201 1.14078 0.4933097 0.1827999 0.1972612 -1.073231 -0.5791183 0.5699086 -0.90549
71 4.968314 -0.8410163 0.3678152 -0.3642418 1.156621 0.8795867 0.655814 0.5395775 -0.4397905 -0.2954886 0.3900972 -0.9038266
72 5.534065 -0.6255895 -0.4800088 -0.4432712 1.540582 0.2448732 0.1641237 0.2567874 1.569858 -1.550811 0.2767708 -1.140442
74 5.826186 -0.749097 -1.011523 -0.4563004 1.357639 0.8071034 0.2478257 0.1474802 -1.399853 -0.4840159 0.5679666 -0.8242335
75 5.478289 -0.2967637 -0.2146313 -0.9443706 2.104313 0.4706047 0.1775662 0.1528898 0.6480754 -2.183568 0.1549148 -0.8282018
76 5.250315 -0.4516079 -0.1319234 -0.7216678 1.577239 0.3572555 0.2416273 0.2936814 -0.2343539 -1.016342 0.2748343 -0.713286
78 5.760361 -0.5405876 -0.5653026 -0.5962905 1.201728 0.2584162 0.209396 0.20143 -0.4607608 -1.625282 0.538875 -0.8258126
79 5.359055 -0.5148669 0.05917399 -0.7389555 1.266881 0.1348356 0.08103557 0.3431799 -0.1486189 -1.295466 0.49996 -0.8926087
80 5.606557 -0.869327 -0.866535 0.01816897 1.964478 0.2949977 0.3655145 1.155124 -1.055792 -1.076345 0.6468033 -0.9887711
81 5.182691 -0.2897314 -0.2719849 -0.7965443 1.000109 0.2111884 0.03645668 0.2660059 -3.033477 -0.3772945 0.6683599 -0.4691026
82 5.131777 -0.5565781 -0.3163249 -0.324517 1.382274 0.7248834 0.5702896 0.5323586 -1.503115 -1.678782 0.9614989 -1.19085
83 5.555684 -0.7825364 -0.1000557 -0.7105188 1.318319 0.1676598 0.2252208 0.5172099 0.4835148 -2.39212 0.6522236 -1.151191
84 5.077315 -0.5551519 0.3789345 -0.6817118 1.080483 0.5233084 0.2161313 0.1943821 -1.984787 -0.827696 0.7015622 -0.8511721
85 5.467646 -1.051777 -0.06606771 -0.3585299 1.46689 0.2279507 0.09122144 0.1151207 1.126638 -1.569677 0.367023 -1.245143
86 5.683035 -0.9705422 -0.5606969 -0.289299 1.331188 0.3959947 0.2642006 0.5024634 -0.9010528 -0.8035361 0.6797852 -1.036878
87 4.918268 -0.773402 0.1432321 -0.03198771 1.685238 0.7404788 0.1913527 0.3220376 -0.7726988 -1.333006 0.2467269 -0.5199338
90 5.379642 -1.030605 -0.2552084 -0.1985551 1.193885 0.47189 0.2314032 0.1642384 0.2117817 -1.979478 0.5808157 -1.066213
91 5.419719 -0.7153582 -0.1589817 -0.2680021 1.281588 0.485261 0.3658138 0.4137711 -1.669937 -0.3829199 0.2699696 -0.3496206
92 5.5558 -0.7786997 -0.7274807 -0.1290537 1.35675 2.455447 -0.107546 0.2764237 0.9991819 -1.830087 0.1418711 -0.7766969
93 5.16998 -0.8814482 0.5419736 -0.524408 1.172636 0.3302044 0.2896666 0.3551317 -2.541399 -0.09706712 0.8272369 -0.820454
94 5.301006 -0.7975682 -0.3797094 -0.2817133 1.628308 1.084484 0.552185 0.3524516 -1.343226 -1.163693 0.3052932 -0.5240242
95 5.764897 -0.8377794 -0.6376073 -0.532419 1.303809 0.5466317 0.169626 0.1634494 0.2361269 -1.566684 0.6689875 -1.25338
96 5.483857 -0.6763141 -0.4999691 -0.4967565 1.024976 0.2615683 0.1901835 0.3691124 -1.634847 -1.580059 0.3448835 -0.3202187
99 5.320392 -0.6871412 0.09442243 -0.6117993 0.9440435 0.1948852 0.1760489 0.2455033 -0.7951053 -2.003907 0.5465635 -0.7696718
100 5.274913 -0.6121155 0.1567571 -0.3256512 1.239747 0.2516146 0.1632158 0.3482327 -1.792369 -1.369118 0.6340631 -0.9829521
102 5.666946 -0.6831737 -0.3606892 -0.3931964 0.8959563 0.6903725 0.1834885 0.101194 -0.8654072 -0.7759985 0.4284019 -0.7078281
103 5.343279 -0.6203132 0.00179482 -0.5103147 1.088043 0.669599 0.2810011 0.1836954 -0.1148494 -1.514645 0.5077325 -1.078863
105 5.24509 -0.5705098 0.3438947 -0.4625322 0.8185692 0.582881 0.002697029 0.2216672 -2.313787 -1.172796 0.388166 -0.3078978
107 5.357828 -0.8093333 0.07932884 -0.4319726 1.041038 0.5119299 0.5032314 0.6131234 -1.004423 -0.863608 0.2267543 -0.4507576
108 5.388544 -0.6141212 -0.1660936 -0.4487933 1.115811 0.3349185 0.3051375 0.3407934 -0.5926027 -1.531075 0.3541729 -0.662558
109 5.146433 -0.722482 0.4696073 -0.3683341 1.121335 0.6721276 0.1958004 0.1043053 -1.407467 -0.5433236 0.4978167 -0.6754854
111 5.079294 -0.7930431 0.7611504 -0.7796107 2.562919 1.025406 0.263413 0.2868945 -0.01644943 -0.8511893 0.3203203 -0.7872835
112 5.390617 -0.7494393 0.1349767 -0.4996789 1.160859 0.1277324 0.2251718 0.6211404 0.8253519 -1.61886 0.577472 -1.328009
113 5.02497 -0.6400766 0.07926004 -0.1867847 1.337727 0.2896393 0.3030873 0.5691684 -1.873241 -1.623672 0.8938537 -1.041106
114 5.377855 -0.6264814 -0.09342973 -0.3769797 1.017059 0.269178 0.1471858 0.1099705 -0.872619 -0.9549908 0.3410897 -0.5603611
115 5.207141 -0.7348239 -0.05703597 -0.3696911 1.174385 0.2058379 0.251347 0.4201643 -1.226928 -2.006586 0.7278573 -0.8493037
116 5.29511 -0.9001882 0.2414161 -0.1083472 1.620417 0.9399198 0.3413398 0.2013782 -1.48589 -0.5929284 0.4958331 -0.6007233
117 5.415417 -0.8474894 -0.1463612 0.01989027 0.9810455 0.7727172 0.2774371 0.3812358 -1.350947 -0.4420149 0.3646641 -0.6070122
119 5.216067 -0.3723761 -0.4572962 -0.5229023 1.111911 0.963231 0.3522414 0.1527335 -1.383941 -1.034604 0.4928734 -0.5902943
120 5.728786 -0.547209 -0.5021676 -0.4138939 0.9634171 0.4262451 0.1381827 0.2384727 -1.556147 -0.5479293 0.50328 -0.6810531
121 5.859602 -1.182145 -0.6432665 0.2528249 1.021881 0.1539332 0.1703653 0.3330061 -1.409973 -0.2839076 0.4424087 -0.7253744
122 5.4997 -0.7684226 -0.457347 -0.1673136 1.075804 0.4364172 0.2307178 0.1449284 -1.34209 -0.9864333 0.2193984 -0.3103388
123 5.31249 -0.6223632 0.2719827 -0.6100838 1.08745 0.8287688 0.1950145 0.07516909 -0.3416469 -1.378371 0.8486446 -1.224683
124 5.527772 -0.5792256 -0.168995 -0.8004172 0.90156 0.289013 0.1614722 0.1393912 0.587162 -1.723545 0.2995753 -0.8700843
127 5.792103 -0.584809 -0.5524406 -0.6152991 1.298997 0.5601892 0.119687 0.293644 -1.025026 -1.032548 0.2308273 -0.4798352
128 5.265096 -0.5339091 0.3481888 -0.9103099 1.808854 0.8395562 0.1282553 0.05569408 0.6484599 -0.2252391 0.4043068 -1.184191
129 5.171115 -0.704527 0.1847828 -0.5229549 1.318381 1.31253 0.1973121 0.2605913 -0.3052505 -1.346388 0.4168489 -0.8503069
130 5.092939 -0.4791792 -0.001309945 -0.620602 1.191432 0.277564 0.1914823 0.1941782 -1.553453 -1.534344 0.4827269 -0.4395369
131 5.325011 -0.4486481 0.07660415 -0.8139781 1.2941 0.7233268 0.2751218 0.1201486 -2.371805 -0.1083484 0.4549011 -0.4587462
133 5.455459 -0.8658319 -0.5140718 -0.09362954 1.389501 0.1559899 0.1324007 0.3420013 2.057058 -2.574453 0.3443134 -1.370547
134 5.470585 -0.8921872 -0.2655516 0.02280588 0.9432835 0.5185147 0.2120352 0.201365 -1.095085 -1.176959 0.5797699 -0.6883879
135 5.714088 -0.5313786 0.02196955 -0.4924348 1.350293 0.7899361 0.2958565 0.2249609 -2.419227 -0.9346139 0.4401486 -0.2959357
136 5.258881 -0.544778 0.2340372 -0.7070205 1.887752 0.614898 0.0907572 0.6385211 -1.673914 -1.27977 0.5225893 -0.5418862
