1 0.2077283 0.1997762 0.2618765 0.24977 0.1595564 0.1085914 0.1431766 0.07149124 21.37539 0.8453226 0.5450227 0.1974705 0.2366705
2 0.2627759 0.2147325 0.339062 0.2497462 0.2861206 0.1356618 0.1103432 0.1114543 3.568635 0.7021431 0.495171 0.1470347 0.2017938
3 0.1942839 0.1482756 0.2605901 0.1917673 0.1661898 0.09259302 0.08299886 0.08014348 5.856355 0.8270123 0.491441 0.1632941 0.2175233
4 0.2575109 0.191549 0.3557385 0.2424016 0.3307339 0.1546522 0.1274976 0.0835014 29.71272 0.9779907 0.5406635 0.2006896 0.3013863
5 0.2201054 0.1728516 0.2751125 0.2126868 0.1872573 0.1116357 0.09831802 0.08487195 1.950306 1.047802 0.5726487 0.1330433 0.2277556
6 0.2272724 0.1402155 0.3303051 0.1852964 0.2943252 0.1258499 0.1025086 0.1209159 5.119613 0.9270993 0.7956113 0.1972563 0.2856675
7 0.1884524 0.14461 0.2602254 0.1908119 0.1673632 0.09537248 0.08926299 0.0630969 1.782391 1.017547 0.5469779 0.158313 0.2447185
8 0.1826009 0.1589005 0.2778468 0.2275756 0.2074953 0.1056795 0.1097222 0.07479488 1.668884 0.8709842 0.5143207 0.1384575 0.2260995
9 0.208599 0.2216288 0.2857177 0.236708 0.2154813 0.1063132 0.1192218 0.1052202 5.350271 1.187219 0.6441158 0.3084255 0.543126
10 0.16955 0.1269349 0.2389711 0.1732468 0.1417058 0.07005226 0.06300984 0.07043328 1.118948 0.8235521 0.4618668 0.1343112 0.1706549
11 0.2326308 0.184958 0.298953 0.2212214 0.2372183 0.1245272 0.1175911 0.1250875 8.511205 0.7854869 0.4769203 0.1264205 0.1919234
12 0.2177003 0.1441552 0.2939043 0.1872026 0.224895 0.09878309 0.08569682 0.08471838 2.12751 0.82133 0.505616 0.1427203 0.2137922
13 0.192665 0.1426104 0.2714144 0.1892193 0.1840002 0.09051951 0.08902172 0.0735543 2.074146 0.7761646 0.4339156 0.1419271 0.2085543
14 0.189625 0.2022487 0.240862 0.2441325 0.1587271 0.1198605 0.1377377 0.08973696 1.782332 0.7695956 0.5204063 0.1544468 0.1891298
15 0.204719 0.1890158 0.28109 0.2321939 0.2110661 0.1195882 0.1139961 0.08887938 8.062388 0.9540889 0.5928989 0.1856664 0.2826664
16 0.213353 0.1489603 0.3237859 0.221131 0.2478818 0.1266656 0.1217399 0.1031323 3.306193 0.9857912 0.597368 0.2232158 0.3197927
17 0.1909794 0.1454975 0.2976115 0.2197185 0.2286314 0.1226516 0.1183873 0.1113405 1.272596 0.7523581 0.5521712 0.1674508 0.2353896
18 0.2155195 0.1862136 0.2805303 0.2306341 0.1980711 0.116505 0.1259747 0.08444921 1.052626 0.6483167 0.5400416 0.1072677 0.14182
19 0.1980623 0.1638806 0.2853245 0.2228087 0.1914625 0.1143498 0.1293159 0.1073027 1.305195 0.6205704 0.5443116 0.1206467 0.1377707
20 0.225501 0.217414 0.3051651 0.2621682 0.2472774 0.1496848 0.1427242 0.09754071 2.928495 0.929823 0.5459996 0.1655452 0.2583403
21 0.256079 0.1847901 0.3295152 0.2285685 0.2720404 0.1224825 0.09944422 0.0891897 4.632702 0.7209053 0.5211935 0.1494574 0.2031119
22 0.1938614 0.1665556 0.2764167 0.2057843 0.2185994 0.1149995 0.09528581 0.1045264 1.023722 1.249662 0.5305037 0.1335852 0.3371744
23 0.2140541 0.2122924 0.2565618 0.2383048 0.1346772 0.07830138 0.09561086 0.064838 2.31024 0.8089934 0.5115813 0.1579132 0.218192
24 0.1561647 0.132877 0.2628491 0.2052188 0.185498 0.1106003 0.08217998 0.09285222 26.13201 1.164088 0.7440794 0.194781 0.3230815
25 0.2021784 0.1836424 0.2730359 0.2342701 0.1747364 0.1057986 0.1204944 0.09519201 1.466376 0.8438342 0.5384542 0.1568785 0.2089325
26 0.2083776 0.1225505 0.3415324 0.1908277 0.2585402 0.1040187 0.08145895 0.08866075 1.542144 0.7005055 0.4883285 0.1517478 0.205832
27 0.2559166 0.2127363 0.3474577 0.2453866 0.291604 0.1402717 0.1135778 0.1061498 2.293355 1.071248 0.4803861 0.1438423 0.2504676
28 0.1966306 0.2064133 0.2710263 0.2491985 0.1886669 0.143401 0.1546424 0.09820761 2.634585 1.363322 0.4867308 0.1178835 0.2879744
29 0.2032504 0.2076496 0.2982414 0.2911262 0.2352681 0.1578382 0.1774612 0.1053564 2.467332 0.758889 0.5026478 0.2011801 0.2490249
30 0.215543 0.133828 0.308499 0.175501 0.2321556 0.1079621 0.07694912 0.09106116 3.22034 0.8602159 0.4810941 0.1454436 0.2481988
31 0.2545574 0.2662208 0.3205453 0.3032429 0.250136 0.1688047 0.2095217 0.1096798 3.067549 1.095718 0.5629864 0.1618948 0.343089
32 0.1754806 0.1679393 0.2887627 0.2259632 0.1875454 0.1070243 0.1222203 0.1188315 2.674346 0.96031 0.6365326 0.2634112 0.376497
33 0.1762881 0.1749443 0.2807863 0.2334856 0.1808322 0.1153056 0.1244341 0.08681063 1.187423 0.8467186 0.4386395 0.1298823 0.2237166
34 0.2029198 0.1546643 0.287527 0.2108472 0.1800687 0.1041467 0.09285617 0.0795162 1.187514 0.7129539 0.4596343 0.1402707 0.1726755
35 0.2148581 0.1499716 0.3127374 0.2055428 0.255955 0.1291004 0.09349129 0.1078189 14.5103 0.7232329 0.46578 0.1751997 0.2300031
36 0.2164233 0.1914784 0.3168205 0.2327019 0.2391679 0.1174501 0.1077001 0.073554 68.93341 0.8536974 0.509489 0.2200616 0.3012324
37 0.1892971 0.122223 0.2739341 0.1618408 0.1833629 0.08434501 0.05991225 0.08742989 2.126029 1.176484 0.6164282 0.1576263 0.2837022
38 0.213955 0.1203109 0.3022438 0.1705262 0.2289715 0.1011939 0.08231027 0.09167522 2.531672 0.8723852 0.4987864 0.1590933 0.2347301
39 0.1473087 0.1351838 0.2395262 0.1976234 0.1330843 0.0820342 0.08893833 0.08996736 0.9838085 1.026018 0.5514022 0.1587968 0.2797949
40 0.2002029 0.1603886 0.2775472 0.2215241 0.1880963 0.1207011 0.1096892 0.07687737 1.135885 0.7979159 0.4827538 0.1359718 0.155668
41 0.2823252 0.1949267 0.3653499 0.2524842 0.3126606 0.1540194 0.1381613 0.09773304 1.498139 0.6225154 0.4490771 0.1176412 0.1532998
42 0.199351 0.1603324 0.2867819 0.2331473 0.1983284 0.1229691 0.1373955 0.07869584 2.483069 0.7068444 0.4867036 0.1310764 0.1764551
43 0.1962807 0.1485181 0.2913135 0.1887854 0.2297377 0.1069383 0.08750776 0.09405088 3.878394 0.770833 0.5140022 0.1470898 0.2206191
44 0.172082 0.1670338 0.2590574 0.2396062 0.16936 0.1100735 0.1353286 0.08367719 2.078822 0.6952459 0.4273623 0.1307912 0.1828397
45 0.1899623 0.1377609 0.2595289 0.1844621 0.1391693 0.08318961 0.07193486 0.08677937 1.799515 0.7355188 0.4854043 0.1656471 0.1876102
46 0.2397113 0.1481532 0.337823 0.2003684 0.2942376 0.1355843 0.08758802 0.08158496 2.853234 0.9716539 0.4875373 0.1837723 0.2657313
47 0.2254911 0.1620778 0.3257173 0.2243819 0.2553452 0.1287888 0.1194568 0.09680653 1.576545 0.6456861 0.4692349 0.1199973 0.1553401
48 0.1965503 0.1424338 0.2811869 0.2035523 0.186918 0.09096693 0.09732965 0.07586756 2.216915 0.7147701 0.4725482 0.1215929 0.1666858
49 0.2067961 0.1663683 0.2755059 0.2137569 0.20417 0.115279 0.1050283 0.09066191 4.566146 0.8005281 0.4646011 0.2007079 0.3092072
50 0.2000347 0.1827474 0.2940755 0.2175469 0.2098939 0.1058655 0.08395106 0.1006944 14.75464 1.221222 0.728593 0.1573221 0.3340534
51 0.2036309 0.1714771 0.2813769 0.2099677 0.2158894 0.1216184 0.1114993 0.1168324 4.186919 0.9196536 0.503323 0.1825992 0.300676
52 0.2656371 0.2018474 0.3745946 0.2415258 0.36014 0.1460055 0.1229506 0.08108633 4.442122 0.6459265 0.4504739 0.1501756 0.2080024
53 0.2021009 0.1640084 0.2572203 0.1992792 0.162154 0.08440341 0.08361519 0.07585945 1.820395 0.7235135 0.5574188 0.13505 0.170654
54 0.1643676 0.1720632 0.2459613 0.2248062 0.1454682 0.09574676 0.1342289 0.1059175 1.791957 0.7169684 0.482366 0.112006 0.1611931
55 0.2030991 0.1884648 0.2804974 0.2476924 0.1993439 0.1401135 0.1542786 0.08484521 1.740529 0.8608039 0.5304 0.1435605 0.2201718
56 0.2474697 0.158792 0.3611253 0.2334327 0.4702121 0.162825 0.1429708 0.1131904 32.06167 1.296415 0.8606706 0.2226068 0.3984029
57 0.1840403 0.1527864 0.2603869 0.1897741 0.1549483 0.07830742 0.07671321 0.07316098 1.584471 0.860498 0.4631593 0.1459861 0.2296325
58 0.212725 0.1842859 0.2737434 0.2339045 0.1795833 0.1121053 0.1262185 0.07114465 5.170311 1.014054 0.5469336 0.1777669 0.2582399
59 0.1898383 0.1696358 0.2650081 0.2141813 0.179524 0.1137427 0.1103733 0.109971 1.684196 1.051795 0.5564585 0.1361843 0.2614718
60 0.1425698 0.1395858 0.2137821 0.2012237 0.1231883 0.09139308 0.1109863 0.07897992 1.211636 0.8464638 0.5149655 0.1344631 0.197031
61 0.2319738 0.1445245 0.3140207 0.1909336 0.2458391 0.1156353 0.09096673 0.09725668 1.768056 0.882559 0.5349866 0.1355405 0.2135427
62 0.2223431 0.1526231 0.2705299 0.1767724 0.1598201 0.08222161 0.05804788 0.07956428 1.751926 0.9683653 0.5346949 0.203203 0.2802873
63 0.1899467 0.130945 0.2766259 0.1792656 0.1883055 0.09955192 0.0778065 0.09825105 1.874367 1.302544 0.555082 0.2206882 0.2921751
64 0.1745494 0.1937302 0.262128 0.2585133 0.1633887 0.1149865 0.144708 0.07378197 1.522729 0.6385572 0.4362636 0.1454965 0.1879802
65 0.2160533 0.1663082 0.3069993 0.2210754 0.251027 0.1187192 0.1070615 0.09248619 1.467699 0.7679708 0.4597348 0.1394271 0.216132
66 0.2109029 0.1083563 0.2899038 0.1374795 0.232221 0.07734465 0.04557025 0.07336906 1.347781 0.761256 0.4702883 0.1390909 0.195686
67 0.1993012 0.2251912 0.2806922 0.2786622 0.1886094 0.1200603 0.1347546 0.1238838 2.124437 0.7294696 0.4467434 0.1545197 0.2418141
68 0.1306481 0.1347555 0.2428806 0.2120697 0.126398 0.07890448 0.09179266 0.07824199 1.143692 0.7226263 0.593914 0.1488582 0.2024759
69 0.194077 0.1456718 0.2591124 0.1905582 0.1636068 0.08436926 0.0808495 0.0876467 1.788521 0.8533367 0.5563057 0.1298318 0.1823521
70 0.2035969 0.1903383 0.3019144 0.2554821 0.236629 0.1472333 0.1773612 0.0822882 3.822157 0.8006528 0.4717327 0.1490212 0.2352783
71 0.1827363 0.1199472 0.2647212 0.1847467 0.1638127 0.08164812 0.07614925 0.08565581 2.17621 1.022964 0.5296861 0.1554074 0.2437391
72 0.1673434 0.1893238 0.2582908 0.2557027 0.1570724 0.1156728 0.144358 0.1063772 1.329681 0.4932359 0.4685718 0.1076126 0.1281022
73 0.1828087 0.1702151 0.2733957 0.2390576 0.1805817 0.1094859 0.1280914 0.1208275 1.624672 0.6394726 0.456836 0.1117323 0.1516467
74 0.1715499 0.1422084 0.3432586 0.2535435 0.2547831 0.120251 0.1200716 0.1355933 1.193002 0.7688417 0.5303158 0.1240044 0.1879536
75 0.2274713 0.1659053 0.3051922 0.2197184 0.2275513 0.125967 0.1043036 0.0902253 2.552078 0.576434 0.4226713 0.1327415 0.1489812
76 0.1677204 0.1666545 0.2197177 0.2180798 0.1240459 0.1064542 0.1321714 0.08351957 1.151508 0.8732864 0.4843338 0.1512584 0.2282418
77 0.2812359 0.2095799 0.3455924 0.2385536 0.2682907 0.1329885 0.1140305 0.08200651 5.527669 0.9246775 0.4615418 0.1726092 0.2674953
78 0.1961601 0.1522677 0.3044046 0.215714 0.2210343 0.1167263 0.1071725 0.08585663 1.871369 0.6484753 0.4605445 0.138107 0.1717599
79 0.2043065 0.1717103 0.2835339 0.2132863 0.1881911 0.09400729 0.09740184 0.09128362 1.290328 1.002424 0.6408739 0.1582423 0.2715102
80 0.216537 0.1798798 0.3184965 0.2228007 0.2549833 0.1189147 0.1025176 0.1258994 2.371697 0.8053281 0.4527904 0.1247237 0.2254127
81 0.1687877 0.1549973 0.2449487 0.2162473 0.1537086 0.1027635 0.1155412 0.08404528 1.405517 0.9117097 0.5238468 0.1545239 0.21993
82 0.1946989 0.1918447 0.2819311 0.2293356 0.2277596 0.1275961 0.1075581 0.0959474 11.50822 0.8779637 0.6647416 0.216604 0.3615983
83 0.1643741 0.1712251 0.2496822 0.231791 0.166092 0.1098505 0.1217125 0.135386 1.813939 0.798397 0.4847577 0.1189357 0.1698027
84 0.2286175 0.1340516 0.2982929 0.1618659 0.2004486 0.07146146 0.05849039 0.0599231 1.203697 0.6625702 0.4445274 0.146702 0.186834
85 0.1387405 0.1438779 0.2115156 0.2233759 0.117815 0.07358894 0.1042917 0.06705313 1.984521 1.111151 0.5556945 0.1683652 0.2387532
86 0.1965854 0.1496657 0.2768043 0.1905279 0.1955225 0.1049669 0.08986917 0.08206859 1.921444 0.7539089 0.4664138 0.1483256 0.1973208
87 0.2196286 0.1586617 0.3157503 0.2039863 0.2601371 0.1117734 0.09428276 0.06556416 1.940511 0.6295053 0.5183535 0.1894181 0.2140353
88 0.2358821 0.1860575 0.3207068 0.2318827 0.2560512 0.1541164 0.1276263 0.1128855 7.004261 1.047377 0.5471992 0.1474499 0.2727415
89 0.2127636 0.1779531 0.2799305 0.2227897 0.2031481 0.1104359 0.1067783 0.08604909 2.335158 0.935493 0.4858315 0.1461618 0.2426194
90 0.1916984 0.1597949 0.293197 0.2189291 0.2189483 0.1158565 0.1021821 0.09531329 2.301014 0.8285621 0.6317131 0.15579 0.2031234
91 0.1708957 0.1428129 0.2734145 0.209049 0.1686474 0.09481422 0.1089986 0.06694917 1.238628 0.5736275 0.4477777 0.1123888 0.1423384
92 0.1809225 0.1784389 0.2724066 0.2341197 0.1816071 0.1147401 0.1259095 0.09756054 1.974343 0.9808391 0.5255302 0.1642021 0.3068818
93 0.205052 0.2403998 0.2898352 0.3363621 0.2157504 0.1712346 0.2691809 0.1200139 38.06757 0.676001 0.5405193 0.1515328 0.195422
94 0.2084081 0.1461861 0.2990362 0.1930283 0.2567892 0.1226469 0.08687263 0.08711412 2.843752 0.7572321 0.469875 0.1404051 0.2015057
95 0.1989717 0.1565735 0.2839948 0.2036518 0.1992399 0.1019662 0.09260364 0.07579258 1.046751 0.466675 0.4572753 0.1247562 0.1118763
96 0.196235 0.1182571 0.2930688 0.1802552 0.243767 0.1074506 0.07340732 0.08182301 1.878068 0.7206975 0.4611654 0.1902429 0.2523092
97 0.1989271 0.1477789 0.27652 0.193481 0.1994682 0.1086818 0.09124104 0.1029734 6.00504 0.8957958 0.5206951 0.174699 0.2316358
98 0.1747234 0.1865398 0.2312988 0.2501472 0.1327404 0.1070058 0.1476377 0.07641213 3.857506 1.057537 0.6072343 0.1742059 0.2412057
99 0.2150577 0.1571958 0.3099204 0.2236996 0.233456 0.1271957 0.1027378 0.09555818 1.11648 0.7898432 0.4587924 0.1280004 0.1670155
100 0.2275796 0.1524203 0.2829255 0.1923764 0.1992244 0.09306075 0.08851779 0.09164368 3.310576 1.163688 0.610226 0.2202655 0.3474776
