1 5.585797 -0.8433031 -0.4882669 -0.1911065 0.4641374 0.3625746 0.2216611 0.4423178 21.93453 -2.263896 -0.5711395 0.3273248 -0.3660069
2 5.389714 -0.8069554 -0.3320495 -0.3286191 0.6714354 0.6606272 0.0003856657 0.1828448 7.860572 -0.9150205 -1.514321 0.2488503 -0.426349
3 5.312474 -0.3955715 -0.03864272 -0.7170155 0.5078691 0.3361198 0.09757547 0.15825 11.55974 -0.7467274 -0.6743456 0.2371338 -0.5783955
4 5.605158 -0.4065815 -0.07636701 -0.5856586 0.513773 1.037936 -0.03632382 0.3272157 23.69837 -0.2248741 -1.380975 0.3515497 -0.684786
5 5.65207 -0.1926586 -0.1086233 -1.006089 0.4847042 0.3474724 0.004675811 0.1897378 5.685661 0.1455321 -1.431614 0.2216561 -0.5694408
6 5.244091 -0.6455949 -0.469134 -0.4841788 0.7562798 0.6094879 0.137482 0.06617564 9.420902 -0.08587548 -2.286846 0.3067412 -0.8005265
7 5.273362 -0.2662237 0.1195773 -1.183244 0.350993 0.4140012 -0.06687975 0.1713187 5.206339 -2.216382 -0.8657586 0.4234462 -0.2682112
8 5.580849 -0.4311995 -0.06496134 -0.5557682 0.408497 0.4675648 0.0368279 0.2669636 4.918953 -0.6576263 -1.030278 0.2206282 -0.4641679
9 5.399358 -0.5357557 -0.1473089 -0.5450742 0.5756608 0.4295237 0.1450422 0.224199 9.469789 -1.723325 -0.8443824 0.432025 -0.5084156
10 5.296176 -0.4141431 -0.1228945 -0.5772358 0.3553212 0.2852112 0.09914435 0.08049396 3.870694 -2.105413 -0.857202 0.3373213 -0.210662
11 5.576477 -0.4419462 -0.3048819 -0.7729927 0.702206 0.3728932 0.1895423 0.1326387 11.88721 -1.31318 -1.060237 0.2859627 -0.3080734
12 5.396515 -0.5857526 -0.2420177 -0.4967719 0.5122901 0.5060659 0.03075531 0.155061 5.797851 -1.492692 -0.8650514 0.2423086 -0.3513585
13 5.584812 -0.9184369 -0.3421182 0.03459473 0.4282987 0.4211822 0.02171747 0.148487 5.740333 -0.7543127 -0.8333529 0.2657865 -0.4975238
14 4.876286 -0.3643367 0.5774865 -1.094542 0.4742842 0.1887408 0.1667014 0.3181432 4.896428 -1.305909 -1.190534 0.3602333 -0.4537051
15 5.386896 -0.4687069 -0.2531813 -0.6500069 0.5554111 0.4287753 0.117786 0.2315004 11.76401 -1.624802 -1.77243 0.421986 -0.3841376
16 5.478839 -0.07581081 -0.6013667 -0.9307909 0.5752347 0.6301062 0.09679426 0.2523206 7.159412 -2.166049 -0.03108763 0.4420815 -0.4733819
17 4.972129 -0.2250563 0.5611208 -0.6696787 0.5720536 0.4207567 0.07489572 0.219283 3.95175 -1.409711 -0.9673232 0.263882 -0.3988136
18 5.261681 -0.3340268 0.3958376 -0.9044827 0.4259778 0.4187334 -0.007052236 0.2651853 3.554294 -0.7509107 -1.838042 0.1239793 -0.2833334
19 5.524729 -0.5161959 -0.112888 -0.4017487 0.5856477 0.3491213 0.05000115 0.2437727 4.327995 -1.314558 -1.15435 0.138576 -0.2763243
20 5.577977 -0.5433274 -0.5979235 -0.3889859 0.5772929 0.5214384 -0.03009735 0.3300964 7.52758 -1.580569 -1.215289 0.3940724 -0.3914145
21 5.72019 -0.6774334 -0.438221 -0.4819719 0.513047 0.7096082 0.1432211 0.2227855 9.11408 -0.8001514 -1.707216 0.3431998 -0.4962842
22 5.317149 -0.4182615 -0.1409173 -0.3099067 0.5512943 0.3411392 -0.004049298 0.1302655 3.704892 -1.019254 -1.340488 0.2358445 -0.3641903
23 5.122872 -0.339759 0.2173218 -0.6107978 0.4098394 0.2708513 0.1027143 0.245904 6.464258 -1.75169 -1.529238 0.2594004 -0.2528256
24 5.422086 -0.4361901 -0.01397522 -0.6527471 0.5427022 0.287269 0.1893989 0.14996 19.34899 0.4551319 -1.861024 0.3366451 -0.853094
25 5.287012 -0.2007735 -0.05066639 -0.9281038 0.4809996 0.3591622 0.06271118 0.270582 4.400686 -2.263723 -1.051752 0.3605493 -0.2659522
26 5.231851 -0.7714202 -0.1201232 -0.2837639 0.4749434 0.7257868 0.1083567 0.1270178 4.72692 -2.323509 -0.6460144 0.3286233 -0.2660416
27 5.106639 -0.0462751 0.5395861 -0.9655812 0.6090742 0.7490111 -0.01261983 0.1955543 6.251281 -2.894917 -1.401258 0.3961883 -0.05312827
28 5.517088 -0.4590019 -0.05347098 -0.452701 0.5595719 0.2952267 -0.06507926 0.3013912 6.624022 -2.361226 -0.8510691 0.2663509 -0.09780061
29 5.670747 -0.4955178 -0.2172606 -0.4050525 0.5277182 0.4851002 0.007362271 0.4433297 6.035833 -1.202238 -1.645729 0.5343746 -0.5681925
30 4.929505 -0.6700776 0.4858721 -0.7525873 0.4987456 0.605448 -0.005992578 0.08600492 7.372049 -0.3547378 -1.084992 0.2418601 -0.5810316
31 5.753273 -0.9379928 -0.3429848 -0.1691746 0.5401701 0.5624975 -0.06463089 0.4861657 7.003801 0.4438036 -1.25127 0.2803774 -0.748577
32 5.450654 -0.411857 -0.06400328 -0.6573154 0.6425797 0.2979017 0.1073205 0.157814 6.846677 -1.387745 -1.460546 0.5278283 -0.6363448
33 5.056853 -0.3945657 0.4339373 -0.6420864 0.383171 0.4119069 -0.01438026 0.2377501 3.683703 -1.251459 -1.002692 0.3221458 -0.340389
34 5.170948 -0.4226843 0.06018454 -0.4188198 0.3917425 0.4749106 -0.1100639 0.2225035 3.99919 -2.238434 -0.5544313 0.2669195 -0.2155247
35 5.395393 -0.5440917 0.1547972 -0.4960007 0.630177 0.5859226 0.2192939 0.1533692 16.38658 -0.7296553 -0.3788236 0.3146001 -0.6375766
36 5.317256 -0.5457243 -0.09465894 -0.3635494 0.4979343 0.7158539 0.1322885 0.2467106 45.19137 -1.853879 -1.428781 0.5337595 -0.4566124
37 5.43333 -0.2902227 -0.3381309 -0.8422199 0.5120966 0.3750811 0.01711229 0.04030186 5.913818 -2.276332 -0.7622879 0.319287 -0.2424607
38 5.268187 -0.3178531 0.2061978 -0.8563209 0.5420949 0.5349372 0.1419231 0.07129441 6.473324 -1.54174 -0.5892033 0.3378968 -0.4582832
39 5.285222 -0.2903118 0.003048969 -0.6994552 0.4128612 0.2127686 0.1049269 0.1616256 3.300509 -0.585161 -0.8823029 0.2951612 -0.5745647
40 5.570448 -0.5344764 -0.4186473 -0.4941358 0.3681061 0.4648561 -0.2201038 0.2888195 3.818003 -1.735066 -0.4978771 0.2736198 -0.3260999
41 5.608188 -0.7940776 -0.5636507 -0.3667881 0.5346319 0.8889175 -0.056458 0.3489958 4.623039 -1.756117 -0.07409188 0.1669552 -0.2761502
42 5.292775 -0.3458259 0.09990876 -1.058788 0.4764821 0.4894971 0.2111607 0.3553196 6.53298 -1.972631 0.293886 0.1712072 -0.3019064
43 5.294385 -0.5570983 -0.2517486 -0.5045707 0.4786287 0.5096977 0.2130387 0.1015478 7.718939 0.3869175 -1.338986 0.2853491 -0.7281251
44 5.170346 -0.2981414 0.5176786 -0.9431399 0.4470073 0.3311565 0.1689486 0.3484563 5.783297 -0.5322857 -0.5302791 0.2606808 -0.5194659
45 5.491342 -0.4651891 0.04258236 -0.5510385 0.4196018 0.3297098 0.2064506 0.1363776 4.798657 -2.309463 -0.337816 0.3441883 -0.3396996
46 5.399036 -0.4476663 -0.1941975 -0.5304757 0.4891268 0.7768739 -0.08150861 0.135606 6.990365 -2.836068 -0.1275004 0.4094089 -0.2729905
47 5.746687 -0.4954752 -0.5814862 -0.2224566 0.4805552 0.6893393 -0.009480555 0.2559981 4.691232 -1.119881 -1.262514 0.2257733 -0.3254756
48 5.413063 -0.3564639 -0.09280868 -0.7138156 0.4441397 0.4751582 0.1182541 0.1919064 6.278154 -0.3402512 -0.6392092 0.1421375 -0.5056899
49 5.257396 -0.7454353 0.06148625 -0.2924891 0.5027805 0.4055855 0.08380479 0.1854807 8.398751 -0.744778 -0.3942266 0.3836405 -0.7000887
50 5.458121 -0.4056684 -0.0371181 -0.5672463 0.6417951 0.4565384 0.1199995 0.132717 19.56627 -0.4547986 -2.304544 0.2319163 -0.5116333
51 5.317694 -0.4108684 0.2553578 -0.7673533 0.6791169 0.3187566 0.1147775 0.1605291 8.11828 -1.492509 -0.3356879 0.312466 -0.473603
52 5.412966 -0.8349759 -0.1040411 -0.3496039 0.4556006 1.031254 -0.03361525 0.1968813 8.203243 -1.169035 -1.251898 0.3576729 -0.4066216
53 5.193986 -0.3742467 -0.02496048 -0.8601257 0.4645708 0.2921856 0.144857 0.1602313 5.708961 -1.773039 -1.052199 0.1560287 -0.2294756
54 5.730177 -0.5548394 -0.5907931 -0.3734896 0.4694183 0.2091794 0.1463611 0.2213333 4.476815 -0.515279 -1.195836 0.205265 -0.4160765
55 5.460473 -0.3501514 -0.3649667 -0.8550214 0.4463666 0.4179496 -0.09916896 0.356256 4.862883 -1.068003 -1.102362 0.3017299 -0.4265693
56 5.700682 -0.1853793 -0.4629845 -1.089091 0.6367422 0.9669856 0.1589758 0.251453 17.83754 1.03082 -1.321212 0.4282596 -1.1118
57 5.19151 -0.411256 0.2799496 -0.8059799 0.3505476 0.3887169 0.03500039 0.1329492 4.651686 -1.686476 -0.8526481 0.3364754 -0.3326266
58 4.942373 -0.3623644 0.08862432 -0.4348342 0.45727 0.4224134 -0.07722461 0.342042 10.72365 -1.04416 -0.5752508 0.2424188 -0.5479366
59 5.620215 -0.5455629 -0.3341105 -0.471174 0.6018633 0.2364315 0.09404899 0.1640245 4.89244 -0.1025466 -1.345469 0.2688467 -0.6108059
60 5.581619 -0.5075279 -0.2438163 -0.6280251 0.4186274 0.1232374 0.09503377 0.2017629 3.896804 -1.35323 -0.706085 0.2194473 -0.3883166
61 5.041846 -0.4027997 0.3856894 -1.00597 0.530282 0.5853097 0.01981937 0.1413662 4.857223 -2.144437 -0.6661198 0.2666365 -0.2809429
62 5.778363 -0.6834156 -0.5632646 -0.1089772 0.4425672 0.3104482 0.06461297 0.0683466 5.126346 -1.338578 -1.501178 0.5040124 -0.5469259
63 5.590831 -0.3848644 -0.5826356 -0.3979829 0.5582895 0.3410693 0.02404631 0.08203972 5.392542 -4.315759 -0.297101 0.6188378 -0.1550326
64 5.251522 -0.5945253 -0.3290073 -0.5373888 0.3557831 0.3865283 0.06354852 0.3540055 4.535187 -1.991936 -0.4009603 0.3197022 -0.2667775
65 5.200154 -0.3029912 0.03653819 -0.8221962 0.4898808 0.5881556 0.08460106 0.2152873 4.518442 -1.881594 -0.3853447 0.2823924 -0.2881622
66 5.414615 -0.5755484 -0.05121038 -0.552866 0.3963553 0.5572353 0.02751147 0.009198297 4.211809 -1.610953 -1.0433 0.3338982 -0.3446286
67 5.053435 -0.5071441 0.04330485 -0.2791312 0.6439575 0.281141 0.2018945 0.2705709 5.769775 -1.431901 -1.103035 0.3572302 -0.3582709
68 5.400132 -0.5925114 -0.1078708 -0.5383853 0.3667953 0.2015535 0.1799696 0.182507 3.623991 -0.7763827 -1.192844 0.2601925 -0.5128831
69 5.725617 -0.3287059 -0.6197125 -0.8929005 0.4906102 0.2874062 0.1042827 0.1305043 5.157828 -1.863991 -0.4455974 0.2458783 -0.2661603
70 5.422723 -0.5950445 -0.07022516 -0.3017924 0.4788335 0.5881879 0.07434504 0.4116294 8.515873 0.01601736 -0.8676753 0.2524911 -0.6674233
71 5.509508 -0.4495796 -0.2240628 -0.570984 0.4551823 0.3533436 0.09783817 0.1338846 5.713844 -2.081018 0.1578869 0.2747309 -0.3755678
72 5.410027 -0.7895167 -0.3210359 -0.2283476 0.5368009 0.2076831 -0.01898461 0.3341164 4.276307 -1.476621 -1.116334 0.2051777 -0.2315341
73 5.392652 -0.3437798 0.05008882 -0.7716394 0.5313127 0.3000241 0.2650834 0.2876616 4.230095 -1.003001 -0.6922963 0.1623287 -0.3513586
74 5.113272 -0.3575527 -0.1657799 -0.531159 0.681788 0.3809991 0.1933199 0.1703742 3.840798 -2.693653 -0.6205405 0.3288145 -0.1564157
75 5.187909 -0.5727045 -0.04686604 -0.4880416 0.4987739 0.5531123 0.198718 0.1884668 6.383451 -2.062797 -0.2277559 0.2794543 -0.2511078
76 5.518146 -0.6762852 -0.2687536 -0.4235391 0.4378258 0.1223103 -0.04754313 0.2735405 3.790416 -1.744297 -0.3741518 0.2964641 -0.397673
77 5.638373 -0.5540438 -0.3041002 -0.2119378 0.5173188 0.7600739 0.04907712 0.239936 11.34248 -1.824681 -0.316173 0.3500786 -0.3727332
78 5.26642 -0.5172046 -0.2061789 -0.3733977 0.472688 0.5211502 0.05451271 0.2296589 5.175897 -1.524674 -0.1972746 0.2718629 -0.4000952
79 5.159604 -0.3587337 0.1521705 -0.6963397 0.4432586 0.4478247 0.1037207 0.1832643 4.061204 -1.251553 -1.714201 0.2915365 -0.3592794
80 5.461964 -0.6987436 -0.3382592 -0.1360915 0.6716202 0.5232855 0.1390065 0.1306612 5.960937 -1.067989 -1.029458 0.2324153 -0.3642024
81 5.465104 -0.4499242 -0.2834246 -0.4414233 0.4729529 0.2515228 0.0815589 0.2622979 4.425702 -2.375797 -0.4928246 0.2736079 -0.263874
82 5.003712 -0.4980216 0.02790743 -0.7203343 0.5429682 0.445293 -0.000599132 0.2048422 14.0234 -0.5014713 -2.265787 0.4760739 -0.7514911
83 5.264073 -0.4238111 0.1709302 -0.4286916 0.6593539 0.08092192 0.07876126 0.1934644 4.821112 -1.051808 -1.265947 0.2112783 -0.3365436
84 5.055093 -0.629285 0.4330821 -0.3006981 0.2904078 0.5945363 0.04356838 0.07442496 3.95937 -1.60574 -1.336661 0.3494945 -0.2834307
85 5.507259 -0.252019 -0.06132815 -1.032306 0.3510435 0.1822874 0.02704627 0.2558018 5.415909 -2.798296 0.1296001 0.3837061 -0.2770161
86 5.566422 -0.6920459 -0.1437119 -0.2614005 0.4471296 0.4280725 0.08722102 0.1545967 5.036699 -1.920128 -0.5118305 0.2685157 -0.3032748
87 4.936793 -0.4009797 0.7049534 -0.6022489 0.3576079 0.7528752 0.2116635 0.2381951 5.173828 -1.338285 -1.306949 0.3455893 -0.463939
88 5.53856 -0.4073128 -0.459092 -0.5031187 0.7161725 0.5520079 0.02837804 0.22734 12.25675 -0.6917382 -0.8089704 0.2343416 -0.4840136
89 5.293429 -0.4608914 -0.1868487 -0.4672285 0.4502301 0.4469571 -0.005482067 0.2104904 5.971874 0.4189928 -1.166324 0.2770139 -0.7293928
90 5.481373 -0.622857 -0.4660105 -0.3517761 0.5091529 0.4686728 0.1185411 0.2193378 5.96679 -0.8242529 -2.02671 0.3436407 -0.5321317
91 5.554853 -0.5603594 -0.1529897 -0.3926606 0.3200346 0.4325579 0.09062192 0.2208243 3.899943 -0.3604614 -1.073561 0.1988817 -0.4411588
92 5.197032 -0.6851238 0.2202231 -0.6137796 0.4710204 0.3549871 0.01218638 0.2333862 5.442266 -1.400383 -1.171056 0.4211329 -0.4096476
93 5.654084 -0.7452368 -0.4106712 -0.8015855 0.7200583 0.3911433 0.0937826 0.7634686 28.27032 -0.7728145 -0.8110498 0.2636124 -0.6007294
94 5.281154 -0.449339 -0.0001034692 -0.3789718 0.5385999 0.508919 0.1154779 0.1326756 6.760971 -1.562379 -0.4260497 0.1819095 -0.3083757
95 5.253513 -0.1570231 0.08782985 -0.8835056 0.4020362 0.4980573 0.1633128 0.1931598 3.680115 -1.677937 -0.6289041 0.142137 -0.2103136
96 5.144702 -0.5256568 0.2312704 -0.8334677 0.4139501 0.5468074 0.1717154 0.07554162 4.938935 -1.098137 -0.1142829 0.4944024 -0.666832
97 4.998143 -0.2644858 0.3516958 -0.7461864 0.6106771 0.3417595 0.07053965 0.09379872 10.57504 -1.299914 -1.734782 0.5816499 -0.5907922
98 5.28802 -0.3272789 -0.09594735 -0.7224151 0.4860593 0.1795134 0.0314062 0.4468744 8.77812 -2.99487 0.2231317 0.2473043 -0.2291091
99 5.561691 -0.3487652 -0.195471 -0.5905148 0.5010743 0.5135653 -0.09688359 0.2163589 3.916216 -2.721768 -0.2995857 0.2835185 -0.1365882
100 5.646147 -0.5746749 -0.3906852 -0.3732565 0.5502185 0.3630818 0.1337005 0.1257331 7.110958 -2.894208 0.3713836 0.4134164 -0.4166511
