1 0.2264132 NA 0.3144357 0.1939237 NA NA 0.2722778 NA 0.4168367 0.5033259 NA NA
3 0.2154044 NA 0.303093 0.1862364 0.1994913 NA 0.09823674 NA NA 0.4835286 NA NA
5 0.1951466 NA 0.2884452 0.2600551 0.1987901 0.1698269 0.1654096 NA 0.6282992 0.3259024 NA NA
6 0.2479003 0.1926235 0.3472846 0.3092304 0.3002237 0.1655765 0.2478969 NA 0.7073298 0.4845245 0.1051905 NA
8 0.209166 0.1904329 0.2954412 0.2934541 0.2536435 0.1927608 0.2180433 NA 0.9027088 0.5196696 0.1676389 0.06445818
9 0.2224426 0.2349987 0.3101452 0.2611393 0.3692079 0.216458 0.1718645 0.3415594 0.8843409 0.5634363 0.2613673 0.3934941
10 0.231345 0.1291514 0.3195988 0.2907671 NA NA 0.2991805 NA 0.6558821 NA NA NA
11 0.2929531 0.2947361 0.411617 0.3840254 0.6268419 0.3903153 0.4741316 0.5550445 0.5669667 0.4848723 0.146231 0.1967879
13 0.2467285 0.2125649 0.3475902 0.2574882 0.3992946 0.2274065 0.1927558 0.3127965 0.7633394 0.4752585 0.2142825 0.316223
14 0.2192445 0.2237431 0.3072546 0.2713152 0.350034 0.2305434 0.2317535 0.1999283 0.8981609 0.600967 0.2273133 0.3757185
15 0.2311293 0.1992651 0.3278434 0.2755621 0.3559985 0.2251483 0.2314464 0.306179 0.8606397 0.5267327 0.1475724 0.2452659
16 0.2863365 0.2473784 0.4013564 0.2640664 0.5069104 0.2468106 0.1793197 0.4833441 0.7018293 0.5025038 0.2610025 0.3867588
18 0.2253365 0.1996851 0.3134959 0.2406869 0.3277387 0.1756514 0.1436963 0.2167372 0.9122882 0.6065359 0.4151493 0.5447668
20 0.220706 0.2813196 0.3091217 0.3069861 0.3601968 0.228764 0.224317 0.3141975 0.7214034 0.5047473 0.4634602 0.5017474
21 0.2047207 0.08091753 0.2853797 0.2092138 0.1935469 0.1128224 0.1051214 NA NA NA NA NA
25 0.247385 0.3221723 0.3447731 0.3259363 0.5451433 0.3616882 0.2864665 0.7082174 1.540993 1.050716 0.5096066 1.174688
26 0.2214186 0.2937339 0.3082109 0.2833563 0.523011 0.339849 0.2461236 0.4826686 0.8048277 0.6804258 0.5782051 0.8032167
27 0.2712356 0.231945 0.3821392 0.3204596 0.1302352 0.1623088 0.2392556 NA 0.8576491 0.5560679 0.201805 0.2408681
28 0.2282344 0.1893435 0.3195369 0.2318482 0.3781723 0.2256766 0.214258 0.2287583 0.7932124 0.502717 0.2255523 0.3423325
29 0.2095362 0.2650783 0.2918475 0.3192944 0.3589233 0.2265275 0.2466225 0.338601 0.6966175 0.5700849 0.3591601 0.375554
30 0.2359366 0.2635363 0.3407707 0.2694475 0.4689458 0.3060456 0.2214992 0.5084254 1.439856 1.07614 0.3094539 0.808195
31 0.260172 0.1693663 0.3618065 0.2273255 0.2786927 0.104178 0.09048284 NA NA NA NA NA
32 0.2625389 0.2080387 0.3687146 0.2751961 0.5173199 0.3671456 0.2818075 0.3613392 0.7797265 0.5269138 0.3009926 0.412163
33 0.2806246 NA 0.3951676 0.2293897 0.2136063 NA 0.1303238 NA NA NA NA NA
35 0.1926423 0.04228836 0.2660337 0.2314258 NA NA 0.1735324 NA NA 0.03742961 NA NA
36 0.2569775 0.2462551 0.3586257 0.3103396 0.433697 0.2640824 0.2443098 0.3622661 0.696278 0.5675816 0.2061954 0.2650443
37 0.2290969 0.2022184 0.3207559 0.2505134 0.3311872 0.1978557 0.177697 0.2104436 1.065805 0.6128781 0.1842831 0.3079548
38 0.2866409 0.2077629 0.4025589 0.297068 0.405951 0.1756072 0.2087427 NA 0.7444621 0.5008337 0.1194176 NA
39 0.2566495 0.2888476 0.3578169 0.3433544 0.4325767 0.2679987 0.3330568 0.3242975 0.687974 0.6062948 0.1938344 0.2553296
40 0.2255534 0.1640256 0.3179007 0.2136538 0.3319939 0.1837456 0.165734 0.2675439 1.012804 0.4882058 0.171741 0.3108943
41 0.1663117 0.1466568 0.231351 0.1796613 0.165149 0.09457876 0.07886063 0.1166561 1.040188 0.5895242 0.2506448 0.3464732
43 0.2484018 0.2013008 0.3493863 0.2739737 0.3887914 0.2258781 0.2150155 0.294066 0.7419511 0.5038565 0.1805621 0.2297819
47 0.2501671 0.1373151 0.3495576 0.2228513 0.3602023 0.1783126 0.1404655 0.174816 0.572513 0.4624976 0.08771485 NA
50 0.1948131 0.1725886 0.2715604 0.2092087 0.2402951 0.1444462 0.1274667 0.1570248 1.371943 0.611702 0.1714644 0.3583774
51 0.2265858 0.2558619 0.3161563 0.290661 0.4300482 0.2800138 0.2519674 0.3756278 0.7295159 0.4995299 0.2276944 0.4299477
52 0.3124797 0.2101274 0.4395113 0.260737 0.5858503 0.2813563 0.207929 0.282157 0.7786947 0.5565807 0.2389551 0.294701
54 0.2280086 0.24178 0.3186353 0.2851014 0.3709805 0.2265226 0.2230692 0.2891921 0.6835063 0.6157984 0.3129257 0.4089177
55 0.2225727 0.264889 0.3095758 0.3290332 0.3542149 0.2703253 0.3046971 0.2745473 0.8993183 0.5919245 0.1350056 0.229299
56 0.2388066 0.2133934 0.3344599 0.2512947 0.5191477 0.368919 0.2819724 0.5660645 0.9240186 0.6603545 0.3243662 0.5047641
57 0.2185963 0.08958905 0.3034908 0.2766418 NA 0.1024107 0.316341 NA 0.5142811 0.5699161 0.154298 NA
58 0.2842761 0.2223519 0.4000931 0.2679539 0.494241 0.2619744 0.1935983 0.368816 0.7842714 0.6138355 0.274184 0.4408534
60 0.198337 0.1822746 0.2802653 0.2391345 0.2439836 0.1508107 0.1835574 0.177797 0.8279268 0.5337805 0.2167355 0.3021283
62 0.2265899 0.2854619 0.3187556 0.2504404 0.3075218 0.176142 0.1588649 0.369628 1.700364 0.6550485 0.3968634 0.905092
65 0.2441065 NA 0.3457378 0.1539413 0.3584679 0.1721566 0.1094205 0.09193041 NA NA NA NA
66 0.2673828 0.3806881 0.3643376 0.3125265 0.4621929 0.3429581 0.2842782 0.4814502 0.8538867 0.7536307 0.5378655 0.7151116
68 0.2287742 0.2016446 0.3217595 0.2539859 0.3552129 0.2259244 0.1611625 0.2934138 0.7845017 0.5319384 0.253965 0.356484
69 0.2018269 0.2356531 0.2788764 0.2754558 0.2864725 0.1882405 0.1943678 0.2296528 1.146811 0.5836876 0.1984582 0.3652943
70 0.238988 0.1017888 0.3373323 0.2526585 0.2686914 0.1311263 0.1650341 NA 0.5739209 0.3680752 NA NA
71 0.2725923 0.2541393 0.3834524 0.3240287 0.5134591 0.3323712 0.330595 0.2791613 0.6524616 0.5052381 0.2179481 0.305882
72 0.2483337 0.2264167 0.3484503 0.2855861 0.4180005 0.2436646 0.2198024 0.4024371 1.088487 0.6108335 0.1675438 0.3653992
74 0.3834162 0.8831078 0.5001215 0.2606799 3.344248 1.946583 2.062203 5.044595 3.892721 3.779753 1.687931 3.517059
75 0.2951923 0.2291543 0.4148534 0.2861485 0.5561782 0.2966591 0.2341221 0.3747812 1.188096 0.8817171 0.1322016 0.3671698
76 0.2583945 0.225861 0.36362 0.294261 0.4437775 0.2681164 0.2277333 0.3354006 0.858819 0.5973898 0.1589305 0.2782944
78 0.2246363 0.1952037 0.3157259 0.2543484 0.3561323 0.2125129 0.2141959 0.2215881 1.004178 0.7143519 0.2251638 0.3168338
79 0.2236603 0.3021765 0.3069634 0.2919749 0.4584466 0.2921406 0.2314961 0.5379606 1.176049 0.8777808 0.3647624 0.6774542
80 0.2785764 0.3253347 0.3919829 0.4363318 0.5707353 0.3944326 0.4937085 0.5573251 0.8725868 0.6354708 0.2400608 0.2962533
81 0.2046018 0.2813386 0.2884733 0.2609258 0.4772648 0.2217313 0.1855384 0.4842817 2.098297 1.170781 0.5706764 1.05337
82 0.2745639 0.269641 0.3846307 0.3152193 0.5535917 0.2986979 0.2819783 0.4643143 0.88479 0.7885706 0.5212126 0.569093
83 0.2319542 0.3115368 0.320735 0.343292 0.4122725 0.2828931 0.3234129 0.3571208 0.9744346 0.8051463 0.2887659 0.3973071
84 0.2258537 NA 0.3326388 0.214201 NA 0.09191482 0.1428918 NA 0.3826983 NA NA NA
85 0.2463042 0.2492802 0.3450907 0.2673115 0.4378164 0.2458451 0.1859397 0.5488602 1.589192 0.9251593 0.261718 0.8595184
86 0.2453155 0.2402746 0.3459874 0.3308496 NA NA 0.3130971 NA 0.8041682 0.5108383 0.07961358 NA
87 0.2951945 0.3035534 0.4127036 0.3238564 0.6077418 0.4450634 0.2744372 0.477275 0.705453 0.5535481 0.2023818 0.3150231
90 0.2443542 NA 0.3410777 0.2092992 0.3750474 0.2314629 0.229664 NA 0.6547054 0.38556 NA NA
91 0.2486051 0.2108707 0.3502283 0.297861 0.4023628 0.2561941 0.2246037 0.2621392 0.622502 0.4309389 0.1350447 0.178083
92 0.3800033 0.2104943 0.5337006 0.2781281 0.2611249 NA NA NA 0.6539801 0.539478 0.1263 NA
93 0.2294576 0.3171147 0.3254381 0.2969479 0.5747444 0.2802619 0.2191274 0.6449293 0.9606631 0.4602364 0.5687956 0.6547209
94 0.3115993 0.2416557 0.4392533 0.3151519 0.6952335 0.5243909 0.2861331 0.3410589 0.662702 0.6208441 0.1836342 0.2329764
95 0.2565749 0.1726075 0.358953 0.2561259 0.302977 0.1336825 0.1730008 NA 0.9004467 0.5148058 NA NA
96 0.2155366 0.2982065 0.2988651 0.3180092 0.2812798 0.1824404 0.1983086 0.2239442 1.373786 0.686276 0.18261 0.4107941
99 0.1969287 NA 0.2775448 0.1792141 0.2771442 0.1725901 0.1759444 NA NA NA NA NA
100 0.2235431 0.1930964 0.3139074 0.2602524 0.3000182 0.1838136 0.1801632 0.2088275 1.074436 0.8461651 0.2951466 0.4160735
102 0.2442226 0.1996547 0.338028 0.208084 0.3736713 0.1877133 0.1322087 0.3314271 0.9300839 0.6457118 0.3734221 0.5910058
103 0.2520369 0.2047725 0.3517048 0.235656 0.4005883 0.2148903 0.1625321 0.3066501 0.9436162 0.6270103 0.3221816 0.5579364
105 0.2254719 0.2285226 0.3155898 0.2357588 0.3121997 0.1729134 0.1297679 0.2770459 1.897062 0.5629047 0.3250306 0.7314649
107 0.2356335 0.2261995 0.3299899 0.3061092 0.335276 0.207756 0.26191 0.2109279 0.5416681 0.4640344 0.1486054 0.1715209
108 0.2266915 0.2104183 0.3163054 0.2742445 0.3561783 0.2318636 0.2125202 0.2083059 0.7328444 0.55454 0.1679632 0.2125412
109 0.2525726 0.1756957 0.3561945 0.2288524 0.3812198 0.1871738 0.1461319 0.269831 0.7399726 0.4511647 0.2176256 0.3072954
111 0.3587062 0.2982785 0.5032899 0.3760243 0.8520205 0.4788144 0.3708318 0.77293 0.6622267 0.5144855 0.1649802 0.2411913
112 0.2150785 0.3316479 0.3004758 0.3331068 0.4529751 0.3001165 0.3999583 0.3633582 1.158165 0.778243 0.2910584 0.6089708
113 0.2372106 0.2650099 0.3314772 0.3334923 0.3771915 0.2520123 0.2635471 0.2956724 0.8833961 0.6249419 0.3390019 0.390714
114 0.2121405 0.1815044 0.2966675 0.2250303 0.3102919 0.1970007 0.1728488 0.1908082 1.10096 0.5031072 0.1589324 0.3313944
115 0.2220606 0.2960442 0.3088144 0.3420017 0.3951118 0.2545548 0.2620245 0.2567891 0.7746962 0.6024201 0.2707257 0.3277651
116 0.304333 0.2385546 0.4272918 0.2948404 0.6016339 0.3327702 0.2607449 0.3975453 0.6250878 0.4411056 0.1801881 0.2367649
117 0.252282 0.2471083 0.3561807 0.2719827 0.3860235 0.2334395 0.1848918 0.2990742 0.5835986 0.4961392 0.3101574 0.4086547
119 0.2784227 0.7119031 0.3901256 0.4178644 0.6824582 0.2393357 0.2751664 0.7690504 1.396343 1.28518 1.098524 1.637926
120 0.2192717 NA 0.3015512 0.2180674 0.05036718 0.08100191 0.06632425 NA NA NA NA NA
121 0.1985634 0.2023675 0.279971 0.2632022 0.2777729 0.1794794 0.175925 0.2096653 0.6904452 0.4919052 0.2115606 0.286638
122 0.232955 0.1905946 0.3240841 0.2349195 0.3286597 0.1811376 0.1444537 0.1888871 0.710892 0.4498318 0.1317253 0.1939798
123 0.2656616 0.2668597 0.3727763 0.2447745 0.6655925 0.4254885 0.2570674 0.5876228 0.8107647 0.701979 0.6537696 0.8880188
124 0.199659 0.09554396 0.2858932 0.2117218 0.2497692 0.1744606 0.1743941 NA NA NA NA NA
127 0.2547662 0.2093729 0.358176 0.2662132 0.3831819 0.2160529 0.186355 0.3181444 0.8576665 0.5419475 0.1645422 0.2862203
128 0.3057172 0.2143415 0.4318728 0.2796042 0.743394 0.4508653 0.3050776 0.5531171 0.9324037 0.5267752 0.2513886 0.4813937
129 0.3114898 0.2635862 0.437532 0.3117457 0.9203819 0.6161347 0.4009805 1.007218 0.6674892 0.5445678 0.279669 0.3936791
130 0.2293729 0.3148071 0.3190859 0.3312725 0.3419515 0.2155973 0.2048509 0.2660505 0.8890844 0.5611472 0.2520622 0.4117038
131 0.2658778 0.2248077 0.3787793 0.2409513 0.479051 0.2535468 0.2200305 0.3488005 0.891434 0.6323851 0.4441385 0.6519545
133 0.2295207 0.2233195 0.3205573 0.2868284 0.352445 0.2309214 0.2349708 0.285855 1.350598 0.9420369 0.2287417 0.3863532
134 0.2297568 NaN 0.3195639 0.2334443 NaN NaN 0.1467688 NaN 0.6662798 0.4345486 NaN NaN
135 0.2781947 0.2513497 0.3905188 0.2870979 0.4530478 0.2309962 0.1904752 0.3506652 0.9750464 0.4978837 0.1950742 0.3323711
136 0.2978518 0.05632668 0.415212 0.3381917 0.3844696 0.1343929 0.2862712 NaN 0.6738157 0.3988657 NaN NaN
