1 2.292967 1.154291 1.202876 4.060016 1.160883 1.205857
3 2.345491 1.498859 1.556601 4.289512 1.642391 1.546764
5 6.890233 6.29772 6.463498 9.47797 6.28013 6.505757
6 1.958863 1.389012 1.353533 4.08336 1.217922 1.208384
8 1.492257 1.047913 1.044536 4.283931 1.090362 1.08624
9 3.199439 2.398824 2.436197 5.98695 2.504236 2.585829
10 7.272864 2.859603 3.811833 9.965122 4.852016 4.608278
11 2.860312 1.979675 1.903001 5.484551 2.178908 2.041847
13 1.7079 1.316004 1.297116 3.153579 1.407014 1.424548
14 2.58105 1.654747 1.686355 4.223283 1.833325 1.691668
15 2.528562 1.780251 1.769153 3.806974 1.54542 1.598113
16 1.375785 1.2718 1.341439 2.657405 1.256065 1.263037
18 2.215889 1.267661 1.305082 5.40187 1.489526 1.433738
20 1.805413 1.658968 1.648508 2.901708 1.690261 1.777724
21 1.688674 0.9214396 1.005892 2.812707 1.238288 1.196134
25 2.824059 1.124863 1.150808 5.876668 1.27955 1.323735
26 2.096664 1.345834 1.211447 3.94482 1.276122 1.212362
27 3.100804 1.764151 1.560562 5.881591 1.523631 1.401657
28 1.986307 1.503381 1.685393 3.925564 1.662237 1.521745
29 2.034348 1.868152 1.759773 3.591409 1.828369 1.985749
30 1.613532 0.9457603 0.9620956 3.798135 1.11603 1.194215
31 2.2171 1.100264 1.142958 4.552005 1.357158 1.438387
32 3.94008 2.055469 1.98125 6.653671 2.191261 2.067145
33 1.485201 0.9705794 0.8437193 3.323746 1.115121 1.007702
35 1.861559 1.563366 1.379599 3.471831 1.554014 1.643081
36 1.683268 0.9284189 0.8973849 5.307642 0.8714504 0.929166
37 1.296121 1.048623 1.014469 1.828091 1.032889 1.027948
38 1.721574 1.218953 1.187308 5.678645 1.440969 1.419237
39 2.418493 1.809446 1.899524 5.094072 1.662468 1.750984
40 1.194012 0.9986513 0.896125 1.722904 1.028308 1.057731
41 3.892031 3.46499 3.510663 4.855497 3.276906 3.29525
43 1.702942 1.085392 0.9938423 4.17304 1.103501 1.073365
47 1.328546 0.9255029 0.966194 1.866197 1.110881 0.9834612
50 1.331608 1.264073 1.320783 1.867349 1.415462 1.372257
51 2.810384 2.315041 2.305326 4.880062 2.322797 2.443898
52 2.083141 1.686654 1.829791 4.736633 1.650741 1.8644
54 1.630974 1.220433 1.3685 4.675337 1.346417 1.303631
55 2.2435 1.932509 1.997647 3.875694 2.05235 1.881926
56 2.863208 1.87088 2.064609 6.226054 1.733615 1.712736
57 3.177853 1.720287 1.761199 8.184536 1.915203 1.602691
58 1.448092 0.944808 0.9525411 2.935881 1.074867 0.9182472
60 2.200063 1.333754 1.615258 2.941989 1.399363 1.495514
62 2.330823 1.994133 2.044972 3.608125 2.248346 2.145264
65 1.253249 1.226652 1.105476 1.801141 1.250231 1.21288
66 1.177326 0.5719761 0.6195963 3.308678 0.647727 0.6864246
68 2.511379 1.443949 1.567872 4.328208 1.691123 1.603991
69 3.760844 2.803451 2.847565 5.632147 2.821966 2.723597
70 2.274837 1.663004 1.655214 4.415737 1.797859 1.785635
71 3.301922 1.244615 1.297052 4.955602 1.219326 1.254172
72 2.410007 1.310282 1.256785 5.099846 1.293156 1.28663
74 2.611286 2.299688 2.396926 5.964633 2.490819 2.51076
75 2.813924 1.365427 1.469957 5.24448 1.634545 1.530096
76 2.998955 1.931136 2.084397 5.977802 1.92002 1.875745
78 2.379602 1.784962 1.807824 4.585976 1.87501 1.913672
79 0.8952375 0.8204701 0.8277765 2.899525 0.8368656 0.7912778
80 2.259012 1.460569 1.416031 7.502658 1.374035 1.338819
81 1.317852 1.246105 1.284129 2.468249 1.526111 1.626538
82 1.761202 0.9460132 0.84222 4.957724 0.8534946 0.944194
83 5.945951 4.435468 4.41567 8.954202 4.253911 4.056827
84 3.62205 2.608998 2.461243 5.907292 2.466753 2.721717
85 4.339975 2.369308 2.165027 9.195235 2.223271 2.29613
86 2.567396 1.334213 1.430903 5.721044 1.529325 1.667455
87 3.868839 2.172396 2.341971 5.73836 2.482561 2.512526
90 4.198977 3.132404 3.193589 7.825531 3.428207 3.423694
91 2.397529 2.000847 2.119948 3.033641 1.819849 2.232732
92 6.728838 2.140238 3.499676 4.516387 3.050219 2.959474
93 1.712134 1.330355 1.341657 4.52516 1.550414 1.335859
94 5.337035 1.128754 1.539036 6.203087 2.006359 2.023404
95 2.229445 1.624179 1.524768 6.315962 1.738763 1.565281
96 1.71232 1.395979 1.483048 2.138066 1.486906 1.460218
99 1.292613 1.084019 1.068062 2.592474 1.159323 1.169487
100 1.935745 0.9701233 0.9405281 5.019773 1.111124 0.924842
102 1.316864 1.062968 1.060326 2.083436 0.9964225 1.042842
103 0.9705258 0.8332791 0.9139601 2.672366 0.9506796 0.8668051
105 1.154495 1.165995 1.253133 1.739193 1.271985 1.220204
107 1.909133 1.752546 1.597096 2.593361 1.542785 1.668955
108 1.4855 1.115546 1.179428 2.44236 1.009957 0.9308533
109 2.169902 1.531379 1.542344 4.147102 1.674292 1.687695
111 1.702757 1.029662 1.228009 7.960424 0.9955837 1.026711
112 2.456383 1.143631 1.164143 4.477754 1.17998 1.254946
113 6.397833 4.253153 3.966669 11.17398 5.117113 4.916579
114 1.868204 1.440596 1.439638 2.800012 1.491456 1.530048
115 1.749539 1.461221 1.533017 4.040678 1.44034 1.498088
116 4.277105 3.326902 3.293116 7.19542 2.973652 3.125167
117 1.798026 1.404902 1.546725 2.885395 1.436436 1.426192
119 2.241122 1.68438 1.672805 3.265737 1.720276 1.619421
120 1.989432 1.626506 1.671258 3.190064 1.446678 1.48964
121 1.415399 1.146443 1.146404 2.969051 1.245331 1.147127
122 1.71119 1.589124 1.587047 2.498435 1.817957 1.675813
123 1.407856 0.892423 0.8878173 4.2942 0.9853882 0.8829945
124 2.242263 1.973825 1.89636 2.906331 2.068427 1.997888
127 1.672547 1.225752 1.256906 2.663454 1.244115 1.224842
128 2.708524 1.734509 1.832921 6.992438 1.785813 1.728332
129 2.878539 1.736108 1.656822 5.626439 1.758922 1.694293
130 1.691836 1.514459 1.569009 2.629002 1.45748 1.629113
131 1.677637 1.537501 1.507521 2.885207 1.72954 1.729942
133 2.183898 1.493408 1.670843 5.672561 1.463698 1.719136
134 1.61435 1.368279 1.359129 2.986449 1.410859 1.443903
135 3.095204 2.440812 2.430949 3.631149 2.405474 2.263242
136 1.712454 1.485433 1.610453 3.623523 1.169241 1.332447
