1 2050001
3 2050003
5 2050005
6 2050006
8 2050008
9 2050009
10 2050010
11 2050011
13 2050013
14 2050014
15 2050015
16 2050016
18 2050018
20 2050020
21 2050021
25 2050025
26 2050026
27 2050027
28 2050028
29 2050029
30 2050030
31 2050031
32 2050032
33 2050033
35 2050035
36 2050036
37 2050037
38 2050038
39 2050039
40 2050040
41 2050041
43 2050043
47 2050047
50 2050050
51 2050051
52 2050052
54 2050054
55 2050055
56 2050056
57 2050057
58 2050058
60 2050060
62 2050062
65 2050065
66 2050066
68 2050068
69 2050069
70 2050070
71 2050071
72 2050072
74 2050074
75 2050075
76 2050076
78 2050078
79 2050079
80 2050080
81 2050081
82 2050082
83 2050083
84 2050084
85 2050085
86 2050086
87 2050087
90 2050090
91 2050091
92 2050092
93 2050093
94 2050094
95 2050095
96 2050096
99 2050099
100 2050100
102 2050102
103 2050103
105 2050105
107 2050107
108 2050108
109 2050109
111 2050111
112 2050112
113 2050113
114 2050114
115 2050115
116 2050116
117 2050117
119 2050119
120 2050120
121 2050121
122 2050122
123 2050123
124 2050124
127 2050127
128 2050128
129 2050129
130 2050130
131 2050131
133 2050133
134 2050134
135 2050135
136 2050136
