1 364.6689 365.7241 366.8921 369.1026 368.6282 369.7495
2 471.2828 469.2965 467.8577 478.034 476.0867 474.5604
3 462.368 460.802 459.3425 501.6084 500.0468 498.4016
4 425.7949 424.8899 428.199 429.4283 428.1512 431.3601
5 427.5665 433.0499 431.1738 432.8307 439.2761 437.2117
6 444.6998 448.6081 446.6225 449.7203 453.5009 451.4308
7 469.1388 471.1547 470.4989 495.4628 493.9894 493.4133
8 395.0653 395.8078 400.7186 403.5796 403.0385 408.04
9 455.3984 460.086 458.0277 468.1229 473.1686 471.0529
10 415.6883 417.8777 414.194 448.183 450.3432 446.6516
11 380.819 383.346 381.831 422.1894 420.9662 419.0739
12 383.4101 386.789 393.3516 386.974 389.2792 395.9814
13 464.7945 464.8274 461.7819 476.2933 475.0589 472.0665
14 379.8562 383.8403 383.9163 385.9164 386.8728 386.7992
15 418.7691 416.8811 420.1138 425.4224 423.6588 426.8972
16 394.5752 393.7327 393.999 398.6648 396.2758 396.6466
17 398.9724 401.1262 409.092 427.4053 431.8124 439.5569
18 416.5852 422.3185 418.4971 422.5049 428.0074 424.4183
19 395.8728 401.625 398.3263 408.3068 417.1301 413.9018
20 480.1091 482.0545 480.8421 490.4838 493.2471 492.0772
21 379.9375 384.1358 381.7113 386.4035 392.3643 390.0026
22 483.5631 481.7993 482.301 501.3187 498.8486 499.5219
23 425.1404 428.9086 426.3716 430.792 433.5901 431.2482
24 329.4216 344.6743 345.7214 332.4021 346.108 347.1007
25 389.8926 390.8378 390.4637 403.4981 405.1413 404.4457
26 422.3124 423.2396 419.9259 425.4032 426.3173 423.0594
27 402.5356 403.8465 404.8632 418.5953 417.9019 418.753
28 424.7421 424.1735 426.8222 430.965 429.6484 432.3094
29 386.7567 387.6917 385.1748 395.5027 396.5877 394.0632
30 406.5156 413.3921 409.8577 408.3886 415.67 412.171
31 420.6176 419.9601 424.6898 442.2952 442.907 447.7071
32 376.6009 376.6266 374.8467 381.6938 380.9501 379.4986
33 384.3701 384.0929 383.9882 408.5098 413.1019 413.0584
34 399.861 398.0263 406.1252 411.4125 408.1352 416.1518
35 407.3215 408.8024 406.1474 418.3965 418.665 416.1709
36 452.3099 451.3532 450.701 459.1504 459.126 458.3664
37 426.9042 427.4486 426.3171 427.8898 428.3191 427.1649
38 436.6181 438.0107 442.1617 450.4993 452.2997 456.3588
39 409.8297 408.0342 409.7302 409.4839 407.7051 409.4537
40 461.1808 463.3094 463.892 476.235 476.7875 477.726
41 461.6948 459.6971 462.8168 504.9196 503.6464 506.833
42 439.6202 437.6527 441.5827 460.5976 458.8501 463.0687
43 378.973 377.3793 382.038 378.941 377.4973 382.226
44 457.4868 458.3843 454.5908 476.2839 478.7146 475.0053
45 372.4571 371.8112 372.7517 396.8901 396.9356 398.0274
46 434.9012 433.3458 432.2432 444.6248 442.4023 441.6322
47 436.4452 436.4749 434.6331 439.8451 440.3533 438.5161
48 396.4354 404.4252 400.4425 407.213 413.7801 410.0645
49 409.5555 409.4937 407.8512 421.3728 421.4192 419.6897
50 433.2532 438.7362 436.2817 434.3308 441.3313 439.0557
51 433.4284 439.1759 440.9857 437.1926 445.2924 447.2337
52 387.9011 387.3529 394.871 401.381 400.97 408.3484
53 399.626 403.8943 402.6168 406.2403 412.4277 411.3854
54 464.9959 466.6924 466.5419 472.7219 473.6618 473.3689
55 442.6577 444.4022 442.3919 461.6294 459.9381 458.1008
56 481.0188 483.3238 482.9358 485.7385 487.0745 486.707
57 473.3045 472.5197 473.7426 516.8236 516.8648 518.0436
58 434.799 438.96 439.3808 440.9242 444.2094 444.6311
59 376.2302 377.4542 384.6114 443.5764 446.7871 453.7129
60 475.5676 474.2298 478.6444 498.0203 496.4159 500.5537
61 445.7145 446.0483 444.5354 447.8341 447.8567 446.4211
62 375.8698 381.4805 381.5218 378.4197 382.7348 382.7014
63 396.5877 399.1033 399.959 413.9917 416.473 417.5885
64 477.0781 475.9401 475.5417 490.1913 489.0872 488.7423
65 384.6488 382.7343 393.1198 398.513 396.6389 406.8732
66 408.4863 408.8496 407.492 419.9779 424.6028 423.0955
67 434.8325 436.8614 434.6128 440.5827 442.1974 439.9658
68 432.5773 431.3876 432.68 462.4313 461.5508 462.5313
69 400.5261 400.7096 403.6761 405.9344 404.9547 407.8953
70 443.7532 443.2403 440.5952 455.7457 455.2764 452.4474
71 416.3437 414.7731 420.3147 422.0488 420.505 425.6665
72 416.7883 415.5467 413.8346 427.4988 426.8889 425.0784
73 462.6179 461.3022 458.091 477.9772 476.5694 473.3756
74 444.4196 443.8757 444.883 491.017 487.8296 488.8094
75 464.2506 462.5249 465.0515 480.0282 478.7599 481.3317
76 421.7808 419.9146 420.401 424.7221 422.8339 423.3715
77 383.4798 392.0288 389.0246 406.2872 417.6807 414.3348
78 383.506 385.1935 385.0425 386.1759 387.7849 387.5735
79 391.5231 392.913 394.2334 426.8669 427.1169 428.3393
80 474.3293 475.3972 474.7998 485.5341 488.3086 487.6526
81 474.3943 472.983 472.8014 481.9584 479.8221 479.6736
82 448.5742 451.4096 448.743 461.8942 465.8462 463.1964
83 463.3925 466.5726 468.8139 478.0129 480.0748 482.2675
84 474.2378 472.2298 474.7478 486.9693 485.1065 487.5205
85 530.8648 531.0484 528.3784 541.4067 542.1617 539.3683
86 441.0874 440.932 441.0424 457.8789 456.9284 457.087
87 408.9724 413.413 411.5199 412.0664 415.6017 413.8433
88 379.1732 381.0896 379.3153 383.3419 384.7024 382.9213
89 419.598 423.8537 421.9415 423.0352 426.7259 424.7295
90 425.7139 427.3125 425.9885 433.4539 435.7091 434.3433
91 485.2707 486.2811 483.4315 489.6358 490.5828 487.7671
92 413.1012 416.5457 413.7627 415.4284 418.6283 416.0243
93 367.7155 368.855 367.7151 370.9748 371.0341 370.0195
94 417.9466 417.1832 417.3296 424.9578 424.1156 424.2804
95 419.9303 424.0411 420.7769 434.5671 442.0499 438.6784
96 445.1593 444.8998 446.358 452.0744 451.4049 452.836
97 413.4947 411.8589 412.4872 429.7852 428.2302 429.0801
98 354.7393 365.5689 368.8567 358.3217 368.4651 372.08
99 464.2298 462.5605 461.0232 470.8921 469.0913 467.6064
100 427.0015 428.0157 424.8771 430.6866 432.1324 429.0679
