1 380.5142 380.3506 379.0809 383.7291 382.0358 380.7194
2 487.1282 483.923 480.0464 492.6605 489.4944 485.5303
3 478.2133 475.4285 471.5312 516.2349 513.4544 509.3715
4 441.6403 439.5164 440.3878 444.0548 441.5588 442.3299
5 443.4119 447.6765 443.3626 447.4572 452.6837 448.1816
6 460.5451 463.2346 458.8112 464.3468 466.9085 462.4007
7 484.9842 485.7812 482.6877 510.0893 507.397 504.3832
8 410.9107 410.4343 412.9074 418.2061 416.4461 419.0099
9 471.2438 474.7125 470.2165 482.7494 486.5762 482.0228
10 431.5337 432.5042 426.3828 462.8096 463.7508 457.6215
11 396.6644 397.9725 394.0198 436.8159 434.3738 430.0438
12 399.2555 401.4156 405.5404 401.6005 402.6868 406.9513
13 480.6399 479.454 473.9707 490.9198 488.4665 483.0364
14 395.7016 398.4668 396.105 400.5429 400.2804 397.7691
15 434.6145 431.5076 432.3026 440.0489 437.0665 437.8671
16 410.4206 408.3592 406.1877 413.2913 409.6834 407.6165
17 414.8178 415.7528 421.2807 442.0318 445.22 450.5268
18 432.4306 436.9451 430.6859 437.1314 441.415 435.3882
19 411.7181 416.2515 410.5151 422.9333 430.5377 424.8717
20 495.9545 496.6811 493.0308 505.1103 506.6548 503.0471
21 395.7829 398.7623 393.9001 401.03 405.772 400.9725
22 499.4085 496.4258 494.4897 515.9452 512.2563 510.4918
23 440.9857 443.5352 438.5604 445.4185 446.9977 442.2181
24 345.267 359.3008 357.9102 347.0287 359.5156 358.0706
25 405.738 405.4643 402.6524 418.1246 418.549 415.4156
26 438.1578 437.8661 432.1146 440.0297 439.7249 434.0293
27 418.381 418.473 417.052 433.2218 431.3095 429.7229
28 440.5875 438.8 439.0109 445.5915 443.0561 443.2793
29 402.602 402.3182 397.3635 410.1293 409.9953 405.0331
30 422.361 428.0186 422.0464 423.0151 429.0777 423.1408
31 436.463 434.5866 436.8786 456.9218 456.3146 458.677
32 392.4463 391.2531 387.0355 396.3203 394.3577 390.4684
33 400.2155 398.7194 396.177 423.1363 426.5095 424.0282
34 415.7064 412.6528 418.314 426.0391 421.5429 427.1217
35 423.1669 423.4289 418.3361 433.023 432.0727 427.1408
36 468.1553 465.9797 462.8898 473.7769 472.5336 469.3363
37 442.7496 442.0751 438.5059 442.5163 441.7267 438.1347
38 452.4635 452.6372 454.3504 465.1259 465.7074 467.3286
39 425.675 422.6607 421.9189 424.1104 421.1127 420.4236
40 477.0262 477.9359 476.0807 490.8615 490.1952 488.6959
41 477.5402 474.3236 475.0056 519.5461 517.054 517.8029
42 455.4656 452.2792 453.7715 475.2241 472.2577 474.0386
43 394.8184 392.0058 394.2267 393.5676 390.9049 393.1958
44 473.3322 473.0108 466.7796 490.9104 492.1222 485.9751
45 388.3025 386.4377 384.9404 411.5166 410.3432 408.9973
46 450.7466 447.9724 444.432 459.2514 455.81 452.6021
47 452.2906 451.1014 446.8218 454.4716 453.761 449.486
48 412.2808 419.0517 412.6313 421.8395 427.1877 421.0344
49 425.4009 424.1202 420.04 435.9993 434.8268 430.6596
50 449.0986 453.3627 448.4705 448.9573 454.7389 450.0256
51 449.2738 453.8024 453.1744 451.8191 458.7001 458.2036
52 403.7465 401.9794 407.0598 416.0075 414.3776 419.3183
53 415.4714 418.5208 414.8055 420.8668 425.8353 422.3553
54 480.8412 481.3189 478.7307 487.3484 487.0694 484.3388
55 458.5031 459.0287 454.5806 476.2559 473.3457 469.0707
56 496.8642 497.9503 495.1245 500.365 500.4821 497.6769
57 489.1499 487.1462 485.9314 531.4501 530.2724 529.0135
58 450.6444 453.5865 451.5696 455.5507 457.6171 455.6009
59 392.0755 392.0807 396.8001 458.2029 460.1947 464.6828
60 491.413 488.8563 490.8332 512.6469 509.8235 511.5236
61 461.5599 460.6748 456.7241 462.4606 461.2643 457.391
62 391.7152 396.107 393.7105 393.0463 396.1424 393.6713
63 412.4331 413.7299 412.1478 428.6182 429.8806 428.5584
64 492.9234 490.5666 487.7305 504.8178 502.4948 499.7121
65 400.4941 397.3608 405.3085 413.1396 410.0466 417.8431
66 424.3317 423.4761 419.6808 434.6044 438.0104 434.0654
67 450.6779 451.4879 446.8015 455.2092 455.605 450.9357
68 448.4226 446.0141 444.8687 477.0578 474.9584 473.5012
69 416.3715 415.3361 415.8648 420.5609 418.3623 418.8652
70 459.5986 457.8669 452.784 470.3722 468.6841 463.4173
71 432.1891 429.3996 432.5034 436.6754 433.9126 436.6363
72 432.6337 430.1732 426.0234 442.1253 440.2965 436.0483
73 478.4633 475.9287 470.2797 492.6037 489.977 484.3454
74 460.265 458.5022 457.0718 505.6435 501.2372 499.7793
75 480.096 477.1514 477.2402 494.6547 492.1675 492.3015
76 437.6262 434.5411 432.5898 439.3486 436.2415 434.3414
77 399.3252 406.6554 401.2133 420.9137 431.0884 425.3047
78 399.3514 399.82 397.2312 400.8024 401.1926 398.5433
79 407.3685 407.5395 406.4222 441.4934 440.5245 439.3092
80 490.1747 490.0237 486.9886 500.1606 501.7162 498.6225
81 490.2397 487.6096 484.9901 496.5849 493.2297 490.6435
82 464.4196 466.0361 460.9317 476.5207 479.2539 474.1662
83 479.2379 481.1991 481.0027 492.6394 493.4824 493.2373
84 490.0832 486.8563 486.9366 501.5958 498.5141 498.4904
85 546.7102 545.6749 540.5672 556.0332 555.5693 550.3382
86 456.9328 455.5585 453.2312 472.5054 470.3361 468.0569
87 424.8178 428.0395 423.7087 426.693 429.0093 424.8132
88 395.0186 395.7161 391.5041 397.9684 398.11 393.8911
89 435.4434 438.4802 434.1303 437.6617 440.1335 435.6994
90 441.5593 441.9391 438.1773 448.0804 449.1167 445.3132
91 501.1161 500.9076 495.6202 504.2623 503.9905 498.737
92 428.9466 431.1722 425.9515 430.0549 432.0359 426.9942
93 383.5609 383.4815 379.9039 385.6013 384.4417 380.9894
94 433.792 431.8097 429.5184 439.5843 437.5233 435.2503
95 435.7757 438.6676 432.9656 449.1936 455.4575 449.6483
96 461.0047 459.5263 458.5468 466.701 464.8126 463.8059
97 429.3401 426.4854 424.6759 444.4117 441.6378 440.0499
98 370.5846 380.1954 381.0455 372.9482 381.8727 383.0499
99 480.0752 477.187 473.212 485.5186 482.4989 478.5763
100 442.8469 442.6422 437.0658 445.3131 445.54 440.0378
