1 0.52
2 0.32
3 0.32
4 0.48
5 0.48
6 0.4
7 0.44
8 0.52
9 0.56
10 0.4
11 0.68
12 0.48
13 0.36
14 0.6
15 0.4
16 0.64
17 0.48
18 0.44
19 0.52
20 0.6
21 0.6
22 0.28
23 0.6
24 0.6
25 0.44
26 0.52
27 0.6
28 0.6
29 0.44
30 0.48
31 0.52
32 0.56
33 0.64
34 0.6
35 0.44
36 0.24
37 0.32
38 0.56
39 0.4
40 0.52
41 0.64
42 0.4
43 0.36
44 0.36
45 0.6
46 0.56
47 0.56
48 0.6
49 0.56
50 0.56
51 0.56
52 0.56
53 0.56
54 0.4
55 0.32
56 0.52
57 0.32
58 0.44
59 0.52
60 0.4
61 0.44
62 0.56
63 0.52
64 0.36
65 0.44
66 0.56
67 0.4
68 0.52
69 0.6
70 0.48
71 0.56
72 0.56
73 0.32
74 0.36
75 0.36
76 0.44
77 0.52
78 0.6
79 0.6
80 0.48
81 0.44
82 0.4
83 0.48
84 0.48
85 0.44
86 0.4
87 0.56
88 0.64
89 0.52
90 0.52
91 0.4
92 0.72
93 0.44
94 0.48
95 0.52
96 0.32
97 0.52
98 0.72
99 0.48
100 0.48
