1 -169.3344 -170.862 -173.446 -172.5513 -173.3141 -175.8747
2 -222.6414 -222.6483 -223.9288 -227.017 -227.0434 -228.2802
3 -218.184 -218.401 -219.6712 -238.8042 -239.0234 -240.2008
4 -199.8974 -200.4449 -204.0995 -202.7141 -203.0756 -206.68
5 -200.7833 -204.525 -205.5869 -204.4153 -208.638 -209.6059
6 -209.3499 -212.304 -213.3112 -212.8602 -215.7504 -216.7154
7 -221.5694 -223.5773 -225.2495 -235.7314 -235.9947 -237.7066
8 -184.5327 -185.9039 -190.3593 -189.7898 -190.5192 -195.02
9 -214.6992 -218.043 -219.0139 -222.0615 -225.5843 -226.5265
10 -194.8441 -196.9388 -197.097 -212.0915 -214.1716 -214.3258
11 -177.4095 -179.673 -180.9155 -199.0947 -199.4831 -200.5369
12 -178.705 -181.3945 -186.6758 -181.487 -183.6396 -188.9907
13 -219.3973 -220.4137 -220.891 -226.1466 -226.5294 -227.0332
14 -176.9281 -179.9201 -181.9581 -180.9582 -182.4364 -184.3996
15 -196.3845 -196.4405 -200.0569 -200.7112 -200.8294 -204.4486
16 -184.2876 -184.8664 -186.9995 -187.3324 -187.1379 -189.3233
17 -186.4862 -188.5631 -194.546 -201.7026 -204.9062 -210.7785
18 -195.2926 -199.1593 -199.2486 -199.2525 -203.0037 -203.2091
19 -184.9364 -188.8125 -189.1632 -192.1534 -197.565 -197.9509
20 -227.0546 -229.0273 -230.421 -233.2419 -235.6236 -237.0386
21 -176.9687 -180.0679 -180.8557 -181.2018 -185.1822 -186.0013
22 -228.7816 -228.8997 -231.1505 -238.6594 -238.4243 -240.7609
23 -199.5702 -202.4543 -203.1858 -203.396 -205.795 -206.6241
24 -151.7108 -160.3371 -162.8607 -154.2011 -162.054 -164.5503
25 -181.9463 -183.4189 -185.2318 -189.749 -191.5707 -193.2229
26 -198.1562 -199.6198 -199.9629 -200.7016 -202.1587 -202.5297
27 -188.2678 -189.9232 -192.4316 -197.2977 -197.9509 -200.3765
28 -199.3711 -200.0867 -203.4111 -203.4825 -203.8242 -207.1547
29 -180.3783 -181.8458 -182.5874 -185.7514 -187.2938 -188.0316
30 -190.2578 -194.696 -194.9288 -192.1943 -196.835 -197.0855
31 -197.3088 -197.98 -202.3449 -209.1476 -210.4535 -214.8536
32 -175.3005 -176.3133 -177.4233 -178.8469 -179.475 -180.7493
33 -179.185 -180.0465 -181.9941 -192.2549 -195.5509 -197.5292
34 -186.9305 -187.0132 -193.0626 -193.7063 -193.0676 -199.0759
35 -190.6608 -192.4012 -193.0737 -197.1982 -198.3325 -199.0855
36 -213.1549 -213.6766 -215.3505 -217.5752 -218.563 -220.1832
37 -200.4521 -201.7243 -203.1586 -201.9449 -203.1595 -204.5824
38 -205.3091 -207.0054 -211.0808 -213.2497 -215.1499 -219.1794
39 -191.9148 -192.0171 -194.8651 -192.7419 -192.8525 -195.7269
40 -217.5904 -219.6547 -221.946 -226.1175 -227.3938 -229.863
41 -217.8474 -217.8485 -221.4084 -240.4598 -240.8232 -244.4165
42 -206.8101 -206.8263 -210.7914 -218.2988 -218.425 -222.5344
43 -176.4865 -176.6897 -181.019 -177.4705 -177.7487 -182.113
44 -215.7434 -217.1922 -217.2954 -226.142 -228.3573 -228.5026
45 -173.2285 -173.9056 -176.3758 -186.4451 -187.4678 -190.0137
46 -204.4506 -204.6729 -206.1216 -210.3124 -210.2012 -211.8161
47 -205.2226 -206.2374 -207.3165 -207.9225 -209.1767 -210.258
48 -185.2177 -190.2126 -190.2212 -191.6065 -195.89 -196.0323
49 -191.7778 -192.7469 -193.9256 -198.6864 -199.7096 -200.8449
50 -203.6266 -207.3681 -208.1409 -205.1654 -209.6656 -210.5278
51 -203.7142 -207.588 -210.4928 -206.5963 -211.6462 -214.6169
52 -180.9505 -181.6765 -187.4355 -188.6905 -189.485 -195.1742
53 -186.813 -189.9471 -191.3084 -191.1202 -195.2138 -196.6927
54 -219.4979 -221.3462 -223.271 -224.3609 -225.8309 -227.6845
55 -208.3289 -210.2011 -211.1959 -218.8147 -218.969 -220.0504
56 -227.5094 -229.6619 -231.4679 -230.8692 -232.5372 -234.3535
57 -223.6523 -224.2599 -226.8713 -246.4118 -247.4324 -250.0218
58 -204.3995 -207.48 -209.6904 -208.4621 -211.1047 -213.3155
59 -175.1151 -176.7271 -182.3057 -209.7882 -212.3935 -217.8564
60 -224.7838 -225.1149 -229.3222 -237.0102 -237.2079 -241.2768
61 -209.8572 -211.0242 -212.2677 -211.9171 -212.9283 -214.2106
62 -174.9349 -178.7402 -180.7609 -177.2099 -180.3674 -182.3507
63 -185.2939 -187.5517 -189.9795 -194.9958 -197.2365 -199.7943
64 -225.539 -225.9701 -227.7709 -233.0957 -233.5436 -235.3711
65 -179.3244 -179.3672 -186.5599 -187.2565 -187.3195 -194.4366
66 -191.2431 -192.4248 -193.746 -197.989 -201.3014 -202.5478
67 -204.4162 -206.4307 -207.3064 -208.2913 -210.0987 -210.9829
68 -203.2886 -203.6938 -206.34 -219.2157 -219.7754 -222.2656
69 -187.2631 -188.3548 -191.838 -190.9672 -191.4773 -194.9477
70 -208.8766 -209.6202 -210.2976 -215.8729 -216.6382 -217.2237
71 -195.1719 -195.3865 -200.1573 -199.0244 -199.2525 -203.8332
72 -195.3941 -195.7734 -196.9173 -201.7494 -202.4444 -203.5392
73 -218.309 -218.6511 -219.0455 -226.9886 -227.2847 -227.6878
74 -209.2098 -209.9378 -212.4415 -233.5085 -232.9148 -235.4047
75 -219.1253 -219.2624 -222.5257 -228.0141 -228.38 -231.6658
76 -197.8904 -197.9573 -200.2005 -200.361 -200.4169 -202.6858
77 -178.7399 -184.0144 -184.5123 -191.1436 -197.8404 -198.1674
78 -178.753 -180.5967 -182.5212 -181.0879 -182.8925 -184.7867
79 -182.7616 -184.4565 -187.1167 -201.4335 -202.5584 -205.1696
80 -224.1647 -225.6986 -227.3999 -230.7671 -233.1543 -234.8263
81 -224.1972 -224.4915 -226.4007 -228.9792 -228.911 -230.8368
82 -211.2871 -213.7048 -214.3715 -218.9471 -221.9231 -222.5982
83 -218.6963 -221.2863 -224.407 -227.0065 -229.0374 -232.1337
84 -224.1189 -224.1149 -227.3739 -231.4847 -231.5532 -234.7603
85 -252.4324 -253.5242 -254.1892 -258.7033 -260.0808 -260.6841
86 -207.5437 -208.466 -210.5212 -216.9395 -217.4642 -219.5435
87 -191.4862 -194.7065 -195.76 -194.0332 -196.8009 -197.9216
88 -176.5866 -178.5448 -179.6577 -179.671 -181.3512 -182.4606
89 -196.799 -199.9269 -200.9708 -199.5176 -202.3629 -203.3648
90 -199.857 -201.6563 -202.9943 -204.727 -206.8545 -208.1717
91 -229.6354 -231.1406 -231.7157 -232.8179 -234.2914 -234.8835
92 -193.5506 -196.2728 -196.8814 -195.7142 -198.3141 -199.0121
93 -170.8578 -172.4275 -173.8576 -173.4874 -174.517 -176.0098
94 -195.9733 -196.5916 -198.6648 -200.4789 -201.0578 -203.1402
95 -196.9651 -200.0205 -200.3884 -205.2835 -210.0249 -210.3392
96 -209.5797 -210.4499 -213.179 -214.0372 -214.7025 -217.418
97 -193.7474 -193.9294 -196.2436 -202.8926 -203.1151 -205.54
98 -164.3696 -170.7844 -174.4284 -167.1608 -173.2325 -177.04
99 -219.1149 -219.2802 -220.5116 -223.446 -223.5456 -224.8032
100 -200.5007 -202.0079 -202.4385 -203.3433 -205.0662 -205.534
