1 1.056112 0.7360229 0.7869389 2.104778 0.8164109 0.7383976
2 0.7263429 0.6341079 0.6819055 1.246345 0.6472687 0.7308803
3 0.7150552 0.6423487 0.7190018 0.8168412 0.760266 0.730541
4 0.9015102 0.8641822 0.8750885 1.297675 0.8502077 0.7940327
5 1.459395 0.9393676 0.9555132 2.352821 0.8892841 0.9173296
6 0.5107407 0.5678859 0.5408101 0.9637189 0.6696649 0.6009143
7 0.9399428 0.6650741 0.6335905 1.876256 0.5267356 0.5015381
8 0.5568488 0.5024294 0.4892825 1.033757 0.4963113 0.4836063
9 1.291965 0.9726425 0.9236279 2.42493 0.9609605 1.073738
10 1.184733 0.9789438 0.907965 1.438256 0.9810376 0.9374125
11 1.411434 1.006744 1.04117 2.612079 1.03261 1.004619
12 1.479672 0.9406426 0.9294674 2.012974 0.8163722 0.8759585
13 1.75466 1.226297 1.287458 2.586905 1.223909 1.256542
14 1.710662 0.8392038 0.8539223 2.396467 0.9533738 1.034007
15 0.881172 0.826648 0.8375267 1.070931 0.8742516 0.8482739
16 0.9842647 0.7738249 0.8021532 1.805536 0.7526472 0.7718775
17 1.201362 1.055772 0.9476107 1.883825 1.100892 1.045683
18 1.81404 1.060858 1.053665 2.231849 1.053037 1.10473
19 1.883119 1.098631 1.143585 3.020252 1.11802 1.201425
20 1.351937 0.9679272 0.9588896 2.978293 0.9767589 0.9770677
21 1.051781 0.76923 0.7406719 1.692364 0.8268249 0.8307663
22 1.144637 1.100283 1.085139 2.161574 1.161222 1.132195
23 1.427454 0.8013137 0.8466864 2.19919 0.8469864 0.8265681
24 1.640998 0.8611625 0.9117959 1.908865 0.9527118 0.991205
25 1.010634 0.8247688 0.8575556 1.519241 0.7836641 0.7693
26 1.231599 1.029588 1.053265 1.508226 1.056638 0.9910768
27 0.8982195 0.7894579 0.698343 1.933103 0.7265614 0.7307511
28 1.018855 0.9293416 0.9379253 1.573154 0.9457917 1.028146
29 1.09 0.9717505 0.957598 1.536182 0.9385467 0.971576
30 1.270483 0.8155264 0.8096985 1.703014 0.8487419 0.7815576
31 1.25203 1.157015 1.183643 2.569048 1.114089 1.170899
32 1.022189 1.004389 0.9286534 1.176519 0.9612742 0.949162
33 1.286968 1.148753 1.166743 2.846088 1.268406 1.282029
34 1.486806 1.390056 1.422736 2.808871 1.35905 1.337861
35 1.318286 1.193347 1.222669 1.820478 1.250641 1.284137
36 0.5076401 0.5109814 0.5478311 1.009361 0.5177704 0.5230409
37 0.7396009 0.317995 0.3665921 1.156173 0.3555646 0.3500694
38 1.368556 1.106941 1.188574 2.722897 1.25904 1.22235
39 1.123617 1.406082 1.360751 0.8549807 1.351403 1.366767
40 1.293497 0.7874733 0.7276788 2.257058 0.7588093 0.8115778
41 0.8712712 0.9100193 0.8515083 2.314795 1.070915 1.200071
42 0.7786045 0.7615011 0.7716598 0.6774527 0.8398998 0.8382221
43 1.191766 1.040054 1.111893 1.483862 1.146011 1.09643
44 1.511417 0.6773807 0.6275492 2.280224 0.9783946 0.9533443
45 0.7612421 0.7336807 0.7382386 1.050531 0.7885475 0.7556443
46 0.6740455 0.6395747 0.6952988 0.8892912 0.74331 0.7666738
47 1.124624 0.8782668 0.8877716 1.269743 0.8720659 0.9398643
48 1.4226 1.113924 1.104148 1.909699 0.9822271 1.009665
49 0.8997489 0.8066831 0.7916581 1.547285 0.7359553 0.8060456
50 1.378113 0.7080498 0.7406122 1.843403 0.695446 0.7221766
51 1.580832 0.6777261 0.6819155 2.749452 0.7611945 0.8131825
52 1.466635 1.149502 1.154125 1.805996 1.167169 1.160219
53 1.545851 1.026759 1.062154 2.58297 1.044274 1.058904
54 1.729516 1.197689 1.210587 2.727785 1.037994 1.112663
55 1.8711 0.8443205 0.8875101 1.241767 0.8512179 0.7670625
56 1.004071 0.7260444 0.6810283 1.639231 0.7404118 0.8702571
57 1.171177 0.9319352 0.9323861 2.114314 0.9880891 1.210217
58 1.504396 0.9873746 0.9718733 2.223718 1.057008 0.9651808
59 1.075253 0.8915131 0.8433787 2.117117 0.7953962 0.8124683
60 1.205881 1.081003 1.094459 1.689607 1.110962 1.147715
61 1.233818 0.8940367 0.8904405 1.814107 1.025225 1.016426
62 1.146364 1.137987 1.134145 1.298336 1.103409 1.092398
63 1.363698 1.176113 1.152495 1.930701 1.189835 1.157704
64 1.604594 1.413947 1.336732 2.629128 1.317155 1.456561
65 0.7856154 0.7621521 0.7153601 0.9232814 0.8658893 0.795627
66 0.7640948 0.8625054 0.9223635 1.709266 0.8306486 0.8452021
67 1.153966 0.5702238 0.5881887 1.962907 0.6390362 0.6634853
68 1.066067 0.9275364 0.9274844 1.480162 1.05095 1.049127
69 0.7801245 0.8262566 0.8642771 0.9322958 0.9227764 0.8661481
70 1.340218 0.9880685 0.9289823 2.429857 1.042875 1.045146
71 0.9748257 0.8201642 0.7935011 1.049411 0.8651696 0.8485989
72 0.6609062 0.6225169 0.637504 1.281043 0.5463679 0.6007075
73 1.827674 1.780176 1.778259 1.850519 1.863266 1.733296
74 1.61225 0.9628105 1.010902 1.793063 1.158691 1.069699
75 0.6952842 0.6775119 0.757389 1.757763 0.85079 0.8248117
76 0.7707085 0.782967 0.7392011 0.8419602 0.7437085 0.8211783
77 1.22797 1.033339 1.066546 2.053086 1.1835 1.186126
78 1.277906 1.053241 1.081186 1.827093 1.034809 0.9986642
79 0.7919054 0.606548 0.6501185 1.493316 0.6244942 0.6095494
80 1.056714 0.8874885 0.9545666 2.554203 0.8512223 0.9393318
81 1.098618 1.06167 1.107954 1.27194 1.040855 1.145994
82 0.6193277 0.8322992 0.9837452 0.9998932 1.020845 0.8912896
83 1.290602 0.9578395 0.8845877 1.752275 0.9088852 0.9657468
84 0.8081521 0.8006925 0.8336236 0.9381299 0.8770433 0.8999514
85 0.8901881 0.6015209 0.6270872 1.373799 0.7023985 0.7890292
86 1.30082 1.218595 1.208001 1.393436 1.210994 1.246839
87 1.906538 1.186375 1.194284 2.830327 1.163972 1.143935
88 1.091925 0.8749119 0.8958587 1.715273 0.9182846 0.890322
89 1.362776 0.593106 0.6030814 2.019862 0.7985442 0.6340547
90 2.022825 1.484019 1.477683 2.737916 1.536618 1.477052
91 1.126477 0.9471396 0.9879083 1.740783 0.8794251 0.9249262
92 1.399037 1.03075 1.013789 1.885871 1.005975 0.9888162
93 0.705535 0.6409257 0.6760334 1.075707 0.6258133 0.6408158
94 1.360785 0.993669 1.008494 2.136293 1.158949 1.117465
95 1.648063 1.364258 1.288574 2.80712 1.346915 1.394771
96 1.73208 1.720711 1.739573 2.034568 1.956199 1.869531
97 0.9243167 0.8907212 0.9063921 1.40594 0.8817832 1.009789
98 1.441483 0.9373344 0.9656814 2.115729 0.9947963 0.9787398
99 0.9244745 0.9347054 0.9833144 0.9249975 0.9400631 0.957272
100 0.7215739 0.5396884 0.565476 0.9618635 0.5551173 0.5624888
