1 0.2500419 0.1671903 0.1724931 0.5206303 0.1785195 0.161567
2 0.1598026 0.1442031 0.1552397 0.267128 0.1446898 0.1682888
3 0.1343182 0.1175182 0.1316468 0.1651111 0.1371093 0.1332222
4 0.262212 0.268202 0.2846295 0.3188119 0.2833064 0.2400582
5 0.2974344 0.199658 0.1949102 0.5279808 0.1786938 0.1891627
6 0.1365849 0.2072114 0.2066973 0.2527047 0.2742492 0.247411
7 0.2225067 0.1651599 0.1593112 0.42831 0.129311 0.1192639
8 0.1447597 0.1402536 0.1394415 0.2655776 0.1433651 0.1407624
9 0.2910938 0.2237617 0.2199742 0.6042621 0.2415244 0.2827883
10 0.3055658 0.2595816 0.2227241 0.3241417 0.251392 0.2400108
11 0.4468774 0.5168986 0.5679833 0.6097228 0.6039059 0.5847517
12 0.3455006 0.2185898 0.217893 0.4722053 0.1885869 0.2054764
13 0.2948404 0.2133932 0.2170394 0.4316402 0.2142396 0.2172571
14 0.3410781 0.1695882 0.1749641 0.4980502 0.2019803 0.2179285
15 0.1922148 0.1839956 0.1821145 0.2163974 0.1983431 0.187406
16 0.2216659 0.1704967 0.1832347 0.4109773 0.1635872 0.1613037
17 0.3204751 0.3411581 0.3156143 0.3663063 0.3850785 0.3696171
18 0.3298829 0.1974967 0.2010789 0.4472652 0.1964251 0.2111272
19 0.3808539 0.2291576 0.2378844 0.6088724 0.2313609 0.2579531
20 0.2251088 0.1688297 0.1652393 0.5777028 0.1709477 0.1689755
21 0.2011697 0.1563787 0.1519583 0.3313136 0.1669454 0.1627004
22 0.1957726 0.1697741 0.1714053 0.3913252 0.1801383 0.1616518
23 0.3748391 0.2138911 0.2138953 0.5729003 0.2122608 0.1948483
24 0.3423098 0.1893678 0.2061274 0.4051305 0.2422852 0.2497655
25 0.4023259 0.3275315 0.3374621 0.4510399 0.3208968 0.3079333
26 0.2908938 0.250449 0.2518955 0.3424031 0.2525234 0.2380617
27 0.2030743 0.1774054 0.1538488 0.4227935 0.1662325 0.1634394
28 0.230398 0.2328677 0.2382126 0.2995003 0.2370052 0.256866
29 0.4603261 0.5856397 0.5462284 0.5509584 0.5339339 0.5740471
30 0.3761419 0.8322121 0.7453275 0.4613528 0.8947714 0.7877634
31 0.2297517 0.2020761 0.209043 0.5617855 0.1758725 0.1938549
32 0.2740695 0.2868294 0.2705335 0.2915967 0.2805987 0.2786451
33 0.5029251 0.535031 0.5293023 0.7445367 0.5135169 0.5344373
34 0.2909294 0.2704982 0.281031 0.5508054 0.2622301 0.2620095
35 0.6582631 0.8989075 0.8564259 0.8302624 0.9942478 0.9811957
36 0.1130446 0.119075 0.1301429 0.2151217 0.1148074 0.1247918
37 0.2728549 0.1221684 0.1336363 0.3795066 0.0931017 0.1158271
38 0.3220156 0.5978855 0.589136 0.7058963 0.721051 0.6699643
39 0.220755 0.2717401 0.2560732 0.1812878 0.2607567 0.2592861
40 0.2660263 0.1598033 0.1473167 0.4724695 0.1410257 0.1559257
41 0.3202104 0.3392423 0.3379556 0.516295 0.6149229 0.7909277
42 0.1137341 0.1124788 0.1121599 0.1023698 0.1257436 0.1259301
43 0.2207776 0.1971392 0.2137734 0.2638478 0.2184391 0.2078129
44 6.673308 2.641693 1.227017 6.050487 3.57894 3.50859
45 0.152591 0.1486675 0.1539537 0.1982187 0.1665158 0.1534377
46 0.2655595 0.2589157 0.2599354 0.2749604 0.3056438 0.3073168
47 0.2773104 0.2194671 0.223262 0.3012069 0.2129481 0.2315076
48 2.683731 2.833411 2.778562 2.170015 2.582685 2.64346
49 0.2337204 0.2121022 0.206164 0.38191 0.1876909 0.2099944
50 0.3278193 0.1813294 0.1914469 0.4359279 0.1868835 0.183256
51 0.3362661 0.1513978 0.1569977 0.6321019 0.1714335 0.185933
52 0.262167 0.2090562 0.2122563 0.3172209 0.2122131 0.2120319
53 0.339698 0.2544028 0.2596957 0.6105527 0.2504446 0.2567305
54 0.3422915 0.2343625 0.2348546 0.5385347 0.1883901 0.2108703
55 0.4014014 0.1934707 0.1993171 0.2556514 0.1945904 0.1745902
56 0.1985151 0.1864899 0.1593998 0.3442138 0.1740271 0.2131425
57 0.2253498 0.1820099 0.1804628 0.4130526 0.1844207 0.2287839
58 0.307467 0.2445593 0.23924 0.4422297 0.2781291 0.252929
59 0.1444305 0.138302 0.1238313 0.3792219 0.115492 0.1227905
60 0.3841147 0.4809645 0.4383113 0.3609613 0.4079641 0.46376
61 0.249152 0.1841349 0.178801 0.387499 0.2221503 0.2184755
62 0.2663566 0.3524948 0.3546396 0.3018034 0.3554747 0.3469026
63 1.156472 1.328825 1.305039 0.826276 1.281496 1.405818
64 0.2831061 0.2692278 0.2556497 0.463741 0.2613062 0.2949667
65 0.1436971 0.1451693 0.1344005 0.1728564 0.1708376 0.1561442
66 0.3091849 0.370129 0.4008435 0.411158 0.4143258 0.4077006
67 0.2589728 0.13358 0.1380166 0.4657455 0.1351473 0.1417263
68 0.2019857 0.1750366 0.1770356 0.2726141 0.2106901 0.2124814
69 0.2970939 0.3547707 0.3683314 0.313736 0.4137907 0.385311
70 0.2721953 0.1988498 0.1919225 0.5294916 0.228802 0.2272143
71 0.1459035 0.1225395 0.1170159 0.1611889 0.132781 0.1249283
72 0.3096015 0.3132284 0.3192726 0.40089 0.2831378 0.3026648
73 0.4402092 0.4494971 0.4430473 0.3914236 0.4661714 0.4072561
74 0.2895918 0.1800481 0.1872942 0.3284265 0.2208601 0.211688
75 0.1251103 0.1235431 0.1359027 0.3263842 0.1535751 0.1467289
76 0.1601691 0.1651661 0.1569705 0.1794204 0.1631144 0.1775931
77 0.2463633 0.2302183 0.2371407 0.4004914 0.2872409 0.2819126
78 0.2503606 0.2139511 0.2245498 0.3509695 0.2092937 0.1992957
79 0.2182715 0.1560233 0.1730139 0.3251164 0.1516017 0.1455042
80 0.2097619 0.2038133 0.2312493 0.5890292 0.2031206 0.2298231
81 0.3048659 0.3079873 0.3246573 0.3281568 0.3087736 0.330544
82 0.6327684 0.8501887 1.001771 0.6431616 1.042057 0.9539992
83 0.2364244 0.1654526 0.1548621 0.3272233 0.1690452 0.1843474
84 0.2147256 0.2388733 0.230837 0.2306128 0.2502119 0.2674127
85 0.2855969 0.2743863 0.3705193 0.5614249 0.3346725 0.388053
86 0.3577772 0.3803667 0.3892986 0.356675 0.3740435 0.3855209
87 0.383771 0.236225 0.2380629 0.595144 0.2281629 0.2288001
88 0.2552844 0.1979098 0.2045831 0.3879331 0.2107953 0.204988
89 0.2863701 0.1140038 0.1209177 0.4321538 0.155855 0.1200983
90 0.3909685 0.2626598 0.257697 0.5430299 0.2596961 0.25378
91 0.3075217 0.3160541 0.3224494 0.414526 0.2885641 0.2774238
92 0.2959773 0.219581 0.2152356 0.4038169 0.2109124 0.1981903
93 0.1470594 0.1350099 0.1446129 0.2166993 0.1351443 0.1398109
94 0.2810508 0.2213754 0.2293534 0.4255773 0.2538966 0.2458745
95 0.27463 0.2186806 0.2027481 0.5152298 0.2146405 0.222364
96 2.326586 2.946306 2.78279 1.381718 3.199622 3.304795
97 0.6815212 0.6941455 0.6945656 0.6678559 0.6904033 0.7342673
98 0.2904265 0.2544013 0.2686516 0.4547799 0.3106826 0.3262408
99 0.2127491 0.22888 0.2417128 0.2098079 0.2323483 0.2368622
100 1.74959 2.297407 2.097253 1.750033 2.613095 2.505184
