2 5.333605 -0.3184205 -0.2046869 -0.2719922 0.5046659 0.1935578 0.09000301 0.1781225 10.40573 -3.215461 0.8080101 0.1756792
3 5.293459 -0.4741186 0.609874 -0.8416537 0.363562 0.6436823 -0.1790303 0.1244463 3.403736 -2.736463 -1.045283 0.2546147
4 5.52179 -0.2587154 0.0191372 -0.5502089 0.3519708 0.4947605 -0.1577913 0.2105534 3.719362 -2.385198 -1.531721 0.1928055
5 4.953177 -0.2922621 0.6922647 -0.7544257 0.5467383 0.5637838 0.1514863 0.1765777 8.439021 -3.317719 -0.4550129 0.3487564
7 5.555474 -0.2233459 -0.2439768 -0.747417 0.4705813 0.305662 0.03656776 0.2431743 43.55126 -2.75989 -0.2555977 0.1151235
9 5.106876 -0.2870147 -0.0665996 -0.6331955 0.6114939 0.6978112 -0.046735 0.04606716 4.999612 -1.981947 -0.1872523 0.03943713
10 5.19587 -0.4907259 -0.4766492 -0.05129728 0.5083068 2.026876 -0.7033413 0.515363 23.36536 -3.236356 -4.0898 0.3127694
12 5.626846 -0.3177005 -0.203861 -1.007786 0.2521796 0.2817186 0.2061534 0.3092054 3.429785 -2.047996 -1.039382 0.1231623
15 5.283827 -0.4001435 -0.04186566 -0.8558362 0.7927845 0.6904955 0.05520972 0.03241566 5.157682 -2.621645 -1.31664 0.1640596
17 4.655089 0.1460621 0.2046394 -1.219529 0.4119377 0.594085 -0.1898548 0.2817212 3.73808 -1.990457 -0.5731872 0.2121416
21 5.576764 -0.5265501 0.01433678 -0.5543226 0.4666369 0.5956691 0.09390387 0.353187 34.85668 -3.006616 -0.6053769 0.1718947
24 5.330107 -0.3865019 -0.4189926 -0.7535825 0.5034683 0.3202912 0.2250661 0.2919219 3.067952 -1.435106 -1.321658 -0.06708173
29 5.622145 -0.2309258 -0.7564901 -0.5531557 0.4242258 0.4162063 0.1826016 0.1719754 10.44075 -3.74134 -0.8283609 0.4140138
31 5.38845 -0.5025549 -0.4237353 -0.2975374 0.4470451 1.176026 0.09128484 0.1609432 6.764903 -2.709741 -0.7603466 0.2319274
37 5.219291 -0.3905186 -0.129511 -0.2027123 0.4054227 0.3443841 0.1198993 0.296059 4.191506 -3.856719 0.1760487 0.3842317
38 5.544326 -0.4524792 -0.2919337 -0.5609186 0.3786482 0.1556672 0.08485727 0.0864436 4.995731 -2.509733 -0.246086 0.07261003
41 5.467189 -0.2393337 -0.3553288 -1.069339 0.455592 0.2242074 0.02237946 0.2082811 3.703554 -3.293768 0.2802978 0.1967269
42 5.47822 -0.2512716 -0.3983777 -0.7884671 0.3366847 0.3551984 0.2704384 0.2606028 3.812135 -1.90232 -1.07023 0.1829186
44 5.431328 -0.2282373 0.02349002 -0.7053274 0.5706957 0.3600085 0.05660772 0.2139914 5.700582 -2.954642 0.2445026 0.1187966
45 5.999894 -0.2371167 -0.856697 -0.776113 0.6459461 0.8223657 0.04009374 0.1641797 8.985036 -2.371092 -0.7908908 0.09176146
46 5.559087 -0.3389776 -0.2790226 -0.7628355 0.2771857 0.2639528 0.09075411 0.154446 3.404196 -2.84687 -1.127723 0.3591587
47 5.051947 -0.3068467 0.1792734 -0.6070916 0.4049411 0.2843272 0.1896592 0.2657997 4.980339 -2.728562 -1.385397 0.2927853
48 5.207854 -0.4919627 0.2788234 -0.5209451 0.6462766 0.6467817 -0.04533277 0.7441818 6.277251 -2.299965 -0.1104908 0.0693026
49 5.215718 -0.3729942 0.2371917 -0.5106771 0.4667796 0.5002299 0.07879721 0.05502109 8.085341 -2.395052 0.1004899 0.1310581
51 5.450952 -0.5837919 -0.683493 -0.342762 0.3692513 0.5908017 -0.08493232 0.5050052 15.73303 -2.412937 -0.8857823 0.1814623
52 4.724726 -0.2478664 0.4271204 -0.5750624 0.5200177 0.3836674 0.0879912 0.06538857 7.459211 -2.102265 -0.9493101 0.1148681
54 5.640755 -0.5911542 -0.6791323 -0.5520613 0.228693 0.5001468 0.06512407 0.0514222 9.147448 -3.735661 0.559541 0.4812123
56 5.399331 -0.5665772 0.06563958 -0.4517671 0.5551125 0.6001072 0.2827498 0.5673429 17.77345 -2.3615 -0.6321535 0.08162429
57 5.613129 -0.5699709 0.2746416 -0.6755071 0.5882129 0.7082955 0.08501182 0.1920273 10.11487 -2.92273 -0.4488718 0.2675923
58 5.280557 -0.1535479 -0.2594865 -1.002324 0.3640449 0.2666436 0.04180181 0.07215453 8.24718 -2.948951 -0.2289252 0.08654557
59 5.348258 -0.3650121 -0.1008076 -0.7834378 0.424939 0.3138742 0.1194848 0.09776041 3.253836 -3.093907 -0.6288671 0.1260684
60 5.254041 0.183629 -0.3288729 -1.062202 0.4990005 0.3984641 -0.03640523 0.5356991 7.122783 -1.992533 -2.961691 0.1503176
61 5.497016 0.1340421 -0.1353695 -1.235032 0.398146 0.08695792 0.02937812 0.2440547 3.290319 -2.900881 -0.4982928 0.2296199
62 5.682394 -0.3230753 -0.2858431 -0.5480665 0.5324357 0.5851466 -0.08935064 0.1022952 5.142522 -3.380136 -0.01096064 0.2218065
65 5.130101 -0.2536585 0.5075209 -0.8400335 0.5774313 0.78172 0.1263667 0.1641221 6.254158 -3.818938 -0.1993564 0.2589296
66 6.231338 -0.3727352 -1.193185 -0.176527 0.5862628 0.3606736 0.009865718 0.08253644 8.005492 -3.826299 0.3053609 0.2562872
67 5.370209 -0.579781 -0.1849615 -0.6795292 0.531266 0.8962904 0.1356419 0.1595108 5.8938 -2.681681 0.6101479 0.1551376
69 5.204321 -0.2106202 0.3861197 -0.9787664 0.2623851 0.3048926 0.1210749 0.213479 3.15637 -2.336935 -0.8835461 0.2345802
70 5.285494 -0.5481205 0.01838843 -0.4447586 0.3968001 0.7132177 0.09648959 0.424246 5.687725 -2.60809 -0.7165719 0.2500217
73 5.562143 -0.9600304 -0.7105026 -0.01616385 0.457543 0.181915 0.1939457 0.2963038 2.531845 -1.477841 -1.143345 0.1049767
74 5.212008 -0.5323941 -0.1769856 -0.6900612 0.4239597 0.1706837 0.1701902 0.2362987 2.822604 -2.086756 -1.369104 0.1344486
75 5.207133 -0.4931058 0.144072 -0.5082393 0.5501638 0.7806273 -0.05378429 0.1511704 9.668845 -2.424196 -0.8528581 0.2128654
79 5.41558 -0.3633715 -0.03417739 -0.8896967 0.4998339 0.2926105 -0.0836298 0.2519761 5.544567 -2.046918 -0.189716 0.112219
80 5.384338 -0.6098634 0.1660896 -0.6003056 0.605151 0.2642366 0.1314262 0.1874428 6.265027 -1.958091 -0.6979136 0.01555622
82 5.732648 -0.5204541 -0.6680498 -0.4582312 0.3789413 0.5380217 -0.2569562 0.246829 3.262997 -2.02031 -0.7100737 0.09414497
83 5.660134 -0.6357207 -0.2229634 -0.4679414 0.3961538 0.6194392 0.2301471 0.1188131 5.961096 -2.561176 -0.8411871 0.1350092
84 5.727194 -0.5044083 -0.5584576 -0.2782964 0.5488216 0.3230316 -0.07012725 0.15526 3.450182 -3.417861 -0.951354 0.346884
85 5.368079 -0.4466958 -0.2110933 -0.3779934 0.3341645 0.350551 0.01077406 0.02006564 2.766294 -2.295575 -0.1849853 0.04132218
86 5.430238 -0.4193756 -0.4412207 -0.4484799 0.5301675 0.3480151 -0.2475948 0.6008203 4.278429 -2.862913 -1.203344 0.2644797
92 5.709699 -0.249513 -0.6634061 -0.4920024 0.387572 0.4238355 0.06516323 0.1689069 33.49091 -2.792029 0.1122447 0.1960189
94 5.163298 -0.05153198 0.5059228 -0.959366 0.4284917 0.2758884 -0.01888782 0.1237013 4.423968 -3.509127 -0.5050205 0.3064705
95 5.471896 -0.6697907 -0.01183937 -0.3145883 0.4684496 0.1145962 0.1554944 0.3704966 2.830119 -1.962874 -0.5563429 0.01457279
96 5.741273 -0.8827357 -0.2003833 -0.431674 0.4653548 0.9619042 0.01577644 0.3781088 31.33158 -2.025851 -0.7642034 0.162653
102 5.080389 -0.3222027 0.6242893 -0.8991513 0.610662 0.560493 0.2055584 0.9520156 8.224239 -2.987196 -1.698114 0.2772608
103 5.130169 -0.3859185 -0.3322785 -0.0322216 0.694903 0.5732765 0.004432443 0.09879414 10.59703 -3.125063 -1.37241 0.5496481
104 5.646307 -0.6501741 -0.3197712 -0.1159594 0.4204114 0.6637088 0.06454477 0.05877841 4.574612 -2.636495 -0.6859709 0.214293
105 5.919466 -0.1750179 -1.064143 -0.701873 0.4655976 1.222546 -0.1003949 0.1971126 5.094218 -2.334565 -0.9312396 0.1493536
106 5.074881 -0.2253901 -0.1564913 -0.3753955 0.4038377 0.7434894 0.0161072 0.5295674 6.886299 -2.262321 -2.973199 0.2507242
107 5.446308 -0.2875412 0.259719 -0.8393993 0.5439838 0.548896 0.05596128 0.1668808 5.250138 -2.808689 -0.7055143 0.2514122
109 5.08694 -0.1131688 0.2085677 -0.754013 0.5298406 0.5503384 -0.1699066 0.2211666 5.875746 -1.947229 -1.205723 0.03968896
110 5.472337 -0.5504039 -0.3267423 -0.4484199 0.54331 0.2675702 0.1059466 0.1184554 12.94467 -2.523189 -0.828292 0.2322473
111 5.285817 -0.2635226 0.1704658 -0.7770603 0.4528699 0.363091 -0.2195265 0.9572842 46.78812 -2.195628 -0.002153079 0.0857731
113 4.996272 -0.3238786 0.6504568 -0.7976741 0.6074831 1.187588 0.01753335 0.1104209 79.80324 -2.187661 -0.6183508 0.1544735
114 5.705735 -0.4055247 0.0008934677 -0.9989972 0.3995768 0.1041986 -0.03270299 0.3300393 11.74063 -3.36366 -1.119944 0.3411281
119 5.896666 -0.6007106 -0.6014269 -0.4028162 0.5990962 0.676705 -0.04104758 0.0571309 15.0254 -3.522253 -0.9335248 0.3501584
120 5.7149 -0.7477933 -0.4274402 -0.2031834 0.3440555 0.6458618 0.1415046 0.1924266 15.84952 -2.632401 -0.2610829 0.15337
121 5.209372 -0.5351644 -0.1984429 -0.525926 0.2900441 0.5933732 0.009833861 0.3243136 4.290228 -2.448602 -0.408599 0.1272076
124 5.254169 -0.2565499 0.06020488 -1.017633 0.3521289 0.07944663 0.06433897 0.2815509 2.692867 -3.726553 -0.6863738 0.4085122
125 4.836594 -0.3843598 0.3801128 -0.7077233 0.6463324 0.5335436 -0.3386747 0.6519078 7.536071 -3.206411 0.3947892 0.2828291
127 5.092744 -0.2090761 0.5305166 -1.763839 0.6569829 0.3949971 0.02296895 0.008123386 19.37533 -2.594563 -0.131863 0.2246256
129 5.373818 -0.2475625 -0.02779662 -0.6965056 0.3732461 0.4269101 0.04155262 0.03823601 3.303768 -3.017559 -0.8095008 0.1614256
130 5.20125 -0.1343496 0.02010688 -0.9123958 0.3933887 0.507912 -0.002954885 0.1914489 3.504314 -2.767166 -0.6653925 0.1563596
131 5.389695 -0.3919947 -0.03057907 -0.8396784 0.506144 0.3026436 0.07016523 0.2649988 32.25558 -2.571999 -1.081394 0.2392334
135 5.185371 -0.09113497 -0.200083 -0.38969 0.5323994 0.3592536 0.1614024 0.231603 4.822014 -4.251804 0.1431057 0.4210126
136 5.217017 -0.4103 -0.0667914 -0.6025497 0.5071249 0.2028286 0.08943826 0.3724037 5.01903 -3.49953 0.006988105 0.2508009
137 5.418376 -0.674207 0.1566035 -0.7502037 0.5991142 0.1227571 -0.02170144 0.2132261 9.247094 -2.918009 -0.09332831 0.2247485
140 5.512838 0.2244593 -0.45101 -1.168442 0.4197256 0.3110564 0.1548245 0.1519375 6.220347 -3.848276 -0.211179 0.350378
141 4.916098 0.06143134 0.4984961 -1.130176 0.409336 0.2942215 -0.008493283 0.3330137 11.98196 -2.358324 0.1113616 0.1265073
142 4.884272 -0.3397356 -0.02266248 -0.7505975 0.5703131 0.2112579 0.08744445 0.230645 7.617622 -4.487251 0.8262343 0.4183963
143 5.687956 -0.5177496 -0.2871424 -0.4257609 0.449175 0.0945271 0.07501282 0.2260368 2.587765 -3.028787 -0.4954848 0.2496081
144 5.783572 -0.409962 -0.7795442 -0.2839431 0.3709341 0.2465099 0.05209086 0.1259527 3.471179 -3.046531 -0.3172179 0.2210526
147 5.390015 -0.1234515 0.1727587 -0.849948 0.4777517 0.6633205 0.0463815 0.1994494 15.53062 -2.475411 -0.7305553 0.1410017
149 5.500513 -0.2285852 -0.7055873 -0.5631563 0.332588 0.2532726 -0.04415259 0.093638 7.83078 -3.137259 0.287236 0.3300367
150 5.066235 -0.3834494 -0.3315011 -0.8267669 0.4209093 0.315366 0.1286087 0.10238 8.201664 -2.653994 -0.5352859 0.1505779
153 5.048228 -1.078905 -0.04332526 0.1945509 0.5979834 0.8157247 -0.1757615 0.4909075 37.12481 -2.109488 -1.653651 0.2379246
155 4.90099 -0.3357728 0.634217 -0.7048086 0.6516436 0.1535794 -0.039406 0.3055263 31.17049 -2.753345 -0.3221911 0.2588045
156 5.36967 -0.06853807 -0.6573159 -0.683039 0.3038454 0.09633972 0.08152845 0.1319728 2.028201 -2.790552 -1.145722 0.1696446
159 5.787176 -0.5374735 -0.310131 -0.6050297 0.358344 0.6548549 -0.05123446 0.1426997 9.996853 -3.001496 -0.521216 0.2673126
160 5.599037 -0.1955035 -0.1231405 -1.117143 0.5314166 0.3398132 -0.0319045 0.2495841 6.711192 -2.002235 -0.6455804 0.1043433
162 5.274338 -0.3165018 -0.06516826 -1.015201 0.3849222 0.1526787 0.1170391 0.2278738 15.91939 -4.144762 0.3576698 0.4499227
166 4.960087 -0.09814345 -0.04836721 -1.001649 0.5629944 0.6310337 -0.03830876 0.2866181 10.08245 -2.648245 -0.7389822 0.0622559
167 4.985694 -0.650757 0.7032234 -0.7240578 0.6195167 0.5811543 -0.09331706 0.2302649 17.79373 -2.018649 -1.123508 0.1514228
169 5.478195 -0.3634759 -0.3771316 -0.5094993 0.4576496 0.5363746 -0.1821797 0.3320767 3.793372 -2.478984 -0.8306702 0.2589681
170 5.146096 -0.7300996 0.1831233 -0.3344676 0.330683 0.3566413 0.05525354 0.2424244 12.34694 -2.681032 -2.108957 0.2299835
171 4.983673 -0.7920318 0.1459896 -0.3102173 0.4655302 0.294505 -0.02512814 0.04675815 4.984755 -1.861659 -0.8752152 0.06046831
172 5.13204 -0.5052481 0.1125472 -0.8515959 0.683828 0.9389604 0.1506479 0.135356 4.54401 -2.104318 -1.703227 0.1089811
175 5.625517 -0.2830185 -0.7439372 -1.038924 0.6010885 0.1232553 -0.07426111 0.246127 4.983176 -3.943187 1.047441 0.2738802
177 5.007935 -0.5177436 0.2223488 -0.2958758 0.2465744 0.6978064 8.13521e-05 0.2852978 3.383418 -2.093603 -1.295816 0.1070406
180 5.410139 0.1745383 -0.009862427 -1.181357 0.4633953 0.2220167 -0.04949724 0.3473357 3.030288 -3.420268 -0.9413673 0.3881156
181 4.941074 -0.5801478 0.4246693 -0.2567912 0.7168665 0.2384437 0.09384485 0.1807365 7.096619 -2.118304 -0.6439811 0.08254997
