2 0.222322 0.1800345 0.3976445 0.3455328 0.3582884 0.2212381 0.2008383 0.1996557 0.805425 0.5983322 0.1551095
3 0.4431186 0.2658844 0.6115232 0.3476653 0.7161721 0.3737978 0.2130145 0.3664782 0.789119 0.6394939 0.1492193
4 0.3142886 0.2753803 0.4251506 0.3399627 0.425099 0.2637628 0.2182125 0.2658398 0.8195436 0.7040377 0.1499914
5 0.3465965 0.2375626 0.5206794 0.3490154 0.592819 0.3260116 0.2295658 0.4199643 0.8012946 0.6332335 0.1503563
7 0.2502495 0.2149893 0.3465729 0.2919427 0.2614206 0.1572548 0.1526313 0.1742023 0.849903 0.6408964 0.1587376
9 0.3450526 0.2201083 0.5206786 0.3419285 0.6411876 0.3930352 0.2912749 0.3813867 0.608951 0.5679902 0.1233426
10 0.4207023 0.4341097 0.7727823 0.5451936 2.799531 1.477913 1.118607 3.390792 0.8109923 3.325875 0.1530923
12 0.3538796 0.385118 0.4253429 0.4337137 0.331794 0.1956328 0.2664106 0.1800708 0.7591627 0.6310984 0.129739
15 0.3906387 0.2247723 0.6101129 0.3188038 0.7952567 0.4313991 0.3007153 0.3206988 0.7604257 0.8149796 0.1436028
17 0.4911588 0.3935477 0.6282076 0.472563 0.5530942 0.4681362 0.1841342 NA 0.6654451 0.5342748 0.1364773
21 0.3173659 0.2584831 0.4210399 0.3271936 0.3380134 0.1754381 0.1703961 0.2076356 0.9192534 0.7021741 0.1690155
24 0.3367758 0.4259233 0.5185536 0.574617 0.6838268 0.533934 0.7018711 0.4690348 0.5212275 0.7003912 0.1089586
29 0.2640158 0.2483178 0.3916728 0.3307693 0.3955736 0.2728122 0.2187478 0.1855521 1.180844 0.7357338 0.2058545
31 0.4450497 0.2538265 0.6134217 0.3203841 0.71117 0.2667962 0.1671317 0.2959392 0.7493392 0.6252675 0.1440908
37 0.3210046 0.2671936 0.4854219 0.4002728 0.5447197 0.3305461 0.304437 0.2939273 0.9642913 0.6464073 0.1713101
38 0.2379343 0.1860701 0.3735575 0.2718663 0.3478856 0.2347264 0.1813992 0.1934187 0.774211 0.6690864 0.1487837
41 0.3717222 0.2649073 0.4648835 0.343499 0.4861289 0.3102653 0.2528868 0.264394 0.9255301 0.6869006 0.1560243
42 0.2736173 0.3337974 0.4222903 0.4836302 NA NA NA NA 0.5662923 0.613641 0.1112689
44 0.4022026 0.2677971 0.5591334 0.3829936 0.7497738 0.4693219 0.3743415 0.5125022 0.821231 0.6400511 0.1457299
45 0.3562426 0.219233 0.5580712 0.3262504 0.6135778 0.3094202 0.1987476 0.3313002 0.7491108 0.7241759 0.1260847
46 0.3580934 0.3723445 0.4562566 0.428248 0.4234789 0.2313912 0.2324138 0.2374229 0.9791804 0.648362 0.1743722
47 0.3321391 0.3256628 0.4240783 0.3785696 0.4095126 0.2484478 0.2377941 0.2282163 0.8807622 0.6711719 0.1706894
48 0.3553171 0.4367444 0.5135164 0.6230104 0.9646998 0.7426187 0.7488798 0.8907281 0.5802624 0.590029 0.1142108
49 0.371524 0.25174 0.4793999 0.3172787 0.5119858 0.303474 0.2119137 0.2606183 0.7135402 0.5663557 0.1183105
51 0.2572155 0.2688311 0.4227282 0.4050756 0.4889742 0.283981 0.2624166 0.5034206 0.7055559 0.6957048 0.1362708
52 0.3068854 0.2457592 0.4056633 0.2999947 0.4118586 0.2651525 0.2221153 0.2240315 0.7191532 0.6207592 0.1571724
54 0.2551 0.1759674 0.3862208 0.2707689 0.3939889 0.2538766 0.1452916 0.2648244 0.9557916 0.5906268 0.1718998
56 0.3087423 0.3042086 0.4431203 0.4090947 0.4643677 0.3205758 0.3026249 0.2758945 0.7126405 0.6583559 0.1359576
57 0.3569508 0.2616535 0.513198 0.3564825 0.5500073 0.2847173 0.2244476 0.3904469 0.7641152 0.5867402 0.1360428
58 0.2574521 0.1913102 0.3427852 0.2497777 0.2473266 0.1440973 0.1076524 0.1592646 1.008427 0.7615546 0.1878049
59 0.3413495 0.2995603 0.4398593 0.3847106 0.4124165 0.2497902 0.2596051 0.2171724 0.9849825 0.8090989 0.1745862
60 0.3089161 0.4423648 0.4021925 0.5270717 0.3918445 0.2977251 0.3934709 0.2785924 0.7924018 1.078012 0.147957
61 0.3138653 0.2363162 0.4700992 0.3327711 0.5317998 0.3678416 0.2297979 0.3312902 0.8934105 0.6615974 0.1552885
62 0.4106448 0.2259589 0.5484614 0.304079 0.5724987 0.280632 0.177651 0.289206 0.9987044 0.6780523 0.1711074
65 0.4163258 0.1864916 0.6579483 0.2868364 0.7860695 0.279287 0.1625561 0.2615861 0.914431 0.7626461 0.1621928
66 0.3105382 0.2046821 0.4296005 0.2805926 0.3943846 0.2088589 0.1625526 0.2224029 1.163811 0.7410267 0.1750054
67 0.4478847 0.2881236 0.5623421 0.3826577 0.6999842 0.4166104 0.3008224 0.3634482 0.7026008 0.5809028 0.1239511
69 0.3075749 0.3371317 0.4205675 0.4172502 0.4120272 0.2554936 0.2834791 0.3073518 0.6869205 0.5752056 0.133059
70 0.4036334 0.3043718 0.5774862 0.3851479 0.7068125 0.3541266 0.3482832 0.6297832 0.6989522 0.5981193 0.1268067
73 0.4961698 0.4808629 0.6108526 0.5487047 1.147181 0.8487588 0.9019061 0.9613614 0.6226749 0.5757183 0.1235202
74 0.3853114 0.4622684 0.4896969 0.5490404 0.6881823 0.5531226 0.5152666 0.4540653 0.6876487 0.6627289 0.1362162
75 0.3573679 0.2602455 0.4895512 0.3193743 0.5368886 0.3117555 0.2240312 0.3272503 0.7223392 0.5981781 0.1450631
79 0.2939444 0.2344519 0.4463149 0.3708914 0.516723 0.3527242 0.2927046 0.3937116 0.6348635 0.5412735 0.1238784
80 0.3238796 0.2337112 0.4812638 0.3270553 0.5184884 0.2869292 0.2687874 0.2894061 0.615507 0.6326184 0.1267981
82 0.342582 0.255672 0.5132314 0.3537798 0.5714148 0.3363183 0.2578914 0.41221 0.6637883 0.5930955 0.1304152
83 0.4410515 0.2013184 0.5888115 0.2630626 0.6577676 0.2527371 0.2591309 0.2197487 0.7174226 0.6572535 0.1260162
84 0.3421955 0.3897688 0.509135 0.5625141 0.5397316 0.4440824 0.5020941 0.4215275 1.013118 0.7056962 0.186327
85 0.2900917 0.2203918 0.4820094 0.3550265 0.4780745 0.2571269 0.2180701 0.2689515 0.6535302 0.6462243 0.1268569
86 0.3898714 0.4137613 0.535693 0.5437218 0.7526744 0.5593244 0.5499293 0.6233347 0.8406526 0.7186302 0.1584275
92 0.2469031 0.2068444 0.3560428 0.2912017 0.3325828 0.2066844 0.1514803 0.2273001 0.8161123 0.5790867 0.1419823
94 0.2950288 0.2458317 0.4064054 0.3240563 0.3385411 0.1905205 0.1690928 0.2370434 1.094795 0.6934379 0.1947532
95 0.3884666 0.3783646 0.5357191 0.5012825 0.6370304 0.3751626 0.4775586 0.3896995 0.6186051 0.6201782 0.1150526
96 0.3326912 0.2770767 0.4921139 0.3577677 0.6753862 0.4078723 0.4169345 0.6487352 0.5906638 0.5461389 0.112187
102 0.3533124 0.3849516 0.5030422 0.5286099 0.6136476 0.4403119 0.5342874 0.4692884 0.8040186 0.8134526 0.1435281
103 0.4027838 0.3758053 0.5108378 0.4415273 0.6069562 0.4669517 0.3260281 0.3522532 0.9504339 0.6097534 0.1833269
104 0.4249536 0.2239899 0.5895639 0.2857575 0.7007372 0.3089356 0.1917002 0.3208502 0.7714087 0.6142538 0.1357275
105 0.4763603 0.2747027 0.6806401 0.3467268 0.8921283 0.3881062 0.2836105 0.4836175 0.7040607 0.6739716 0.1056815
106 0.3122049 0.3556563 0.458049 0.4695604 0.4655072 0.2844675 0.4268832 0.4346699 0.700577 1.078741 0.1496071
107 0.3479523 0.2868499 0.5438199 0.4144998 0.6388775 0.3781387 0.3410418 0.3535275 0.7651687 0.6363618 0.1361688
109 0.5420362 0.4188996 0.6195129 0.4723252 0.5715959 0.3445309 0.2773645 0.3835895 0.8393957 0.7090848 0.1612285
110 0.3604841 0.3323538 0.4214403 0.3809314 0.342725 0.2122008 0.1870533 0.2163395 0.8910557 0.64171 0.1652664
111 0.2216493 0.301995 0.3664319 0.4737241 0.517656 0.4038457 0.5396419 0.558332 0.6262831 0.557889 0.1220669
113 0.3783768 0.2503349 0.5421361 0.3046215 0.6649761 0.3641015 0.2732172 0.3812383 0.6493907 0.5698964 0.1224887
114 0.2298595 0.2571197 0.3122262 0.3313439 0.2331957 0.1757616 0.192515 0.1809341 1.090162 0.7301735 0.1947196
119 0.4153602 0.2412515 0.5170867 0.284325 0.4751435 0.2037748 0.1277148 0.2168887 1.079088 0.7180761 0.1883675
120 0.3363312 0.2132938 0.4336153 0.2712566 0.3526646 0.1638474 0.1377559 0.1721971 0.7900966 0.6018406 0.140814
121 0.2900924 0.2517383 0.4578766 0.3813085 0.5142656 0.3488351 0.3275092 0.3991943 0.6899602 0.6394025 0.1322709
124 0.3123551 0.2791894 0.4662653 0.3917152 0.5262963 0.3412631 0.3173548 0.3852372 0.9580553 0.6645781 0.1751449
125 0.3804325 0.4176152 0.4776423 0.5386419 0.5042726 0.3618045 0.4334753 0.4534835 0.8074935 0.5981397 0.1448946
127 0.2553247 0.1702965 0.5192346 0.3501517 0.5507817 0.233747 NA 0.2323937 0.6958026 0.7070071 0.1396878
129 0.2924024 0.2100711 0.4866354 0.3493082 0.4804681 0.3045139 0.4080845 0.3768171 0.8687914 0.8271247 0.1753049
130 0.3062506 0.2514964 0.4590581 0.3659003 0.4470351 0.2507459 0.2867326 0.3534597 0.8165608 0.7260323 0.1635562
131 0.2395083 0.2434242 0.3711286 0.34542 0.3544041 0.2485898 0.2635866 0.255128 0.7918223 0.6943301 0.1514722
135 0.3707926 0.2730062 0.5350788 0.3877031 0.5853077 0.2852141 0.3391542 0.315093 1.141393 0.6628193 0.1958127
136 0.3159358 0.3290858 0.4061793 0.421251 0.4101804 0.28269 0.2975184 0.2499064 0.9265712 0.680563 0.1618073
137 0.2523637 0.2523353 0.3790008 0.355939 0.3167307 0.2189995 0.22544 0.2505638 0.7685472 0.5976918 0.1475808
140 0.2691461 0.2362333 0.4012584 0.3233689 0.3547177 0.2010341 0.1872953 0.2163946 1.112424 0.6914517 0.1798622
141 0.2423875 0.2507646 0.351308 0.3647227 0.3458417 0.2527596 0.2429139 0.2764047 0.684107 0.5467106 0.1294609
142 0.2664113 0.2174894 0.4054402 0.3551888 0.3496122 0.2090482 0.2221319 0.2655021 1.137229 0.7048083 0.2102871
143 0.337974 0.4525507 0.4610435 0.5806165 0.602265 0.4971975 0.6812476 0.3983471 0.7082609 0.6071679 0.1192344
144 0.3029196 0.2803939 0.4011466 0.3676446 0.4335298 0.2962413 0.2954845 0.2526799 0.9292214 0.6515686 0.1724343
147 0.3940547 0.2795736 0.4750159 0.3252692 0.3889528 0.1842551 0.1558865 0.23779 0.8550882 0.6461682 0.151417
149 0.2467492 0.1843656 0.355905 0.2751563 0.3027224 0.1904211 0.1404793 0.2491363 0.9157336 0.5778457 0.166177
150 0.2585372 0.2044137 0.3724558 0.2914963 0.329438 0.1838123 0.143116 0.191685 0.8142987 0.6675199 0.175521
153 0.3721841 0.4121963 0.4863232 0.4777932 0.5434468 0.3173036 0.2989152 0.4986926 0.7137639 0.6593981 0.1523713
155 0.3236202 0.3164434 0.391801 0.389663 0.362508 0.2800975 0.255189 0.2331963 0.8097558 0.574367 0.1586223
156 0.2939607 0.3274824 0.4363427 0.4523008 0.4652656 0.3251427 0.3419763 0.3085128 0.8609366 0.8333307 0.167405
159 0.3332967 0.1887499 0.5016698 0.2718746 0.4991045 0.2207612 0.160104 0.3180453 0.8828982 0.6597578 0.1582975
160 0.3773419 0.3052599 0.4559678 0.3609113 0.4432011 0.2907281 0.2553578 0.2977196 0.7191913 0.5718952 0.1293249
162 0.2349521 0.2363477 0.3140087 0.319419 0.2502247 0.1712583 0.1909582 0.1608068 1.131327 0.6247331 0.2050738
166 0.3303188 0.2519474 0.4542267 0.3329568 0.4168936 0.2330424 0.1902118 0.2624658 0.8373103 0.767785 0.166644
167 0.295205 0.2301896 0.4405987 0.3278342 0.438365 0.2645605 0.2116565 0.3244882 0.6056003 0.6137654 0.1328705
169 0.3693078 0.3949521 0.5837893 0.4592342 1.698775 1.165922 0.9280904 1.600644 0.6935089 0.6172686 0.1334444
170 0.2270652 0.1943697 0.3709744 0.2873397 0.2672444 0.150911 0.1451175 0.1880158 0.774182 1.069422 0.1665411
171 0.3959068 0.3124511 0.4643051 0.3493736 0.363462 0.2076163 0.1568033 0.238001 0.741249 0.6290065 0.1538702
172 0.3902624 0.2335681 0.7845612 0.4012446 0.938495 0.4568916 0.266944 0.4670733 0.5793524 1.062971 0.125065
175 0.2729812 0.2624136 0.398597 0.4074312 0.4309217 0.3477748 0.3528042 0.3136841 1.061708 0.7359851 0.1697121
177 0.5076568 0.2872736 0.7641245 0.3959072 1.609915 0.7442806 0.5453468 1.644758 0.5867041 0.7203301 0.1242375
180 0.4057733 0.389405 0.5988326 0.5078985 0.7906819 0.4460539 0.4513074 0.530401 0.993805 0.732696 0.161384
181 0.3202658 0.2777505 0.4571511 0.3750179 0.4952303 0.3035399 0.2578686 0.3233228 0.6400961 0.6048079 0.1434077
