2 5.258376 -0.3277497 -0.2393563 -0.1286902 0.8222459 0.1807975 0.1496148 0.182396 -3.215461 0.8080101 0.1756792
3 5.298105 -0.4733159 0.447439 -0.7267213 1.073948 1.452588 -0.4677568 0.2359738 -2.736463 -1.045283 0.2546147
4 5.452106 -0.03871236 -0.05347108 -0.7142508 1.085902 0.2251846 0.1097905 0.1337431 -2.385198 -1.531721 0.1928055
5 4.98145 -0.2768637 0.9800224 -0.9048467 1.045455 0.8003905 0.1675166 0.1203933 -3.317719 -0.4550129 0.3487564
7 5.574776 -0.242739 -0.2602632 -0.6854624 0.7071269 0.1771632 0.1217885 0.2001106 -2.75989 -0.2555977 0.1151235
9 5.135319 -0.349309 -0.2280341 -0.4349123 1.268324 0.6110839 0.03307535 0.03857756 -1.981947 -0.1872523 0.03943713
10 5.305086 -0.5902424 -0.5802605 0.04465601 1.034007 2.155556 -0.7098629 0.4471506 -3.236356 -4.0898 0.3127694
12 5.739999 -0.3679823 -0.1099526 -1.090137 0.707111 0.3870715 0.3578803 0.384724 -2.047996 -1.039382 0.1231623
15 5.461269 -0.4690481 -0.1500907 -0.7702579 1.552179 1.00165 -0.02024907 0.01884123 -2.621645 -1.31664 0.1640596
17 4.571433 0.1367314 -0.3472891 -0.9867498 1.377942 1.165665 0.002589394 0.4009266 -1.990457 -0.5731872 0.2121416
21 5.59117 -0.5407635 -0.06420735 -0.5349416 0.7418943 0.4876823 0.2166623 0.2887743 -3.006616 -0.6053769 0.1718947
24 5.408565 -0.5635609 -0.4459099 -0.9031652 1.401462 0.4699375 0.6454846 1.11249 -1.435106 -1.321658 -0.06708173
29 5.651732 -0.1891696 -0.7847008 -0.7387139 0.701213 0.3721982 0.2914287 0.2767662 -3.74134 -0.8283609 0.4140138
31 5.022268 -0.4814875 0.01279965 -0.2737549 1.024229 1.507861 0.2184101 0.06678945 -2.709741 -0.7603466 0.2319274
37 5.15628 -0.2170847 -0.5033922 -0.4678284 0.9745331 0.6390029 0.443966 0.3739961 -3.856719 0.1760487 0.3842317
38 5.438072 -0.3027018 -0.1694657 -0.6816776 0.758721 0.2199218 0.09522678 0.07777836 -2.509733 -0.246086 0.07261003
41 5.519128 -0.3641042 -0.372616 -0.9738668 1.114358 0.3402572 0.171035 0.1480477 -3.293768 0.2802978 0.1967269
42 5.359462 -0.5135591 -0.4137615 -0.2710922 0.9363112 0.3571505 0.4077846 0.5863395 -1.90232 -1.07023 0.1829186
44 5.035627 -0.00598951 0.4603686 -0.8853723 1.263768 0.9208278 -0.1059057 0.2935644 -2.954642 0.2445026 0.1187966
45 6.058101 -0.1489419 -1.156065 -0.8296919 1.184759 0.9056876 0.1499051 0.09753482 -2.371092 -0.7908908 0.09176146
46 5.573169 -0.3981564 -0.4905624 -0.9141872 0.8660547 0.5030252 0.3191871 0.2530913 -2.846867 -1.127723 0.3591582
47 4.96888 -0.3394936 0.276822 -0.5347807 0.8415923 0.3571392 0.2608022 0.2454744 -2.728562 -1.385397 0.2927853
48 5.265454 -0.9119482 0.3598281 -0.2331095 1.491284 0.3992596 0.2375008 1.223964 -2.299965 -0.1104908 0.0693026
49 5.435728 -0.2900538 0.06484001 -0.5790162 0.8737031 0.6426787 0.1711317 0.07161603 -2.395052 0.1004899 0.1310581
51 5.482702 -0.512195 -0.6466854 -0.400457 0.7953496 0.3720646 0.07603161 0.4181264 -2.412937 -0.8857823 0.1814623
52 4.729211 -0.2762753 0.4325145 -0.6083552 0.8920775 0.2771073 0.09514365 0.06609726 -2.102265 -0.9493101 0.1148681
54 5.700573 -0.6549289 -0.6846099 -0.4933272 0.4891043 0.4867637 0.126159 0.05559017 -3.735661 0.559541 0.4812123
56 5.353619 -0.6044531 0.07696425 -0.3837068 0.9499635 0.442495 0.3734519 0.4237637 -2.3615 -0.6321535 0.08162429
57 5.555634 -0.6321372 0.588175 -0.7256846 1.127389 0.7045579 0.1871507 0.1559887 -2.92273 -0.4488718 0.2675923
58 5.324894 -0.1253814 -0.3132157 -0.9285184 0.6381382 0.2172489 0.07354406 0.1022403 -2.948951 -0.2289252 0.08654557
59 5.481343 -0.276427 -0.2636619 -0.8901312 0.9979419 0.3674742 0.3667961 0.4680594 -3.093907 -0.6288671 0.1260684
60 5.249856 0.1600377 -0.3367729 -0.9840015 1.073702 0.1025673 0.1860738 0.7768913 -1.992533 -2.961691 0.1503176
61 5.429764 0.05697917 -0.1758121 -1.073549 0.9869853 0.5498117 0.1439099 0.1423465 -2.900881 -0.4982928 0.2296199
62 5.636304 -0.2390697 -0.3460049 -0.539884 1.132624 0.9369211 -0.1833135 0.0813071 -3.380136 -0.01096064 0.2218065
65 4.892311 -0.1799239 1.048973 -0.9646257 1.094431 1.727881 0.1990696 0.05797065 -3.818938 -0.1993564 0.2589296
66 6.203918 -0.1991742 -1.173814 -0.4106562 1.021536 0.3224698 0.09040033 0.06468056 -3.826299 0.3053609 0.2562872
67 5.278969 -0.6549806 -0.1987002 -0.7302584 1.285354 0.7435992 0.2559817 0.1299124 -2.681681 0.6101479 0.1551376
69 5.140295 -0.4981555 0.2750984 -0.7167725 0.8479431 0.3889995 0.3256853 0.3823044 -2.336935 -0.8835461 0.2345802
70 5.67283 -0.8655473 -0.408721 -0.1949454 1.31163 0.9564165 0.09987084 0.1658237 -2.60809 -0.7165719 0.2500217
73 5.001184 -0.4220608 -0.371774 -0.5982177 1.969486 0.4029987 0.183398 0.2505306 -1.477841 -1.143345 0.1049767
74 5.330794 -0.7791351 0.1640437 -0.4848434 1.526995 0.1316863 0.1631463 0.5891555 -2.086756 -1.369104 0.1344486
75 5.002843 -0.3795626 0.3405691 -0.651263 1.054369 0.6212214 0.08229448 0.0635718 -2.424196 -0.8528581 0.2128654
79 5.58069 -0.5365239 -0.297337 -0.474313 1.058199 0.2996703 0.005124159 0.06796856 -2.046918 -0.189716 0.112219
80 5.479637 -0.5496258 -0.02374376 -0.6721531 1.200672 0.4529463 0.1933484 0.1260231 -1.958091 -0.6979136 0.01555622
82 5.735633 -0.6650877 -0.7949462 -0.2065613 1.096086 0.726641 -0.3024269 0.2538289 -2.02031 -0.7100737 0.09414497
83 5.76581 -0.5837832 -0.0822978 -0.4980053 0.7315115 1.541152 0.3613537 0.1029611 -2.561176 -0.8411871 0.1350092
84 5.714383 -0.5564102 -0.07530746 -0.8325318 1.555956 0.3248213 -0.4820479 1.136155 -3.417861 -0.951354 0.346884
85 5.391487 -0.3648645 0.1973865 -0.5371028 1.135668 0.4088413 0.2100434 0.1588126 -2.295575 -0.1849853 0.04132218
86 5.232258 -0.6177748 -0.4135826 -0.07889162 1.288924 0.7308129 -0.4316483 1.021112 -2.862913 -1.203344 0.2644797
92 5.699337 -0.2091791 -0.662442 -0.5021661 0.6395276 0.2575418 0.1395544 0.1450394 -2.792029 0.1122447 0.1960189
94 5.396767 -0.1574038 -0.04046009 -0.8368753 0.9966772 0.2108256 0.1096845 0.1624042 -3.509127 -0.5050205 0.3064705
95 5.865741 -0.9534631 -0.4582607 -0.1627265 1.430042 0.584401 0.5425889 0.6018632 -1.962874 -0.5563429 0.01457279
96 5.735788 -0.8868448 -0.1969659 -0.4133295 0.919793 0.713742 0.1885155 0.1998852 -2.025851 -0.7642034 0.162653
102 5.232681 -0.2982589 0.346609 -0.9824595 1.185279 0.6148435 0.5587811 1.109088 -2.987196 -1.698114 0.2772608
103 5.252176 -0.5349369 -0.4547193 0.1082803 1.208067 0.4686487 0.05873259 0.04265089 -3.125063 -1.37241 0.5496481
104 5.843401 -0.6083818 -0.5164358 -0.1660781 0.9034069 1.387793 0.05269676 0.0242878 -2.636495 -0.6859709 0.214293
105 5.948345 0.03703491 -1.172119 -0.9818667 1.068432 2.006314 0.05466815 0.1608801 -2.334565 -0.9312396 0.1493536
106 4.932252 -0.4212959 0.02849406 -0.01759452 0.9431642 0.5082399 0.4165599 0.700423 -2.262321 -2.973199 0.2507242
107 5.274683 -0.4838663 0.5452286 -0.7727402 1.119426 0.8467005 0.474649 0.3308771 -2.808689 -0.7055143 0.2514122
109 5.134271 -0.2816073 0.4858007 -0.7446548 1.121502 0.8182151 -0.2964357 0.3927327 -1.947229 -1.205723 0.03968896
110 5.328109 -0.4698547 -0.1756026 -0.5145199 0.8696611 0.1611879 0.123473 0.1668965 -2.523189 -0.828292 0.2322473
111 5.300256 -0.2573672 0.1406141 -0.7723343 0.8214729 0.07814486 -0.02972546 0.7791676 -2.195628 -0.002153079 0.0857731
113 4.971898 -0.2868183 0.68704 -0.8357945 0.9442223 1.040465 0.1011769 0.03751972 -2.187661 -0.6183508 0.1544735
114 5.727438 -0.3918476 0.02155894 -1.07043 0.6864225 0.04991745 -0.007469914 0.3179259 -3.36366 -1.119944 0.3411281
119 5.903379 -0.5901321 -0.4863464 -0.4330526 0.9275271 0.7850317 -0.01118055 0.02072983 -3.522253 -0.9335248 0.3501584
120 5.846346 -0.735098 -0.5823223 -0.2413279 0.5894892 0.6435495 0.2341618 0.1345293 -2.632401 -0.2610829 0.15337
121 5.432049 -0.5696487 -0.3106957 -0.297883 0.9961459 0.4222954 0.2067843 0.3052562 -2.448602 -0.408599 0.1272076
124 5.246128 -0.2992421 0.1914165 -0.654305 1.243339 0.3183854 0.2082044 0.3063187 -3.726553 -0.6863738 0.4085122
125 4.816492 -0.3007224 0.4136129 -0.9804612 1.424669 0.1199718 0.009564269 0.739128 -3.206411 0.3947892 0.2828291
127 5.010335 -0.1755627 0.599257 -1.81609 0.9701171 0.4046046 0.01026532 0.007891579 -2.594563 -0.131863 0.2246256
129 5.094502 -0.401214 0.03935201 -0.3178548 0.948518 0.589491 0.2208212 0.2187385 -3.017559 -0.8095008 0.1614256
130 5.021661 -0.2375492 0.1189196 -1.019509 1.034948 0.4572444 0.2289854 0.2826262 -2.767166 -0.6653925 0.1563596
131 5.366227 -0.3554758 0.01148013 -0.8616795 0.7978895 0.1593953 0.1327013 0.216862 -2.571999 -1.081394 0.2392334
135 4.992882 0.07291892 -0.308735 -0.7343198 1.136726 0.8536007 0.450258 0.2873607 -4.251804 0.1431057 0.4210126
136 5.353193 -0.424553 -0.1233237 -0.483989 1.067852 0.1182357 0.1806091 0.4996778 -3.49953 0.006988105 0.2508009
137 5.430483 -0.6527376 0.348957 -0.81022 0.9839518 0.0685891 -0.01672575 0.2656407 -2.918009 -0.09332831 0.2247485
140 5.584327 0.1004019 -0.3598315 -0.9635322 0.8630972 0.2819551 0.1858395 0.1833398 -3.848276 -0.211179 0.350378
141 4.923793 0.06498982 0.5134176 -1.175383 0.7494504 0.1250756 0.1242304 0.2987119 -2.358324 0.1113616 0.1265073
142 4.98167 -0.3926647 -0.3257945 -0.5687525 1.016136 0.1860595 0.1241231 0.2508718 -4.487251 0.8262343 0.4183963
143 5.928864 -0.8232647 -0.2581974 0.2002214 1.517205 0.06008942 0.1218966 1.078379 -3.028787 -0.4954848 0.2496081
144 5.598659 -0.4708532 -0.5786446 -0.3696196 1.056776 0.1166524 0.1295086 0.2653376 -3.046531 -0.3172179 0.2210526
147 5.312232 -0.1614271 0.300802 -0.8109297 0.8264043 0.5420006 0.1488017 0.1308356 -2.475411 -0.7305553 0.1410017
149 5.497081 -0.2566664 -0.7700686 -0.5369236 0.6514033 0.2269783 0.02685148 0.04671885 -3.137259 0.287236 0.3300367
150 4.935208 -0.3322377 -0.2294979 -0.7813535 0.7647598 0.2360049 0.1317027 0.1375 -2.653994 -0.5352859 0.1505779
153 5.024818 -1.007465 -0.0006442158 0.1165567 1.093973 0.5074531 -0.03599097 0.3633227 -2.109488 -1.653651 0.2379246
155 4.913109 -0.3555711 0.6327997 -0.6883931 0.9447736 0.04396965 0.01634498 0.2863733 -2.753345 -0.3221911 0.2588045
156 5.203491 -0.3352731 -0.3876196 -0.3732281 1.273375 0.1383921 0.1880482 0.5250211 -2.790552 -1.145722 0.1696446
159 5.790579 -0.5296931 -0.6154179 -0.476634 0.7578566 0.918928 -0.09215685 0.07423317 -3.001496 -0.521216 0.2673126
160 5.415577 -0.08925918 0.03165966 -1.239006 1.067403 0.2381053 0.09425815 0.1331974 -2.002235 -0.6455804 0.1043433
162 5.264719 -0.2901996 -0.03107697 -1.056872 0.6117097 0.09716001 0.1251724 0.2516058 -4.144762 0.3576698 0.4499227
166 4.86349 -0.03561653 0.07938341 -1.051493 1.021898 0.4694432 0.1203764 0.2447661 -2.648245 -0.7389822 0.0622559
167 4.921586 -0.5764713 0.855287 -0.744497 1.074602 0.309517 0.08565425 0.1266312 -2.018649 -1.123508 0.1514228
169 5.131225 -0.340319 -0.3277501 -0.3521654 1.374946 0.816814 -0.1632381 0.4082639 -2.478984 -0.8306702 0.2589681
170 5.115199 -0.6721387 0.2973111 -0.4130324 0.6074992 0.3059769 0.1570717 0.1898165 -2.681032 -2.108957 0.2299835
171 5.181982 -0.7796261 -0.125508 -0.3159457 1.01411 0.2507383 0.01204102 0.06774434 -1.861659 -0.8752152 0.06046831
172 4.928447 -0.5703 0.09675163 -0.5688007 1.584973 1.552229 0.1996281 0.07062191 -2.104318 -1.703227 0.1089811
175 5.586303 -0.1235464 -0.7874549 -1.074733 1.127368 0.05944896 -0.03995551 0.3788652 -3.943187 1.047441 0.2738802
177 5.008799 -0.688827 0.9876461 -0.1271258 1.167028 2.614633 -0.240468 0.3338739 -2.093603 -1.295816 0.1070406
180 5.742168 -0.2441888 -0.7720667 -0.7602917 1.875278 0.6471605 0.3961404 0.3456184 -3.420268 -0.9413673 0.3881156
181 4.850054 -0.5653258 0.5859842 -0.3964491 1.312395 0.2334313 0.1291043 0.1700723 -2.118304 -0.6439811 0.08254997
