1 0.2498284 0.1769422 0.3525192 0.2560816 0.2141931 0.1077285 0.09189872 0.0837059 18.49533 0.9915369 0.6373133 0.189337
2 0.3557894 0.2662591 0.435328 0.3205134 0.2711821 0.1428773 0.1440677 0.1595598 4.375939 1.175834 0.8495431 0.1941926
3 0.2033706 0.2235437 0.2931835 0.2939746 0.1507872 0.1102917 0.1629519 0.09590955 1.078224 1.153396 0.7713029 0.185705
4 0.3161749 0.2472616 0.422415 0.3040502 0.3041629 0.1388884 0.1385854 0.108735 32.2496 0.8132138 0.6513665 0.1689865
5 0.3415068 0.2529089 0.4661018 0.3418703 0.3793056 0.2099651 0.1894511 0.120817 12.16017 0.7037268 0.6487758 0.1390947
6 0.355356 0.2244213 0.4605245 0.2851584 0.3514905 0.1671786 0.1396079 0.09940786 31.63449 0.7134164 0.6719389 0.1575534
7 0.2566072 0.1891817 0.3406648 0.2438976 0.2192772 0.09424581 0.09424047 0.1158364 1.079844 0.6977171 0.7050651 0.1369437
8 0.2992834 0.2234777 0.3875349 0.2671237 0.2745005 0.1276532 0.1030308 0.1408767 3.190283 0.8130721 0.6475862 0.1600562
9 0.3616895 0.2671344 0.4868592 0.3339609 0.3740663 0.1714825 0.1506611 0.1195829 2.664704 0.6194035 0.5746894 0.1303973
10 0.2180111 0.1393334 0.3121348 0.1992252 0.189743 0.07638463 0.06313255 0.06653227 1.169052 0.7850153 0.6764401 0.1368736
11 0.229985 0.1738135 0.3578203 0.2648702 0.2329467 0.1393914 0.10913 0.1328691 0.9071298 0.560472 0.581149 0.1093503
12 0.3808085 0.324046 0.4594104 0.3540633 0.322115 0.1486694 0.1052226 0.09555312 214.4356 0.7569986 0.6510777 0.1710322
13 0.2151193 0.2258885 0.4142901 0.4270302 0.2289083 0.1880003 0.2421737 0.1401419 2.571143 0.8399729 0.827782 0.1487728
14 0.3654576 0.2330825 0.4547764 0.2763427 0.4134054 0.2096474 0.157428 0.1283881 10.8688 0.7742659 0.5651018 0.1578455
15 0.2428833 0.1773954 0.3511123 0.2492255 0.2118954 0.11461 0.09432008 0.1032371 4.502671 0.9603732 0.8164613 0.195929
16 0.2845566 0.330903 0.3840045 0.4367269 0.2591122 0.2017481 0.2616958 0.1492819 68.86056 0.8101893 0.5939653 0.1347769
17 0.2519504 0.1527544 0.3911355 0.2105457 0.2383101 0.1028404 0.08780801 0.1086308 1.297758 0.8714377 0.8097165 0.1590229
18 0.2137432 0.1573734 0.3337814 0.2517143 0.2008328 0.1200171 0.1064136 0.1143786 5.509504 0.7550976 0.6686608 0.1564825
19 0.2667333 0.197184 0.4002306 0.292363 0.2577668 0.1639126 0.1287801 0.1355927 1.5375 0.6487744 0.6061952 0.1267896
20 0.2827356 0.2002 0.4405484 0.3049177 0.3198306 0.1900682 0.1543086 0.2241326 1.584166 0.6342619 0.5910912 0.1178454
21 0.3876397 0.175615 0.5357251 0.2140558 0.4761353 0.1586613 0.06954484 0.08708987 3.923093 0.6703196 0.5577187 0.1231695
22 0.3308491 0.2663783 0.4280425 0.3271233 0.3729929 0.2042133 0.1730016 0.1702186 1.723254 1.356259 0.8201442 0.2285146
23 0.2758359 0.2728143 0.4829307 0.4608713 0.3711129 0.2532064 0.2982686 0.134525 92.92885 0.5966389 0.6220926 0.1191606
24 0.2071569 0.2317034 0.3143841 0.3221664 0.1851613 0.1384201 0.2653395 0.1209205 92.0711 0.6936871 0.6259301 0.138458
25 0.2839821 0.1996287 0.3787252 0.2553042 0.2326564 0.1253671 0.1025264 0.09462076 1.734989 0.7741126 0.712311 0.1583237
26 0.2186622 0.2802553 0.326491 0.4196135 0.1911452 0.1637945 0.286552 0.08454536 257.6107 0.7440904 0.6006949 0.138133
27 0.3772864 0.1896505 0.5378046 0.2434353 0.5283976 0.182838 0.1263626 0.119259 2.161796 0.6922325 0.5740054 0.1247207
28 0.2733532 0.2336464 0.422603 0.3439449 0.3114893 0.1891953 0.1796851 0.1579415 6.976432 0.7879142 0.6290933 0.1495262
29 0.2106054 0.1510833 0.2793331 0.1925439 0.1448984 0.08178079 0.071213 0.06942033 3.370864 0.8874249 0.6603364 0.1642887
30 0.2508759 0.2095392 0.3612224 0.3001779 0.2708331 0.1340972 0.1428094 0.1462547 14.73725 0.7436196 0.6104564 0.1459169
31 0.3446782 0.3310881 0.4320083 0.3684918 0.2730209 0.1510786 0.1364774 0.1163884 1.771127 0.8960248 0.634813 0.143421
32 0.2239752 0.301274 0.3271374 0.4156554 0.1821544 0.1532819 0.2808039 0.0889811 27.2151 0.69348 0.5815019 0.1403677
33 0.2574898 0.2421697 0.4091175 0.4804584 0.7827473 0.6351507 0.6209528 0.191371 1.867438 0.7183873 0.572604 0.1224615
34 0.4147491 0.4467216 0.5105992 0.4962718 0.4078111 0.2087471 0.2285913 0.1662498 3.182938 0.7946316 0.6087336 0.1614663
35 0.3349635 0.2308559 0.4404042 0.2959568 0.3040806 0.1638478 0.1527133 0.1093421 3.049074 0.7899883 0.6503343 0.1539395
36 0.4358633 0.2082287 0.5552478 0.2560917 0.6286671 0.1667379 0.09294709 0.09413508 6.552529 1.171181 0.8474429 0.1849384
37 0.3326435 0.4122821 0.3663327 0.4514811 0.1652672 0.1291154 0.1933079 0.1019852 144.1432 1.240006 0.8486977 0.1882328
38 0.2532362 0.240536 0.4004036 0.3577192 0.3645435 0.2360683 0.2355728 0.1649113 1.907371 0.9101139 0.6385156 0.1485983
39 0.2867953 0.2129141 0.3785767 0.275003 0.2707095 0.1650322 0.1275746 0.1644067 35.30389 1.190842 0.7433289 0.2094117
40 0.4043101 0.2312394 0.5187004 0.2744377 0.425968 0.1739709 0.1407249 0.1588247 1.692251 0.6738374 0.6384331 0.1222362
41 0.2750207 0.321701 0.3946696 0.4419178 0.4054512 0.2823364 0.3312171 0.1826986 1.548494 0.6308419 0.5608044 0.1119743
42 0.1824314 0.1658485 0.2646956 0.2438423 0.1715805 0.1195514 0.1299125 0.1108931 0.9162113 1.308687 0.8201786 0.2004153
43 0.3125379 0.1880166 0.3946923 0.2273548 0.2815592 0.1296963 0.07988679 0.1221573 58.84564 1.408364 0.7335923 0.2577182
44 0.2808724 0.1933553 0.3592841 0.2476986 0.2775088 0.1672114 0.1640271 0.14397 1.317215 0.7079995 0.7040838 0.1490273
45 0.2342795 0.2289627 0.3045326 0.2969465 0.1606318 0.09948929 0.1269618 0.06998717 1.836537 0.8794941 0.5946481 0.1419212
46 0.2972481 0.1825126 0.4297973 0.2631489 0.3611147 0.150653 0.1133835 0.1035764 3.414589 0.7483975 0.5753105 0.1330292
47 0.3754882 0.2536428 0.4697521 0.3033195 0.3653307 0.1745956 0.1543941 0.1455631 8.379466 0.6602604 0.5767005 0.1262548
48 0.3957721 0.3575076 0.4942503 0.4244518 0.4113425 0.2647123 0.2739238 0.08845317 45.55111 0.6831096 0.595784 0.1245086
49 0.3125014 0.2057998 0.4090869 0.2762832 0.2713568 0.1395518 0.1034069 0.1210453 2.575062 0.8341147 0.6196209 0.1414167
50 0.2827591 0.20543 0.4427057 0.3245384 0.343595 0.2011248 0.1849809 0.1174229 216.5266 0.6339364 0.6241609 0.1343808
51 0.3861325 0.3699357 0.5527527 0.5133815 0.5332476 0.3442729 0.3787779 0.2385309 8.762251 0.6507939 0.6353328 0.116259
52 0.2381013 0.232538 0.3326842 0.3013682 0.2001863 0.1390216 0.1566351 0.1268396 1.272556 0.6612786 0.7969391 0.1342696
53 0.3736882 0.2982574 0.4569721 0.4028569 0.3100853 0.1879933 0.2614537 0.1234194 5.82043 0.8057561 0.6354809 0.1382717
54 0.3379589 0.3386314 0.4418601 0.4336246 0.3280488 0.2253115 0.2889812 0.148754 6.88939 0.7373699 0.726312 0.1422537
55 0.344873 0.3098508 0.406655 0.3558086 0.289091 0.1592246 0.184332 0.1441501 1.335616 1.085685 0.7979161 0.1630227
56 0.38846 0.2663765 0.5176353 0.3498132 0.4928178 0.2769809 0.208986 0.2096982 7.590394 0.63157 0.6344107 0.1201858
57 0.2860932 0.1914539 0.4008496 0.2571999 0.2621546 0.127748 0.1048188 0.1307721 1.263147 0.7260665 1.089133 0.1333083
58 0.3411262 0.2890566 0.4698197 0.379497 0.4003091 0.2552984 0.2282836 0.1459409 28.4606 0.7418227 0.716564 0.1494306
59 0.2305581 0.2215653 0.3283672 0.2710814 0.2095674 0.1073642 0.1017608 0.06876095 0.6478307 0.5708148 0.7077385 0.0800105
60 0.3392067 0.2457602 0.4257089 0.3085485 0.3117977 0.1529765 0.1529824 0.1111704 1.727455 1.054071 0.7499101 0.1852339
61 0.3150897 0.1965672 0.4823732 0.2713186 0.4128673 0.158564 0.1182641 0.1597811 18.56335 0.7448688 0.70848 0.1504338
62 0.3002526 0.2883093 0.3700577 0.3253448 0.2352974 0.129597 0.1536339 0.1046371 209.5687 0.803951 0.6075401 0.1330274
63 0.2773937 0.2003295 0.371818 0.2649067 0.2561449 0.1250831 0.1098503 0.073096 2.037564 0.770442 0.607803 0.1415384
64 0.2580511 0.2127368 0.3493803 0.3071926 0.2172669 0.1428582 0.1562952 0.1728101 1.994174 1.192749 0.7192191 0.207251
65 0.2710006 0.3711705 0.3586101 0.4393079 0.1958486 0.1505627 0.2319729 0.08727137 3.010821 0.875365 0.7285 0.1724444
66 0.3514779 0.3404173 0.426833 0.3940663 0.2852296 0.2051237 0.2399963 0.09520359 3.052562 0.7005751 0.5770438 0.1405168
67 0.2454743 0.2511519 0.3359921 0.3270191 0.2113409 0.1382759 0.1743642 0.108811 9.00223 1.123556 0.7298592 0.183681
68 0.2152053 0.2248533 0.3178783 0.3382366 0.1821187 0.1354811 0.1953947 0.1202398 1.309674 0.6602937 0.7944474 0.1348987
69 0.2727389 0.2057579 0.3962735 0.2939899 0.3138232 0.1348585 0.1373509 0.09878914 12.13765 0.7237891 0.623012 0.1349779
70 0.2939518 0.208405 0.3661067 0.2560365 0.2071329 0.1271197 0.1264501 0.1365659 1.775781 0.8406131 0.6492773 0.1503048
71 0.3018618 0.2362812 0.4046879 0.2944129 0.2736521 0.140112 0.1460708 0.15143 4.839436 0.8407316 0.6299779 0.1401213
72 0.3241063 0.1611478 0.4965646 0.24519 0.4027722 0.1660201 0.1025915 0.1290105 2.009291 0.6887463 0.5835558 0.1387398
73 0.386275 0.1841787 0.5253267 0.2572926 0.5114812 0.1548986 0.09588687 0.1296574 1.536218 0.8175212 0.7591313 0.1417582
74 0.3155976 0.183565 0.3857455 0.2283765 0.2305386 0.1067916 0.07315551 0.1055098 1.233866 0.9541778 0.7343282 0.1503463
75 0.2772938 0.2383517 0.3614985 0.3021748 0.2393092 0.1324112 0.1257323 0.160764 1.488718 1.264616 0.7367918 0.2024031
76 0.3609392 0.1871007 0.4741917 0.2551735 0.3864771 0.1386103 0.1014534 0.1036534 15.3906 1.129431 0.6917359 0.1805693
77 0.1758666 0.1394911 0.3238196 0.2933581 0.1623682 0.09471809 0.09598625 0.09499575 1.154 0.7072949 0.6089954 0.1263231
78 0.2282473 0.1460719 0.4100341 0.2462817 0.2693847 0.1236036 0.1006253 0.08351981 52.1425 0.8548852 0.6827824 0.1542297
79 0.2230772 0.2034067 0.3521078 0.291677 0.2322544 0.1479707 0.1434208 0.09117045 0.9322964 0.6523553 0.7939307 0.1241092
80 0.281382 0.2395874 0.4242486 0.3537907 0.3137815 0.2146204 0.1973755 0.1878408 2.501872 0.7010187 0.6951126 0.1441195
81 0.395454 0.2020728 0.544981 0.2770614 0.5270067 0.1918753 0.1192981 0.137652 3.275367 0.8149203 0.7007602 0.1374196
82 0.3142216 0.153402 0.4507416 0.2144046 0.443737 0.228052 0.2068613 0.1450037 1.617471 0.6725934 0.683584 0.1401311
83 0.3594155 0.2024446 0.4923894 0.2705834 0.416437 0.1643298 0.1067545 0.1423155 1.544693 0.6313324 0.8067508 0.1134414
84 0.479588 0.296276 0.5562431 0.3396453 0.516389 0.2096148 0.144943 0.1474198 2.067192 0.8010304 0.6435656 0.1167113
85 0.3730651 0.3058659 0.5037496 0.4238976 0.5464183 0.3204138 0.2908512 0.2210811 1.482858 0.574674 0.6599419 0.09478669
86 0.3139245 0.2815848 0.4215503 0.3357859 0.279137 0.1484598 0.1571679 0.107309 1.514422 0.7501995 0.7190072 0.1472866
87 0.3148608 0.2347431 0.4828537 0.3405387 0.397886 0.1999873 0.1764206 0.2115136 14.02858 0.6350736 0.601252 0.129537
88 0.2367461 0.203404 0.3495272 0.2841603 0.2152104 0.1273955 0.1386993 0.09874841 18.09125 0.7304454 0.554041 0.1383323
89 0.3513208 0.239543 0.478934 0.3067509 0.4132421 0.1966469 0.1715729 0.1331659 62.35274 0.6629046 0.6036209 0.1333336
90 0.324329 0.4143553 0.4325846 0.5159192 0.3064893 0.2388509 0.3753258 0.1528591 3.911625 0.6858072 0.6089295 0.1226458
91 0.3582691 0.211849 0.5061899 0.2979082 0.4640637 0.1780557 0.150423 0.1494165 10.14145 0.7938849 0.6916351 0.1467139
92 0.2161185 0.2893176 0.3499213 0.4417445 0.23454 0.1954903 0.2995503 0.1596009 24.17551 0.5595784 0.5417001 0.1146762
93 0.2177715 0.1541207 0.3909204 0.2452705 0.2125916 0.1064493 0.09204526 0.1005116 22.38174 0.9766433 0.7163847 0.1758989
94 0.2648103 0.221046 0.409035 0.3557348 0.3219808 0.2307309 0.2291904 0.1204743 6.1867 0.9228213 0.6615293 0.1779881
95 0.2026031 0.1631155 0.3225384 0.2578349 0.2011432 0.09820852 0.1106994 0.09917665 1.267918 0.6313783 0.6362974 0.1222629
96 0.2349733 0.2387123 0.3497465 0.3241107 0.216243 0.1450431 0.1758705 0.139398 4.335213 1.00284 1.097527 0.1766921
97 0.3670296 0.1924965 0.4276633 0.230868 0.3543728 0.2195446 0.1554974 0.1239784 2.45427 0.9377966 0.612253 0.1780966
98 0.2550251 0.2589429 0.3864586 0.3936656 0.2513882 0.1904622 0.1953823 0.1415799 8.663297 0.6022884 0.5740348 0.1255655
99 0.2899633 0.2156675 0.4059305 0.2952891 0.2690054 0.1458538 0.1548952 0.1470609 3.544121 0.8297068 0.6200975 0.1517923
100 0.3120761 0.2172347 0.3978823 0.2688659 0.2612563 0.1183494 0.1208155 0.1126525 7.266554 0.820804 0.6273626 0.1407766
