2 5.326561 -0.3127212 -0.206989 -0.2769936 0.506259 0.1988361 0.09430201 0.1809465 10.51537 -2.188641
3 5.288727 -0.4682117 0.6165607 -0.849783 0.3685117 0.6428016 -0.1741936 0.1228718 3.430011 -2.144581
4 5.521178 -0.2541767 0.02092155 -0.5575866 0.3556984 0.497253 -0.1549442 0.2105842 3.737411 -2.224624
5 4.951364 -0.2895365 0.6846737 -0.7520397 0.5437768 0.5587191 0.1459578 0.1746889 8.446138 -2.009762
7 5.559406 -0.2283638 -0.2484052 -0.7426829 0.4750063 0.3050316 0.03734715 0.2474434 43.33039 -2.414289
9 5.096122 -0.2812726 -0.06252793 -0.6345389 0.6179761 0.6988129 -0.04693529 0.04673626 5.053699 -1.916923
10 5.197194 -0.4975457 -0.4782626 -0.04409873 0.5051825 2.017877 -0.7030048 0.5101241 23.3739 -2.397895
12 5.635648 -0.3256854 -0.2119284 -0.9995959 0.2553838 0.283022 0.2095444 0.3128953 3.446158 -2.233592
15 5.276758 -0.3960992 -0.03377732 -0.8612472 0.7959065 0.6845828 0.05491491 0.0323176 5.157048 -2.381228
17 4.656252 0.1484524 0.2030723 -1.221937 0.4202652 0.5905195 -0.191109 0.2820884 3.735039 -1.620488
21 5.571588 -0.5241741 0.02227163 -0.5582026 0.4664744 0.5899709 0.08950546 0.3487197 34.50737 -2.623057
24 5.323814 -0.3835939 -0.4142785 -0.7565155 0.513558 0.3223189 0.2306548 0.297659 3.078669 -2.135531
29 5.622706 -0.2325574 -0.7484981 -0.5542481 0.4247538 0.410906 0.1732875 0.1695278 10.37708 -2.206441
31 5.393816 -0.5050416 -0.4347491 -0.2897368 0.4508228 1.176986 0.09034563 0.1608497 6.789515 -2.197225
37 5.228774 -0.3971052 -0.1411337 -0.1950841 0.4034771 0.3456872 0.1227686 0.2957447 4.176433 -2.187922
38 5.541932 -0.4474151 -0.2967412 -0.5614066 0.3796208 0.1533239 0.08371321 0.08628337 5.002218 -2.320604
41 5.46423 -0.2360357 -0.3538198 -1.069158 0.4508374 0.223117 0.02116221 0.209778 3.698042 -2.381228
42 5.484461 -0.2583359 -0.3983539 -0.7859762 0.3382463 0.3604233 0.2749906 0.2644165 3.816521 -1.575536
44 5.428925 -0.2265126 0.01819847 -0.7017354 0.5694829 0.3615129 0.05798154 0.2147073 5.70558 -2.338303
45 6.005806 -0.2372181 -0.8598193 -0.7785664 0.6507643 0.8109492 0.0383415 0.1632481 9.128841 -2.242481
46 5.561558 -0.3281223 -0.2752893 -0.7815316 0.2762994 0.2661166 0.09173858 0.1532842 3.39748 -2.050171
47 5.042765 -0.2938995 0.1856986 -0.6184016 0.3990589 0.2810417 0.1882412 0.263522 4.939468 -2.320604
48 5.204052 -0.4951514 0.2898184 -0.5227541 0.6467786 0.6497571 -0.038495 0.7420946 6.30693 -2.107879
49 5.22913 -0.3794936 0.2201908 -0.5049904 0.4689696 0.5063253 0.08032684 0.05556637 8.109254 -1.802122
51 5.446958 -0.5764592 -0.6801241 -0.3503665 0.3710647 0.5888145 -0.08360813 0.5123879 15.90385 -1.976063
52 4.73012 -0.2522909 0.4201626 -0.5720105 0.5198582 0.3828188 0.08808146 0.06586724 7.581849 -2.197225
54 5.633012 -0.585988 -0.6757957 -0.5564075 0.2285093 0.5049071 0.06441993 0.05141868 9.162934 -1.528469
56 5.404996 -0.5742317 0.06360563 -0.4463113 0.5525285 0.6182362 0.3067508 0.5849158 18.05929 -2.320604
57 5.612728 -0.5717463 0.2772879 -0.6761117 0.5811621 0.7019801 0.07937364 0.1897347 10.18398 -1.985915
58 5.280275 -0.1543182 -0.2596063 -1.000976 0.3617005 0.2681261 0.04102669 0.07200271 8.203385 -2.74084
59 5.359731 -0.373056 -0.1154971 -0.7735287 0.4228498 0.3137004 0.1195478 0.09870361 3.265293 -2.929287
60 5.253913 0.1836243 -0.3267346 -1.064219 0.4999896 0.3970114 -0.03238967 0.5427873 7.142466 -2.442347
61 5.499418 0.1306047 -0.1425925 -1.227692 0.3912137 0.08587552 0.02712007 0.2376052 3.266794 -2.089011
62 5.685623 -0.3272918 -0.2917555 -0.540766 0.5356487 0.5825732 -0.09385309 0.1050617 5.2009 -2.424803
65 5.131929 -0.2568892 0.5054388 -0.8362107 0.580461 0.7867614 0.130572 0.1657856 6.292393 -2.772589
66 6.226843 -0.3704061 -1.190743 -0.1785194 0.5891286 0.3562307 0.01085675 0.08403039 8.024223 -2.476538
67 5.388109 -0.5882676 -0.2137954 -0.661719 0.5229051 0.8888263 0.1318264 0.1591039 5.797017 -1.751754
69 5.205937 -0.2174736 0.3798464 -0.9711431 0.2647736 0.3058547 0.1220202 0.2182215 3.175106 -1.89712
70 5.285768 -0.5488389 0.02060094 -0.4439013 0.4015148 0.7139313 0.09188017 0.4224063 5.731583 -1.926679
73 5.565542 -0.9699145 -0.7146723 -0.006492626 0.451571 0.1867227 0.1988299 0.2983996 2.51513 -1.835245
74 5.206089 -0.5400221 -0.172482 -0.6808757 0.4215302 0.1688566 0.1683112 0.2337109 2.819499 -2.311635
75 5.207872 -0.4979026 0.1411271 -0.5053438 0.5506313 0.7802027 -0.05932479 0.1537431 9.595934 -2.005334
79 5.417002 -0.3679093 -0.04045426 -0.8769948 0.498962 0.2900164 -0.0792358 0.2492309 5.646453 -1.699386
80 5.405068 -0.6247587 0.1497988 -0.5881351 0.6065923 0.2663115 0.1316329 0.1907004 6.242303 -2.171249
82 5.731257 -0.5223029 -0.6651543 -0.457281 0.3757518 0.5363885 -0.2553671 0.2491919 3.241911 -1.964779
83 5.652412 -0.6292686 -0.2182762 -0.4740737 0.3961506 0.6237057 0.2316314 0.1187258 5.934776 -2.389596
84 5.722538 -0.5058256 -0.5530295 -0.2788111 0.5521413 0.322155 -0.06737966 0.156185 3.462453 -2.242481
85 5.368804 -0.4505318 -0.2181993 -0.370679 0.3302645 0.3511799 0.01161207 0.0201939 2.760866 -2.197225
86 5.431273 -0.4280488 -0.4411431 -0.4410994 0.5380441 0.3482339 -0.2476996 0.6121477 4.318654 -2.338303
92 5.708613 -0.2509557 -0.6631162 -0.4871778 0.3844799 0.4252608 0.06570835 0.167472 33.39593 -1.90707
94 5.163721 -0.05598761 0.5105603 -0.961286 0.4277154 0.273351 -0.02213043 0.1226779 4.392106 -2.424803
95 5.477681 -0.674387 -0.01182557 -0.3168217 0.4703089 0.1169432 0.1586212 0.3733503 2.849415 -2.178532
96 5.737463 -0.8786298 -0.2001432 -0.4338538 0.4652074 0.9546579 0.03136969 0.3781919 31.20486 -1.734601
102 5.085831 -0.3220506 0.6213643 -0.9014155 0.6075811 0.5676443 0.2058263 0.9463186 8.199535 -2.372789
103 5.130879 -0.3925213 -0.3287103 -0.03264577 0.7033391 0.5600135 0.007933344 0.09706877 10.75049 -1.727221
104 5.643735 -0.6450956 -0.3268451 -0.1141971 0.4269089 0.654479 0.06401554 0.05813483 4.582181 -2.050171
105 5.910846 -0.1671465 -1.052728 -0.7129355 0.460407 1.244103 -0.1139572 0.2001035 5.101146 -2.079442
106 5.078664 -0.2276855 -0.1598697 -0.3731147 0.4015094 0.7384406 0.01185867 0.5162531 6.826547 -2.107879
107 5.453395 -0.2882881 0.252885 -0.8397914 0.5433991 0.5537435 0.05932528 0.1664388 5.304217 -2.005334
109 5.081153 -0.107967 0.2191109 -0.763042 0.5317054 0.5539141 -0.1732154 0.2224219 5.91222 -2.631089
110 5.460413 -0.5381058 -0.3292924 -0.4492432 0.5397943 0.2640716 0.1043672 0.1178193 13.02609 -2.215574
111 5.281904 -0.2596946 0.1705755 -0.7766498 0.4537557 0.3627427 -0.2158663 0.9583395 47.1213 -1.852384
113 5.000006 -0.3235759 0.6414355 -0.7922769 0.6006226 1.196428 0.009151391 0.1118995 80.67039 -1.876917
114 5.707001 -0.4084944 -0.00207043 -0.9941247 0.3966459 0.1042237 -0.03211013 0.3289194 11.6286 -2.364279
119 5.889268 -0.58812 -0.5961603 -0.4138144 0.5949972 0.682509 -0.0414021 0.0568683 14.99274 -2.556366
120 5.714201 -0.7467584 -0.4268312 -0.2076382 0.345897 0.6500534 0.140426 0.1937895 15.92602 -2.179983
121 5.212018 -0.5395678 -0.194416 -0.5275946 0.2869772 0.5925403 0.01104979 0.3187957 4.286452 -2.089011
124 5.252824 -0.2599049 0.06007161 -1.013973 0.3533516 0.07791003 0.06301919 0.2797514 2.691909 -2.206441
125 4.831914 -0.3803569 0.3847939 -0.7116226 0.645422 0.5341383 -0.3420058 0.6498399 7.447292 -1.89712
127 5.096902 -0.2153221 0.5295782 -1.759988 0.6596308 0.3920009 0.02351727 0.008210915 19.37094 -1.7492
129 5.37436 -0.2422945 -0.02539211 -0.7041058 0.3747697 0.4309496 0.04049453 0.03697269 3.314056 -2.623057
130 5.194609 -0.1281632 0.02529994 -0.9131008 0.3958708 0.5045573 -0.002302586 0.1876099 3.485882 -2.433613
131 5.392145 -0.3976024 -0.03003303 -0.8325575 0.5123028 0.3041852 0.0726941 0.2716083 32.89345 -1.956063
135 5.189235 -0.09824685 -0.1991253 -0.3812625 0.5258697 0.3573132 0.1588135 0.2301912 4.762486 -2.320604
136 5.217348 -0.4143877 -0.064916 -0.599125 0.5081184 0.2043109 0.08988238 0.3701458 4.996987 -2.476538
137 5.416713 -0.6751509 0.1573458 -0.7497707 0.6058794 0.1232502 -0.02126255 0.214643 9.412205 -2.089011
140 5.512538 0.2220921 -0.4547209 -1.165209 0.4187296 0.3116557 0.1543317 0.1501738 6.190916 -2.284236
141 4.914302 0.06121363 0.5012613 -1.131144 0.4080944 0.2961437 -0.001205528 0.3226455 12.31204 -1.812379
142 4.883874 -0.3393992 -0.02065658 -0.7492064 0.569966 0.2114215 0.0871818 0.2306077 7.672262 -2.4681
143 5.685426 -0.5105991 -0.2867193 -0.4289811 0.442016 0.09398627 0.07389576 0.2268007 2.565612 -2.135531
144 5.777882 -0.4060021 -0.7736854 -0.2882232 0.3705954 0.2453265 0.05093681 0.1238517 3.473342 -2.320604
147 5.375542 -0.1147997 0.1943885 -0.8644567 0.4793504 0.6655658 0.04728728 0.1978772 15.5835 -2.364279
149 5.499191 -0.2226404 -0.7093424 -0.5740032 0.3295448 0.2535966 -0.04223263 0.0909977 7.71272 -1.666596
150 5.058416 -0.3756853 -0.3175056 -0.8396739 0.416782 0.3160874 0.1295206 0.1026214 8.16358 -2.364279
153 5.043433 -1.079128 -0.03822124 0.1939418 0.5962175 0.8158064 -0.1784384 0.4917362 37.58757 -2.140066
155 4.897693 -0.335197 0.6419317 -0.7051652 0.6548385 0.1548582 -0.04051171 0.3041389 31.44579 -1.936341
156 5.365899 -0.06705811 -0.6533488 -0.6841257 0.301156 0.0930758 0.07852257 0.1293178 2.015981 -2.521274
159 5.784007 -0.5385696 -0.3077338 -0.6018333 0.3579152 0.6545338 -0.05154508 0.1423372 10.02084 -2.079442
160 5.614142 -0.2040892 -0.1383719 -1.109273 0.5362998 0.3330488 -0.02929728 0.2471465 6.706612 -2.010449
162 5.268726 -0.3137535 -0.0569026 -1.020081 0.3840108 0.1531081 0.1180144 0.2289813 16.19775 -2.089011
166 4.963156 -0.1042676 -0.04588898 -0.9990393 0.5626601 0.6302921 -0.03469146 0.2895663 10.16628 -2.772589
167 4.979447 -0.6391904 0.7025832 -0.7263262 0.6194579 0.5802183 -0.09159316 0.2228834 17.97563 -1.871802
169 5.480362 -0.3693705 -0.3785262 -0.5029259 0.4616148 0.5336024 -0.1753374 0.332583 3.79506 -1.704748
170 5.142865 -0.7253688 0.1883173 -0.3417596 0.3280567 0.3561053 0.05268569 0.240197 12.36098 -2.311635
171 4.980949 -0.7869654 0.1495301 -0.3158518 0.467671 0.2930662 -0.02486874 0.04700639 4.981504 -2.260025
172 5.142261 -0.5160909 0.09273372 -0.8335198 0.6825177 0.952653 0.1514446 0.1344913 4.576009 -1.995672
175 5.622415 -0.2813456 -0.7391686 -1.045095 0.5984639 0.1244289 -0.07542806 0.2514033 4.998706 -2.302585
177 5.002178 -0.5124124 0.2221712 -0.2969795 0.2464571 0.7016657 0.0003524687 0.2802648 3.381579 -2.159484
180 5.418096 0.1627812 -0.01726308 -1.17097 0.4730933 0.2214852 -0.04714129 0.349861 3.039618 -2.009762
181 4.946413 -0.5843803 0.4373947 -0.2704079 0.7104294 0.235556 0.09145985 0.1777349 7.139224 -2.117182
