1 0.2511842 0.1847628 0.3637528 0.26757 0.2850913 0.1552288 0.1240059 0.1612509 0.2938657
2 0.3623533 0.2999247 0.4541837 0.377413 0.4060791 0.2419014 0.232147 0.2790058 0.36487
3 0.3134088 0.3677008 0.4180671 0.4866939 0.3850539 0.3079441 0.3876135 0.2832091 0.3644345
4 0.3259068 0.2642378 0.4275586 0.32101 0.3616949 0.1851338 0.1609228 0.241343 0.3033628
5 0.3230996 0.2670184 0.4620336 0.3535219 0.451731 0.2638405 0.2116272 0.3170779 0.3037464
6 0.3593834 0.2316465 0.4614474 0.2873256 0.4020273 0.1943581 0.1633223 0.2569132 0.3284418
7 0.3746762 0.2359028 0.516171 0.3152965 0.5374016 0.2596875 0.1934819 0.2974281 0.3146007
8 0.3247012 0.2870144 0.4441112 0.3472784 0.4565772 0.2584994 0.2109024 0.2701003 0.2944945
9 0.4473325 0.3098237 0.5571437 0.3775566 0.5785814 0.2924087 0.2267216 0.3635856 0.283334
10 0.3574561 0.2050696 0.4763677 0.2660333 0.4391663 0.1901356 0.1515874 0.1708775 0.3285369
11 0.4309048 0.2436875 0.7543732 0.3902264 1.199444 0.7937281 0.5041191 0.6375581 0.2646875
12 0.3950158 0.4017414 0.4723705 0.421955 0.3840283 0.1915064 0.1331543 0.2414855 0.3044325
13 0.2356961 0.260763 0.4445447 0.4789038 0.4395874 0.3480006 0.3993491 0.2988769 0.3454097
14 0.3805611 0.2556332 0.4998607 0.3071372 0.5162121 0.3283654 0.2855164 0.3060167 0.2768875
15 0.2736892 0.1988358 0.3904811 0.2650572 0.3506381 0.1982892 0.150389 0.1788202 0.3290357
16 0.3027327 0.3453037 0.4018238 0.4446654 0.3742502 0.2614065 0.2972734 0.3395447 0.2702338
17 0.3285473 0.2903293 0.4662326 0.3690915 0.5045952 0.292823 0.2809676 0.2995938 0.3044325
18 0.2368326 0.184393 0.3725233 0.2790568 0.3507896 0.2366855 0.2141197 0.2067558 0.3152518
19 0.3001074 0.2995882 0.4460918 0.4055757 0.5197289 0.3535147 0.3789022 0.4327955 0.2948272
20 0.3748802 0.3271314 0.532816 0.4501181 0.6284608 0.4232986 0.3382455 0.4509092 0.2753924
21 0.3816419 0.2092295 0.5487264 0.2692194 0.6086701 0.2873418 0.1420586 0.2282266 0.2767086
22 0.4485727 0.2950217 0.598007 0.3759747 0.7143453 0.368065 0.2617498 0.4032308 0.3885707
23 0.2798792 0.3041339 0.4901584 0.5006102 0.5839638 0.3650515 0.365205 0.5696092 0.2767086
24 0.2283974 0.2358412 0.3498018 0.3143049 0.3537211 0.2368971 0.2919406 0.3013928 0.2784533
25 0.2788275 0.2338283 0.4148377 0.3197774 0.3714531 0.2249927 0.194663 0.2854167 0.3162278
26 0.2238128 0.278986 0.3374095 0.4215757 0.2535258 0.1939091 0.3005702 0.2102769 0.2927371
27 0.4533496 0.2909399 0.6218095 0.3583416 0.7843369 0.4032047 0.2998171 0.4803548 0.2768875
28 0.3023004 0.2729433 0.4497801 0.3710859 0.4512523 0.2826106 0.2406524 0.3384289 0.276361
29 0.24129 0.1810034 0.320683 0.2323459 0.2589734 0.1759842 0.1454924 0.1609493 0.3147049
30 0.3011874 0.2286501 0.4167087 0.3194663 0.3851101 0.2209707 0.2037765 0.2250263 0.3042903
31 0.4992804 0.4330377 0.5806753 0.4635134 0.5624272 0.2899684 0.2195952 0.2985091 0.2935683
32 0.2469181 0.3279271 0.3400315 0.4440752 0.3191695 0.2363123 0.3183118 0.3073473 0.2853569
33 0.3736777 0.3244725 0.5209781 0.4196629 NaN NaN NaN NaN 0.2717787
34 0.506077 0.4453042 0.6270416 0.5041723 0.7506053 0.3644115 0.320419 0.5929243 0.2786677
35 0.3456219 0.2799562 0.4572531 0.3302528 0.4835168 0.2622081 0.3327905 0.3692268 0.3163596
36 0.5976596 0.2098726 0.7243728 0.2524804 0.8193535 0.2234197 0.1110435 0.1968297 0.4174236
37 0.365183 0.4162612 0.4061407 0.4543103 0.2635602 0.1884929 0.2224293 0.1523565 0.3646046
38 0.4065964 0.4678206 0.5772919 0.6297052 1.289736 1.189796 0.9580897 0.6580534 0.2846822
39 0.2958632 0.2268562 0.3915073 0.291386 0.3298405 0.2027549 0.155939 0.2195846 0.3301651
40 0.4461616 0.2647596 0.6138666 0.3386928 0.7439561 0.3441127 0.2587496 0.3900886 0.2930045
41 0.501589 0.5193473 0.6552146 0.6289354 0.9314382 0.5770028 0.5563356 0.7684609 0.2692582
42 0.2995016 0.2619781 0.4258988 0.3460005 0.5216931 0.3955732 0.3008536 0.2603554 0.3290357
43 0.3370805 0.2125681 0.4190824 0.2548689 0.3611003 0.1960405 0.1354009 0.1614655 0.3464674
44 0.3121726 0.2802036 0.451685 0.4261587 0.5829677 0.4663677 0.6367212 0.4804013 0.3456074
45 0.3214187 0.4029783 0.3977235 0.4797921 0.3632223 0.2425628 0.2902833 0.3493591 0.2765332
46 0.3769099 0.2384188 0.5017075 0.3028523 0.5150441 0.2615662 0.2251081 0.2477352 0.283334
47 0.380073 0.3107124 0.488179 0.3820365 0.5100263 0.3049013 0.257045 0.2905922 0.2842083
48 0.3918584 0.2575789 0.4935618 0.4120494 NaN NaN NaN NaN 0.2765332
49 0.324917 0.2720779 0.4369306 0.3730279 0.4442602 0.2905055 0.2221246 0.2778986 0.2848461
50 0.2813434 0.2054944 0.4437256 0.3231071 0.4096992 0.235981 0.2026928 0.2885632 0.2834734
51 0.4126378 0.4563254 0.5832524 0.5757618 0.798988 0.5139893 0.4871551 0.7284041 0.2860861
52 0.2672039 0.3102609 0.3886759 0.3915863 0.4459644 0.3387443 0.3407362 0.2960078 0.2850131
53 0.3750477 0.2930519 0.4851365 0.4129148 0.5572936 0.3025591 0.3459771 0.5635871 0.2853569
54 0.3548616 0.3283672 0.4696859 0.4182613 0.4565056 0.2768004 0.3071088 0.3520317 0.3293548
55 0.4742149 0.4477646 0.5573395 0.5194761 0.7021208 0.5039588 0.4804135 0.539082 0.3655416
56 0.398746 0.3038816 0.5478795 0.4006838 0.7791887 0.5029921 0.3795008 0.4440056 0.2930045
57 0.4693949 0.275345 0.700664 0.3910924 0.9248204 0.432381 0.2929448 0.4758248 0.3646917
58 0.3421743 0.2934297 0.4685804 0.3826268 0.4949133 0.3103477 0.2671873 0.370945 0.3156022
59 0.6285338 0.3243889 0.9017107 0.3858517 1.527838 0.5133928 0.2534766 0.4922248 0.2946592
60 0.3862644 0.3460956 0.4950039 0.4421261 0.4928115 0.3159148 0.3104338 0.3425946 0.3285369
61 0.3280048 0.1926132 0.5162112 0.2878764 0.5307714 0.2541316 0.1915925 0.2565295 0.3156022
62 0.3231854 0.333025 0.3969336 0.3661485 0.3625526 0.2343636 0.2495586 0.2274212 0.2848461
63 0.3239612 0.277711 0.4288525 0.3450021 0.4103872 0.2383954 0.1851413 0.2966898 0.2928697
64 0.3381403 0.2668548 0.4528192 0.3623813 0.4582401 0.2944622 0.2471317 0.3099178 0.3453132
65 0.3001935 0.4185666 0.3787558 0.4790449 0.2999134 0.2067403 0.2660854 0.2386799 0.3164938
66 0.3688906 0.3622684 0.4666852 0.4302937 0.6389917 0.3867921 0.3893265 0.6706262 0.2843634
67 0.3036471 0.2893398 0.3903304 0.3592382 0.3106157 0.1965122 0.1977026 0.2428276 0.3290357
68 0.3109139 0.3184921 0.5073608 0.4879398 0.559151 0.3882723 0.4049279 0.4808593 0.2935683
69 0.3059446 0.2257477 0.4566284 0.310136 0.4275028 0.2121431 0.2076219 0.2278977 0.2760262
70 0.3234247 0.2588584 0.4180967 0.3326223 0.389023 0.2586629 0.2478318 0.2789282 0.3032392
71 0.3339224 0.3090616 0.4399449 0.3815844 0.4752148 0.3247421 0.3876054 0.315721 0.2845213
72 0.369438 0.2403209 0.5328799 0.3501287 0.6240684 0.3593153 0.2360249 0.3547525 0.2851834
73 0.4725809 0.1974874 0.7110598 0.2869077 0.9311101 0.292898 0.1881168 0.2941994 0.3651484
74 0.53074 0.2885206 0.6408535 0.3357282 0.7105152 0.3579457 0.2089816 0.3065199 0.3451248
75 0.3985598 0.2855936 0.5283791 0.3612113 0.5679568 0.2870241 0.2542133 0.3295368 0.3457087
76 0.3821618 0.2148609 0.4935649 0.2762477 0.4499423 0.1862211 0.1469083 0.182407 0.3153666
77 0.2759866 0.2161716 0.4592803 0.3551527 0.4577637 0.2772572 0.2333488 0.2716845 0.2943328
78 0.2398496 0.1588186 0.4230479 0.2605961 0.3298495 0.1699351 0.1344767 0.1976503 0.2755466
79 0.2820855 0.2758423 0.5142475 0.4349243 0.6146269 0.4252794 0.4494545 0.5484183 0.2768875
80 0.3237312 0.2997986 0.482132 0.4303412 0.5609182 0.3766568 0.3300444 0.367584 0.3034885
81 0.460275 0.2311843 0.6140319 0.3030648 0.7140205 0.2927994 0.1768382 0.2967847 0.3150277
82 0.4033152 0.2133254 0.5573133 0.2834624 0.5805057 NaN NaN 0.2450828 0.3293548
83 0.4012229 0.2556098 0.5967284 0.3377903 0.7296214 0.3354654 0.2157076 0.3271389 0.3032392
84 0.6536217 0.4119205 0.7645572 0.4346533 1.080119 0.5979582 0.3370902 0.4131559 0.3032392
85 0.5955515 0.4102921 0.7985289 0.5613998 1.309628 0.7273584 0.5219564 0.4394122 0.3153666
86 0.3176452 0.3239502 0.4353776 0.4165161 0.4052015 0.256888 0.27659 0.3036736 0.3294647
87 0.3362516 0.2463031 0.528893 0.381228 0.6404842 0.3821336 0.3455199 0.3853457 0.2860861
88 0.2407159 0.2259844 0.361237 0.3139944 0.303567 0.1924841 0.1851444 0.2491798 0.2690743
89 0.3563039 0.2363113 0.4893053 0.2984399 0.5144498 0.2656959 0.2186288 0.3466126 0.2935683
90 0.375972 0.4569707 0.4805164 0.5892175 0.5582396 0.4276372 0.5501265 0.3692175 0.2946592
91 0.3920452 0.2284751 0.5632708 0.3116042 0.6261312 0.2691068 0.2185936 0.2989861 0.3288314
92 0.2510729 0.3076063 0.3958114 0.4797525 0.4380977 0.3239513 0.3648936 0.3330488 0.2564364
93 0.2226621 0.1641303 0.3698854 0.2588104 0.2716347 0.1408685 0.1198319 0.1776728 0.3163596
94 0.2953628 0.2585737 0.4454098 0.38946 0.4715186 0.3261019 0.2925393 0.3768864 0.3040136
95 0.3010596 0.2241354 0.4734132 0.3513336 0.4613229 0.247681 0.2310855 0.2883049 0.2932814
96 0.2633301 0.2308098 0.4086479 0.3318102 0.3864726 0.2382213 0.2184825 0.2331982 0.3649613
97 0.370274 0.2504449 0.4778812 0.3124705 0.4859403 0.2747943 0.1940157 0.2759911 0.2937156
98 0.2692501 0.3481422 0.4111742 0.4206305 0.5134791 0.4108857 0.3941757 0.3670643 0.2584405
99 0.3181077 0.2460113 0.4411203 0.3357689 0.4259834 0.2418884 0.2424166 0.2856658 0.3029982
100 0.3458706 0.2218426 0.4456268 0.2852206 0.3996329 0.195794 0.1862733 0.203066 0.3032392
