2 0.2032888 0.1667357 0.3611944 0.312991 0.1995404 0.1271839 0.1326134 0.1256168 9.695768 0.2924787
3 0.331454 0.1833478 0.435591 0.2451173 0.3564998 0.1578082 0.09294078 0.1040418 1.480875 0.2931418
4 0.3065748 0.2399476 0.4104001 0.3036904 0.2709924 0.1616183 0.1323982 0.1099862 1.625972 0.3038788
5 0.277559 0.2154852 0.4480647 0.3336585 0.3809641 0.1825035 0.1582612 0.1311252 5.917578 0.2953512
7 0.2383644 0.1979385 0.3395612 0.2807079 0.2074572 0.1271969 0.1386429 0.08899293 83.81606 0.3147049
9 0.3439715 0.1773951 0.4880569 0.2687181 0.4133027 0.1852897 0.1246015 0.1764069 2.954029 0.2765332
10 0.3932745 0.2375678 0.6989351 0.3919273 0.8935818 0.4232519 0.2638956 0.09863142 31.2035 0.3302891
12 0.3192819 0.333699 0.3644038 0.3734506 0.1690193 0.1178877 0.1731844 0.08620869 1.687924 0.3037464
15 0.3303311 0.192504 0.5117532 0.2600465 0.4381417 0.188019 0.1279545 0.2082977 2.694802 0.3151388
17 0.3177423 0.2905551 0.440369 0.363679 0.3168618 0.1852132 0.186772 0.1218184 1.572915 0.2579623
21 0.3021412 0.256359 0.4254175 0.3284219 0.3145318 0.1527002 0.1559005 0.09144246 71.25329 0.3452182
24 0.2450652 0.2375605 0.3967893 0.339116 0.266233 0.1722749 0.2207099 0.1480172 1.201395 0.2932814
29 0.2473752 0.1886497 0.378555 0.2782096 0.2469239 0.151134 0.1225402 0.09909579 8.059353 0.3041507
31 0.3907029 0.2208842 0.5534917 0.2889786 0.5256539 0.1713703 0.1150419 0.1238877 4.045082 0.3042903
37 0.221273 0.1994635 0.3908062 0.3625184 0.2386661 0.1557971 0.1750451 0.1138098 1.988433 0.3044325
38 0.2020981 0.1596731 0.2969565 0.2393269 0.1751145 0.1057225 0.09445432 0.102285 2.76484 0.315971
41 0.2384726 0.2193325 0.3369615 0.2897919 0.206279 0.1359393 0.1430296 0.1212948 1.632493 0.3151388
42 0.2338439 0.277134 0.3973558 0.4495951 0.3564132 0.2396351 0.3342901 0.1061915 2.64902 0.2589398
44 0.2695484 0.2107668 0.3938035 0.3098101 0.3035057 0.1727242 0.1605001 0.1328111 2.710638 0.315723
45 0.3108488 0.1931975 0.5292466 0.3042499 0.4333071 0.1930834 0.1353948 0.1523463 6.21635 0.3036164
46 0.2223048 0.2661237 0.3111036 0.3092145 0.1764941 0.09999171 0.1099853 0.08467829 1.471604 0.2946592
47 0.3211026 0.355164 0.3779718 0.3936944 0.222933 0.1341287 0.155367 0.1122173 2.874874 0.315971
48 0.3461906 0.3452852 0.4756301 0.473953 0.4281793 0.3104348 0.3913225 0.1570512 3.429366 0.2937156
49 0.3238393 0.1919422 0.4184633 0.2486891 0.3174051 0.1514452 0.1019358 0.1218816 6.037488 0.2698319
51 0.2586957 0.2700264 0.4093826 0.3983228 0.2853686 0.1900135 0.2224032 0.09840348 20.2773 0.2851834
52 0.2990971 0.1985794 0.3949151 0.2471074 0.2725307 0.1398789 0.1119891 0.1347877 5.371084 0.3042903
54 0.2430817 0.1574066 0.3648811 0.2215765 0.2432844 0.1045581 0.06803539 0.06319998 8.081578 0.2600072
56 0.3021003 0.3045181 0.4339837 0.4162285 0.3439549 0.2579848 0.2970059 0.1248144 19.68201 0.315971
57 0.3196329 0.2353676 0.4861196 0.325644 0.3819231 0.1935108 0.1554245 0.134404 7.528149 0.2850131
58 0.2379766 0.1502714 0.3234255 0.2012149 0.1869228 0.08983972 0.06930825 0.08053541 5.117057 0.3647801
59 0.2959894 0.1811193 0.3683608 0.2240491 0.233808 0.1053324 0.1072251 0.1088611 1.428699 0.3879313
60 0.3018677 0.3888267 0.4006912 0.4483315 0.2632805 0.1978301 0.2610318 0.1190648 3.731953 0.3296902
61 0.1952818 0.2180569 0.2908025 0.3303505 0.1681649 0.1310281 0.1452703 0.1157485 1.330441 0.2940185
62 0.308061 0.1780681 0.4412235 0.2569608 0.363774 0.1790172 0.1167827 0.1446307 2.850763 0.3299236
65 0.3021491 0.182626 0.4984458 0.2899922 0.4811925 0.1646306 0.1189602 0.1320135 3.492017 0.3644345
66 0.2937667 0.2005703 0.3946752 0.2644735 0.2710284 0.1376311 0.1004396 0.1429862 5.22375 0.3292467
67 0.3986862 0.2207673 0.5202609 0.3022181 0.4359473 0.1910801 0.1393824 0.1549108 3.245928 0.2627311
69 0.2461782 0.2318092 0.3327886 0.2889964 0.1802215 0.1140707 0.1396419 0.0843147 1.356856 0.2768875
70 0.3272176 0.2950166 0.4528059 0.3794073 0.323279 0.1799714 0.2441893 0.1069968 2.681099 0.276361
73 0.2995357 0.4013 0.3617637 0.4455593 0.2195709 0.1681992 0.2338251 0.1480328 0.9294421 0.2780377
74 0.2838588 0.2887167 0.3498467 0.3445892 0.1946353 0.1340634 0.158445 0.12571 1.031404 0.3160982
75 0.3931157 0.2471335 0.4999972 0.3083718 0.4045114 0.211075 0.1591398 0.152301 8.330162 0.2846822
79 0.2668365 0.234835 0.3835365 0.3918516 0.2844061 0.2137163 0.2229939 0.1622527 3.968619 0.263773
80 0.2522333 0.2082831 0.378925 0.3129682 0.2507278 0.1475938 0.168974 0.1483902 3.263098 0.2927371
82 0.3288479 0.252336 0.4233892 0.3172818 0.2966118 0.1806231 0.1486728 0.126171 1.633494 0.2757036
83 0.3380503 0.194315 0.4260219 0.2448249 0.358117 0.1185273 0.1065903 0.08948026 3.112581 0.3150277
84 0.2448174 0.1835392 0.4070785 0.2853239 0.2644786 0.1524822 0.139108 0.1522932 1.383201 0.3036164
85 0.231447 0.124357 0.3797951 0.1928921 0.2034354 0.081651 0.05560693 0.1047861 1.055673 0.3042903
86 0.3110489 0.3608129 0.3937749 0.4482715 0.3327596 0.2623433 0.3294527 0.1387377 2.171884 0.315723
92 0.2479345 0.187276 0.357639 0.2711079 0.2321633 0.1366947 0.1098986 0.08505327 57.47198 0.2767086
94 0.22626 0.171105 0.370128 0.2620796 0.2011183 0.1072049 0.09508414 0.119115 2.146512 0.3299236
95 0.2219294 0.2625422 0.3195682 0.3783695 0.1917194 0.1486306 0.2375336 0.1406001 1.13058 0.3045772
96 0.3285045 0.289701 0.4812813 0.3760907 0.4181578 0.212519 0.2309364 0.09734184 52.70676 0.255655
102 0.307612 0.3427846 0.4472799 0.4917098 0.3954142 0.2786334 0.4382191 0.1352392 5.563047 0.3152518
103 0.3909599 0.3698974 0.4867981 0.4173759 0.4016024 0.2466172 0.1615182 0.2099876 10.72475 0.2713137
104 0.296497 0.1833768 0.4388329 0.2376761 0.3906228 0.153967 0.09338134 0.1138274 2.264338 0.2946592
105 0.4535503 0.2720243 0.5716013 0.3264465 0.5919264 0.2156991 0.1391635 0.115549 2.580646 0.2834734
106 0.3081433 0.2921973 0.458962 0.40012 0.3303819 0.2077886 0.3028144 0.1000862 4.154115 0.2937156
107 0.3025178 0.2216085 0.4440879 0.3054045 0.3459252 0.1728836 0.1488253 0.1446259 2.706749 0.2846822
109 0.4081257 0.3281216 0.4779415 0.360138 0.3547425 0.2065446 0.1799311 0.1194078 3.306399 0.3451248
110 0.35854 0.2815645 0.4183219 0.3215394 0.2289967 0.1268305 0.1222104 0.124365 12.49257 0.3040136
111 0.2216032 0.3084023 0.3710337 0.4812205 0.2267304 0.2400712 0.4064025 0.09261313 87.00861 0.2688939
113 0.3715083 0.2319939 0.5290718 0.3007797 0.5014638 0.2105228 0.1414989 0.1244427 160.7383 0.2772557
114 0.2042296 0.2368459 0.2762085 0.3155779 0.1458703 0.1206367 0.156445 0.09357372 9.909567 0.3153666
119 0.3717301 0.2267106 0.4698082 0.2681867 0.3745864 0.1416095 0.08623084 0.1251227 13.08665 0.3460228
120 0.3471777 0.213784 0.4372893 0.2814107 0.3215977 0.131334 0.1134739 0.0786094 18.8064 0.2926068
121 0.2638236 0.2024093 0.4210192 0.3378669 0.2798712 0.1504077 0.1708632 0.07922103 1.777539 0.2940185
124 0.1731018 0.2055317 0.2881184 0.3229151 0.1468395 0.1200686 0.1756873 0.109094 1.012424 0.3041507
125 0.373596 0.3644684 0.4702027 0.4744643 0.3331745 0.2682952 0.3164245 0.1598176 3.990866 0.2768875
127 0.2454436 0.1452122 0.4673606 0.2942383 0.3532214 0.02690939 NA 0.1402648 26.59565 0.2708682
129 0.2604448 0.1307755 0.3823974 0.1883939 0.2431626 0.09138725 0.06725185 0.09850399 1.243714 0.3452182
130 0.2722043 0.1803868 0.4216417 0.2835302 0.2829939 0.1412644 0.1599165 0.1316515 1.925499 0.3298059
131 0.2321803 0.2386559 0.3628019 0.341372 0.2414788 0.1688804 0.1998542 0.1127306 63.43116 0.2855339
135 0.2623284 0.2243335 0.388991 0.3352538 0.2771639 0.139907 0.1723658 0.1418823 2.482877 0.315971
136 0.2749513 0.2475065 0.3566749 0.3437473 0.2150459 0.1477781 0.1924393 0.1296719 2.509939 0.3292467
137 0.2136055 0.2126655 0.359869 0.3178678 0.2221059 0.1546693 0.1693249 0.1456026 7.628785 0.2940185
140 0.2273837 0.1976468 0.3620429 0.2732203 0.2200616 0.1202059 0.1152004 0.106319 3.438891 0.3164938
141 0.2398431 0.2414676 0.3416061 0.3487471 0.2190667 0.1619142 0.179275 0.1002901 12.00874 0.2696369
142 0.2315541 0.1917951 0.3678931 0.3423144 0.2235455 0.132964 0.1716317 0.1334565 4.987077 0.3293548
143 0.2105283 0.2172179 0.3018797 0.3089049 0.1664627 0.1191743 0.1771793 0.1509969 1.106498 0.2932814
144 0.2709827 0.1988957 0.3480896 0.2561681 0.1934328 0.1017129 0.09700936 0.1185091 1.545072 0.315971
147 0.3732678 0.2668872 0.4636344 0.3165832 0.3307047 0.1501596 0.1253456 0.1159701 19.79751 0.3153666
149 0.2152529 0.1766728 0.3165203 0.2487409 0.1927159 0.1141708 0.09024876 0.09387415 6.047494 0.2644516
150 0.2325679 0.15617 0.3552244 0.2344726 0.218679 0.1063026 0.09395017 0.0961854 5.324852 0.3153666
153 0.3615785 0.4119326 0.4752767 0.471665 0.3979238 0.2545744 0.2744422 0.123774 68.33767 0.305184
155 0.3000541 0.2889451 0.3665867 0.3625495 0.2443363 0.1910723 0.1911855 0.1538951 53.8038 0.2761921
156 0.1697458 0.169851 0.2650771 0.2471193 0.1436928 0.08348438 0.1036073 0.09689516 0.6986435 0.3464674
159 0.2834135 0.1723203 0.4159453 0.2588117 0.3126913 0.1382051 0.1050552 0.07881088 5.753027 0.2941742
160 0.3858475 0.3056202 0.4443199 0.3618217 0.2754345 0.1811109 0.1821409 0.1533878 4.685341 0.2749459
162 0.2205653 0.2138556 0.293685 0.3012193 0.1543838 0.1075524 0.1465867 0.09257825 18.74925 0.2940185
166 0.3377572 0.2520255 0.4500099 0.318275 0.3504112 0.1802386 0.164816 0.1322077 8.661159 0.3644345
167 0.3004298 0.2301993 0.4661221 0.3170649 0.3450264 0.2004939 0.1622728 0.1562879 21.72647 0.2685431
169 0.3031149 0.26237 0.4242054 0.3508267 0.36684 0.2462739 0.2287594 0.1319313 1.707981 0.2562354
170 0.2141364 0.2095145 0.3488351 0.2919082 0.2121581 0.1141826 0.128681 0.08254297 12.54829 0.3160982
171 0.3325096 0.2394085 0.3997135 0.2739075 0.2272475 0.1100319 0.0783142 0.1162949 2.469801 0.3033628
172 0.3222306 0.1786116 0.6381477 0.3947119 0.5666339 0.229878 0.1411485 0.2045749 2.451407 0.2848461
175 0.239818 0.2139016 0.3472964 0.3234652 0.2085909 0.163185 0.1902792 0.1590227 2.626143 0.3162278
177 0.268194 0.2157704 0.4414756 0.3095642 0.3298389 0.141735 0.1592276 0.07200047 1.333557 0.3048749
180 0.2245977 0.2833756 0.3796126 0.4170538 0.2205534 0.1627855 0.2395866 0.1581018 1.129395 0.2953512
181 0.2704252 0.2179109 0.397542 0.3233037 0.3039813 0.1838902 0.1615915 0.1900058 4.65186 0.2935683
