1 5.387102 -0.4422465 -0.3893857 -0.7935434 0.5920562 0.3307635 0.1776158 0.1009299 -2.09849
2 5.105524 -0.5895977 -0.002365032 -0.2451322 1.248953 0.194887 0.1385816 0.2832998 -2.732743
3 6.08917 -0.8472233 -0.8128054 -0.1191772 1.247134 0.08321787 -0.09307292 0.8750245 -2.772589
4 5.150236 -0.5275706 0.2424595 -0.386855 0.8624928 0.4081785 0.1692222 0.1694425 -2.260025
5 5.060977 -0.1438199 0.2438042 -1.013482 0.9895865 0.5164662 0.1282425 0.2511038 -2.233592
6 5.107079 -0.5418751 -0.02703628 -0.2900964 0.8362549 0.6073798 0.005799549 0.1377398 -2.541602
7 5.240174 -0.2540992 -0.237034 -0.3422242 1.198917 0.702818 0.1847962 0.1267342 -2.422386
8 5.170327 -0.5338829 0.1447648 -0.5974541 1.093381 0.3161547 0.09531008 0.06206581 -2.060023
9 5.041455 -0.7561135 0.4801684 -0.2164528 1.188782 0.8030861 0.1925651 0.206371 -2.08833
10 5.554171 -0.3329666 -0.1117096 -0.8096612 0.725637 0.8191812 0.287218 0.1336176 -2.533697
11 5.246007 -0.3765883 -0.2437895 -0.2295202 1.579797 1.785749 -0.214634 0.05549767 -1.655423
12 4.792563 -0.6260213 0.2679035 -0.3185658 0.8073711 0.5026175 0.1057982 0.08561347 -2.187922
13 5.581855 -0.04588293 0.6002703 -0.9360301 1.140417 0.0740456 0.08620481 0.6056913 -2.606796
14 4.840178 -0.3314785 0.01339837 -0.2857709 0.8580988 0.7880552 -0.1630712 0.04806464 -1.89712
15 5.301156 -0.6212761 -0.11664 -0.08119977 0.7950291 0.3158879 0.1436596 0.09964995 -2.493205
16 5.594711 0.07258431 -0.6761166 -1.260648 1.052715 0.09362787 0.03635674 0.4470141 -1.781288
17 5.183428 0.02007756 0.2350536 -0.8966525 1.250353 0.3176046 0.1916944 0.1754378 -2.187922
18 5.322715 -0.3874758 -0.4795514 -0.5589329 0.8777225 0.1268893 0.06846874 0.09299091 -2.372789
19 5.606313 -0.6905123 0.02294385 -0.4307997 1.183892 0.2419428 0.1710861 0.2872036 -2.040221
20 5.771134 -0.399361 -0.2056293 -0.8389508 1.837857 0.246246 -0.03793393 0.2956445 -1.983298
21 5.522141 -0.6319194 0.2354257 -0.1856712 0.6830009 1.309906 0.2241755 0.06041245 -1.90707
22 5.272771 -0.2789158 -0.0295284 -0.7977237 1.53175 0.9773687 0.2256322 0.1859076 -2.866274
23 5.681583 -1.01038 -0.8626649 0.6295941 1.183757 0.3237626 0.166092 0.5342441 -1.90707
24 4.990166 -0.03236059 0.3616374 -0.9551539 0.7428173 0.1143065 0.0779527 0.1054327 -1.813738
25 5.320348 -0.4688946 -0.3349466 -0.4186355 0.8901549 0.3369411 -0.06095786 0.2034457 -2.302585
26 5.668037 -0.600626 -0.6189615 -0.2910107 0.7386531 0.09599162 0.1147038 0.6507656 -2.171249
27 5.831359 -0.3380229 -0.531669 -0.4668722 1.126558 1.464056 -0.2796295 0.1020652 -1.89712
28 5.212548 -0.1626823 -0.0288916 -0.8259294 1.224119 0.2371246 0.1071804 0.1895938 -1.926679
29 5.453219 -0.1796436 -0.07167439 -1.038103 0.5884287 0.1572187 0.04967925 0.06348944 -2.414289
30 5.144995 -0.2934488 0.2344871 -0.70236 0.92582 0.3264618 0.1644535 0.1274125 -2.197225
31 5.702611 0.3381576 0.07673036 -1.724399 1.292183 0.5781721 0.08482842 0.04077518 -2.117182
32 5.218149 -0.6409524 0.06834625 -0.5461039 0.7142966 0.1187358 0.1873852 0.6253934 -1.966113
33 5.79744 -0.4398712 -0.752096 -0.7712779 1.827914 0.2395595 0.004937136 0.2003154 -1.704748
34 4.68543 -0.5766559 0.06240318 -0.4807166 1.510789 0.9548426 0.2182405 0.1506603 -1.802809
35 5.297825 -0.3596193 -0.3570079 -0.6868334 0.9201816 0.530085 0.2348065 0.1599452 -2.293453
36 5.896117 -0.3224906 0.04819816 -0.8211364 0.8308207 2.200405 -0.1206493 0.03477569 -3.091042
37 5.745345 0.4011601 -0.6210001 -1.415485 0.7369956 0.04782346 0.0927529 0.4092113 -2.75684
38 5.509855 -0.1310445 -0.5095458 -1.086205 1.443215 0.6992955 0.2749394 0.1649677 -2.005334
39 5.578985 -0.3646993 -0.7120741 -0.7622353 1.044755 0.08757292 -0.01776051 0.07496013 -2.406945
40 5.671588 -0.5894297 -0.07298814 -0.6129706 1.424932 1.188319 0.0521469 0.03787776 -2.15355
41 5.639328 -0.5318117 -0.07112834 -0.2492227 2.799794 0.2359044 0.1654048 0.5596648 -1.832581
42 6.06587 -0.09931948 -0.9685697 -1.016511 1.087124 0.2506657 0.1829165 0.2150929 -2.493205
43 4.77506 0.1305028 0.5251797 -1.29633 0.7892901 0.3607696 -0.01172119 0.008780776 -2.521274
44 5.259883 -0.4024325 -0.0241342 -0.9736345 1.23543 0.264873 0.2606986 0.4012042 -2.590267
45 5.927695 -0.1365135 -0.5515268 -0.8390193 0.8025374 0.2091203 0.02176553 0.6074462 -1.916923
46 5.81079 -0.5695627 -0.3397656 -0.4784842 0.865316 0.8421353 0.2562508 0.1094855 -2.08833
47 6.14982 -1.593948 -0.6891756 0.2009874 1.099938 0.4949008 0.2277511 0.1641146 -2.033772
48 5.39553 -0.4418908 0.01513126 -1.1421 0.9117859 0.64713 0.05150819 0.3380829 -1.916923
49 5.319085 -0.3464476 -0.1272921 -0.7335018 1.069217 0.2871098 0.1763644 0.1924727 -1.995672
50 4.975545 -0.47745 1.073147 -0.7757184 0.9694995 0.3852462 0.1192072 0.148534 -2.079442
51 5.747226 -0.3729511 -0.6583248 -0.5328985 1.875295 0.5338457 -0.02661821 0.633589 -1.925291
52 5.577204 -0.6828747 -0.3084986 -0.5891241 1.054436 0.04741947 0.02151548 0.2800054 -1.985915
53 5.282806 -0.4570113 -0.05520924 -0.7730536 1.087704 0.4914404 0.1102757 0.2033719 -1.966113
54 5.563522 -0.69957 -0.4051871 -0.2987925 1.221779 0.3579096 0.2074005 0.4465171 -2.4681
55 5.555374 -0.1449196 -0.3151681 -0.7821083 1.240061 0.5328305 0.1574852 0.5111107 -2.674149
56 5.784144 -0.4596905 -0.6789636 -0.1652184 1.543865 0.6044403 0.2452373 0.178684 -2.15355
57 6.090453 -0.9629193 -0.5700291 -0.1616242 1.622314 1.731734 -0.2294894 0.3093263 -2.748872
58 4.87607 0.1622684 -0.004799986 -1.066299 1.086005 0.477978 -0.133199 0.3641675 -2.347037
59 5.959268 -0.3897613 -0.6498612 -0.7460302 1.2701 4.010035 0.5806969 0.1431527 -2.050171
60 5.692348 -0.6626551 -0.6221458 -0.5035862 1.151784 0.5252259 0.2277889 0.6215404 -2.533697
61 5.075157 -0.4180405 0.01534556 -0.587024 1.045724 0.7497025 0.1445406 0.05508772 -2.347037
62 5.625676 0.08825755 -0.3462892 -1.100788 0.7321359 0.2721649 0.1536692 0.1240713 -1.995672
63 5.698375 -0.6032273 -0.3518115 -0.1162381 0.7316841 0.5170706 0.1640364 0.2839666 -2.162438
64 5.110582 -0.1091875 -0.04730341 -0.7654626 1.440193 0.11684 0.04095124 0.2186522 -2.61496
65 5.241334 -0.3904062 -0.1615115 -0.3610063 0.8676816 0.1183133 0.1528305 0.4908156 -2.284236
66 5.054494 -0.6184396 0.2118017 -0.02458573 1.014886 0.4180557 0.006832291 0.2768126 -2.024382
67 5.721545 0.05532371 -0.764028 -0.8693207 0.9026989 0.1847876 0.02423443 0.3127425 -2.493205
68 5.347426 -0.5457625 0.2534721 -0.3905162 1.441002 0.3117811 -0.1087178 0.6322691 -2.117182
69 5.011805 -0.1487361 0.5134697 -0.6649464 0.763548 0.6452225 0.2850001 0.1683213 -1.94591
70 5.37482 -0.5647312 0.2445226 -0.8003617 1.144123 0.1115474 0.05046223 0.1564314 -2.268684
71 5.302997 0.487875 -0.1825047 -1.413141 1.087202 0.2678066 0.1507729 0.137599 -2.014903
72 5.400669 -1.011222 -0.617604 0.001062177 1.166465 0.8020039 0.1773206 0.08477428 -1.976063
73 5.671441 -0.6485732 -0.1180427 -0.2032274 1.174783 2.186256 0.1189516 0.03191551 -2.70805
74 5.811158 0.00297791 -0.4077402 -1.224046 1.298417 1.186324 -0.1507991 0.06926997 -2.631089
75 4.951021 0.3172871 0.1143385 -1.175548 1.383147 0.6002525 0.2483104 0.1712404 -2.581899
76 5.560801 0.09942974 -0.6761248 -1.114073 0.7188712 0.8788795 0.2886409 0.124414 -2.364279
77 5.561125 -0.2958116 0.718715 -0.5644361 1.066228 0.3272656 0.1674407 0.1446454 -2.06978
78 5.740542 -0.4213195 -0.9339795 -0.8096433 0.6400775 0.444252 0.0822582 0.04302359 -1.974081
79 5.207448 -0.1643886 0.1901396 -0.7402245 1.297476 0.2800665 0.06518578 0.2900224 -1.89712
80 4.996449 -0.2821767 -0.4123369 -0.2503672 1.599692 0.1228464 0.09842555 0.3552018 -2.251292
81 5.741619 -0.361527 -0.9086217 -0.9720838 1.104526 1.430424 0.241911 0.0901147 -2.389596
82 5.27729 -0.1882228 -0.5736546 -0.6709861 1.208822 0.9665731 0.01103156 0.01350284 -2.4681
83 5.542853 -0.2432324 0.05342726 -1.03531 1.280037 1.155506 0.2424235 0.09070758 -2.268684
84 6.695855 -0.6102272 -1.07291 -0.2910615 1.267465 1.84864 0.2282183 0.06664645 -2.268684
85 4.723648 -0.2821231 -0.1828048 -1.230894 1.726917 2.52552 1.54119 1.032095 -2.364279
86 5.131399 -0.428441 0.3686742 -0.1877003 1.099819 0.2812528 0.1798994 0.4542672 -2.459589
87 4.87947 -0.5521589 0.5471617 -0.3270877 1.272407 0.6083122 0.2419877 0.1409248 -1.925291
88 5.70512 -0.6659949 -0.347576 -0.469174 0.7414639 0.1790549 0.1017668 0.1687477 -1.842532
89 5.103235 -0.3887457 0.3718436 -0.5645068 0.9998902 0.6732172 0.06919551 0.05757775 -2.117182
90 5.973652 -0.6797656 -0.9201772 -0.8235428 1.223413 0.3355184 0.481031 0.8569155 -2.050171
91 5.549892 -0.5389593 -0.9475385 -0.2379604 1.164279 1.051464 0.2769872 0.1183749 -2.509599
92 4.951659 -0.1985269 0.6161218 -0.9465634 1.036337 0.04360583 0.03670727 0.6229584 -1.694596
93 5.459758 -0.07729203 0.3500284 -0.9838751 0.6474834 0.2601214 0.08256736 0.06555289 -2.293453
94 5.560548 -0.7622353 -0.4932174 -0.3477815 1.009212 0.3849828 -0.1579601 0.3910032 -2.215574
95 5.231415 -0.2938544 0.284144 -1.027387 0.9824286 0.5391267 0.2970477 0.2299057 -2.135531
96 5.815099 -0.2504678 -0.7334709 -0.3454034 1.082688 0.1451999 0.1292881 0.2254374 -2.72458
97 4.626676 -0.1392797 0.3247973 -0.7837778 1.173392 0.4054308 0.0350151 0.03347498 -2.107879
98 5.157275 -0.473786 -0.2160665 -0.07585344 0.8877797 0.261156 0.2066768 0.2380999 -1.598265
99 5.517186 -0.5712049 -0.1146429 -0.1756781 1.148498 0.2849502 0.1603509 0.1806697 -2.285778
100 5.709516 -0.4978927 -0.09717468 -0.6245913 0.8141035 0.5278967 0.1879474 0.095002 -2.268684
