1 0.24538 0.206669 0.3458709 0.2679088 0.2159465 0.1185094 0.1292701 0.1041726 28.58984 1.386433 0.9220757 0.4862343 0.667342
2 0.3573324 0.2688064 0.4369148 0.3212199 0.2740434 0.144537 0.1442556 0.1615679 4.414946 1.622614 0.8542172 0.2235871 0.3636852
3 0.200901 0.2207359 0.2912718 0.2931493 0.1471509 0.1080567 0.1638378 0.09354179 1.070458 1.852167 0.8861095 0.1861891 0.2995878
4 0.3145422 0.2424088 0.4215091 0.2989437 0.2991011 0.1397378 0.1400952 0.1152128 39.30418 1.303853 0.6749762 0.2124785 0.3357046
5 0.3355144 0.2833244 0.4588001 0.3717266 0.3793403 0.2210778 0.2341442 0.1452017 19.55865 1.162675 0.8326183 0.2612552 0.4096903
6 0.3551141 0.2302519 0.466339 0.2902597 0.3593658 0.1688191 0.1518491 0.1132604 62.89082 1.173709 0.7229017 0.2564048 0.3607889
7 0.2674272 0.1913906 0.3545804 0.2527945 0.2504698 0.1059073 0.1044793 0.1267285 1.212422 1.238154 0.7640297 0.2248164 0.3703235
8 0.2983876 0.2592864 0.3859151 0.2926202 0.2747415 0.1271193 0.1089365 0.1498933 3.247965 1.361451 0.6815604 0.2516965 0.4251661
9 0.3597965 0.2725819 0.4848477 0.3351677 0.3761207 0.1788712 0.1663224 0.1357858 2.925837 0.8710199 0.6077844 0.27098 0.3548741
10 0.2253365 0.1450521 0.322095 0.2056836 0.2085481 0.08537399 0.07193742 0.06722018 1.226428 1.314497 0.7986499 0.2419164 0.330932
11 0.2332611 0.1975884 0.3601454 0.2885626 0.2615835 0.1731215 0.1456631 0.149513 0.9503655 1.000159 0.6076145 0.1517819 0.2684883
12 0.3887585 0.4229149 0.4682952 0.4170775 0.335156 0.1627433 0.1210671 0.110393 296.9538 1.233138 0.8181003 0.4482133 0.6374664
13 0.2215138 0.2560839 0.4319326 0.4546639 0.2529516 0.2192787 0.2847749 0.1499816 2.87351 2.23494 1.099158 0.2324236 0.5778167
14 0.2402359 0.3010064 0.4320855 0.348718 NaN NaN 0.1903632 0.1700505 NaN NaN 0.6702829 NaN NaN
15 0.2420132 0.1959184 0.3488847 0.2575749 0.2076107 0.1131384 0.09159567 0.107387 4.89602 2.106699 0.8324568 0.2301212 0.5260025
16 0.2855485 0.3667062 0.3856118 0.4482888 0.2614704 0.2050095 0.2578464 0.1666053 79.47695 1.632588 0.9746325 0.186198 0.3704232
17 0.2642185 0.1858674 0.4043424 0.2299916 0.2644572 0.1081447 0.09179264 0.1265372 1.372692 2.636915 1.187634 0.3040303 0.7769127
18 0.2102208 0.1872717 0.3258068 0.2899062 0.2097386 0.1545302 0.1888622 0.1358199 8.53603 1.91316 0.9996195 0.2207549 0.4483954
19 0.2746722 0.2352881 0.4138762 0.3311907 0.2889282 0.1917739 0.2054065 0.1510651 2.29505 1.266463 0.7031548 0.1832384 0.2951258
20 0.2971677 0.2185993 0.4605485 0.326286 0.3714286 0.2319731 0.1834498 0.23818 1.743744 1.442773 0.867898 0.1398233 0.2949262
21 0.3952305 0.2093935 0.5506595 0.2330687 0.5162893 0.2053318 0.08198745 0.09819885 8.121012 0.9774489 0.5894285 0.2384429 0.3197536
22 0.3304722 0.2819943 0.4276467 0.3422764 0.378957 0.2141852 0.1857966 0.1723666 1.768764 1.662696 0.9000899 0.3190265 0.419422
23 0.276551 0.2935237 0.4846217 0.4812381 0.3784836 0.2633508 0.3297018 0.1441882 181.215 0.7818754 0.6719652 0.2328985 0.2772164
24 0.2042804 0.2603702 0.3166996 0.3249237 0.1916566 0.1696712 0.3250838 0.07361775 NaN 2.004464 0.9913928 0.3700223 0.5993173
25 0.2865881 0.2303259 0.3853867 0.2816952 0.2480879 0.1389551 0.1303164 0.09554516 2.159385 1.349179 0.7854703 0.2046406 0.3200286
26 0.218092 0.2885554 0.3246876 0.4114912 0.1916497 0.1663348 0.2968055 0.08911355 289.669 1.106353 0.6508079 0.2311268 0.3125289
27 0.377987 0.2857039 0.5422181 0.319553 0.5681534 0.2441821 0.2151643 0.1230382 2.690343 1.685797 0.7644503 0.1973377 0.4290598
28 0.2744047 0.2426925 0.4246905 0.3430003 0.3180257 0.1950396 0.1839802 0.1669693 7.590188 1.30363 0.7609595 0.1997143 0.3009718
29 0.2152133 0.1591393 0.2857972 0.1987752 0.1523575 0.08541842 0.07636034 0.07384032 4.016649 1.942181 0.9916106 0.2364014 0.4599373
30 0.2666084 0.2705213 0.3736114 0.3419469 0.3089911 0.1859152 0.2311036 0.1567411 69.34713 1.44932 0.8820369 0.2772787 0.447456
31 0.348163 0.3185637 0.4346389 0.3551376 0.274986 0.1524355 0.1361103 0.1209463 1.854524 1.57821 0.8997091 0.1794841 0.2855699
32 0.2283133 0.3102439 0.3317618 0.4283899 0.1874299 0.1607931 0.2994556 0.09045502 40.99744 0.8626465 0.60514 0.1884054 0.2250053
33 0.2580239 0.3327768 0.4563011 0.7283299 0.9312914 0.9508541 1.328564 0.2082737 2.603163 4.087464 1.892715 0.1429359 0.8934691
34 0.4205412 0.487877 0.5149944 0.5213116 0.4217399 0.2135624 0.2379004 0.178293 3.3777 1.109894 0.6151215 0.1944034 0.3154126
35 0.3380559 0.262506 0.44404 0.3306492 0.3162691 0.1859643 0.2131217 0.1055677 3.903775 1.139 0.7721122 0.201558 0.2489356
36 0.4426968 0.215209 0.5622753 0.2607221 0.6426233 0.1681508 0.09594991 0.09964313 6.96134 1.551186 0.9285694 0.4727279 0.5984748
37 0.3277937 0.4169544 0.3606643 0.4486163 0.1572785 0.1229295 0.1866485 0.110786 154.4239 2.130361 1.373757 0.3394836 0.5324658
38 0.2625947 0.2264594 0.4173363 0.3530444 0.4788085 0.3200978 0.3095702 0.1792081 2.043416 1.084246 0.8147877 0.3141093 0.3309518
39 0.2881862 0.2172047 0.3790606 0.2773048 0.2730801 0.1667482 0.129415 0.1702699 34.33452 3.299683 1.197614 0.1987423 0.5446655
40 0.4156158 0.2285882 0.5301337 0.2742291 0.4588024 0.188723 0.1545722 0.1754534 1.846232 1.188457 0.7129015 0.167111 0.296859
41 0.2762587 0.3164785 0.3981503 0.4338666 0.3993625 0.2785196 0.3527704 0.1819951 1.546404 1.036932 0.5696886 0.1157635 0.1878937
42 0.1860678 0.2228443 0.2826946 0.2699207 0.1819906 0.1365499 0.1216562 0.1115004 1.014547 6.424366 2.475202 0.433163 1.46142
43 0.05552987 NaN 0.3767754 NaN NaN 0.06727914 0.07282536 NaN 56.51961 NaN NaN NaN NaN
44 0.2758999 0.2227845 0.3531731 0.280636 0.2698656 0.1813304 0.2449306 0.1529091 1.590406 0.9133711 0.7842195 0.1924876 0.2446487
45 0.2383827 0.2446497 0.308743 0.3080733 0.1653563 0.1022954 0.1316852 0.06958222 1.885602 1.277834 0.7065274 0.1701256 0.2270834
46 0.2983001 0.1896298 0.4298669 0.2698921 0.3573217 0.1491846 0.1173311 0.1077508 3.512897 1.242053 0.6183204 0.1798142 0.3069592
47 0.3789557 0.2778305 0.4781187 0.3131874 0.3813048 0.1803733 0.1628762 0.1521287 11.61746 0.8294281 0.5901016 0.1690615 0.2457229
48 0.3940306 0.3835852 0.4920664 0.4478794 0.4122955 0.2811673 0.3402758 0.09612687 135.2585 0.9859313 0.7456041 0.2325496 0.308457
49 0.3148168 0.2075849 0.413499 0.2750973 0.2791713 0.1482132 0.1079095 0.1249796 2.704637 1.239985 0.6580232 0.1882479 0.2918165
50 0.2774981 0.2103906 0.4340099 0.3195789 0.3511297 0.2102671 0.1897132 0.1501374 314.6041 1.05238 0.6978284 0.3890837 0.545643
51 0.3287307 NaN 0.5359066 NaN 0.5739286 NaN 0.3292729 NaN NaN NaN NaN NaN NaN
52 0.2521467 0.260833 0.3524705 0.3131984 0.2289562 0.1586731 0.1586967 0.1290824 1.525054 1.347223 0.9267606 0.1478998 0.2896638
53 0.3933135 0.3199438 0.4751149 0.4024467 0.3467912 0.2185663 0.2807431 0.1560079 10.1199 1.231957 0.8035938 0.3722951 0.5553274
54 0.3398206 0.343286 0.4454031 0.4432719 0.336995 0.2394814 0.3178848 0.1509856 7.30405 1.044436 0.8007183 0.2162156 0.2931592
55 0.3942074 0.3299885 0.457419 0.3663856 0.4108014 0.1977505 0.1924007 0.1536208 1.651337 1.338082 0.9010352 0.4651259 0.4778186
56 0.4058879 0.303198 0.5411944 0.3839602 0.5399007 0.3036239 0.239967 0.2184329 11.8888 1.051935 0.7261737 0.1620261 0.2594926
57 0.286935 0.2036865 0.4016212 0.2677763 0.2660355 0.1326261 0.1101992 0.1319977 1.312172 0.9907809 1.096009 0.1747909 0.2408467
58 0.3530737 0.3011606 0.4820397 0.3986509 0.4247817 0.2739572 0.2534194 0.1513811 49.40055 1.384869 1.120905 0.2982716 0.4533859
59 0.2380257 0.2174003 0.3350701 0.2674238 0.2207035 0.1055013 0.102369 0.07358261 0.6693419 0.7428522 0.7710657 0.1925391 0.2319424
60 0.3364711 0.2433615 0.4231994 0.3064116 0.31133 0.1543173 0.1593583 0.114633 1.756452 1.210278 0.7984311 0.2607418 0.2922072
61 0.3139404 0.2073472 0.4908197 0.2819451 0.4170146 0.1613036 0.1263717 0.1684305 29.63285 1.129467 0.7394116 0.2260618 0.3445906
62 0.3037921 0.4072478 0.3755395 0.4010232 0.2263904 0.1479884 0.2726792 0.09674445 234.9242 1.655611 1.025417 0.2701833 0.4606822
63 0.2861796 0.2044346 0.3815434 0.2729655 0.2761048 0.1337399 0.1175969 0.07887816 2.289158 1.500252 0.732597 0.303378 0.427702
64 0.2597569 0.2156179 0.3504148 0.3057546 0.2310859 0.1529918 0.1643247 0.1768137 2.038169 1.721498 0.8297406 0.2437006 0.3678876
65 0.271797 0.3984302 0.3598812 0.4640902 0.1960161 0.1508916 0.2303776 0.08821217 3.060202 1.409407 0.7336858 0.189818 0.3060179
66 0.3513258 0.3157264 0.4226603 0.3604706 0.2777746 0.1787224 0.1797008 0.1064442 2.75911 1.187354 0.5935919 0.208282 0.3832984
67 0.250822 0.2501611 0.3474891 0.3282122 0.235389 0.1516365 0.177072 0.129849 10.80734 1.810818 1.154826 0.3256605 0.4700821
68 0.2170009 0.2480929 0.3208299 0.3520359 0.1855789 0.1342079 0.1924217 0.1198974 1.292463 0.9849469 0.797484 0.150165 0.2103427
69 0.2833996 0.2456974 0.411503 0.3117245 0.3315504 0.1374454 0.148117 0.09792396 14.7038 0.9969619 0.6690312 0.3349202 0.4137275
70 0.2900723 0.2202288 0.3641414 0.2671366 0.213664 0.1391008 0.1397453 0.1495134 1.853962 1.781404 0.7270293 0.1723624 0.4326016
71 0.2997475 0.2484848 0.4065221 0.304673 0.2765798 0.1418862 0.1432816 0.1550214 4.75568 1.570452 0.8359996 0.1738912 0.3113686
72 0.3305982 0.1645138 0.5074978 0.2438468 0.4256249 0.1732135 0.1035007 0.1317196 2.163295 0.9496524 0.5987843 0.1649111 0.2325177
73 0.3857651 0.1870509 0.5233777 0.2538271 0.5185243 0.1557421 0.09823561 0.1317883 1.601426 1.039627 0.7602019 0.1908763 0.2574682
74 0.3231513 0.1966693 0.3942926 0.2437103 0.254685 0.1249129 0.08841443 0.1096182 1.295124 2.021051 1.168611 0.1782206 0.3880518
75 0.2833893 0.2440983 0.3676995 0.2971021 0.2518995 0.1344871 0.1271792 0.1613412 1.527422 1.647897 0.8727667 0.3168121 0.4177919
76 0.3620538 0.1871367 0.4759655 0.2560859 0.3873167 0.1388744 0.1030095 0.1059982 17.22125 1.524522 0.7983141 0.2291887 0.3122692
77 0.1885575 0.1554227 0.3377845 0.3041776 0.2095646 0.1214755 0.137114 0.1033421 1.207111 1.522773 0.7143846 0.276869 0.4713407
78 0.2299786 0.1744733 0.4083503 0.2591379 0.2799526 0.1299154 0.1009484 0.09845653 109.9204 1.621578 1.147005 0.3210874 0.5343658
79 0.2241638 0.2028873 0.3550876 0.2966892 0.232233 0.1535752 0.15344 0.09098834 0.9113585 1.054433 0.8130365 0.1542709 0.2339293
80 0.2879612 0.2672515 0.4334719 0.3719093 0.33433 0.2237336 0.2044768 0.2078983 2.705446 1.438304 0.8784636 0.2180281 0.4474911
81 0.3973211 0.2096183 0.5477028 0.2800594 0.5342926 0.2042687 0.1221175 0.1397797 3.306243 1.15853 0.8348791 0.2120939 0.2981595
82 0.3479857 0.1495383 0.5019759 0.2073504 0.7528845 0.2833637 0.1541294 0.1552811 1.997732 1.192078 0.8505406 0.1753092 0.2588355
83 0.3654556 0.2029205 0.5021685 0.2716045 0.4528507 0.1755871 0.1088479 0.1545082 1.649883 0.968215 0.8903199 0.1988438 0.2869906
84 0.4845793 0.2934583 0.5614459 0.3367848 0.5299582 0.2167865 0.1493498 0.1454775 2.107196 1.234409 0.7005149 0.1381596 0.2190618
85 0.3961734 0.3182335 0.5383635 0.454563 0.6809717 0.3846018 0.3478042 0.2353727 1.988614 0.5822635 0.6871229 0.1804755 0.1654599
86 0.3137571 0.293679 0.4216273 0.3407256 0.284352 0.1491291 0.1580567 0.1125632 1.54369 1.075621 0.7299975 0.1985194 0.2860636
87 0.318814 0.3615249 0.4894755 0.373167 0.4242165 0.2229479 0.2731503 0.274295 21.86514 0.9987709 0.6571427 0.4259526 0.7290144
88 0.2341303 0.2182088 0.3457327 0.2885379 0.220809 0.1270172 0.134104 0.1242251 22.11905 1.273172 0.639674 0.2785098 0.4343806
89 0.5254534 0.3311586 0.5042947 0.3379067 1.093613 0.2510682 0.1921656 0.6208279 1457.812 3.150994 1.170167 0.3939872 1.252784
90 0.3326316 0.4278363 0.4391909 0.5314157 0.3198323 0.2740444 0.4368828 0.1548261 5.268377 0.7911749 0.6893553 0.1767042 0.1851286
91 0.360661 0.2179912 0.5100325 0.3032217 0.4819065 0.1891456 0.1563532 0.1580693 12.99009 0.9794031 0.7671839 0.2480753 0.338714
92 0.2264699 0.300342 0.3647135 0.4501627 0.2500741 0.2129893 0.3174061 0.1631283 72.89986 0.8844524 0.5958489 0.1695402 0.2427222
93 0.2230535 0.1830301 0.4066023 0.2647434 0.2245843 0.1149743 0.1111602 0.1009126 49.22805 2.024021 0.9851834 0.3190216 0.5417783
94 0.2735894 0.2282357 0.424222 0.3555326 0.3645358 0.2454272 0.2358267 0.1258824 10.95026 1.34029 0.7599337 0.2469528 0.3810145
95 0.2114999 0.1753984 0.3345417 0.2784201 0.2143377 0.1113438 0.1405765 0.1117011 1.581601 1.01248 0.7425966 0.2199647 0.2826036
96 0.2338077 0.2472067 0.3467007 0.3293141 0.2105261 0.146137 0.1888445 0.1467439 4.369163 1.993458 1.214975 0.2237835 0.4213337
97 0.3597039 0.192272 0.4238194 0.2288987 0.330585 0.1969241 0.1403056 0.1260601 2.453307 1.447929 0.6782359 0.1980021 0.3135982
98 0.2671871 0.3474664 0.4173607 0.6227815 0.3215572 0.2902093 0.2404037 0.3237532 78.01136 1.480507 0.8865862 0.3873731 0.5998501
99 0.2913509 0.2173573 0.4080956 0.2985716 0.2739211 0.1509506 0.1623345 0.1497841 3.810615 1.302984 0.6244582 0.1668421 0.2616273
100 0.3117076 0.2269145 0.3968981 0.2758593 0.2622414 0.1178551 0.1220576 0.1211697 8.799844 1.21525 0.6532647 0.2026937 0.2878902
