2 0.2282152 0.1924186 0.4062232 0.3571696 0.3412996 0.2091006 0.207859 0.2308562 1.293094 0.6409103 0.2995889 0.4467529
3 0.4369976 0.2762684 0.6027329 0.3639107 0.7557078 0.408609 0.259994 0.5320063 1.709597 1.159795 0.4310629 0.7946241
4 0.323285 0.3220997 0.437238 0.3877342 0.4832963 0.3121381 0.2760855 0.39468 1.798745 1.250821 0.4727705 0.637471
5 0.3901272 0.6489219 0.5539316 0.4221079 2.720069 1.612324 1.043892 3.819595 1.59449 2.273671 2.012954 3.187202
7 0.2553093 0.2289072 0.3527213 0.3071691 0.3051342 0.1899826 0.1841827 0.2168103 1.949655 1.236843 0.4860579 0.6977428
9 0.3736065 0.290901 0.5595976 0.3717036 0.7716494 0.46765 0.3441596 0.6484033 1.480254 0.7321846 0.2695231 0.7036627
10 0.4153186 0.2517352 0.7741893 0.4089502 1.046164 0.5278376 0.3436785 0.8681927 1.253333 1528.22 0.5397285 0.9036464
12 0.3543666 0.4140175 0.4260685 0.4549386 0.3523161 0.2175287 0.3332027 0.2073088 1.1006 0.8519639 0.2786914 0.367552
15 0.3906051 0.2276651 0.6100819 0.3151406 0.7545354 0.4115045 0.298308 0.3349134 1.511593 0.9418621 0.170108 0.3615881
17 0.4828948 0.2142688 0.6225969 0.3650041 NA NA NA NA 1.405066 1.009216 0.430878 0.1090025
21 0.3267799 0.3451163 0.4423245 0.3548135 0.3536734 0.1875496 0.1815579 0.2766696 1.285475 0.8379782 0.6719253 0.9216051
24 0.3396339 0.4777363 0.5230291 0.6349425 0.6721575 0.538437 0.7965069 0.4920978 0.6808025 0.9719809 0.198985 0.2295218
29 0.2676021 0.2632283 0.3975976 0.3390435 0.3867789 0.2673775 0.2057018 0.1884644 1.568049 0.8866889 0.3740411 0.4730836
31 0.4494795 0.3249737 0.6210005 0.3236889 0.7310626 0.27643 0.1846863 0.3953 0.8808779 0.646609 0.7002101 0.8814613
37 0.322497 0.3091455 0.4832071 0.4236601 0.6748023 0.4093036 0.412917 0.5220394 1.229325 1.132591 0.5581876 0.6212112
38 0.2589829 0.6171446 0.4107743 0.304847 0.7202797 0.358954 0.3332096 1.29076 10.55701 8.208799 2.50112 6.002151
41 0.3745632 0.2925374 0.4670799 0.3342908 0.4701096 0.2899621 0.2471953 0.3058011 1.681578 1.070342 0.2767729 0.5209875
42 0.2881914 0.3678237 0.4722571 0.5779577 0.8894228 0.7046849 0.6777798 0.6231453 0.9639423 0.748977 0.3684393 0.3580621
44 0.41069 0.2900054 0.570674 0.3976488 0.8558367 0.5055534 0.4063177 0.7688087 1.222768 0.9060802 0.5449903 0.7056842
45 0.3833051 0.3398331 0.5981641 0.3642152 0.8094076 0.4533982 0.2646935 0.7548344 2.743995 3.028287 0.6874848 1.362822
46 0.369953 0.4555938 0.4692863 0.4839568 0.4702894 0.2717045 0.3052249 0.338623 1.330355 0.9853017 0.4653046 0.4915322
47 0.3409119 0.3905696 0.4364347 0.4137735 0.414393 0.2563713 0.247187 0.2704487 1.232251 0.7133347 0.3982707 0.6432717
48 0.363368 0.4999137 0.525987 0.6636795 1.123962 0.8563432 0.8492955 1.116304 0.6834475 0.6822211 0.2381809 0.2742156
49 0.3949441 NA 0.2321937 NA NA NA 0.2008872 NA NA NA NA NA
51 0.2743244 0.7817475 0.4503648 0.5578578 2.502403 1.641048 1.250947 4.090366 5.909123 4.799044 1.976871 4.670551
52 0.3232398 0.2854424 0.4260753 0.3292151 0.4944669 0.3186261 0.2548946 0.2827153 1.517119 0.8885666 0.2662492 0.4857416
54 0.2584182 0.1858967 0.3888284 0.2965103 0.1817158 0.1596265 0.1715646 NA 1.51599 0.7324443 0.2970168 NA
56 0.3266126 0.3673157 0.469587 0.4454988 0.6754662 0.5274283 0.485942 0.3602612 1.014038 0.7564795 0.4511641 0.6315308
57 0.3662442 0.2951981 0.5259879 0.3831725 0.6703633 0.3620755 0.2864122 0.5835835 0.9552027 0.6869637 0.3722574 0.4668487
58 0.2726621 0.2388036 0.3638355 0.2626783 0.2822767 0.1818939 0.1198328 0.2908923 3.51648 2.214499 0.7946417 1.624405
59 0.3428197 0.3178808 0.438354 0.3882594 0.4057296 0.2488586 0.2640317 0.237826 1.174099 0.981207 0.4005415 0.450907
60 0.3199684 0.5167751 0.4151327 0.5882379 0.4305593 0.3288296 0.4455533 0.3245731 1.794514 1.807481 0.2843193 0.5130114
61 0.3218684 0.2963795 0.4830103 0.381343 1.262654 0.9578864 0.5825135 0.8960709 1.440554 1.434657 0.5032884 0.7073678
62 0.4180517 0.2251764 0.5547139 0.3166683 0.5656928 0.2992994 0.213847 NA 0.1381394 0.5028137 0.1411967 NA
65 0.4153643 0.1859007 0.6559589 0.2837685 0.7774114 0.2788512 0.1650579 0.258725 1.251855 0.7664655 0.2220294 0.3244156
66 0.3098952 0.204719 0.4285615 0.2790988 0.3907157 0.2048592 0.1585232 0.219229 2.328405 0.9662673 0.2035688 0.4302196
67 0.4625216 0.2663373 0.5791282 0.3688527 0.7316768 0.4452244 0.3212779 NA 0.8723431 0.5892559 0.08903468 NA
69 0.3176985 0.3773128 0.432883 0.4471742 0.5463958 0.3324023 0.328866 0.5764219 0.9261333 0.7124933 0.3303435 0.4112311
70 0.4246085 0.3378372 0.6066245 0.4047159 0.9090938 0.493519 0.4615319 0.7593302 1.202093 0.7724199 0.5068922 0.7304102
73 0.5509031 NA 0.6691689 0.3473978 NA NA NA NA 1.047518 NA NA NA
74 0.3877076 NA 0.4886014 NA NA NA 0.6552532 NA 0.9065718 0.7701457 NA NA
75 0.3708519 0.4090001 0.5043867 0.3738404 0.5476534 0.3412989 0.2786151 0.4669601 2.040891 0.7750739 0.3483204 0.8462778
79 0.296457 0.3318185 0.4414645 0.4589421 0.6681208 0.5231363 0.5089275 0.5860041 2.305114 1.102019 0.3224199 0.6425852
80 0.3242001 0.3189884 0.4834315 0.3830034 0.566643 0.3144657 0.3702824 0.4392319 1.72014 1.622006 0.3632357 0.8297774
82 0.3533288 0.2724841 0.5266627 0.3596496 0.6216743 0.3620297 0.2626763 0.4786022 1.518508 0.8671545 0.2452851 0.5162558
83 0.4423001 0.2125008 0.5895052 0.2689006 0.6681191 0.2836183 0.3280646 0.2348328 1.026162 0.6869357 0.2597091 0.3451878
84 0.3431059 0.4212652 0.5110191 0.5530152 0.5807755 0.4712216 0.5029658 0.4903248 1.573783 0.8687375 0.2259961 0.390474
85 0.3038313 0.306644 0.5006579 0.4222659 0.6349869 0.3610878 0.364462 0.3856463 1.578128 0.9181917 0.3867041 0.6897939
86 0.3717189 0.3292606 0.5110095 0.4822582 NA NA 0.2873944 NA 0.9398198 0.7546726 0.1709711 NA
92 0.2664885 0.2792915 0.3833368 0.3257601 0.4736437 0.3347475 0.1949662 0.5417749 2.332702 1.168982 0.754449 1.349868
94 0.2982268 0.2605166 0.4097991 0.3292248 0.3456071 0.1955631 0.173333 0.2601701 1.891586 0.8544107 0.2513884 0.4360839
95 0.3938963 0.4396415 0.5400711 0.5622152 0.6764143 0.4411061 0.6780098 0.4628 0.9173552 0.8853613 0.2726072 0.3372327
96 0.3423872 0.3558439 0.5068128 0.3907553 0.6758308 0.3790198 0.4137396 0.70383 1.133774 0.613252 0.1896015 0.3790717
102 0.3509687 0.1602712 0.5126603 0.478992 0.2405294 NA 0.2457958 NA 0.9127274 0.6253443 NA NA
103 0.4041153 0.4638172 0.5139486 0.5361568 0.788636 0.6084255 0.4594305 0.4903651 1.414671 0.7907727 0.3674333 0.4961284
104 0.4335273 NA 0.6005852 0.2668831 0.51712 NA 0.1912196 NA NA 0.5625353 NA NA
105 0.4966226 0.42965 0.7036755 0.3906171 1.169081 0.5535408 0.3970717 1.182789 1.321636 1.969983 0.9984897 1.440158
106 0.3150137 0.4087897 0.4616244 0.5119526 0.5341094 0.3147194 0.4452989 0.5700814 1.021753 1.073374 0.2508313 0.3279997
107 0.3564587 NA 0.5480192 0.2401669 NA NA NA NA NA 0.6135618 NA NA
109 0.5441733 0.432131 0.6207187 0.4768627 0.5962336 0.353389 0.2777604 0.4595297 1.522973 0.8998311 0.2571854 0.3994419
110 0.3734392 0.4962243 0.4356992 0.4526602 0.4140227 0.2589616 0.2156061 0.4801948 1.920747 1.118605 0.4864883 0.9421853
111 0.2046273 0.1423124 0.3742742 0.4829412 NA NA NA NA NA 0.4069122 0.10262 NA
113 0.4003753 0.3341556 0.5681843 0.3667934 1.07129 0.7543588 0.6013387 0.5720084 1.427251 0.84319 0.5510575 0.7890235
114 0.2925118 0.7074206 0.3294993 0.5281419 0.2459306 0.2323144 0.203695 0.296736 8.178451 2.752433 0.635465 2.216132
119 0.4191037 0.3003966 0.5187504 0.3057516 0.5218553 0.2234848 0.1356712 0.3304026 3.643593 1.342173 0.4574521 1.2223
120 0.3468381 0.235481 0.4466781 0.2826093 0.3848188 0.1825268 0.1500468 0.2550823 1.14358 0.7138715 0.549322 0.7247824
121 0.3278581 0.263451 0.5154199 0.4037208 0.5068371 0.2068998 0.3132843 NA 1.124506 0.5904713 NA NA
124 0.3157838 0.4945698 0.4753612 0.4481017 0.5550231 0.3385786 0.3341178 0.5407541 2.028781 0.7585966 0.4595073 0.8677029
125 0.3978018 0.489795 0.4961966 0.5644279 0.8815128 0.5904596 0.5422107 1.028787 0.947567 1.013325 0.6311769 0.7541332
127 0.2634166 0.09561677 0.5275692 0.3070779 0.09261414 NA NA 0.1950105 NA NA 0.1224253 NA
129 0.290767 0.2328176 0.4858152 0.3537934 0.602534 0.376996 0.3945643 0.5620861 0.997603 0.8462152 0.5247193 0.6052322
130 0.312115 0.2873433 0.4675056 0.3857323 0.4771079 0.2753171 0.305657 0.4096468 1.035759 1.101109 0.3927286 0.513888
131 0.2658636 0.2473381 0.4167403 0.3569117 0.3228598 NA NA NA NA NA NA NA
135 0.3598002 NA 0.484996 0.3620726 0.5819629 0.2806685 NA NA NA NA NA NA
136 0.3221399 0.4081237 0.4288919 0.4564179 0.4494412 0.3231614 0.3520239 0.5653793 2.381307 1.799666 0.6402731 1.354793
137 0.2618796 0.2476054 0.377203 0.3166961 0.2746734 0.03515799 NA NA 0.3898414 NA NA NA
140 0.2868855 0.2995005 0.4234104 0.3437034 0.386576 0.22268 0.204392 0.2823449 1.984301 1.103774 0.511189 0.7783225
141 0.2571503 0.2795898 0.3684405 0.4015161 0.4633842 0.2936639 0.2793378 0.409342 1.616869 0.9315899 0.2278728 0.4443334
142 0.2715597 0.2311757 0.4126964 0.3559579 0.4255187 0.2569886 0.2477296 0.3763881 1.523421 0.9101876 0.4149884 0.542237
143 0.3719794 0.4780986 0.5057851 0.5576723 0.9797067 0.9073102 1.081684 0.6929322 1.091069 0.7010079 0.5223466 0.7931848
144 0.3039545 0.3471211 0.4007016 0.3856004 0.4150091 0.2978215 0.3662779 0.3255491 1.334722 0.7821927 0.3986486 0.5766186
147 0.3927687 0.297049 0.4730704 0.3597326 0.4364923 0.2165327 0.1855124 0.3809202 1.485483 1.063405 0.5041025 0.7041238
149 0.2705932 0.2506092 0.3898436 0.3058469 0.4451061 0.2661616 0.1859092 0.529268 2.4593 1.073849 0.4519609 0.9581549
150 0.2694591 0.2239539 0.3860963 0.3022405 0.3520896 0.2179645 0.1719265 0.2215611 1.549903 1.097654 0.4003727 0.5797046
153 0.3688665 0.5759041 0.4775755 0.6289347 0.2309578 0.2405739 0.4410476 NA 1.000206 0.7528703 0.217572 NA
155 0.3380622 0.3475476 0.4084312 0.3968043 0.366958 0.269354 0.2458329 0.3112692 1.273176 0.6265295 0.261378 0.425177
156 0.3107242 0.05529859 0.4595285 0.4208434 0.5129033 NA 0.3647236 0.1805345 0.8316729 0.8217661 NA NA
159 0.3449847 0.2201086 0.515955 0.297263 0.280907 0.07963172 0.117682 NA 1.303969 0.7759656 0.3361226 0.2180841
160 0.3172681 NA 0.404347 NA NA NA NA NA NA NA NA NA
162 0.2367417 0.1298321 0.314818 0.318638 0.2366837 0.10488 0.1855316 0.06873343 NA NA NA NA
166 0.3300563 0.2648339 0.454547 0.3436243 0.433108 0.2427877 0.2089621 0.2924231 1.607733 1.130509 0.4613988 0.546136
167 0.1837855 NA 0.3039086 NA NA NA NA NA 1.254667 0.5050117 NA NA
169 0.3782385 0.0589845 0.6271978 0.3508672 0.6193678 NA NA NA 0.8983129 0.7087199 0.1250463 NA
170 0.2249074 0.2235691 0.3663818 0.3096212 0.2958787 0.1798776 0.1768704 0.2544152 1.203988 1.076427 0.53956 0.6591908
171 0.415696 0.3537133 0.4877341 0.365579 0.4253375 0.2635262 0.1840603 0.3188622 1.623402 0.8314656 0.2306745 0.5078748
172 0.3903622 NA 0.7920091 NA NA NA NA NA 0.7210527 NA NA NA
175 0.2836364 0.2543099 0.4067942 0.4001703 0.2444136 0.202428 0.3757888 NA NA NA 0.1059677 NA
177 0.5208524 0.3127509 0.781157 0.4155636 0.9714372 0.28399 0.245027 NA 1.103151 0.8929038 0.3634563 0.4041148
180 0.4262779 0.4086173 0.6323241 0.5352312 1.032336 0.6245424 0.6001482 0.5729904 1.313872 0.9463817 0.3650322 0.3656704
181 0.3361547 0.3496499 0.4794892 0.3965354 0.6126844 0.3637161 0.28044 0.5284902 1.368119 0.7190319 0.2097291 0.494862
