2 5.3386 -0.3662798 -0.2058334 -0.316888 0.5311624 0.1605943 0.1367328 0.1689223 11.77321 -1.566678 0.7017806 0.2902809 -0.4762561
3 5.332359 -0.6005257 0.5654924 -0.7550683 0.4157056 0.6246542 -0.1703566 0.1340233 3.634593 -0.5516993 -1.551852 0.5552254 -0.8293038
4 5.5709 -0.4340709 -0.02441715 -0.4155254 0.3762275 0.5410756 -0.2014005 0.2655065 3.914989 0.634633 -2.42209 0.4267313 -0.8300114
5 4.934406 -0.3769183 0.7026838 -0.7435634 0.5689484 0.5855987 0.1222351 0.1883089 9.02648 -2.519553 -0.5927992 0.529078 -0.3617194
7 5.61898 -0.3727364 -0.2486757 -0.6985678 0.5324414 0.2554101 0.05235356 0.2577124 54.69434 1.339222 -1.871192 0.5125007 -1.290003
9 5.117458 -0.4129592 -0.08504748 -0.5770771 0.6792711 0.7755612 -0.03620515 0.06864472 6.34495 0.2160548 -0.5285636 0.136905 -0.6165163
10 5.187438 -0.578211 -0.4708227 0.04073123 0.5231684 1.985753 -0.6837333 0.4767313 21.47802 -2.273455 -17.49299 0.4612861 -0.3771449
12 5.646316 -0.4636292 -0.2180634 -0.9287015 0.2680362 0.2863031 0.2116067 0.3604162 3.806014 -0.5856048 -1.658612 0.2743561 -0.4311863
15 5.295195 -0.4595898 -0.02960765 -0.8036306 0.836512 0.8622426 4.225263e-07 2.484316e-08 5.56816 -2.142421 -1.46221 0.1828546 -0.1165567
17 4.713206 -0.1068358 0.1538862 -1.096814 0.4861495 0.5952287 -0.08543254 0.2581638 4.106062 -0.3467895 -1.440894 0.5400629 -0.6825415
21 5.562054 -0.6144796 0.04023202 -0.4945565 0.4742151 0.6280893 0.09291446 0.3669218 41.05073 -1.869296 -0.8619925 0.344929 -0.4224127
24 5.327664 -0.5404036 -0.4029091 -0.6407 0.5192387 0.3659299 0.2423842 0.4040924 3.31288 -0.4854494 -2.114673 0.1252485 -0.3711774
29 5.616049 -0.2681279 -0.7361553 -0.5402506 0.434214 0.4007169 0.2136962 0.156472 10.58162 -3.107087 -1.026806 0.4867343 -0.1892763
31 5.371972 -0.5567907 -0.4050027 -0.2593763 0.4509778 1.178492 0.09177081 0.1599185 6.783129 -2.21774 -0.8069583 0.3490452 -0.2292613
37 5.22602 -0.4652106 -0.1237669 -0.2425142 0.4233966 0.3068813 0.1017192 0.3125551 4.090106 -3.029857 -0.1990986 0.6679963 -0.4668443
38 5.553699 -0.5616681 -0.3017932 -0.5167631 0.4016129 0.1818442 0.1160402 0.1016995 5.153781 0.976042 -1.342097 0.2525239 -0.9261291
41 5.472878 -0.261346 -0.3541369 -1.074852 0.453989 0.2320714 0.01265104 0.2239796 3.775362 -2.501325 -0.02669547 0.2427598 -0.2007771
42 5.501222 -0.5072081 -0.4288042 -0.5801685 0.3776837 0.3484872 0.3022709 0.3488663 4.595915 -0.8028553 -1.420628 0.4718129 -0.5332957
44 5.443513 -0.3115289 0.01891336 -0.7289287 0.5843677 0.3753712 0.09148962 0.2324547 5.875566 -1.175122 -0.1000534 0.3075031 -0.5834635
45 6.004615 -0.3895629 -0.8248188 -0.7181341 0.7125089 0.8670541 0.1125374 0.1486101 9.576441 0.8599194 -2.558339 0.2918597 -0.7865503
46 5.546641 -0.5324839 -0.2681353 -0.6361677 0.2844721 0.2948442 0.1021716 0.2033274 3.748427 -1.342482 -1.841632 0.5550742 -0.4896013
47 5.032713 -0.5477794 0.2002534 -0.386638 0.4129317 0.3003339 0.2013787 0.2678105 5.307614 -1.583189 -1.531066 0.4354768 -0.4145717
48 5.214237 -0.623754 0.2980296 -0.4939165 0.6743184 0.6807212 -0.09781774 0.8457163 7.026248 -1.835578 -0.06476039 0.222425 -0.2902921
49 5.226829 -0.5138895 0.2712661 -0.5357999 0.5391219 0.4676822 0.1167366 0.05986715 8.936312 0.6590736 -0.5490933 0.4221024 -0.9563225
51 5.478557 -0.8159379 -0.7020828 -0.1998108 0.3825311 0.6057793 -0.003113179 0.5018215 15.35253 -0.1721131 -1.664371 0.4431871 -0.7711462
52 4.720408 -0.4541762 0.4447249 -0.479009 0.6158269 0.372 0.1483551 0.08589033 11.96204 1.174378 -1.606011 0.2618684 -0.9796424
54 5.647597 -0.688262 -0.7049521 -0.5169697 0.2419713 0.4714686 0.07267422 0.04900955 9.549128 -2.186054 0.03060881 0.7922244 -0.6738982
56 5.417618 -0.8929152 0.06241168 -0.290413 0.6024807 0.568902 0.5319215 0.747108 19.66774 -0.8852454 -0.9762042 0.5090585 -0.8649103
57 5.610841 -0.6566092 0.3003302 -0.6407409 0.6100666 0.7134731 0.07839608 0.1933516 11.083 -2.105015 -0.5974453 0.3701058 -0.2794216
58 5.285559 -0.2284324 -0.2525829 -0.983159 0.3833731 0.3067947 0.06176052 0.07503279 8.662666 1.495359 -2.117588 0.3354774 -1.169817
59 5.36508 -0.393023 -0.113777 -0.7679232 0.4255575 0.3083356 0.1132461 0.1008452 3.266158 -2.286576 -0.9538676 0.2556382 -0.2876246
60 5.290705 -0.2578643 -0.3613159 -0.645636 0.5215415 0.3967806 0.02021036 0.5871031 7.623885 0.7942387 -4.216413 0.3371037 -0.7196519
61 5.559796 -0.04891094 -0.2213175 -1.178903 0.4584224 0.07323973 0.0680211 0.3010444 3.669517 -0.4870867 -1.635637 0.598896 -0.8419444
62 5.682995 -0.3477065 -0.3071264 -0.5503998 0.5399632 0.6119521 -0.1036692 0.1144253 5.189912 -1.971532 -0.3463632 0.257976 -0.3055469
65 5.125935 -0.2401121 0.5059416 -0.8395256 0.5810676 0.7798432 0.1387983 0.1671876 6.312669 -4.096306 -0.1850826 0.2058694 0.105959
66 6.232733 -0.3819528 -1.200344 -0.1671106 0.5881823 0.3520607 0.009942154 0.08319979 7.943063 -3.521983 0.2126561 0.271832 -0.06568499
67 5.356207 -0.6393823 -0.1560109 -0.7621825 0.5997469 0.8166658 0.2262317 0.1025874 6.79373 -1.776267 0.3619851 0.2526434 -0.3143941
69 5.206322 -0.3014244 0.3847591 -0.9344492 0.2771874 0.3210941 0.1218831 0.2607771 3.410662 -1.545263 -1.099789 0.3415148 -0.273656
70 5.313105 -0.6706555 -0.02104146 -0.3667058 0.4209364 0.7076354 0.1132283 0.4008059 5.863945 -1.895041 -0.8724094 0.3827689 -0.2906796
73 5.543281 -1.335135 -0.720461 0.2155621 0.4829499 0.2973267 0.3230622 0.4195697 2.801298 -0.02961975 -1.74303 0.3002192 -0.5699837
74 5.210875 -0.7273637 -0.1651531 -0.5458585 0.4612369 0.1515694 0.1600463 0.2835451 2.951382 -0.5394575 -1.762183 0.2259957 -0.4673949
75 5.22639 -0.5774696 0.12074 -0.4629468 0.5456805 0.8332157 -0.1038663 0.2005735 10.52745 -1.562717 -0.9836217 0.2558651 -0.2380174
79 5.596833 -0.9176394 -0.09576828 -0.6500014 0.6724572 0.4724329 -0.2590053 0.6309267 21.13458 4.454423 -2.083312 0.2567433 -1.740046
80 5.43676 -0.8072518 0.1548409 -0.5585422 0.646854 0.2163621 0.1233317 0.3397363 6.706298 0.9876696 -1.754794 0.1465649 -0.8392003
82 5.76628 -0.6710157 -0.7058839 -0.3326094 0.4242097 0.6072607 -0.2636211 0.2607073 3.86213 0.2470887 -1.288555 0.1170417 -0.5161559
83 5.674799 -0.6706041 -0.2405267 -0.4489515 0.4007364 0.6254971 0.2306355 0.1109199 5.928153 -1.912161 -0.9519043 0.2614669 -0.2574512
84 5.731528 -0.5205838 -0.55779 -0.2716598 0.5539415 0.3230779 -0.06615713 0.1549161 3.46477 -3.099365 -1.020447 0.3555663 -0.0740204
85 5.369989 -0.512076 -0.2120521 -0.3484608 0.3769508 0.3242815 0.03962311 0.02918171 3.026366 0.1515282 -0.5048014 0.1642025 -0.6660081
86 5.463262 -0.5374951 -0.4785673 -0.3530549 0.5559053 0.3022418 -0.1907053 0.5699263 4.344692 -2.275429 -1.336286 0.3980416 -0.2690456
92 5.711392 -0.3988336 -0.6327317 -0.4843237 0.4100966 0.4444183 0.07547364 0.1957506 33.90666 0.6610292 -0.8238947 0.4651666 -0.9733008
94 5.163036 -0.06073498 0.5039685 -0.9601609 0.4277592 0.2770232 -0.02121159 0.1236514 4.427052 -3.213042 -0.5714809 0.3202386 -0.07031559
95 5.510544 -0.8303899 -0.06047435 -0.2803504 0.4863375 0.1084909 0.1751775 0.5149099 3.060527 -0.7608163 -0.9311162 0.1709778 -0.4219663
96 5.763705 -0.9888646 -0.2071562 -0.3537617 0.4710153 1.019903 -0.01525059 0.4181275 47.70423 -1.225047 -0.9558558 0.2310621 -0.2432275
102 5.106764 -0.3835118 0.6012445 -0.8638008 0.6173926 0.5631876 0.2347048 0.9005636 8.235702 -2.67618 -1.775022 0.3787693 -0.1626638
103 5.144793 -0.7839674 -0.3698942 0.289936 0.8324352 0.392871 0.05962866 0.03623189 11.25484 -1.697556 -1.554732 0.7858739 -0.5929476
104 5.654445 -0.7663895 -0.3553123 -0.04916278 0.4522884 0.702231 0.05666563 0.07644374 4.813992 -0.6593818 -0.9929287 0.4338927 -0.6552334
105 5.958443 -0.3853162 -1.074679 -0.5358437 0.508764 1.156727 -0.06459165 0.1452048 4.70888 -0.7917147 -1.790949 0.4871223 -0.6100577
106 5.08271 -0.3764215 -0.1412486 -0.2093652 0.4157405 0.7561474 0.02793607 0.6067847 7.903148 -1.434886 -2.886552 0.3855112 -0.3275255
107 5.460984 -0.3586037 0.2473388 -0.7897428 0.5579252 0.5679678 0.07434396 0.179732 5.562673 -2.257072 -0.8631331 0.3547742 -0.2145
109 5.124907 -0.2332686 0.1939517 -0.6672919 0.54791 0.5956377 -0.198179 0.2541352 6.481545 -0.1005642 -1.576992 0.09075923 -0.4442803
110 5.465529 -0.6786984 -0.3175198 -0.3735948 0.5695138 0.2596903 0.1129701 0.1319936 14.80493 -0.5911061 -1.336474 0.3582555 -0.5585836
111 5.295851 -0.4035858 0.1963506 -0.7102185 0.4603988 0.3633545 -0.150667 0.9601625 49.67768 -0.7273751 -0.2755636 0.1607267 -0.3760603
113 4.999868 -0.6018687 0.6722935 -0.66031 0.6842428 1.086294 0.1521504 0.06967734 55.60177 0.1651359 -1.283329 0.6248967 -1.089508
114 5.70464 -0.4106316 0.0001221683 -0.9941491 0.3994189 0.1070518 -0.03600665 0.3337675 11.76297 -3.32415 -1.131354 0.3451053 -0.01148846
119 5.893374 -0.6229082 -0.5999621 -0.3893642 0.5957828 0.673831 -0.04458144 0.05944074 14.84302 -2.872232 -1.074573 0.3888068 -0.1711692
120 5.739167 -0.8169288 -0.4361816 -0.2098872 0.3531161 0.7008677 0.1457265 0.2139278 20.09291 -0.9991971 -0.6293097 0.3980722 -0.6199635
121 5.225308 -0.6708144 -0.1856866 -0.5287679 0.3107747 0.6504029 0.09002951 0.3156831 4.407256 -0.40218 -0.9409805 0.3582201 -0.7016379
124 5.250441 -0.2728647 0.06606827 -1.012267 0.3507132 0.0824546 0.05562782 0.2781782 2.679336 -3.418193 -0.7321459 0.453008 -0.1084451
125 4.834493 -0.4323635 0.3962909 -0.7357186 0.6508994 0.5204875 -0.3178871 0.6242057 7.534809 -2.610341 0.2572626 0.3565954 -0.2107966
127 5.079802 -0.2611315 0.5221374 -1.740514 0.674201 0.4757783 5.983606e-09 9.350949e-10 23.51067 -1.321814 -0.6904318 0.2729819 -0.3166711
129 5.368699 -0.2877869 -0.01732802 -0.6667499 0.3964877 0.4211346 0.04830736 0.04275558 3.45399 -2.114884 -0.9913654 0.3498037 -0.398555
130 5.154445 -0.2194833 0.06087098 -0.9233678 0.4388025 0.5555008 0.0358404 0.2609343 4.593091 -1.503156 -1.199923 0.3128147 -0.424075
131 5.389481 -0.6632033 -0.04384104 -0.7052133 0.5266867 0.3699314 0.1983888 0.2669374 34.4907 -0.04941457 -2.097629 0.4648791 -0.7719497
135 5.18723 -0.09775586 -0.1952453 -0.3870323 0.530585 0.355388 0.1634696 0.2306783 4.723535 -4.22311 0.1351286 0.4276915 -0.01184741
136 5.201069 -0.4772196 -0.02327584 -0.6054794 0.532109 0.1973689 0.06096642 0.3948115 5.106845 -2.303916 -0.3255382 0.413838 -0.4269704
137 5.395058 -0.7453137 0.199028 -0.7504599 0.6248637 0.1242661 -0.004735668 0.1724531 8.988141 -1.45277 -0.4353411 0.2850914 -0.397759
140 5.510205 0.2139328 -0.4515298 -1.163894 0.418711 0.3098434 0.1547459 0.1459673 6.157771 -3.640684 -0.2823552 0.3766983 -0.06006117
141 4.921507 -0.07726933 0.5174868 -1.113484 0.4357164 0.2957222 0.01204873 0.3552122 16.05812 0.05178353 -0.5928154 0.2411818 -0.6105256
142 4.888901 -0.3842829 -0.03132361 -0.7948487 0.5964793 0.1951749 0.0930472 0.217202 7.796444 -3.595419 0.4553457 0.639134 -0.4477339
143 5.687238 -0.5496498 -0.2832415 -0.4187028 0.4515943 0.1017446 0.08963045 0.20888 2.583191 -2.581238 -0.4723123 0.3447768 -0.1943707
144 5.777716 -0.431722 -0.7804485 -0.2834907 0.384974 0.1984098 0.07314582 0.1194199 3.556833 -2.302189 -0.4784769 0.2651782 -0.196878
147 5.387824 -0.2448436 0.2017516 -0.7805316 0.5033361 0.6599982 0.04461994 0.2191526 21.92387 -0.5275597 -1.265382 0.3165735 -0.5603795
149 5.504258 -0.4054282 -0.707898 -0.5359043 0.4064403 0.3020711 -0.005915903 0.08756747 13.7639 0.8066139 -0.896781 0.5238477 -1.02402
150 5.047545 -0.4825741 -0.3102602 -0.786079 0.4445896 0.3204049 0.1546913 0.1149784 8.664848 -0.06813988 -1.60323 0.3573816 -0.8497141
153 5.025617 -1.589705 0.01238637 0.6368598 0.5998195 0.8692841 -0.2365483 0.6990448 82.27121 -0.6716922 -1.717222 0.3966656 -0.6007537
155 4.933912 -0.4107768 0.6052855 -0.7034493 0.6691824 0.1737758 -0.04912234 0.3153086 36.18089 -1.607609 -0.4174037 0.3188061 -0.3313811
156 5.361601 -0.1062899 -0.6551226 -0.6567363 0.3077518 0.1159572 0.09737701 0.1364201 2.077494 -2.082883 -1.34075 0.2690204 -0.2416865
159 5.778785 -0.6838886 -0.3065377 -0.549315 0.3691233 0.7272714 -0.06586806 0.1981663 10.60154 -0.5297495 -1.471701 0.6472228 -0.9273797
160 5.665737 -0.369008 -0.1614878 -1.041153 0.5851081 0.3737048 -0.0583213 0.2949994 7.937806 0.4364409 -1.505221 0.2064167 -0.6114082
162 5.270149 -0.3522166 -0.06321524 -1.025036 0.3881013 0.15215 0.1338365 0.2198373 15.94997 -3.468643 0.1297893 0.5578394 -0.2519632
166 4.952055 -0.2490181 0.005215957 -0.9058699 0.6086463 0.5987543 0.02404219 0.2965798 11.3575 -0.1996166 -1.827713 0.390869 -0.9397858
167 5.077948 -0.9182874 0.6268612 -0.5658031 0.6757762 0.5685825 -0.1001935 0.2923965 19.85877 0.4147497 -1.478925 0.3947518 -0.9313985
169 5.518026 -0.4876367 -0.3903126 -0.4268711 0.4808238 0.4803608 -0.08944074 0.2560546 3.614039 -1.674541 -1.021714 0.3511894 -0.2619338
170 5.155387 -0.8893524 0.1683619 -0.1922826 0.3298912 0.3276258 0.03838538 0.2637889 10.84798 -1.204175 -2.263999 0.5246706 -0.7030488
171 5.010765 -0.8932017 0.1367664 -0.2562347 0.4907863 0.3069448 -0.008759857 0.03439934 5.123764 0.4368034 -1.323586 0.06631963 -0.5967317
172 5.12927 -0.6208518 0.09561447 -0.7400221 0.7015813 0.9958157 0.1992459 0.1572499 4.922315 -1.162288 -2.039319 0.232044 -0.3518095
175 5.635337 -0.3393132 -0.7850223 -1.072432 0.6428144 0.1130753 -0.05944802 0.2718609 5.26857 -1.691875 -0.09478568 0.4217756 -0.5895532
177 5.001486 -0.6509054 0.265281 -0.1907556 0.2533881 0.7366274 0.02292018 0.3028434 3.443783 -0.7939947 -1.16199 0.3413169 -0.5674349
180 5.419928 0.1010655 -0.01497368 -1.140769 0.4831087 0.2057933 -0.02800556 0.3094178 3.073584 -2.817833 -1.18728 0.4577769 -0.1730562
181 4.936812 -0.6745475 0.461334 -0.2629782 0.7285744 0.2756352 0.1059427 0.2052134 7.851185 -0.690349 -0.7403966 0.1223 -0.4034199
