2 5.298413 -0.4443319 -0.2303717 -0.2256105 0.8739152 0.179043 0.1705476 0.1911047 -0.901 0.6693372 0.4038316 -0.7791626
3 5.418039 -0.8495274 0.3016629 -0.4571454 1.386209 1.144537 -0.3735927 0.2295941 0.7155952 -2.049165 0.9386036 -1.766145
4 5.501336 -0.5101645 -0.04787181 -0.3752451 1.269384 0.1522746 0.09279966 0.2504652 2.106517 -3.244465 0.7338463 -1.584929
5 4.92606 -0.5208124 1.003741 -0.8769231 1.232159 0.7378896 0.1882739 0.138847 -1.755759 -0.8803247 0.8784227 -1.002449
7 5.65229 -0.4616738 -0.2598751 -0.6234268 0.8180568 0.1224206 0.1190405 0.2439291 2.083188 -2.445989 0.708549 -1.740323
9 5.170455 -0.6671003 -0.243012 -0.3701462 1.523653 0.6671935 0.09112808 0.06131754 1.491771 -0.6933956 0.2632926 -1.211152
10 5.258762 -0.826154 -0.5339362 0.2805676 1.210554 2.068119 -0.6137193 0.3590728 -1.117098 -16.49351 0.8813214 -1.279104
12 5.73825 -0.6709171 -0.0882948 -0.9014678 0.7456128 0.3589036 0.3838991 0.4599068 -0.04197329 -2.059545 0.4272183 -0.7365649
15 5.454457 -0.528407 -0.1153308 -0.7421947 1.571752 0.966256 -7.416433e-08 2.484291e-08 -1.752215 -1.59177 0.2035191 -0.2232365
17 4.722459 -0.6623789 -0.403612 -0.6994916 1.85136 0.8459182 0.3721659 0.4403974 -0.1749825 -2.559794 1.192159 -1.6329
21 5.566354 -0.6713274 -0.004732311 -0.4606326 0.7668015 0.5168214 0.2093574 0.309217 -1.705747 -0.932018 0.4402348 -0.5746081
24 5.422658 -1.005612 -0.4091861 -0.5498893 1.454092 0.4573992 0.6877467 1.341179 -0.3194148 -2.432863 0.2293054 -0.5493451
29 5.643172 -0.3265352 -0.7651823 -0.6310322 0.7106643 0.3897923 0.3010215 0.2588775 -2.583217 -1.229499 0.5912711 -0.4005486
31 4.985214 -0.6415405 0.0740816 -0.1957984 1.087382 1.456685 0.2121561 0.06869585 -1.97732 -0.7943171 0.570143 -0.5595938
37 5.191446 -0.5407372 -0.5271871 -0.4391664 1.21473 0.4369792 0.3864711 0.4336285 -2.762495 -0.9845748 1.158413 -1.148893
38 5.435801 -0.530034 -0.157594 -0.6136055 0.8524602 0.2976336 0.159415 0.1056612 2.600316 -2.241049 0.4566919 -1.585995
41 5.521387 -0.4229525 -0.3456716 -1.002041 1.14559 0.3303888 0.1662567 0.1466799 -1.974174 -0.3036547 0.3088964 -0.3814412
42 5.444664 -1.150631 -0.4794839 0.1185588 1.120492 0.2909592 0.407252 0.7201562 -0.9993057 -1.411887 0.8173822 -0.9828702
44 5.042377 -0.2135129 0.4728777 -0.9477443 1.466099 0.8333119 0.036398 0.3023225 -0.7089081 -0.5310935 0.6629952 -1.172766
45 6.047877 -0.4621917 -1.100749 -0.661251 1.392076 1.029253 0.2111568 0.09269338 2.15579 -3.699266 0.4876329 -1.310974
46 5.550198 -1.012753 -0.4663154 -0.4531375 0.975645 0.4813716 0.3660901 0.3414604 -1.151289 -2.419917 1.001796 -1.110719
47 4.921731 -0.6032998 0.3240268 -0.3304716 0.8775172 0.3513553 0.2733099 0.2598187 -1.200383 -1.567321 0.549328 -0.6658238
48 5.292981 -1.219465 0.3708038 -0.1971454 1.640982 0.3390287 0.1820028 1.420585 -1.888953 0.0441526 0.3709412 -0.5167769
49 5.402535 -0.6342372 0.1849284 -0.6049841 1.154472 0.6093073 0.2414784 0.1157245 1.832795 -1.136687 0.8239677 -1.810888
51 5.538158 -0.9938123 -0.6853979 -0.107966 0.9530804 0.3702607 0.238013 0.4366818 0.7738362 -2.273105 0.772256 -1.490933
52 4.701209 -0.5607953 0.4765748 -0.452697 0.9832178 0.305645 0.1475034 0.09112158 1.800803 -1.840311 0.3145119 -1.244161
54 5.708866 -0.9180716 -0.7234694 -0.4555446 0.6075705 0.4083955 0.1394857 0.06876727 -1.406393 -0.36114 1.21444 -1.428468
56 5.377926 -0.997105 0.03316169 -0.2069212 0.9979749 0.5464859 0.5595046 0.6513761 -0.8876381 -0.9542877 0.6425814 -1.098246
57 5.569548 -0.9331067 0.6180412 -0.6077827 1.329842 0.6242508 0.1948524 0.1483861 -1.550795 -0.8080194 0.6794227 -0.8302987
58 5.333452 -0.2721521 -0.2973497 -0.8860692 0.6955161 0.2599511 0.1061365 0.1113394 2.681709 -2.783978 0.4776631 -1.632523
59 5.508887 -0.3479348 -0.2782534 -0.8657457 1.024015 0.3346804 0.3489107 0.4707427 -2.13561 -1.103904 0.3563349 -0.4310155
60 5.277617 -0.4855972 -0.3513429 -0.3777208 1.130161 0.1147762 0.2335604 0.8836101 1.545138 -4.773058 0.4243645 -1.022322
61 5.485786 -0.3265495 -0.2678783 -0.9027726 1.20358 0.4370352 0.2384864 0.224581 0.5960102 -2.780266 1.010029 -1.609872
62 5.659787 -0.35931 -0.4354466 -0.4833942 1.253456 0.9056208 -0.1832973 0.1034139 0.0733358 -1.010862 0.3654077 -0.8526972
65 4.89541 -0.1727062 1.065249 -0.9806187 1.087759 1.71589 0.2056558 0.06033686 -3.983925 -0.186151 0.2238642 0.06669461
66 6.201964 -0.1987025 -1.181825 -0.3998669 1.017341 0.3188864 0.09438884 0.06282923 -3.772968 0.287757 0.2615021 -0.01364804
67 5.30012 -0.835027 -0.1404865 -0.843203 1.437623 0.7526597 0.2399835 0.09368983 -1.287688 0.09261805 0.3861833 -0.6248731
69 5.191009 -0.8716686 0.2685318 -0.503669 0.9541261 0.3625913 0.322291 0.4221506 -0.8974108 -1.454694 0.5948805 -0.7365047
70 5.775271 -1.331016 -0.5237909 0.06890971 1.622946 0.9493506 0.1637996 0.07180158 -1.612881 -0.9006874 1.011548 -1.324706
73 5.144306 -1.389669 -0.5369011 0.003003761 2.334562 0.6943822 0.3924087 0.3527691 0.5923899 -2.403143 0.4732969 -1.083568
74 5.33565 -1.351658 0.1828992 -0.1191652 1.661455 0.1158016 0.1524233 0.8785511 0.1782625 -1.976281 0.3678077 -0.981642
75 5.066613 -0.5751659 0.2778383 -0.5413886 1.124921 0.6063235 0.04463672 0.111703 -0.9012728 -1.103999 0.3167918 -0.4701649
79 5.657512 -1.108267 -0.1842613 -0.4570541 1.287561 0.1108213 -0.01043451 0.4674692 5.480791 -2.424436 0.2651977 -2.152084
80 5.547157 -0.8937582 -0.03043133 -0.5677897 1.381476 0.3178953 0.2605958 0.2837255 1.785344 -2.437467 0.2814937 -1.290144
82 5.775333 -0.9894608 -0.7724321 -0.04522568 1.332041 0.6210504 -0.1708579 0.1663808 2.47308 -1.986368 0.2300764 -1.288949
83 5.802407 -0.6534822 -0.1176581 -0.4668928 0.7393034 1.534304 0.3619195 0.09936282 -1.77787 -0.9894762 0.3073063 -0.336487
84 5.721749 -0.6762906 -0.06417124 -0.7678911 1.595615 0.3091201 -0.4330759 1.073256 -2.403271 -1.219737 0.390651 -0.2637699
85 5.398893 -0.721352 0.157301 -0.4624924 1.317791 0.3705735 0.3128796 0.3172202 2.018811 -0.7997311 0.3965232 -1.595726
86 5.31881 -1.005977 -0.524968 0.2114385 1.464882 0.4562826 -0.1413514 0.7742257 -2.136026 -1.302906 0.7205527 -0.7524579
92 5.722109 -0.5093807 -0.6305996 -0.475609 0.79019 0.2573224 0.1723075 0.2097904 2.075463 -1.36253 0.7308839 -1.660067
94 5.375293 -0.2264992 -0.03240743 -0.8002248 1.011971 0.2119145 0.1068011 0.1679401 -2.239276 -0.8385282 0.3833859 -0.3311647
95 5.899078 -1.399398 -0.5010996 -0.05115932 1.540338 0.5369054 0.6812616 0.9762025 -0.5734829 -1.323119 0.3982345 -0.8125504
96 5.745164 -1.019897 -0.1667622 -0.3476465 0.9418814 0.7537475 0.1563767 0.2033991 -1.020355 -1.013067 0.2523821 -0.3163608
102 5.283974 -0.5222824 0.3199965 -0.8197398 1.231922 0.6417407 0.6269667 1.040975 -2.47608 -1.956942 0.6154276 -0.4707374
103 5.213784 -0.9982984 -0.4205218 0.4118807 1.427104 0.3316319 0.04953789 0.02339744 -1.027909 -1.667304 0.9646347 -1.029328
104 5.838597 -0.9002956 -0.5781027 -0.001131227 1.052738 1.387403 0.1174154 0.03583085 0.1511327 -1.141222 0.6624547 -1.178964
105 6.0247 -0.3838231 -1.161444 -0.7099983 1.334242 2.005279 0.1058075 0.05625635 -0.2073149 -2.531791 0.9230391 -1.262453
106 4.99723 -0.7437498 -0.02881726 0.2720189 0.9921989 0.4875792 0.400809 0.7599877 -1.07753 -2.8236 0.4588229 -0.5160383
107 5.299712 -0.7587016 0.53548 -0.6243337 1.2369 0.8312306 0.4801531 0.3373657 -2.221298 -0.9985153 0.6511446 -0.5856397
109 5.236102 -0.5693598 0.4184634 -0.5533508 1.202088 0.7618991 -0.2497525 0.3897767 1.093394 -1.959038 0.1845405 -0.8585426
110 5.362183 -0.7699687 -0.1910814 -0.3507673 0.9549963 0.1501956 0.1374572 0.2011342 0.2983337 -1.743514 0.5075615 -0.973028
111 5.316314 -0.5011987 0.1965096 -0.684983 0.8619406 0.08986605 0.07667454 0.7331943 -0.20175 -0.4272016 0.2011033 -0.5429678
113 4.958516 -0.7035702 0.7322979 -0.6350717 1.160399 1.039885 0.2119954 0.06519508 0.4677081 -1.472633 0.8407357 -1.535332
114 5.737644 -0.4326057 0.01220982 -1.038416 0.6990908 0.0539292 -0.01479631 0.3204233 -2.738302 -1.308354 0.3785537 -0.1587785
119 5.881111 -0.6616621 -0.4696506 -0.3912491 0.9587838 0.7627443 -0.00703509 0.02108898 -1.842113 -1.324429 0.4587855 -0.4691838
120 5.874861 -0.8920323 -0.5877107 -0.1984142 0.6375598 0.6728507 0.2508047 0.1564933 -0.6997601 -0.7528838 0.6013404 -0.9545051
121 5.465694 -0.9516616 -0.3897654 -0.2306878 1.159763 0.646599 0.3831987 0.3439667 0.3957702 -1.545761 0.7597607 -1.490827
124 5.235622 -0.3903943 0.2141662 -0.6158587 1.270275 0.3208721 0.1899934 0.3117887 -3.082234 -0.7771962 0.5135153 -0.2489324
125 4.829913 -0.529852 0.4506669 -1.099521 1.584856 0.09841859 0.05044734 0.7049164 -2.212833 -0.1731713 0.6309589 -0.6439567
127 5.013199 -0.2918726 0.5528406 -1.751949 1.002265 0.4584154 2.516426e-09 9.350948e-10 -0.5910346 -1.109598 0.3150825 -0.5303587
129 5.110409 -0.5507522 0.05836109 -0.2313404 1.024503 0.5060125 0.2233752 0.2339868 -1.936113 -0.9666935 0.5964956 -0.7537337
130 5.047525 -0.4695817 0.09426905 -0.9192511 1.104117 0.4518281 0.279993 0.3450501 -0.9053184 -1.812319 0.5623386 -0.8756081
131 5.358715 -0.7269968 -0.01881788 -0.6423206 0.851092 0.3244001 0.239746 0.2356798 0.3827423 -2.399315 0.5707149 -1.013812
135 4.974102 0.03454233 -0.2746089 -0.7415937 1.144278 0.8551894 0.4463566 0.276457 -3.84176 0.01643795 0.5204363 -0.176418
136 5.332442 -0.6135015 -0.0353803 -0.4766664 1.177215 0.07595678 0.1401708 0.5618654 -1.525327 -0.745512 0.6073869 -0.8568124
137 5.332948 -0.8224941 0.5220196 -0.8355642 1.134403 0.08408253 0.04622312 0.17096 -0.07888548 -0.9868956 0.4746098 -1.005028
140 5.5412 -0.01219394 -0.2969123 -0.9247674 0.8969455 0.2922077 0.1871939 0.1713139 -2.463426 -0.7685467 0.5807538 -0.4791455
141 4.935092 -0.2131336 0.5509738 -1.151921 0.861397 0.1170236 0.1369247 0.3534215 1.321739 -1.163884 0.3310666 -1.016431
142 5.021768 -0.5038779 -0.3904054 -0.611193 1.091446 0.1593926 0.1269166 0.248341 -3.215378 0.1579512 0.807818 -0.7713316
143 5.991944 -1.348126 -0.2434577 0.4421264 1.782418 0.124072 0.2873654 0.9334548 -2.13069 -0.3838878 0.8413674 -1.001429
144 5.644309 -0.6267178 -0.6410089 -0.3240626 1.099197 0.07497016 0.125676 0.3133694 -1.380365 -0.762399 0.4176401 -0.5864285
147 5.345269 -0.3918262 0.3002877 -0.6964656 0.9156443 0.4643142 0.160283 0.1658727 0.1321251 -1.604513 0.5256909 -0.9550624
149 5.488976 -0.5377266 -0.7501085 -0.5068305 0.8193704 0.2532306 0.06711946 0.05690187 2.465928 -1.50612 0.7545486 -1.753427
150 4.922008 -0.524888 -0.1961539 -0.7133644 0.8325507 0.2509358 0.1684021 0.1670834 0.5783213 -2.037152 0.5112886 -1.263223
153 4.955266 -1.64854 0.1170817 0.6277903 1.189308 0.4923759 -0.06322827 0.5989362 -0.3767652 -1.698708 0.4904491 -0.8705519
155 5.006905 -0.5480453 0.5413938 -0.6288179 0.9996588 0.04564061 0.007697912 0.2921138 -1.037136 -0.4967984 0.388924 -0.5627161
156 5.195564 -0.6511276 -0.4449006 -0.1811474 1.32697 0.2450897 0.3084363 0.5379968 -1.794668 -1.605013 0.6142177 -0.7336606
159 5.772959 -0.7598278 -0.6255514 -0.3870334 0.9011604 0.9104384 -0.09426737 0.1549415 0.1771294 -1.946398 0.8919954 -1.43696
160 5.611941 -0.5175215 -0.1036551 -1.014127 1.286528 0.1781067 0.07039602 0.2014427 1.762111 -2.262158 0.3727646 -1.163508
162 5.261536 -0.353913 -0.03278826 -1.074086 0.6207315 0.1102041 0.141749 0.2435835 -3.093671 -0.01855889 0.6188398 -0.3989418
166 4.843208 -0.2425665 0.1584652 -0.9433775 1.101867 0.411911 0.1962887 0.2792883 0.03981453 -2.139305 0.560907 -1.290021
167 5.103454 -1.095963 0.6601183 -0.4171297 1.358273 0.2192279 0.1025286 0.2206564 0.9439327 -1.73948 0.7222159 -1.651467
169 5.223037 -0.8349865 -0.3576259 -0.0813641 1.605011 0.9703413 0.1125124 0.0902792 -1.164647 -1.207569 0.7358812 -0.8981613
170 5.125839 -0.9018915 0.2893179 -0.2257477 0.6531468 0.2502954 0.1540769 0.2414288 -1.028491 -2.197729 0.7208075 -1.034589
171 5.234589 -1.032403 -0.1491393 -0.1757661 1.090126 0.302257 0.04246452 0.04786606 1.30846 -1.579334 0.09525288 -0.9225458
172 4.97219 -0.9353673 0.0298672 -0.2714143 1.811989 1.514316 0.2961811 0.1043438 -0.7435634 -2.457366 0.4419263 -0.7842058
175 5.636239 -0.2952626 -0.8945094 -1.158976 1.238359 0.05312385 -0.02518471 0.4624171 -0.1189668 -1.025155 0.4970463 -1.04743
177 5.020518 -1.176847 0.9070387 0.1807231 1.429001 2.587017 0.02197515 0.3410597 -0.5505826 -0.9909078 0.8497382 -1.474365
180 5.689848 -0.819802 -0.7695749 -0.3478247 2.11891 0.7097514 0.4360111 0.3400869 -2.337611 -1.78184 0.9306716 -0.9020186
181 4.858517 -0.8177148 0.6182469 -0.2967049 1.42093 0.2661076 0.1608098 0.1977 0.05457527 -0.8807416 0.1746878 -0.7018181
