1 1.763017 0.8525264 0.9080803 5.292182 1.034189 0.8361505
2 0.6924442 0.52482 0.5960766 2.012411 0.5763565 0.7391283
3 0.7693955 0.6975428 0.7751568 0.838025 1.084325 1.03779
4 1.231104 1.093063 1.116227 2.18784 1.106651 0.9869718
5 3.723181 2.149036 2.143827 7.130443 1.922802 1.944702
6 0.5039659 0.4151752 0.3857371 1.480709 0.5976003 0.5075855
7 1.238606 0.6197097 0.6124508 3.933772 0.408117 0.3207805
8 0.4548962 0.381768 0.3437163 1.374423 0.4046368 0.4051516
9 2.720324 1.490713 1.244368 7.234456 1.51545 1.763631
10 2.578956 1.434331 1.490902 3.621114 1.529819 1.332881
11 4.583355 1.745545 1.657286 8.602653 1.707799 1.83459
12 2.644855 1.161677 1.124722 4.462441 0.9333608 1.003196
13 5.185421 2.936435 3.394596 8.604244 2.722051 2.843208
14 3.912105 1.176202 1.202954 7.025174 1.509782 1.680158
15 0.965612 0.8860737 0.8816638 1.541737 1.044509 0.9690845
16 1.456634 0.9653959 0.9349683 4.244736 0.9492475 0.9870927
17 1.975354 1.583167 1.40416 4.628523 1.904407 1.679861
18 6.556927 2.568911 2.505861 7.570999 2.442557 2.711575
19 4.495275 1.766972 1.914831 10.04957 1.711685 1.972732
20 4.097895 2.150446 2.189879 11.29937 2.048749 2.261707
21 1.992961 1.248624 1.188485 4.04483 1.481751 1.493187
22 3.449884 3.181545 3.247936 7.579156 3.315546 3.652795
23 2.954597 1.147018 1.338912 5.955867 1.367263 1.300885
24 3.782028 1.091596 1.112463 4.590586 1.112254 1.177901
25 1.48308 1.161147 1.244331 2.717999 1.058802 1.079592
26 1.934103 1.273486 1.418771 2.896856 1.29795 1.168994
27 1.028075 1.026216 0.8820985 4.502183 0.8779761 0.9285862
28 1.336279 1.130272 1.159623 3.718962 1.234739 1.363842
29 1.433795 1.446234 1.362341 2.695188 1.32432 1.514721
30 2.321356 0.9902154 0.8798423 3.748791 1.096689 0.8533002
31 3.845156 3.393359 3.585387 9.592588 3.691168 3.833495
32 1.79957 1.618567 1.450927 2.189961 1.536584 1.480672
33 2.586372 1.865962 2.018293 10.7429 2.545947 2.641486
34 3.011965 2.702263 2.721262 9.197679 2.655259 2.467598
35 2.272042 1.969283 2.094994 4.446378 2.228054 2.284085
36 0.3356139 0.3888119 0.4306552 1.25494 0.3540312 0.3951174
37 0.7133037 0.1371238 0.1838191 1.543482 0.1996655 0.2068227
38 4.528797 3.080091 3.429674 10.64456 3.917008 4.095632
39 1.651605 2.262342 2.148591 1.510562 2.170091 2.196695
40 2.451028 1.186845 1.041577 5.89304 1.104669 1.096514
41 1.289175 1.416857 1.295906 6.784133 1.559229 1.937833
42 1.443436 1.265165 1.372415 0.9176045 1.429201 1.473428
43 2.033421 1.516244 1.62956 3.390973 1.761512 1.602968
44 3.059957 0.7245791 0.5669678 5.689043 1.270433 1.200446
45 1.675287 1.792372 1.720256 2.301404 1.595972 1.693868
46 0.6548115 0.6273299 0.6526605 1.016279 0.8091141 0.8524614
47 1.677866 1.236543 1.243261 2.25811 1.241236 1.351449
48 3.049012 2.862051 2.726129 4.365304 2.277434 2.421621
49 1.381386 1.22606 1.234057 3.216533 0.9930784 1.022644
50 2.600319 0.9894182 1.031016 4.612045 0.9157613 1.103549
51 3.36739 0.8550579 0.909703 8.780181 0.9105528 1.035424
52 3.782553 2.258446 2.243347 4.924121 2.253148 2.20851
53 4.206589 2.038475 2.152414 8.131677 2.027222 2.106577
54 3.55945 1.852894 1.951068 8.241645 1.597527 1.657058
55 5.706004 1.154274 1.12902 2.131488 0.899748 0.8720072
56 1.982904 1.165434 1.032938 3.928822 1.254089 1.519813
57 1.881415 1.256144 1.225235 5.168087 1.437823 2.027269
58 3.081515 1.387132 1.294474 6.820929 1.515898 1.499465
59 2.594493 1.41894 1.469638 5.574882 1.514615 1.423129
60 2.202678 1.899901 1.977039 3.904093 2.010425 1.937373
61 2.312551 1.198747 1.292028 4.272838 1.449103 1.458332
62 2.204755 1.941736 1.934297 2.576387 1.863803 1.773153
63 2.808545 2.200952 2.232772 5.378853 2.293874 2.277015
64 5.781443 4.104769 4.022463 9.560064 3.940423 4.349199
65 0.9098221 0.8533633 0.7986837 1.160195 1.031166 0.9638777
66 1.161369 1.359408 1.464982 4.055224 1.185243 1.207711
67 1.809424 0.5509222 0.6130866 4.374703 0.6485773 0.6646131
68 1.595516 1.275591 1.280955 3.28742 1.338818 1.427977
69 0.7976473 0.8632398 0.9270958 1.247867 1.085062 0.9952315
70 2.40255 1.449272 1.285621 7.044076 1.494158 1.53819
71 1.877902 1.339298 1.364833 2.005008 1.347124 1.439679
72 0.7203146 0.6513408 0.6716515 1.865634 0.5919591 0.6734201
73 5.276839 4.896067 4.811588 5.964731 4.902455 4.689169
74 4.72462 2.056861 2.080521 4.707698 2.733846 2.386674
75 1.263163 1.211701 1.204559 4.420897 1.699207 1.559262
76 0.709656 0.7247451 0.6627765 0.9454161 0.7730266 0.8278016
77 2.263919 1.325772 1.432605 5.687664 1.613367 1.699806
78 2.640793 1.825525 1.857492 4.505245 1.690344 1.659582
79 0.9773253 0.5327646 0.6333423 2.77015 0.572473 0.5245838
80 2.089281 1.363669 1.494855 7.94977 1.200787 1.311599
81 1.956981 1.948108 2.123731 2.621761 1.926819 2.180223
82 0.7601161 1.446008 1.797613 1.291116 1.973988 1.737709
83 3.201986 1.643394 1.351794 4.521382 1.612872 1.58089
84 0.9988426 1.102085 1.056463 1.297665 1.155481 1.280208
85 1.628082 0.5281283 0.6805775 2.72507 0.7883625 0.9813818
86 2.17603 2.160757 2.175077 2.736106 1.888918 2.163413
87 5.314604 2.550652 2.567839 9.492371 2.430033 2.003051
88 1.676504 1.08043 1.133727 3.976042 1.130538 1.099569
89 2.520516 0.6772963 0.651835 4.916962 1.178927 0.8431983
90 11.61071 9.202911 9.315472 14.18004 9.491625 9.059594
91 2.238479 1.490416 1.58366 4.455658 1.35358 1.514369
92 3.173242 1.901702 1.96596 4.888784 1.950345 1.913016
93 0.8999171 0.6152062 0.6709406 1.718595 0.5577254 0.5458905
94 2.406549 1.420694 1.462136 5.834369 1.875833 1.814083
95 6.666398 5.498904 5.27882 11.98507 5.471734 5.489583
96 9.708728 8.301578 8.384236 11.98682 9.465564 9.047853
97 1.577411 1.62835 1.640914 2.553923 1.676352 1.956689
98 3.19623 1.289143 1.350954 5.796726 1.353723 1.43438
99 1.331833 1.200857 1.402777 1.318751 1.077189 1.240449
100 0.7056866 0.5091936 0.508167 1.210758 0.5503822 0.5301739
