2 2025002
3 2025003
4 2025004
5 2025005
7 2025007
9 2025009
10 2025010
12 2025012
15 2025015
17 2025017
21 2025021
24 2025024
29 2025029
31 2025031
37 2025037
38 2025038
41 2025041
42 2025042
44 2025044
45 2025045
46 2025046
47 2025047
48 2025048
49 2025049
51 2025051
52 2025052
54 2025054
56 2025056
57 2025057
58 2025058
59 2025059
60 2025060
61 2025061
62 2025062
65 2025065
66 2025066
67 2025067
69 2025069
70 2025070
73 2025073
74 2025074
75 2025075
79 2025079
80 2025080
82 2025082
83 2025083
84 2025084
85 2025085
86 2025086
92 2025092
94 2025094
95 2025095
96 2025096
102 2025102
103 2025103
104 2025104
105 2025105
106 2025106
107 2025107
109 2025109
110 2025110
111 2025111
113 2025113
114 2025114
119 2025119
120 2025120
121 2025121
124 2025124
125 2025125
127 2025127
129 2025129
130 2025130
131 2025131
135 2025135
136 2025136
137 2025137
140 2025140
141 2025141
142 2025142
143 2025143
144 2025144
147 2025147
149 2025149
150 2025150
153 2025153
155 2025155
156 2025156
159 2025159
160 2025160
162 2025162
166 2025166
167 2025167
169 2025169
170 2025170
171 2025171
172 2025172
175 2025175
177 2025177
180 2025180
181 2025181
