1 461.7304 459.8342 458.0118 468.7833 466.8258 465.0334
2 411.218 409.379 406.7692 422.7616 421.0473 418.5329
3 421.2855 419.3033 420.1163 439.4755 437.5354 438.126
4 452.9839 452.0504 450.4968 492.8752 491.9868 490.3906
5 433.8861 432.1547 436.8312 437.0121 435.3226 440.0708
6 445.5958 446.225 444.4154 466.579 468.2587 466.3857
7 424.9879 424.2689 422.0288 428.11 427.2959 424.997
8 452.6761 451.4225 448.057 453.8335 452.7597 449.4739
9 496.8205 497.5269 495.2074 518.4443 519.9872 517.7446
10 474.9265 473.1235 471.6177 489.4592 487.8649 486.2065
11 393.2376 391.375 392.9294 393.5057 391.3241 393.0748
12 524.327 525.0984 524.0712 534.5324 535.0233 533.8823
13 490.3342 488.8435 490.0582 491.1703 489.997 491.2531
14 448.045 446.4449 449.0952 460.4247 458.8846 461.3799
15 466.7113 464.7638 465.9401 469.8983 467.8404 468.945
16 488.7585 486.8965 489.3042 502.9455 500.9992 503.5067
17 471.8965 470.7582 471.738 476.4568 474.4615 475.5578
18 492.1389 490.4626 488.7949 496.1928 494.8355 493.1235
19 520.2787 521.4793 521.1791 529.8552 532.4637 531.9256
20 446.1513 445.5854 446.0574 465.0198 465.5122 466.0094
21 479.5295 478.8826 475.8541 515.4514 514.1884 511.3019
22 452.304 452.5133 449.3646 456.2778 457.0172 453.8181
23 467.8276 466.2697 470.6929 492.9181 491.4469 495.8801
24 444.1468 442.6031 440.1496 448.6779 447.5206 444.9197
25 448.8133 448.6045 444.6516 462.8335 462.5354 458.4577
26 350.9483 349.2856 350.5369 355.6862 354.3107 355.6363
27 400.1201 402.6995 402.1031 402.8868 404.6645 404.151
28 458.6591 461.024 459.672 463.9719 465.4513 464.1968
29 409.4223 408.2101 406.5426 431.955 431.5728 429.7657
30 431.7745 430.5027 447.4013 455.0513 453.3919 470.303
31 526.9293 525.7713 524.5464 541.6253 540.6631 539.4204
32 467.3072 465.3281 468.8712 476.202 474.251 477.6124
33 393.0897 391.7156 388.568 403.2659 401.6541 398.2608
34 495.909 496.5298 494.6963 499.3046 500.1409 498.1874
35 473.6935 472.0555 468.5619 478.8027 477.0807 473.5333
36 449.9376 452.0402 448.3968 455.2199 457.8212 454.2842
37 457.4854 455.0612 452.9443 485.1912 483.6425 481.4378
38 430.6718 429.122 426.571 440.7337 439.7918 437.2079
39 453.1487 451.2815 459.349 459.1507 456.9994 464.9279
40 469.108 467.1385 466.9312 472.2319 470.5558 470.2078
41 464.1723 462.818 461.5981 493.9048 493.2112 491.9824
42 460.6545 461.0637 457.334 478.7074 479.3875 475.5935
43 420.8223 422.1731 419.288 432.4561 434.2673 431.2613
44 458.5438 457.4793 458.995 468.4566 468.1816 469.6628
45 348.3807 354.166 355.6923 356.2729 364.4112 365.972
46 463.5364 462.4173 462.7391 482.4176 480.7276 480.973
47 485.3553 487.7949 489.9152 506.2134 510.8403 512.9273
48 444.1133 446.1622 442.5862 445.4771 447.3546 443.6612
49 430.7502 428.8678 435.0233 447.7298 445.834 451.9338
50 421.4499 421.1078 417.4186 435.4799 435.5888 431.8789
51 454.1131 454.436 451.121 476.8081 473.5604 470.2192
52 523.9479 523.9934 521.507 530.5661 532.6041 530.0323
53 417.0673 420.0284 419.7698 417.8988 421.144 420.8356
54 499.8549 498.16 496.5259 503.4824 501.6194 499.9763
55 461.24 459.7742 457.8152 489.8207 488.8544 486.8731
56 435.6173 439.623 438.3018 444.9024 449.7312 448.22
57 473.7796 474.0674 471.3384 501.7466 500.755 498.0875
58 454.4062 453.1461 453.2091 492.6292 490.9553 491.1162
59 396.5326 395.8137 396.3208 405.1424 404.7477 405.2186
60 459.7834 462.8415 458.8502 485.6544 490.5383 486.4684
61 427.421 426.2471 424.4567 439.4571 438.2528 436.3526
62 461.983 463.1396 470.7826 482.8261 482.6276 490.2803
63 429.8105 427.928 427.0408 430.9851 428.8881 428.0624
64 453.3717 451.4108 451.2167 467.2115 465.3189 465.1354
65 503.9756 502.724 503.9091 529.4293 529.1392 530.3733
66 480.7647 480.0488 478.7901 516.5677 515.4281 514.0978
67 431.7999 430.672 433.1019 442.2417 440.6744 443.1501
68 436.1259 435.2836 431.5642 457.9483 456.0426 452.2763
69 520.469 519.0508 519.4172 544.8465 543.851 544.3562
70 413.8592 420.2581 417.8299 470.3773 479.116 476.7202
71 454.3124 453.8548 451.4975 469.5996 468.8135 466.4868
72 413.768 412.5627 411.3453 417.8146 416.4329 415.312
73 443.4418 442.1009 445.8318 446.8631 445.4567 449.273
74 464.8441 463.0139 460.5338 488.4096 486.7388 484.0194
75 439.3927 437.3958 440.5535 446.9682 445.1614 448.2001
76 422.5638 423.3269 422.179 435.3577 436.6187 435.598
77 435.9166 435.3656 436.6106 461.5684 459.3724 460.4047
78 476.8687 483.5905 482.6064 497.6329 502.3165 501.4617
79 500.987 501.8076 500.586 507.0734 507.9647 506.5464
80 416.6747 418.0524 414.2424 419.0906 420.8842 417.1798
81 461.4992 461.8884 458.4716 467.8651 467.8951 464.3424
82 442.1027 441.0215 439.1466 449.2408 447.9945 445.8693
83 480.3978 479.8946 476.8242 486.4482 486.2292 482.9567
84 466.2798 464.4139 464.8672 466.8794 465.2784 465.8704
85 506.5408 505.3124 502.4014 527.5062 525.4357 522.587
86 496.9706 495.0584 493.183 506.8546 505.3545 503.368
87 439.4875 441.1484 437.1797 446.5123 449.1869 445.1661
88 459.2304 459.3924 456.7524 471.0017 471.6607 468.8453
89 425.1944 430.2484 426.972 429.1975 434.6263 431.3608
90 473.2416 474.2536 473.5635 488.3291 490.397 489.6004
91 442.0965 443.7592 442.3753 454.5812 455.0924 453.6756
92 500.6075 500.3082 498.6634 533.0487 532.5445 530.8
93 440.5526 439.7795 438.821 472.4913 472.0397 471.0445
94 467.4901 466.2251 466.1988 470.0406 469.1487 469.2154
95 520.3694 518.8083 514.9484 538.3893 536.581 532.7484
96 456.0671 455.1696 452.6082 462.7386 462.4438 459.7106
97 420.1862 418.4459 416.9811 428.612 426.2738 424.9972
98 472.7527 473.8747 471.0695 480.1659 484.1285 481.4185
99 437.5834 435.987 434.8507 449.0558 447.5409 446.3033
100 481.505 479.7859 476.9278 485.4467 483.6438 480.7696
