1 477.5758 474.4607 470.2006 483.4098 480.2335 476.0033
2 427.0633 424.0055 418.9579 437.3881 434.4549 429.5027
3 437.1309 433.9298 432.3051 454.1021 450.943 449.0958
4 468.8293 466.6769 462.6856 507.5017 505.3944 501.3605
5 449.7315 446.7812 449.02 451.6386 448.7303 451.0407
6 461.4412 460.8516 456.6041 481.2055 481.6663 477.3555
7 440.8332 438.8954 434.2175 442.7365 440.7035 435.9669
8 468.5215 466.049 460.2458 468.46 466.1673 460.4438
9 512.6658 512.1534 507.3962 533.0708 533.3948 528.7145
10 490.7719 487.75 483.8064 504.0857 501.2725 497.1763
11 409.083 406.0016 405.1182 408.1323 404.7317 404.0447
12 540.1724 539.7249 536.26 549.1589 548.4309 544.8522
13 506.1796 503.47 502.2469 505.7968 503.4046 502.223
14 463.8904 461.0714 461.284 475.0512 472.2922 472.3498
15 482.5566 479.3903 478.1289 484.5248 481.248 479.9148
16 504.6038 501.523 501.493 517.572 514.4068 514.4766
17 487.7419 485.3847 483.9267 491.0833 487.8691 486.5277
18 507.9843 505.0891 500.9837 510.8193 508.2431 504.0934
19 536.1241 536.1058 533.3678 544.4817 545.8713 542.8955
20 461.9967 460.212 458.2462 479.6463 478.9199 476.9792
21 495.3749 493.5091 488.0429 530.0779 527.5961 522.2718
22 468.1494 467.1399 461.5534 470.9043 470.4248 464.788
23 483.673 480.8962 482.8817 507.5446 504.8546 506.85
24 459.9922 457.2296 452.3384 463.3045 460.9283 455.8896
25 464.6587 463.231 456.8404 477.4601 475.943 469.4275
26 366.7937 363.9121 362.7257 370.3127 367.7183 366.6062
27 415.9655 417.3261 414.2919 417.5133 418.0721 415.1209
28 474.5045 475.6505 471.8607 478.5984 478.859 475.1666
29 425.2677 422.8366 418.7313 446.5815 444.9804 440.7356
30 447.6199 445.1292 459.59 469.6778 466.7995 481.2728
31 542.7747 540.3979 536.7352 556.2518 554.0707 550.3903
32 483.1526 479.9546 481.0599 490.8285 487.6587 488.5823
33 408.935 406.3421 400.7568 417.8924 415.0617 409.2306
34 511.7544 511.1564 506.8851 513.9311 513.5485 509.1573
35 489.5389 486.682 480.7507 493.4292 490.4883 484.5032
36 465.783 466.6667 460.5856 469.8464 471.2289 465.254
37 473.3308 469.6877 465.1331 499.8177 497.0501 492.4077
38 446.5172 443.7485 438.7597 455.3602 453.1994 448.1778
39 468.9941 465.908 471.5377 473.7772 470.407 475.8978
40 484.9534 481.765 479.12 486.8584 483.9634 481.1777
41 480.0177 477.4445 473.7868 508.5313 506.6188 502.9523
42 476.4999 475.6902 469.5227 493.3339 492.7952 486.5634
43 436.6677 436.7996 431.4768 447.0827 447.6749 442.2312
44 474.3892 472.1058 471.1837 483.0831 481.5892 480.6327
45 364.2261 368.7926 367.8811 370.8994 377.8189 376.9419
46 479.3818 477.0438 474.9278 497.0441 494.1352 491.9428
47 501.2007 502.4214 502.1039 520.8399 524.248 523.8972
48 459.9587 460.7887 454.775 460.1036 460.7623 454.6311
49 446.5956 443.4944 447.2121 462.3563 459.2417 462.9037
50 437.2953 435.7343 429.6074 450.1064 448.9965 442.8488
51 469.9585 469.0625 463.3097 491.4346 486.968 481.1891
52 539.7933 538.6199 533.6957 545.1926 546.0117 541.0022
53 432.9127 434.6549 431.9586 432.5253 434.5516 431.8054
54 515.7002 512.7865 508.7147 518.1089 515.027 510.9462
55 477.0854 474.4007 470.004 504.4472 502.262 497.843
56 451.4627 454.2495 450.4906 459.5289 463.1389 459.1899
57 489.625 488.6939 483.5271 516.3731 514.1626 509.0574
58 470.2516 467.7726 465.3978 507.2558 504.3629 502.0861
59 412.378 410.4402 408.5096 419.7689 418.1554 416.1884
60 475.6287 477.468 471.039 500.2809 503.9459 497.4383
61 443.2664 440.8737 436.6454 454.0836 451.6604 447.3225
62 477.8284 477.7661 482.9714 497.4526 496.0352 501.2502
63 445.6559 442.5546 439.2296 445.6116 442.2957 439.0322
64 469.2171 466.0373 463.4054 481.838 478.7265 476.1053
65 519.8209 517.3506 516.0979 544.0558 542.5469 541.3432
66 496.6101 494.6753 490.9789 531.1942 528.8357 525.0677
67 447.6453 445.2985 445.2906 456.8682 454.0821 454.12
68 451.9713 449.9101 443.753 472.5748 469.4502 463.2462
69 536.3144 533.6773 531.6059 559.473 557.2586 555.3261
70 429.7046 434.8846 430.0187 485.0038 492.5236 487.6901
71 470.1577 468.4813 463.6862 484.2261 482.2211 477.4566
72 429.6134 427.1892 423.5341 432.4411 429.8406 426.2819
73 459.2872 456.7274 458.0205 461.4897 458.8643 460.2429
74 480.6895 477.6404 472.7226 503.0361 500.1465 494.9893
75 455.2381 452.0223 452.7422 461.5947 458.569 459.17
76 438.4091 437.9534 434.3678 449.9842 450.0264 446.5679
77 451.762 449.9921 448.7994 476.195 472.7801 471.3746
78 492.7141 498.217 494.7952 512.2594 515.7241 512.4315
79 516.8324 516.4341 512.7747 521.6999 521.3724 517.5163
80 432.5201 432.6789 426.4312 433.7171 434.2918 428.1497
81 477.3446 476.5149 470.6604 482.4916 481.3028 475.3122
82 457.9481 455.648 451.3354 463.8673 461.4021 456.8392
83 496.2431 494.5211 489.013 501.0747 499.6368 493.9266
84 482.1252 479.0404 477.0559 481.5059 478.6861 476.8403
85 522.3862 519.9389 514.5901 542.1327 538.8433 533.5569
86 512.8159 509.6849 505.3718 521.4811 518.7621 514.3379
87 455.3329 455.7749 449.3684 461.1388 462.5945 456.136
88 475.0758 474.0189 468.9411 485.6282 485.0684 479.8152
89 441.0398 444.8749 439.1608 443.824 448.0339 442.3307
90 489.087 488.8801 485.7523 502.9556 503.8046 500.5703
91 457.9419 458.3857 454.564 469.2077 468.5 464.6455
92 516.4529 514.9347 510.8521 547.6752 545.9521 541.7699
93 456.398 454.406 451.0098 487.1178 485.4473 482.0144
94 483.3355 480.8516 478.3876 484.6671 482.5563 480.1852
95 536.2148 533.4348 527.1372 553.0158 549.9886 543.7182
96 471.9125 469.7961 464.797 477.3651 475.8514 470.6804
97 436.0316 433.0725 429.1699 443.2385 439.6814 435.9671
98 488.5981 488.5012 483.2582 494.7924 497.5361 492.3884
99 453.4288 450.6135 447.0395 463.6823 460.9485 457.2732
100 497.3504 494.4124 489.1166 500.0732 497.0514 491.7395
