1 0.16
2 0.2
3 0.24
4 0.32
5 0.24
6 0.36
7 0.2
8 0.24
9 0.24
10 0.28
11 0.52
12 0.32
13 0.24
14 0.2
15 0.16
16 0.4
17 0.4
18 0.24
19 0.28
20 0.24
21 0.28
22 0.08
23 0.2
24 0.24
25 0.2
26 0.32
27 0.2
28 0.2
29 0.24
30 0.28
31 0.08
32 0.4
33 0.32
34 0.32
35 0.2
36 0.24
37 0.2
38 0.12
39 0.44
40 0.28
41 0.28
42 0.2
43 0.24
44 0.24
45 0.52
46 0.28
47 0.16
48 0.16
49 0.32
50 0.28
51 0.28
52 0.24
53 0.36
54 0.16
55 0.2
56 0.16
57 0.32
58 0.32
59 0.24
60 0.28
61 0.08
62 0.24
63 0.28
64 0.2
65 0.2
66 0.28
67 0.2
68 0.16
69 0.16
70 0.36
71 0.24
72 0.08
73 0.2
74 0.28
75 0.24
76 0.36
77 0.28
78 0.12
79 0.2
80 0.28
81 0.32
82 0.2
83 0.24
84 0.16
85 0.2
86 0.24
87 0.24
88 0.32
89 0.2
90 0.28
91 0.28
92 0.2
93 0.12
94 0.24
95 0.2
96 0.36
97 0.32
98 0.24
99 0.08
100 0.16
