1 -210.5289 -211.4109 -211.6016 -218.9083 -219.6777 -219.8189
2 -216.3847 -218.149 -218.6873 -233.4758 -234.0018 -234.4413
3 -204.0781 -204.1306 -204.7817 -218.3933 -218.5074 -219.1388
5 -221.6597 -222.4195 -224.7526 -243.2092 -244.594 -246.9898
11 -232.928 -237.5076 -238.7368 -249.4102 -254.3425 -255.5935
16 -209.6372 -210.5216 -211.2587 -211.9696 -212.7699 -213.5426
18 -213.2071 -214.9714 -216.7469 -215.2213 -217.0156 -218.7522
19 -220.1987 -221.7456 -222.4159 -232.4121 -233.4864 -234.184
20 -230.8284 -230.827 -233.1103 -242.2145 -242.188 -244.5388
21 -240.1516 -240.339 -240.9124 -246.308 -246.2409 -246.851
26 -230.4332 -230.9042 -234.9038 -237.8155 -239.3553 -243.354
27 -223.8516 -225.1095 -225.5338 -229.7711 -230.9748 -231.4067
30 -226.3759 -227.9152 -228.5188 -232.1332 -233.9993 -234.6414
32 -231.85 -232.1381 -235.166 -238.7721 -239.0455 -242.0759
33 -220.3786 -220.4293 -221.6574 -224.7978 -224.8336 -226.0896
36 -209.1062 -210.7528 -212.6385 -214.0681 -215.4016 -217.2101
37 -239.1208 -240.2314 -241.3479 -248.9607 -250.1941 -251.2771
38 -219.1347 -219.9249 -220.8915 -234.2355 -235.4824 -236.4861
40 -213.1646 -215.3264 -215.3381 -224.7687 -227.5006 -227.4679
47 -226.3441 -226.807 -227.3027 -235.5066 -236.0895 -236.5619
52 -233.5196 -234.3008 -235.5393 -262.3534 -263.8897 -265.1648
54 -208.4035 -208.4076 -209.2899 -216.7248 -216.8518 -217.6942
55 -240.3365 -240.7993 -241.348 -244.7605 -245.1643 -245.8148
56 -233.1174 -234.0397 -234.1981 -241.3085 -242.5551 -242.7067
58 -217.6044 -218.2929 -220.1721 -225.7404 -226.3626 -228.1982
59 -191.3811 -192.5789 -194.1062 -197.398 -198.6836 -200.1993
60 -200.8083 -201.0509 -201.8683 -205.7101 -206.0819 -206.9162
61 -201.7349 -201.744 -204.3909 -215.007 -215.0716 -217.709
62 -223.9066 -226.7246 -226.847 -228.8954 -231.5859 -231.7383
63 -227.4945 -227.6667 -230.4012 -236.861 -236.9704 -239.6942
64 -194.2429 -196.8687 -197.1618 -198.835 -201.2717 -201.5739
65 -208.5145 -210.5755 -210.8228 -226.6834 -228.0531 -228.3588
66 -219.2209 -219.2383 -222.3618 -222.7169 -222.5904 -225.7176
67 -220.896 -219.5625 -221.3578 -245.9799 -247.1765 -249.0204
69 -186.5593 -186.8833 -189.2554 -194.4881 -194.9189 -197.2964
73 -217.563 -217.6651 -217.7782 -235.8646 -235.9857 -236.061
74 -206.8383 -209.166 -210.0819 -210.1907 -213.8697 -214.7443
76 -218.5278 -219.1126 -221.8509 -226.6561 -227.6929 -230.4497
81 -185.201 -186.7623 -188.695 -192.6226 -194.379 -196.3432
85 -216.0744 -216.1169 -218.0285 -220.5195 -220.5355 -222.4158
86 -236.9074 -238.2061 -239.1095 -249.0525 -250.3488 -251.254
87 -209.1374 -210.0869 -210.5914 -226.4803 -227.1097 -227.6441
90 -204.5254 -204.6819 -205.7002 -207.5637 -207.5741 -208.5759
92 -235.8843 -238.7811 -239.2909 -240.5692 -243.5771 -244.1156
93 -247.1967 -247.9799 -248.1043 -257.991 -258.5861 -258.7526
94 -194.9069 -195.6235 -199.5661 -197.7255 -198.4838 -202.4593
95 -199.2894 -199.8292 -200.9301 -212.332 -212.7725 -213.8232
98 -229.6446 -229.9211 -230.2798 -233.4445 -233.622 -233.9666
99 -204.8727 -204.9473 -206.4311 -215.3556 -215.6579 -217.112
101 -223.5098 -223.966 -225.9724 -231.4192 -231.8575 -233.9539
102 -191.3166 -191.3129 -193.97 -194.4628 -194.4099 -197.0646
103 -216.4819 -217.6734 -218.5344 -221.8621 -223.0957 -223.9064
105 -207.573 -210.4208 -210.9276 -208.7147 -211.7244 -212.1753
106 -248.1023 -248.5285 -249.7946 -271.6737 -272.4923 -273.7959
111 -221.958 -223.318 -224.2438 -231.4464 -232.9684 -233.9135
115 -217.7444 -219.6976 -221.1012 -221.4282 -223.2844 -224.6876
118 -231.3516 -231.7389 -231.8316 -245.1486 -245.7765 -245.8833
120 -229.0099 -229.8464 -231.9085 -245.2424 -245.2707 -247.3438
121 -242.5112 -243.8474 -246.1533 -267.7159 -269.0057 -271.3206
123 -206.0838 -206.345 -208.6587 -214.1922 -214.8296 -217.1684
124 -209.4496 -210.4334 -211.3069 -214.1066 -215.1169 -216.0829
126 -196.8731 -198.2694 -199.3164 -203.7415 -204.5694 -205.691
128 -233.0091 -234.388 -235.4196 -236.9407 -239.0687 -240.0802
129 -214.4696 -214.9496 -215.2269 -215.8008 -216.2324 -216.5597
130 -186.271 -187.5695 -192.702 -188.6261 -189.4661 -194.5828
131 -190.6926 -191.6204 -193.7459 -193.3363 -194.1307 -196.1551
133 -229.3057 -229.5371 -229.9844 -232.7678 -232.9247 -233.3528
134 -216.4522 -220.4824 -221.5716 -221.1126 -224.7276 -225.8352
139 -220.4841 -220.9251 -223.2572 -227.0324 -227.3113 -229.6804
142 -217.3465 -217.4527 -217.8914 -228.412 -228.5695 -228.9957
144 -227.9648 -235.1387 -239.3808 -236.7665 -243.8559 -248.1202
145 -218.2313 -219.7634 -220.2555 -220.8309 -222.4631 -222.9508
148 -196.4206 -196.5642 -198.5447 -224.8622 -225.1232 -227.0916
149 -203.5845 -204.2218 -207.2402 -213.2541 -214.3566 -217.3864
150 -210.2773 -211.7352 -211.7697 -215.0419 -216.6321 -216.6433
153 -245.0177 -245.1215 -246.6025 -254.2417 -256.0726 -257.5102
154 -205.604 -205.6151 -209.0624 -209.4626 -209.4927 -212.9376
155 -233.71 -234.3504 -235.3099 -235.5793 -236.2302 -237.2633
156 -224.5486 -225.0939 -226.7617 -226.9904 -227.4786 -229.1497
162 -233.1577 -233.6242 -233.8981 -238.2499 -239.2712 -239.571
163 -208.2957 -208.3885 -208.757 -210.784 -210.9573 -211.2928
166 -218.549 -220.1567 -221.0093 -233.2513 -235.2766 -236.1334
168 -214.6008 -214.997 -215.4037 -219.0622 -219.3686 -219.8234
173 -200.7641 -201.6806 -202.3744 -201.6608 -202.7326 -203.425
174 -207.9449 -209.2111 -210.1276 -211.6415 -212.982 -213.8897
175 -203.5511 -203.6663 -204.9615 -228.5927 -228.6971 -230.0039
176 -213.4367 -213.433 -214.3134 -221.4291 -221.5347 -222.3017
178 -236.2495 -239.3585 -239.4666 -266.9599 -270.5878 -270.743
179 -231.9469 -232.6038 -235.3516 -257.3499 -257.4819 -260.2591
181 -214.5984 -214.6075 -214.6284 -245.8729 -245.8836 -245.9222
182 -207.7624 -208.6046 -208.9742 -222.9658 -224.1246 -224.4557
183 -220.8633 -220.6391 -221.503 -231.6098 -231.7561 -232.5498
184 -222.7147 -223.2493 -228.1875 -233.5525 -233.8153 -238.7283
185 -223.3033 -223.7428 -225.7427 -227.4754 -227.7975 -229.8013
187 -217.4363 -217.4412 -217.4848 -221.9206 -221.9129 -221.9561
190 -205.3954 -208.2889 -208.6406 -229.2277 -230.6871 -231.0418
191 -213.4072 -214.7711 -215.6808 -220.8637 -222.4016 -223.302
192 -223.5052 -223.6766 -224.2798 -227.8711 -228.046 -228.6453
193 -227.1571 -227.3918 -227.9973 -252.7865 -252.8988 -253.4249
195 -206.1358 -212.2331 -212.5295 -210.2484 -215.5439 -215.8604
