1 0.8863835 1.210092 1.150726 1.108006 1.101707 1.115781
2 0.494498 0.5112234 0.4758521 0.6617328 0.457338 0.5028831
3 0.8765174 0.8624919 0.9176717 1.095816 0.964118 1.002902
4 1.433214 0.9865026 0.9712868 1.230423 1.150798 1.11338
5 0.6675141 0.6618321 0.6353203 0.6185978 0.6884478 0.577881
6 1.336499 0.8753924 0.8888334 1.772911 0.9536815 0.9647604
7 0.8945977 0.7804969 0.8824782 1.068429 0.8236984 0.8578163
8 0.9356163 0.5955558 0.5790432 1.238405 0.5900631 0.5483708
9 1.815515 1.766929 1.780033 2.507131 1.796604 1.760138
10 0.7881558 0.8371387 0.7929355 0.6874264 0.8759782 0.9214789
11 1.101656 1.077384 1.054725 1.26881 1.108031 1.1759
12 1.456502 1.164228 1.159842 2.671453 1.173153 1.178201
13 1.432484 1.213959 1.304608 2.351449 1.275251 1.256428
14 1.943042 1.623159 1.699438 2.237871 1.686633 1.830038
15 0.6708822 0.7016691 0.7951264 0.8924068 0.7047443 0.6407477
16 0.8062459 0.8149254 0.8529494 0.8428796 0.7107031 0.8566936
17 1.549644 1.400831 1.335406 2.592272 1.415174 1.453439
18 1.592176 1.322498 1.260361 1.795727 1.126992 1.149728
19 1.435101 0.9176678 0.8712788 2.580915 0.8522999 0.6621247
20 1.327183 0.878904 0.9030243 2.032526 1.161182 1.161797
21 1.294889 1.582154 1.51318 1.611766 1.551853 1.66927
22 1.486135 0.4630888 0.4977702 2.143449 0.5910975 0.4752108
23 0.6437237 0.6850877 0.6638123 0.6009016 0.5990208 0.5921992
24 0.6727498 0.707276 0.6826438 0.8501264 0.6771889 0.6476057
25 0.6923896 0.7417602 0.7272277 1.323828 0.7348687 0.8248059
26 0.6257073 0.7064711 0.7373739 0.5839088 0.7122606 0.7978723
27 2.300114 1.278169 1.41926 2.588063 1.107764 1.118083
28 1.28606 0.3935078 0.4561049 1.71868 0.4261675 0.4586647
29 0.7921624 0.7710397 0.7895171 1.43601 0.741981 0.7752012
30 0.8095287 0.9524697 0.949255 1.342315 1.176045 1.176128
31 0.5260386 0.5482939 0.6259006 0.8797692 0.7062516 0.5334473
32 0.6307004 0.5918685 0.6234914 0.7840514 0.7580711 0.64579
33 1.266479 1.088444 1.119796 1.355588 1.108451 1.156209
34 1.740151 1.391645 1.434392 2.304732 1.470917 1.428157
35 0.8478134 0.6415324 0.6743516 1.093622 0.6230661 0.7215474
36 1.474386 1.151685 1.060564 1.836609 1.121613 1.152165
37 0.6713087 0.7038363 0.8005193 0.6030239 0.7627829 0.6826901
38 0.7143708 0.7418467 0.8496661 1.019393 0.7941478 0.7615327
39 0.6328509 0.5675213 0.5489731 0.7759662 0.5779346 0.561792
40 0.4401832 0.4777387 0.5103682 0.5440121 0.4915505 0.464181
41 0.8122916 0.919325 0.9936803 0.9851448 0.8146077 0.8147634
42 1.12803 0.9168672 0.8753786 1.659567 0.9504356 0.8481575
43 0.5723368 0.8361864 0.8482043 0.5951004 0.8991927 0.8339095
44 0.7895593 0.7309922 0.8166119 1.401658 0.8119341 0.7610532
45 1.154576 0.8099357 0.801397 1.572222 0.7772805 0.8129579
46 0.887514 0.702019 0.7341177 0.7699913 0.7020162 0.7134474
47 0.8276069 0.831364 0.8591767 1.490849 0.9963116 1.089159
48 0.8950068 0.756018 0.7777743 1.190502 0.9987323 0.8924032
49 0.976277 0.9760303 0.9480097 0.986685 0.9734595 1.041743
50 0.7694021 0.5385127 0.5798381 1.242766 0.5535236 0.6269807
51 2.374974 1.709156 1.633818 2.723173 1.429989 1.521255
52 0.7901042 0.5704699 0.639592 1.676944 0.6383985 0.7081898
53 1.261026 0.7440043 0.853559 1.621773 0.8659569 0.8655845
54 0.4172387 0.4214564 0.3961666 0.2966356 0.2906613 0.3937958
55 0.8365047 0.9007527 0.9977404 1.055577 0.9374837 1.03037
56 1.57615 0.6340766 0.6095462 2.067656 0.5185414 0.6171905
57 1.286968 0.9799185 1.040674 2.428429 0.9643474 0.9902459
58 0.6321026 0.6503078 0.5850075 1.413172 0.6132836 0.6096946
59 0.7130158 0.6474191 0.6001292 1.045544 0.6381803 0.6648966
60 0.709262 0.6178577 0.5679378 1.670224 0.623814 0.5967965
61 0.6386496 0.3839523 0.2693055 0.9408353 0.2928059 0.2019711
62 1.975688 1.259614 1.250454 2.245951 1.241994 1.223902
63 1.052929 0.8649107 0.9265161 1.04626 0.8996458 0.9168109
64 0.9512987 0.9987319 0.9931744 0.9625819 0.9199064 1.024533
65 1.399472 1.292193 1.348136 2.802289 1.305645 1.449706
66 1.210579 1.043073 1.059741 1.675284 0.9906679 0.9920052
67 1.869917 1.804292 1.748648 1.73135 1.678326 1.551474
68 1.70787 1.09707 1.072646 1.023865 1.016931 1.024086
69 1.030642 0.8414278 0.7948313 1.819668 0.811846 0.9394054
70 2.382503 1.716586 1.845341 3.427095 2.47024 2.510556
71 0.6063447 0.8922108 0.8149726 1.135219 0.9655231 0.95428
72 0.6759005 0.8132712 0.9599582 0.5946917 0.8968016 0.8327483
73 1.005062 0.9621195 1.084007 0.8563204 1.147086 1.163173
74 0.809459 0.6742753 0.765983 0.8414083 0.8094328 0.8309043
75 0.5313992 0.5159501 0.5357146 0.7931789 0.5859009 0.5478867
76 0.8100547 0.8005058 0.8903041 2.098877 0.898107 0.8759899
77 0.9112069 0.8297182 0.8722265 2.956395 0.8872756 0.8928303
78 3.413576 1.732393 1.538408 3.271852 1.669581 1.603033
79 0.7699475 0.6861384 0.6782249 0.953323 0.5429241 0.6954648
80 0.9153605 0.5933463 0.5911134 1.271273 0.5490756 0.5455003
81 1.385111 1.066943 1.077094 1.79368 1.046649 0.9846395
82 0.5915608 0.4531621 0.5416179 1.005266 0.5818138 0.4771348
83 1.619936 1.524161 1.548924 1.920377 1.616206 1.665153
84 0.4135264 0.4516423 0.4379958 0.511561 0.6783453 0.5616083
85 1.105637 1.04945 1.165127 1.360059 1.074473 1.072534
86 0.7817951 0.7963182 0.6932401 0.9627578 0.7958144 0.7554834
87 1.06194 0.6957683 0.7199509 1.66933 0.7545761 0.6682107
88 0.9827197 1.064937 1.041822 1.286748 1.01971 1.117518
89 1.936915 0.8889473 0.864042 2.378777 0.7759321 0.747041
90 0.9443 0.8282222 0.8580142 1.5763 0.9282056 0.9272212
91 2.496996 1.790904 1.794806 2.902227 1.994584 1.745806
92 2.547248 1.775913 1.778171 2.286307 2.121618 2.251664
93 1.01601 0.9516777 0.8698958 1.715338 0.8939542 0.817447
94 1.00744 1.021524 1.078163 0.7935299 0.984135 1.043638
95 0.6149553 0.6905059 0.6498288 0.795792 0.7417165 0.6679535
96 0.506244 0.5521499 0.5568933 0.9646186 0.4947673 0.4598385
97 0.8071504 0.7923498 0.8340747 1.119336 0.8820533 0.8343432
98 1.227358 1.026446 0.9811337 1.721315 0.9529103 1.100679
99 0.6843529 0.4844245 0.5894268 1.007695 0.4274997 0.5109671
100 0.7721707 0.6847551 0.7130067 1.091173 0.7805086 0.796546
