1 0.2342317 0.2919934 0.280359 0.2714298 0.2542688 0.2649452
2 0.1105656 0.1195757 0.1042066 0.1481324 0.1041379 0.1109726
3 0.1803985 0.1800829 0.1881598 0.2015957 0.2049186 0.2089782
4 0.4544392 0.264584 0.2556487 0.4042661 0.3710423 0.3899488
5 0.1357284 0.1402948 0.1323457 0.1289291 0.1476629 0.1221731
6 0.3117202 0.1860133 0.1879234 0.3722964 0.2223517 0.2306185
7 0.2297256 0.2434826 0.2738148 0.2521022 0.2636343 0.272441
8 0.21682 0.1330507 0.1345394 0.2922675 0.1337604 0.126144
9 0.3349506 0.3450046 0.346459 0.4832043 0.3382936 0.3381976
10 0.2196467 0.2359773 0.2246196 0.1870434 0.2535335 0.2610653
11 0.2596166 0.2661749 0.2631391 0.2576926 0.2712288 0.2894286
12 0.3241264 0.2487096 0.2430982 0.6093503 0.2704084 0.2643008
13 0.2175868 0.2033615 0.2191185 0.4140792 0.2149642 0.1995253
14 0.3007844 0.2509563 0.2639873 0.3208572 0.2495273 0.2866157
15 0.1347512 0.1377794 0.156761 0.1846646 0.1355078 0.1258922
16 0.1939503 0.1909065 0.1956739 0.2145256 0.1663401 0.1997665
17 0.2028766 0.1804027 0.1682699 0.3966179 0.1859443 0.1930859
18 0.2610443 0.2045995 0.1990555 0.2849732 0.1627716 0.1745599
19 0.2752874 0.1839886 0.1686076 0.5051449 0.1673572 0.1221101
20 0.2297993 0.1846687 0.1827811 0.3392116 0.2480216 0.2470234
21 0.3745654 0.4012817 0.3749352 0.4444643 0.3819002 0.418895
22 0.3240148 0.102474 0.1136019 0.5024595 0.1158532 0.09565607
23 0.1768614 0.1817188 0.1819936 0.1732505 0.1542629 0.1568106
24 0.1506191 0.1670622 0.1568985 0.1708496 0.1640007 0.1474245
25 0.1615248 0.2042953 0.2095743 0.31734 0.2373792 0.2581203
26 0.1097061 0.122454 0.1295662 0.09912566 0.1242395 0.1404803
27 0.418007 0.2219489 0.2513047 0.4743645 0.1907517 0.1905761
28 0.3606293 0.1068597 0.1280939 0.4580899 0.1143291 0.1345266
29 0.1493533 0.1436368 0.1468603 0.3051809 0.1399429 0.1441119
30 0.1239572 0.1474682 0.1467145 0.2101829 0.1808487 0.1835452
31 0.1311208 0.1435383 0.1605023 0.216229 0.1788565 0.1394308
32 0.1513864 0.1501367 0.1587314 0.1725321 0.2045229 0.1567607
33 0.243818 0.2111679 0.2138567 0.2614977 0.2139667 0.2253069
34 0.2722072 0.2264302 0.2366348 0.3841426 0.2353477 0.2372958
35 0.1581733 0.1183197 0.1241292 0.2040353 0.1147579 0.1341385
36 0.3792458 0.3230427 0.3003033 0.4082359 0.3245733 0.3273504
37 0.2847793 0.2937667 0.3301876 0.2343775 0.3195805 0.2837469
38 0.128903 0.1448634 0.1682958 0.2048061 0.156598 0.1375943
39 0.1266658 0.1161022 0.1136025 0.1559394 0.1162743 0.1136452
40 0.1110191 0.1156146 0.1224703 0.1356227 0.1172338 0.1156012
41 0.189916 0.2232345 0.244665 0.2145343 0.1925514 0.1944043
42 0.3223014 0.2735145 0.2650003 0.457078 0.271019 0.2574691
43 0.4649527 0.5692525 0.6183401 0.2353265 0.5715351 0.5568375
44 0.180182 0.1967265 0.2095534 0.2767982 0.2073338 0.2082014
45 0.2460554 0.2005598 0.2090158 0.3304805 0.1877858 0.1945629
46 0.1283207 0.1038405 0.1062999 0.1123532 0.1058277 0.1093945
47 0.2373989 0.3272698 0.3014339 0.4589974 0.368537 0.3943172
48 0.2154945 0.2015758 0.1960836 0.2800068 0.2721655 0.2405723
49 0.8158018 0.782378 0.7311619 0.7482697 0.8124784 0.8119349
50 0.1948421 0.1338702 0.1449702 0.3072818 0.1380842 0.1556779
51 0.4861639 0.3595397 0.3395779 0.5329744 0.2821605 0.2985277
52 0.2142705 0.1920359 0.2177994 0.4192043 0.2086216 0.2269403
53 0.2773151 0.1783801 0.2006088 0.3620946 0.200325 0.2014363
54 0.07662462 0.07882603 0.0758785 0.05449519 0.05324356 0.07738669
55 0.2363213 0.2550951 0.2810159 0.2640741 0.2626828 0.2891605
56 1.623934 0.8246495 0.7789411 1.686733 0.5471397 0.8050172
57 1.939494 1.083895 1.251174 1.821722 0.899948 0.8495554
58 0.1523617 0.1484133 0.1273114 0.3518513 0.1336309 0.1327921
59 0.2236116 0.1964953 0.1814227 0.3089958 0.1835186 0.1969304
60 0.1531992 0.161963 0.152519 0.3589291 0.1732589 0.1585215
61 0.1234084 0.07557706 0.05248757 0.1796622 0.05715235 0.03978127
62 0.4954249 0.398117 0.4025878 0.5157964 0.450957 0.4116761
63 0.2382081 0.1995576 0.2147869 0.2376684 0.2062015 0.2064604
64 0.6147545 0.6295475 0.6016266 0.5717719 0.5156768 0.5884323
65 0.2058247 0.1583971 0.1867987 0.599521 0.1726246 0.2381118
66 0.3749328 0.3457208 0.3404356 0.3803579 0.3444074 0.347387
67 0.2948951 0.2969747 0.2868399 0.2680637 0.2738238 0.2388767
68 0.4410582 0.3839472 0.3757582 0.3636521 0.4004668 0.4031547
69 0.2158691 0.1794084 0.1646606 0.4191555 0.1608998 0.2074568
70 0.4405242 0.3205963 0.3346774 0.6914276 0.4295471 0.450996
71 0.3066694 0.4774703 0.4547694 0.3300882 0.513044 0.504152
72 0.1493705 0.192248 0.2274051 0.1199072 0.2187369 0.2009757
73 0.161128 0.1516135 0.1696245 0.1334605 0.1745436 0.1775421
74 0.2305618 0.1835955 0.2002156 0.2334858 0.2281319 0.2302139
75 0.1099642 0.1081846 0.1111601 0.1622318 0.1147208 0.1106158
76 0.1622636 0.1661159 0.1833779 0.442052 0.1908692 0.1866363
77 0.151853 0.1410443 0.1480303 0.5662153 0.1556463 0.159294
78 0.6655485 0.3330602 0.2990374 0.6450993 0.3222212 0.3136558
79 0.1902988 0.1866471 0.1792519 0.2144105 0.1558785 0.1910117
80 0.2727167 0.1533586 0.1498475 0.3427069 0.1397895 0.1299198
81 0.2907866 0.1850309 0.2141095 0.4632726 0.1964652 0.1888336
82 0.1171312 0.1129125 0.1234181 0.2333876 0.142752 0.1242489
83 0.3574833 0.4964114 0.4464284 0.3715656 0.5176947 0.5315991
84 0.07483476 0.07840357 0.07642174 0.09212487 0.1176036 0.09731911
85 0.2630958 0.2438844 0.2729279 0.3281958 0.2479406 0.2478979
86 0.1516486 0.1519379 0.1299708 0.163948 0.1495424 0.1443588
87 0.27243 0.1896725 0.1903243 0.4207629 0.2104683 0.1916072
88 0.1913245 0.2103613 0.2031895 0.2536261 0.2048219 0.2240539
89 0.4244591 0.2017427 0.1931931 0.526048 0.1719006 0.1717825
90 0.3092242 0.3338514 0.3395951 0.3899588 0.3580389 0.3652447
91 0.3951366 0.259596 0.2561623 0.4493186 0.3070463 0.2436913
92 1.818315 0.9845092 0.8839976 1.543119 1.481947 1.510293
93 0.2173593 0.203747 0.1902003 0.3564786 0.191601 0.1779465
94 0.3077137 0.3353856 0.3888602 0.1766672 0.3398152 0.3453554
95 0.166745 0.1761644 0.1690719 0.2108192 0.1879905 0.1669487
96 0.1198977 0.1420792 0.1469792 0.2287271 0.116071 0.1087003
97 0.1752993 0.1717577 0.1804099 0.2352544 0.181031 0.1676988
98 0.5863495 0.6940827 0.66866 0.3470227 0.6023371 0.7261022
99 0.1286658 0.09087473 0.1106628 0.1892307 0.08022217 0.09551858
100 0.181809 0.1796773 0.1873681 0.2245302 0.2144256 0.2178823
