1 4.995321 -0.7412759 0.2399343 -0.2325992 0.4817519 0.4851684 0.1724903 0.09403508 5.237077 -2.449385 -0.4450883 0.006826745
2 5.560747 -0.3693497 -0.1945924 -0.6710215 0.4568153 0.1004409 0.09494681 0.1528441 3.028562 -3.294236 -0.1756295 0.1531065
3 5.043554 0.09453245 0.5048959 -1.37086 0.3247061 0.3627042 0.1906322 0.1211815 3.463556 -4.31599 0.1082935 0.2357419
5 4.74039 -0.3129033 0.5744484 -0.4427751 0.4196045 0.2258982 0.0384575 0.1778496 2.827448 -3.039819 -1.909729 0.1398081
11 5.445262 -0.5601737 -0.8238225 -0.284601 0.4242469 0.4080443 -0.0997345 0.3926912 3.51078 -1.868605 -0.6243542 -0.2363465
16 5.661763 -0.3853345 -0.5109223 -0.2624011 0.5303815 0.4280605 0.02204567 0.1887215 20.41222 -3.715025 -0.6906139 0.2095817
18 5.337585 -0.7817871 0.03941221 -0.2634047 0.6066268 0.7962878 0.1915584 0.121676 16.24453 -3.33661 -1.430565 0.2052486
19 5.332786 -0.6093305 0.2723788 -0.3293741 0.4111625 0.3205119 0.01838066 0.3093364 4.472403 -2.377499 -0.9130011 -0.05833708
20 5.216769 -0.4666729 -0.127385 -0.5927791 0.5601769 1.123906 -0.09565765 0.58669 5.246585 -2.969073 -1.471762 0.1802625
21 5.372796 -0.5465934 -0.896851 -0.05634639 0.5895461 0.6348468 -0.05979224 0.1565191 4.868456 -3.565318 0.0486507 0.1981474
26 5.046558 0.02139212 0.3091675 -1.002969 0.5179113 0.9762057 0.0615018 0.3193047 4.415836 -2.518241 -2.467601 0.1256584
27 5.141397 -0.1373517 -0.07522551 -0.523056 0.5494793 0.7535831 0.09368237 0.1405818 5.862001 -2.874989 -0.8609902 0.03531668
30 5.523579 0.09237372 0.03760674 -0.9286089 0.5652054 0.4142602 0.04975996 0.08341044 4.723773 -3.340787 -0.3082828 0.1523181
32 5.670075 -0.6236488 -0.6860127 -0.3628597 0.6370053 0.5552358 0.1197793 0.1456628 6.854441 -3.473031 -3.225012 0.1685346
33 5.718841 0.0320393 -0.2243616 -1.384727 0.4826623 0.7486761 -0.01311098 0.1986357 9.444429 -3.909168 -0.5373225 0.2224642
36 5.468391 -0.1136307 -0.7997863 -0.889791 0.5081208 0.2563743 0.07658718 0.2770541 8.394108 -2.097902 -1.511791 -0.01007276
37 4.978145 -0.1366105 0.1595817 -0.8577712 0.6471661 0.5515449 0.09645907 0.04298349 3.859075 -2.36848 -1.278669 -0.03194693
38 5.210992 -0.1663207 0.2431816 -0.9442664 0.352708 0.6102531 -0.07582544 0.4243757 4.073868 -3.790399 -0.2727525 0.2213858
40 5.460299 -0.1264338 -0.2330132 -0.4424278 0.5234685 0.2591325 -0.04001792 0.2175253 3.832549 -2.609925 -0.08355371 0.01485253
47 5.304847 -0.4099166 0.4564319 -0.3222005 0.4824773 0.6718219 -0.08154219 0.07333947 3.661554 -3.225431 -0.8526638 0.07838258
52 5.394191 -0.3624842 0.08938498 -0.6014543 0.4201746 0.5062306 0.2206157 0.3755388 3.936697 -2.953647 -1.524162 0.04269297
54 5.207719 -0.08379046 0.04778594 -0.8290957 0.3256716 0.6349572 0.02853892 0.1766809 4.811138 -4.694512 -0.9140469 0.2852909
55 5.599011 -0.9196268 -0.4084349 -0.1449902 0.6716054 0.507864 -0.01653254 0.4629831 8.672038 -3.010918 -1.14742 -0.0342386
56 5.088704 -0.2328932 -0.08588934 -0.8929317 0.5393268 0.2859399 0.1759408 0.2599754 6.051934 -3.456178 -0.6915864 -0.04004516
58 5.026193 -0.1668454 0.0973952 -0.6144077 0.5596164 0.5409683 0.0698737 0.1536969 4.469867 -2.661377 -0.978936 0.1993235
59 5.357495 -0.7096783 0.3962958 -0.005724753 0.4131943 0.4685003 0.05367253 0.05290576 4.890888 -2.902756 -0.9853755 0.1875575
60 5.147464 -0.5723952 -0.0008401678 -0.5214888 0.4272574 0.3798341 -0.02268347 0.1229173 6.001543 -4.330375 0.8073462 0.2179292
61 5.416651 -0.3067562 0.2145426 -0.5007079 0.3116037 0.4347243 0.147681 0.09994937 3.665607 -3.943697 -1.71655 0.3117408
62 5.547149 -0.630431 0.05120725 -0.5325594 0.5043891 0.5269174 -0.07180883 0.315534 7.834924 -2.850717 0.06048698 -0.08785459
63 5.067847 -0.06661388 -0.2998375 -1.105476 0.4208038 0.4345641 0.2032877 0.1735806 3.278513 -3.1281 -1.030005 0.2476649
64 5.397598 -0.3264916 -0.4724342 -0.4714213 0.3436859 0.6508633 0.2526825 0.1389153 5.169301 -2.373823 -0.4609358 0.03051181
65 5.526648 -0.4779761 -0.2995853 -0.4603278 0.3493136 0.3209739 0.1388916 0.1964178 3.615325 -2.751348 -0.5926258 -0.07195629
66 5.28236 -0.4391194 -0.1480525 -0.5504962 0.5497919 0.4688674 -0.002708955 0.4626246 13.76664 -5.263443 -0.7926781 0.5837616
67 5.292927 -0.2614836 0.4890446 -0.296431 0.411586 0.1378597 0.0498084 0.04346905 2.573392 -3.233927 -1.584285 0.166655
69 5.606466 -0.1526092 -0.2725426 -0.874179 0.3042705 0.1680462 0.04347003 0.1373821 3.744585 -4.295594 0.08755273 0.3892623
73 5.25056 -0.6153512 0.2316141 -0.2964709 0.3234718 0.3777474 0.0435648 0.2042769 2.821766 -3.227483 -0.4132387 0.03503972
74 5.57952 -0.5490349 -0.3554294 -0.02380091 0.5541099 0.9611709 -0.2139157 0.5017935 9.494695 -2.791675 -0.7373669 0.1326146
76 5.129007 -0.3293186 0.4513282 -0.8102527 0.5811681 0.3932199 0.03615642 0.1297241 5.392113 -2.795068 -1.940948 0.1385835
81 5.781843 -0.8963804 -0.5772385 -0.07893728 0.2983349 0.2212253 0.1086849 0.09179852 4.000993 -3.696634 -1.353913 0.246344
85 5.410427 -0.6367548 -0.3590652 0.05319018 0.4676141 0.6531593 -0.01551533 0.3854525 12.94118 -5.563488 1.287088 0.3215225
86 5.356488 -0.5439079 -0.3870246 -0.3999219 0.4837913 0.4332338 0.02959048 0.1901086 3.511495 -5.927307 0.7895845 0.3762913
87 5.420858 -0.2737601 -0.2237709 -0.7617452 0.3440345 0.268923 0.1715521 0.1766317 3.473091 -2.679225 -0.8675938 -0.01088554
90 5.405484 -0.3103796 -0.3934228 -0.958809 0.4928482 0.4919289 0.04806667 0.06063402 7.756708 -2.741984 -0.3729319 0.1641582
92 5.374378 -0.1780055 0.04112048 -0.933279 0.5561336 0.5089477 0.06585954 0.423152 10.1999 -2.576713 -0.7626771 -0.1730502
93 5.324905 -0.5521449 0.2422909 -0.6388232 0.4995358 0.9135895 -0.273036 0.6587416 5.445372 -3.358671 0.3298993 -0.05159967
94 5.233783 -0.3116428 0.2739483 -0.6877569 0.5075146 0.6334801 -0.07792334 0.209577 19.95899 -3.397707 -1.707504 0.3282639
95 4.902141 -0.2546095 0.1611994 -0.2032139 0.30889 0.5779009 -0.04076649 0.1502616 3.974545 -4.997983 0.8606313 0.2962719
98 5.254548 -0.2865034 0.07118092 -0.7325395 0.6785136 0.2070307 0.1533796 0.2475752 7.764509 -3.089983 -0.1109762 0.1204478
99 5.526628 -0.4054185 -0.4352479 -0.4042569 0.3751795 0.5505671 -0.0103083 0.1128086 4.16296 -4.131321 -0.807909 0.2939137
101 5.570334 -0.4399925 -0.5587348 -0.4679229 0.5265104 0.4768052 -0.1538129 0.3684697 5.603652 -4.6836 -0.195976 0.3998574
102 5.109851 -0.2742454 -0.03313073 -0.4421148 0.4591161 0.65633 -0.1552808 0.2224292 49.76215 -3.39229 -1.339145 0.2881608
103 5.716333 -0.5884984 -0.002190745 -0.5649266 0.4494139 1.044813 0.1295517 0.2080327 8.177768 -2.966797 -0.8865219 0.09068809
105 5.064245 0.2062853 -0.2233078 -0.5582201 0.7339656 0.1544953 0.120501 0.3250624 81.11284 -3.403779 0.6550239 0.1023703
106 5.277748 -0.5365776 -0.2858911 -0.2415673 0.4994542 0.5451773 -0.1902082 0.3040955 3.220018 -2.632122 -1.324904 0.03775898
111 4.931152 -0.5076348 0.008631748 -0.3724789 0.4630683 0.3369019 -0.05332828 0.4182977 5.385785 -2.94957 -1.461287 0.00168319
115 5.338398 -0.04760406 0.1077611 -0.9031136 0.6985893 0.3117865 0.01419618 0.273642 13.75665 -3.093244 -3.049514 -0.007136446
118 5.763878 0.08238596 -0.3065625 -0.7675023 0.5740225 0.1661011 0.1409222 0.2930558 3.431628 -3.857152 -0.001628985 0.07989027
120 5.002205 -0.2177748 0.2792316 -0.6467764 0.4909312 0.5432357 0.1194509 0.3418997 4.348268 -3.294541 -1.768876 0.1691282
121 4.736292 0.1169318 0.7082946 -1.235929 0.5535611 0.2802799 0.09335923 0.1667438 2.88746 -2.171194 -1.721195 0.01825976
123 5.218916 -0.3063695 0.1850119 -0.8201669 0.4046429 0.5713394 0.1665355 0.1484444 4.524751 -3.516729 -0.9860847 0.273381
124 5.461566 -0.4433537 -0.4322277 -0.6645471 0.5683021 0.1091113 0.02499861 0.1251603 7.740218 -4.388622 0.1334893 0.2971127
126 5.444784 -0.05608222 -0.317929 -0.8363676 0.3920633 0.3805303 0.06326274 0.06927769 4.603376 -3.070405 -0.7177806 0.1357515
128 5.049107 -0.3609493 0.6755592 -0.8118088 0.6613023 1.048712 -0.1563242 0.226822 8.030344 -3.616995 -0.36055 0.242023
129 5.605324 -0.5550599 -0.5792629 -0.307376 0.6626667 0.1374522 0.03681878 0.366691 39.50157 -3.685872 0.6332767 0.05954949
130 5.174898 -0.6498725 -0.1970675 -0.140498 0.5126059 0.4538895 0.0958133 0.1661929 30.63958 -2.871527 -4.049933 0.2151654
131 5.450612 -0.2528804 -0.4335144 -0.4464535 0.4321315 0.2677102 -0.02204206 0.4019213 40.74543 -2.634545 -1.503663 0.1109656
133 4.94446 0.05969314 -0.01959215 -0.9201403 0.6483561 0.2916894 0.1477583 0.2604517 10.08711 -3.315697 -0.6772588 0.09025057
134 5.037895 -0.4355367 0.257567 -0.730995 0.5253075 0.7737892 -0.0852292 0.2605106 11.25403 -2.136849 -1.196712 -0.158885
139 5.782188 -0.6265787 -0.929936 -0.4193511 0.4262634 0.9967382 0.04605523 0.1768559 5.440456 -3.670527 -2.999306 0.1520756
142 5.939718 -0.5017276 0.2634643 -0.03110381 0.4191719 0.4626041 0.07780334 0.2527642 4.963093 -3.482735 0.09909794 0.1433693
144 5.297797 -0.7176493 0.0182515 -0.2147794 0.6765887 0.2509813 0.2718205 0.3693845 4.850712 -2.06666 -3.784758 -0.09351636
145 5.472414 -0.236506 0.1966652 -0.9998865 0.6162006 0.3958718 0.01834302 0.1045168 9.936101 -3.016992 -1.026405 0.00488692
148 5.007581 -0.3582646 -0.01419099 -0.3742623 0.303756 0.2812205 -0.02632792 0.09868017 3.662433 -3.988726 -2.884186 0.2009013
149 5.238792 -0.1380683 0.05118483 -1.007668 0.3474126 0.4436122 -0.01556883 0.2191499 3.984988 -2.932402 -3.35214 0.04505673
150 5.443109 -0.5494546 -0.4518564 -0.4567143 0.4730375 0.177231 0.06755603 0.1780647 7.279254 -3.359146 0.02392722 -0.05903443
153 5.519487 -0.1463587 0.3223063 -1.098437 0.5917498 0.3558461 -0.1630292 0.4766255 4.184919 -1.861405 -1.14868 -0.157097
154 5.144609 -0.2636974 0.6482838 -1.227727 0.4233125 0.1355577 0.1297597 0.3046653 8.719411 -6.14467 0.1591806 0.6177745
155 5.206154 -0.04909692 0.2499047 -0.797281 0.789255 0.8174572 0.223751 0.1665011 26.24236 -3.041034 -0.7025181 0.1369509
156 5.067696 -0.6192647 0.1737013 -0.08248017 0.644136 0.2175278 0.1534024 0.3197547 11.5178 -3.748946 -1.512478 0.2412631
162 5.367 -0.6904966 -0.395079 -0.4794567 0.6159373 0.6048942 0.1285238 0.2631455 6.483238 -4.148449 0.02229939 0.1720333
163 5.546375 -0.3141345 -0.1663099 -0.625938 0.5411449 0.3478889 0.1544913 0.1398998 11.03618 -3.635766 -0.2352645 0.1510805
166 5.455088 -0.4058322 -0.5782015 -0.4044499 0.49068 0.3417707 0.007801074 0.05906073 4.222785 -2.899285 -1.418141 -0.01922051
168 5.084447 -0.4072107 0.08221971 -0.5159233 0.4677364 0.3933364 0.1693587 0.3129077 8.838511 -4.177341 0.444896 0.1637187
173 5.340057 0.2382054 -0.7288558 -1.16665 0.700664 0.1093008 -0.04281794 0.2317086 30.86061 -3.606546 0.3161816 0.2105513
174 5.419746 -0.4930612 -0.3846131 -0.420349 0.3898235 0.2626809 0.08586952 0.343337 8.756762 -3.173754 -0.9391894 0.1228192
175 4.902682 -0.64457 0.5672404 -0.4078266 0.2545746 0.2170859 -0.1046779 0.1532712 2.074102 -3.941523 0.01900864 0.2992203
176 5.283011 -0.3484735 0.6659991 -0.8503056 0.3978754 0.3024781 0.02054711 0.2349945 4.369102 -3.255191 -0.6957745 0.1698103
178 4.873027 -0.1054351 0.3340729 -0.6748494 0.5140562 0.9621935 -0.06299361 0.06723711 2.586523 -2.579939 -0.3050129 -0.04674366
179 5.310843 -0.6096858 -0.4356092 -0.1406629 0.5554831 0.5850746 -0.0634102 0.2508073 3.915227 -3.036889 -2.067195 0.1756188
181 5.207178 0.03173841 -0.6990239 -0.9379455 0.3471012 0.3301007 -0.03814975 0.1156906 2.72352 -3.629328 -0.05746886 0.0384555
182 5.305917 -0.5114568 -0.4132075 -0.3062246 0.4624234 0.166512 0.0789827 0.1758185 4.793348 -3.308573 -0.2305004 0.1443635
183 5.291008 -0.1829562 0.1449393 -0.6732597 0.4916763 0.4022422 0.2353112 0.1734614 5.671872 -4.491845 -0.09935445 0.2867018
184 4.833098 -0.7043215 0.1723817 -0.2456846 0.5205659 0.4204356 -0.03581979 0.2005597 4.271459 -6.7008 -0.9286167 0.8549445
185 5.151441 -0.2464531 -0.1120141 -0.9494851 0.5480398 0.8222231 0.03042679 0.1787087 8.456006 -4.233983 -0.6530374 0.3440135
187 5.632667 -0.2515944 -0.3785171 -0.8501278 0.5369388 0.1923981 -0.00411956 0.1747225 6.31919 -4.1943 0.04042323 0.08439762
190 5.548737 -0.4771464 0.03750008 -0.4879592 0.3050484 0.3059124 0.09463926 0.04231398 2.094464 -2.864487 -0.4177303 0.08014163
191 5.70415 -0.4930181 0.02120056 -0.5129057 0.3892588 0.8211896 0.06490868 0.05211261 4.159366 -3.310452 -1.26684 0.1018106
192 5.136629 -0.01752798 0.5257923 -0.878818 0.5310465 0.3519777 0.1577192 0.2119546 5.960492 -4.280304 -0.09569068 0.2359083
193 4.774589 -0.2524789 0.5145213 -0.9817144 0.4038382 0.5267242 0.1343825 0.09824085 2.253651 -3.610773 -0.2336812 0.1927247
195 5.862596 -0.2497732 -0.5522572 -0.6713229 0.5151462 0.3714479 0.07893241 0.1402966 9.543116 -2.333878 -0.4904189 -0.09351721
