1 0.3542932 0.1798709 0.4602714 0.2286061 0.3572071 0.135975 0.08783535 0.1166393 4.36402 1.532129 1.189917 0.2633769
2 0.2676256 0.1873172 0.362904 0.2475322 0.2141341 0.1189026 0.09599222 0.07288354 4.194707 1.539359 1.003661 0.2900678
3 0.2501731 0.2306556 0.3597977 0.333753 0.2083636 0.1367495 0.1756409 0.07940119 1.903475 1.710361 0.8986992 0.3144775
4 0.2125012 0.1329933 0.3585725 0.2195445 0.2084795 0.09739134 0.07432119 0.1081236 0.8356212 0.7627728 1.088058 0.1470474
5 0.2326617 0.1873021 0.3971095 0.3159488 0.2554217 0.143019 0.1483419 0.09578568 13.44417 1.396278 3.0224 0.2432321
6 0.26275 0.1581246 0.414928 0.2235115 0.2805032 0.1035325 0.07769804 0.1250118 1.52651 0.7731897 0.7385932 0.1477264
7 0.260867 0.1641135 0.4020107 0.246388 0.2573369 0.1207153 0.09401473 0.09681034 20.38847 1.101375 1.155387 0.223343
8 0.27219 0.2040104 0.3698135 0.2691032 0.2428095 0.1423367 0.1341396 0.144554 18.54585 1.236154 0.9279954 0.2058082
9 0.3132173 0.2314283 0.4029009 0.2902926 0.2712819 0.1398154 0.1310825 0.1218546 1.922849 1.003861 0.8924482 0.1897253
10 0.2657873 0.1322959 0.4800356 0.2215388 0.3445189 0.1268706 0.07335678 0.1242808 2.049921 0.9969534 1.10031 0.2014094
11 0.2356902 0.149008 0.4177447 0.2474101 0.2800075 0.1399206 0.09967832 0.1217548 136.2479 0.9579565 0.700391 0.1916476
12 0.4347074 0.3299425 0.6202693 0.4309368 0.6657232 0.3000366 0.3271041 0.1742598 3.629476 0.6777374 0.836351 0.1368616
13 0.2997752 0.2479425 0.4462866 0.3494555 0.3555279 0.2047428 0.2014853 0.158653 162.2912 1.204457 1.114894 0.2363079
14 0.2093761 0.1827221 0.3060604 0.2611725 0.167338 0.1012937 0.1154242 0.1290475 1.573318 1.502922 2.912814 0.2763662
15 0.4449123 0.4121511 0.5006023 0.4612353 0.2918783 0.1923676 0.2415523 0.1133984 69.52892 2.175694 1.068148 0.3644934
16 0.3957153 0.2853286 0.5395462 0.355512 0.5045183 0.2133053 0.1674182 0.1831484 2.31051 0.8043154 0.6934132 0.1413633
17 0.2988146 0.2881701 0.4942408 0.4513489 0.4094727 0.2900169 0.3478444 0.1542266 120.001 0.9661867 0.8347341 0.1680391
18 0.3436357 0.255435 0.4485849 0.3290616 0.3246086 0.1800851 0.1772595 0.1515582 7.003684 1.136263 0.8990295 0.1994779
19 0.3018343 0.2292509 0.4590655 0.3319185 0.3685988 0.1813985 0.1842602 0.1871342 2.068084 0.8674944 1.098743 0.158182
20 0.2731318 0.1564701 0.3814209 0.2180458 0.246767 0.1081655 0.09038317 0.1072312 1.709476 1.51801 0.9147773 0.2457229
21 0.3701999 0.1856636 0.4712239 0.2478953 0.3582108 0.1421189 0.09415863 0.1094495 1.079742 0.9548502 0.7855987 0.1763301
22 0.2743884 0.2015315 0.3956478 0.2964948 0.2870122 0.1553101 0.1489518 0.09695719 13.18349 2.48795 1.492628 0.4159213
23 0.2604145 0.1657901 0.3913578 0.2261208 0.2425009 0.107098 0.08816179 0.1113756 1.426897 1.402519 2.559209 0.2692266
24 0.2347585 0.1910373 0.3211044 0.2781332 0.1888968 0.120509 0.1245749 0.1209048 4.501516 1.157118 0.8993371 0.2134282
25 0.3164416 0.1929266 0.4270202 0.25828 0.297236 0.1356434 0.1104695 0.1039654 3.59567 1.192535 0.9540111 0.2173318
26 0.2820957 0.1047119 0.4095221 0.154008 0.2654821 0.08282459 0.03857451 0.06520636 5.958878 1.553862 0.7632456 0.2610372
27 0.2610108 0.2031503 0.334961 0.2532918 0.2091705 0.1148416 0.1023446 0.09722505 31.72312 1.029182 1.137397 0.2166817
28 0.2279079 0.1923475 0.3623946 0.3048528 0.2224655 0.1283852 0.1735233 0.1264044 5.482383 1.38287 1.138345 0.2617229
29 0.3047034 0.1435254 0.4136663 0.1946991 0.3339371 0.1119799 0.06344195 0.07565927 2.875062 1.592269 0.9184121 0.2679073
30 0.3343879 0.2301607 0.4481329 0.2793686 0.3268967 0.1655656 0.1234329 0.128203 1.397682 1.560194 2.288107 0.2664007
31 0.3468959 0.2404654 0.453152 0.3137254 0.318253 0.1645504 0.1669821 0.1574197 1.897317 1.232415 2.573359 0.2650175
32 0.3525732 0.3022845 0.4612149 0.3804549 0.3442081 0.2041539 0.2012729 0.166323 3.05141 0.7915269 0.7467147 0.1743021
33 0.2294081 0.1720444 0.3512911 0.2488261 0.2045357 0.10779 0.109357 0.05525102 6.438128 0.941185 0.7626618 0.1972821
34 0.4005053 0.1972608 0.5593064 0.2814734 0.5228601 0.2037807 0.1329889 0.1519518 14.62134 1.053082 0.7807285 0.1777248
35 0.2997306 0.20504 0.4133659 0.2856664 0.2908475 0.1518625 0.1356422 0.1302994 6.700035 1.281591 0.9338253 0.2164981
36 0.2570737 0.2043013 0.3870883 0.3027861 0.2724561 0.1434516 0.1472747 0.1233725 4.177652 1.028092 0.9140495 0.1872399
37 0.2748724 0.1287663 0.375217 0.1909365 0.3402329 0.1639229 0.1197665 0.1198448 2.198234 1.421278 1.15537 0.2207931
38 0.2560546 0.1624194 0.3345513 0.2015149 0.1964645 0.08259288 0.0729265 0.09795972 2.695702 1.914126 1.364527 0.3070212
39 0.2770666 0.1873421 0.422328 0.2697594 0.3269595 0.1637538 0.132643 0.1441391 6.125595 0.9241854 1.073407 0.1811882
40 0.3391728 0.2307714 0.4456749 0.2967982 0.3655955 0.1626729 0.1390344 0.1369593 11.0052 1.192887 0.7944507 0.2313615
41 0.2641755 0.2042179 0.444967 0.3477499 0.3061353 0.1782297 0.1919952 0.1053288 2.07806 0.9217664 1.097784 0.1870799
42 0.3515772 0.2709043 0.409636 0.3049055 0.2840279 0.1240999 0.1305647 0.1015149 2.422739 1.073625 0.9478361 0.1935458
43 0.2242635 0.1597162 0.2922002 0.210227 0.159586 0.08743261 0.07290407 0.08962137 3.021676 0.9669166 0.9062179 0.196833
44 0.2677998 0.2154052 0.36205 0.2882705 0.223984 0.1214187 0.1223963 0.1159283 3.109124 1.223574 1.111867 0.2363548
45 0.2481912 0.1837549 0.3789013 0.2548387 0.2214251 0.1223387 0.1224579 0.08750549 2.454624 0.8213051 0.6410905 0.1637566
46 0.2252781 0.1622841 0.3372814 0.2403659 0.1867678 0.1035521 0.09199193 0.1447903 1.08755 0.8123519 1.105359 0.143874
47 0.2650428 0.1870633 0.3697621 0.262909 0.2543742 0.1288235 0.1232674 0.1243935 1.302331 1.007666 2.532782 0.2447966
48 0.2266455 0.1649664 0.3607303 0.2649485 0.229135 0.1301199 0.1208931 0.08826867 282.4024 1.045309 1.169314 0.2306871
49 0.2814922 0.2237383 0.377059 0.2910292 0.2519707 0.1304677 0.1470762 0.08807004 1.800347 1.396031 1.120438 0.2513368
50 0.3183792 0.1584458 0.4277981 0.2110025 0.3135913 0.107979 0.07448204 0.09226602 2.742752 0.9310152 0.8168643 0.1692939
51 0.3085538 0.2529974 0.4540616 0.3494629 0.3949807 0.2198046 0.2254501 0.1065366 2.181722 0.9193912 0.7972585 0.1849979
52 0.3046563 0.2496968 0.4064907 0.3258043 0.2672985 0.1620438 0.1625091 0.1677461 2.697182 0.9346052 0.8839749 0.1940259
53 0.2242781 0.2279268 0.3362711 0.3286447 0.2125471 0.1421625 0.177859 0.09543991 367.6528 0.9483084 0.8397856 0.1772475
54 0.3309352 0.2631617 0.4699786 0.3635625 0.3824284 0.228326 0.2330404 0.1662792 32.54477 1.419013 1.196228 0.2462217
55 0.2049097 0.1764266 0.3215566 0.2745802 0.1720157 0.1056781 0.1159826 0.09805352 1.725939 1.326058 1.177081 0.245008
56 0.3155865 0.2682052 0.420984 0.3445693 0.2921848 0.1750065 0.196142 0.08856635 6.862773 1.022475 1.182515 0.2419758
57 0.3493265 0.2669548 0.4727602 0.3378494 0.408907 0.2010175 0.1767037 0.110086 1.518584 0.7441664 0.7528606 0.1633495
58 0.3053845 0.3048416 0.36347 0.360375 0.1906207 0.1484938 0.2077613 0.08854158 0.9068946 1.307563 0.7792034 0.2282377
59 0.223972 0.1594557 0.333493 0.2259394 0.1836414 0.08888567 0.08529957 0.07238014 3.501229 1.618465 0.8506457 0.2877491
60 0.3192825 0.1555792 0.4859181 0.2179459 0.4380708 0.1386668 0.07454426 0.08937544 1.357638 0.8494362 0.8030214 0.1356687
61 0.2330279 0.1732226 0.3663935 0.2774283 0.2409085 0.1307549 0.127691 0.06957924 4.235267 2.074715 2.861274 0.373653
62 0.2972755 0.2436474 0.3692829 0.2959056 0.2746335 0.1250198 0.1117729 0.1327739 1.375628 0.8127305 2.430916 0.1836173
63 0.3029761 0.1870238 0.4185769 0.2453883 0.3024081 0.1224236 0.1065619 0.1009615 157.0074 1.198511 0.7957948 0.2338191
64 0.2526584 0.1562022 0.3760481 0.2316165 0.2581884 0.1212312 0.0872556 0.1184215 1.62441 1.535021 1.167194 0.2648574
65 0.3454928 0.2552956 0.4559753 0.3523158 0.3583352 0.1837406 0.2010778 0.1600286 1.081141 1.654937 1.145001 0.2472989
66 0.2140252 0.1274076 0.3295648 0.1873353 0.246196 0.09889684 0.0687732 0.1015442 0.7277903 1.028901 0.8764911 0.1764155
67 0.2156333 0.2177223 0.3336064 0.3010344 0.1851077 0.1175881 0.1587986 0.1010348 2.345273 0.9479458 2.36356 0.1851905
68 0.2692924 0.196117 0.3391267 0.2482289 0.1764993 0.1072934 0.09395671 0.1126341 1.844684 1.370565 1.041024 0.2529915
69 0.3822678 0.2724403 0.4686638 0.3510464 0.3157223 0.1774555 0.1826653 0.147477 1.954907 2.988711 2.857519 0.2500041
70 0.2096063 0.1869291 0.3389678 0.2688078 0.1713832 0.1011481 0.1383882 0.07121954 0.9655401 0.6470848 0.7035964 0.1410487
71 0.2125493 0.1738046 0.3193315 0.2629815 0.1931943 0.1073062 0.1061251 0.1112385 1.743898 1.086397 0.8869787 0.2109508
72 0.1855181 0.1573864 0.3828321 0.3081153 0.1861603 0.110541 0.1273847 0.07371878 16.48981 2.460563 3.173489 0.4236662
73 0.2052704 0.2210022 0.322379 0.3417337 0.1693915 0.1304359 0.1864879 0.09775255 15.69195 2.029798 1.185987 0.3277591
74 0.1901073 0.2093439 0.3030366 0.3164805 0.1618632 0.1180149 0.1642468 0.1213693 1.045589 0.9849373 0.884486 0.1594671
75 0.2850904 0.2013012 0.3824959 0.2555173 0.2724559 0.1240741 0.09717606 0.1188329 5.337048 1.34101 1.11627 0.2616068
76 0.2470476 0.2005696 0.3669201 0.2747325 0.2162119 0.1221448 0.126851 0.1268962 2.276502 0.8735069 0.7394109 0.1594375
77 0.2196257 0.2016111 0.3141704 0.2725834 0.1894749 0.1234688 0.1270685 0.1006876 1.345131 0.972298 1.103898 0.1863064
78 0.2477475 0.1678612 0.4072562 0.2688001 0.2803562 0.1329742 0.1285647 0.1138431 1.631043 1.243963 2.891382 0.2828943
79 0.4104696 0.2564075 0.5430084 0.3234309 0.5299541 0.2131264 0.1549436 0.1449108 8.042212 0.943574 1.15897 0.1693838
80 0.2439425 0.1522266 0.332799 0.2151631 0.2326298 0.100673 0.07990695 0.0797093 11.73868 0.9393848 0.7931811 0.1919646
81 0.3825667 0.2129531 0.4796448 0.2682476 0.4334728 0.154768 0.1072358 0.1069963 5.402576 0.9645873 0.8470831 0.1350441
82 0.3516686 0.2480347 0.4353277 0.3080289 0.2880826 0.1589763 0.1444313 0.07866291 20.22015 1.329432 1.010884 0.2544867
83 0.2855045 0.1486896 0.4529935 0.2284576 0.3515591 0.1438968 0.0944851 0.1296626 4.74174 1.241662 0.881417 0.2238712
84 0.3235358 0.2330254 0.4317359 0.3009016 0.3358173 0.1698898 0.1512696 0.1058658 173.9293 1.821299 1.19063 0.297679
85 0.3417079 0.2889393 0.5011954 0.4151818 0.4656193 0.2942162 0.2940524 0.1122397 2.463806 1.198356 0.936816 0.2073737
86 0.3038362 0.2043941 0.428297 0.2802615 0.3053861 0.1555158 0.1324421 0.1391938 3.641607 1.121565 0.8872107 0.2057199
87 0.2513181 0.1707479 0.3448969 0.2363345 0.2097443 0.1146066 0.08937969 0.09934385 4.216278 1.024768 0.8575008 0.2109878
88 0.3271186 0.1637321 0.5091187 0.2518639 0.4273377 0.1454888 0.1064661 0.09426456 3.332263 0.6880118 0.8376192 0.1509411
89 0.2884461 0.2157191 0.3695046 0.2673496 0.224019 0.1127381 0.1067162 0.09479723 8.122972 1.083312 0.9668259 0.205042
90 0.2944388 0.1844371 0.4066438 0.2614991 0.2800177 0.1513963 0.1112012 0.1251211 1.454847 0.7964854 1.095893 0.201317
91 0.3011136 0.2341495 0.38967 0.2890783 0.2617807 0.1440236 0.1312379 0.1241179 2.202157 0.9102926 0.9113214 0.1500757
92 0.2755512 0.1453185 0.4074039 0.2164493 0.3099624 0.1381796 0.09306339 0.1460482 1.099891 0.6998395 0.9380873 0.149187
93 0.2325851 0.1440013 0.3845251 0.2388731 0.2182898 0.09666703 0.08547883 0.08098767 1.516062 1.153731 2.900827 0.2527936
94 0.2779487 0.2499164 0.3943003 0.3262918 0.2634689 0.1640901 0.1865213 0.1257927 12.5611 0.9226573 1.112087 0.1821997
95 0.3266998 0.2564192 0.411055 0.3307283 0.2745244 0.165902 0.1766282 0.1716854 2.507148 1.041936 0.943186 0.1937431
96 0.3019871 0.208801 0.3932846 0.2657747 0.2655507 0.1333767 0.1013337 0.1186399 2.457384 0.8881996 0.7386741 0.1725291
97 0.3381641 0.2099722 0.44753 0.2686691 0.3583435 0.1731358 0.1247597 0.06839581 21.22632 1.070452 0.7767093 0.2024714
98 0.2993193 0.1591639 0.492538 0.2299029 0.3405666 0.1220756 0.08575958 0.118958 2.614956 0.9074944 0.8853246 0.1916066
99 0.2587364 0.1804043 0.3543751 0.2402684 0.2402505 0.1191387 0.09926344 0.08898409 3.376348 1.985984 2.642658 0.3788009
100 0.3140231 0.2494382 0.3890043 0.3044893 0.2314038 0.1322672 0.1323692 0.1333671 7.67703 1.71303 1.190306 0.2770989
