1 0.3145069 0.2195177 0.4940794 0.3185532 0.521229 0.2976332 0.2552161 0.3326356 0.666682 0.7309662 0.1611193
2 0.3228627 0.3374998 0.4168973 0.4487733 0.4259619 0.3474157 0.3997494 0.2961973 1.035934 0.7666451 0.1753365
3 0.4048319 0.2577394 0.5064177 0.3204394 0.4534551 0.2004422 0.1713888 0.1871016 1.420501 0.9786915 0.2238296
5 0.4387857 0.2901753 0.5622771 0.3581763 0.6232836 0.2910245 0.2377835 0.2887587 1.032462 1.14234 0.1918574
11 0.3633409 0.3156489 0.5454222 0.4659247 0.625929 0.4402067 0.4133908 0.4287209 0.6522089 0.771803 0.1597722
16 0.3957792 0.2819582 0.453435 0.3216276 0.2984842 0.1600006 0.1320097 0.1805427 1.468047 0.9509796 0.2540921
18 0.3116728 0.1806621 0.5157816 0.2791286 0.4924731 0.2154726 0.1505236 0.2016363 0.9279069 1.097737 0.1881981
19 0.281212 0.2627329 0.4042676 0.3752776 0.3498828 0.2314346 0.2554211 0.2478216 0.7646345 0.8557982 0.1683564
20 0.5733679 0.4362736 0.7120669 0.5142395 0.9021566 0.4563451 0.3628035 0.5176704 0.9929998 0.8981032 0.1786286
21 0.3402015 0.2212397 0.5372103 0.3488793 0.5378555 0.2770238 0.2066732 0.3205721 0.9736643 0.7709546 0.1962079
26 0.5053756 0.3665232 0.6264037 0.4253113 0.6837167 0.313402 0.2469257 0.3513348 1.006857 1.116348 0.1928575
27 0.3226897 0.1765322 0.610989 0.3251951 0.5731583 0.2363057 0.1686285 0.2671044 0.8203051 1.106761 0.1557761
30 0.3178604 0.2056122 0.4767152 0.2953074 0.4662834 0.233295 0.1844414 0.2452765 1.019498 0.770763 0.1717794
32 0.320543 0.2013985 0.5029008 0.300435 0.5020847 0.2566783 0.2041615 0.2701868 1.124911 2.81719 0.215444
33 0.3548904 0.195522 0.4906445 0.26121 0.4479393 0.1860508 0.1446112 0.2203434 1.307147 0.9538933 0.2068276
36 0.2746945 0.2734874 0.3752551 0.3502259 0.3245201 0.208334 0.2098068 0.2016559 0.7646463 0.86301 0.1517862
37 0.4115329 0.2773425 0.5286265 0.3428162 0.5992882 0.3195196 0.2388048 0.2981786 0.8499762 0.8885645 0.1879956
38 0.3320657 0.2357653 0.5259062 0.3857523 0.5290217 0.2850067 0.2526247 0.309296 1.032586 0.8777187 0.1802538
40 0.3383705 0.2685335 0.4512743 0.3445771 0.4701478 0.2700025 0.2992278 0.3725371 0.839574 0.7030035 0.1509895
47 0.4565524 0.162519 0.8076203 0.2808873 1.02024 0.3015317 0.1430363 0.2521779 0.8742395 1.114195 0.1590866
52 0.3560239 0.3693317 0.4915257 0.5043966 0.5019717 0.3401038 0.4452889 0.3141443 0.9118701 1.140131 0.1573471
54 0.3919274 0.2001273 0.5230194 0.2612277 0.4949606 0.1860926 0.1251841 0.1876039 1.750585 1.241397 0.3086212
55 0.3029785 0.258692 0.4354865 0.3626224 0.393368 0.2415309 0.2480007 0.2556997 0.9825501 1.173986 0.2213224
56 0.2874011 0.2240727 0.4139446 0.3205315 0.3947633 0.2218952 0.2093564 0.1988627 1.21997 1.262832 0.2620033
58 0.4422588 0.3562474 0.532639 0.4158886 0.5348305 0.3051875 0.2536334 0.3382618 0.8521557 0.671392 0.1590188
59 0.3862022 0.2097854 0.5328427 0.2684914 0.5822128 0.2930346 0.1607597 0.2014264 0.9101747 0.7346645 0.1826572
60 0.2816676 0.1871626 0.3918331 0.2637009 0.3156485 0.1615748 0.1305335 0.1754255 1.203426 0.8938888 0.2255208
61 0.3371559 0.1950806 0.4838356 0.2683876 0.4522724 0.1856676 0.146767 0.1833997 1.302743 1.113786 0.239154
62 0.3051791 0.2349974 0.441183 0.3410195 0.396147 0.2430436 0.2320563 0.2628408 0.8676052 0.8387948 0.1816456
63 0.4011568 0.2467029 0.514668 0.3076744 0.5315974 0.2550167 0.1942162 0.2313618 0.9549157 0.7566885 0.1773736
64 0.3216522 0.2187014 0.4630192 0.305135 0.4969674 0.2906484 0.2249113 0.1836946 0.7324901 0.6852102 0.1451967
65 0.3615517 0.2793669 0.5002303 0.3826509 0.4940808 0.2894482 0.2721318 0.3130709 0.9364449 0.9343968 0.1981769
66 0.2984782 0.2775835 0.3964327 0.3578379 0.3216605 0.1980308 0.2291563 0.2280836 1.767037 0.904755 0.3277144
67 0.3503974 0.2110834 0.5488661 0.3126549 0.8928874 0.5589741 0.4096656 0.2735605 0.9727985 1.098057 0.183908
69 0.2449328 0.2062811 0.3687773 0.3029414 0.2930875 0.1698941 0.15784 0.1862777 1.244405 0.7039742 0.2101035
73 0.3779935 0.2200993 0.5447722 0.3099506 0.5861575 0.2568338 0.1881207 0.2314852 0.925913 0.930198 0.2008768
74 0.3647706 0.2772708 0.5252855 0.3993034 0.5704234 0.3120201 0.273172 0.3811302 0.8116246 0.7346733 0.1543071
76 0.354412 0.226007 0.5069463 0.2987598 0.5447789 0.2700434 0.1976452 0.258903 0.9279312 1.099764 0.190515
81 0.2805866 0.1594933 0.4210184 0.229313 0.3322435 0.1399502 0.09997216 0.1572904 1.188637 1.122223 0.2218238
85 0.346076 0.2358467 0.4641642 0.3255124 0.4142111 0.2127046 0.1977431 0.2323262 1.475729 1.137179 0.2283297
86 0.4023134 0.2263746 0.5380989 0.3046511 0.5625567 0.2572367 0.1903486 0.2469067 2.010482 1.255627 0.3293718
87 0.2964858 0.2599281 0.4095226 0.3513342 0.3734014 0.2335739 0.2271963 0.2105068 0.874805 0.8934351 0.1708604
90 0.3059487 0.1837746 0.4595258 0.2590459 0.4410458 0.2188147 0.1438757 0.213878 0.7994457 0.6686694 0.1567198
92 0.353601 0.3121281 0.4415485 0.3892247 0.3588731 0.2225023 0.2528796 0.2166988 1.012846 1.03157 0.2103567
93 0.4354836 0.3327842 0.6049126 0.4648651 0.7038255 0.4114907 0.3913094 0.3879944 0.9786619 0.9445775 0.1804912
94 0.2644605 0.1870215 0.4602393 0.3001999 0.382543 0.1980022 0.1462505 0.2377116 1.016388 1.072553 0.2004548
95 0.3436028 0.1851828 0.5199785 0.2899337 0.5050418 0.2260576 0.1534526 0.2390146 1.505075 0.9407699 0.2616252
98 0.2792356 0.2245954 0.4408972 0.3631863 0.4607205 0.2902129 0.2563253 0.2604563 0.8658771 0.7538806 0.1588962
99 0.268778 0.1798934 0.4457344 0.2852548 0.3918638 0.207874 0.1603052 0.2159696 1.378165 1.14392 0.2537521
101 0.2872782 0.2108989 0.4762013 0.3416444 0.4329841 0.2496138 0.201436 0.2907905 1.316627 0.8763857 0.2297504
102 0.3035491 0.2104499 0.4168084 0.2756317 0.3413796 0.1814568 0.1348782 0.2095835 1.163908 0.8432052 0.2312016
103 0.40239 0.1948751 0.5798584 0.2736808 0.6285901 0.2570067 0.139447 0.2124508 0.9071895 0.8667854 0.1604896
105 0.2848765 0.2528172 0.3823172 0.346912 0.351638 0.2219382 0.2238966 0.2120016 1.008557 0.7501938 0.1660631
106 0.4419468 0.2982709 0.5507439 0.3688494 0.6224538 0.3476191 0.2767189 0.3390241 0.9052251 0.8894406 0.1855935
111 0.2711621 0.3724282 0.3597136 0.4861683 0.2833631 0.2491527 0.4185276 0.1970041 0.8626 1.167574 0.2053454
115 0.2482459 0.1906769 0.4632795 0.3385853 0.3700325 0.2095484 0.1843998 0.2412494 1.029942 3.420716 0.2046975
118 0.3688697 0.2868319 0.5105997 0.3960734 0.5691693 0.3154802 0.3028272 0.311289 1.294886 1.05312 0.1913323
120 0.3819236 0.4811551 0.4976744 0.5491901 1.043396 0.9839947 1.162845 0.8776051 1.031531 1.136014 0.1949121
121 0.4723526 0.3607308 0.5855375 0.4305022 0.6582697 0.3810073 0.2946171 0.4179809 0.7675811 0.8581046 0.1624057
123 0.3201748 0.2431018 0.4782457 0.3415675 0.4658435 0.2355794 0.2134369 0.2217774 0.9989541 0.847055 0.1804222
124 0.2334263 0.1893445 0.369721 0.3010321 0.282584 0.1781725 0.161709 0.1954146 1.396657 0.9608299 0.2507105
126 0.381097 0.2279855 0.4898698 0.2793736 0.4299573 0.1748351 0.1264301 0.2014614 1.03741 0.8308925 0.1603846
128 0.3687809 0.2095537 0.5551812 0.3079931 0.6035916 0.2774801 0.1879777 0.3067278 0.9687501 0.7564563 0.1891149
129 0.2622166 0.2466546 0.353056 0.341549 0.3005299 0.2079218 0.2180214 0.1850838 1.122636 0.8977169 0.1980229
130 0.2386698 0.1841206 0.4137762 0.2787466 0.3204243 0.1656176 0.1483286 0.1960568 0.8881442 3.119706 0.1934644
131 0.2588947 0.2832624 0.3302517 0.3474782 0.2266451 0.1581658 0.1864743 0.1686105 0.9842109 0.8708031 0.1884086
133 0.3170573 0.2632309 0.4217439 0.3415187 0.3724802 0.2149798 0.2176575 0.2144455 1.092986 0.9523934 0.2013577
134 0.2887483 0.1810013 0.5076363 0.3059706 0.4333884 0.2110815 0.1682796 0.2520689 0.675955 1.099488 0.1734014
139 0.3431272 0.1835497 0.5406591 0.2787278 0.5189691 0.2022705 0.1501895 0.2149516 1.234636 2.823197 0.2300747
142 0.2725532 0.21604 0.455561 0.3676098 0.3899287 0.2175331 0.2145053 0.273455 0.9371391 0.760724 0.1653737
144 0.363926 0.3020566 0.499122 0.3892892 0.5695218 0.3427726 0.2932557 0.2914315 0.8011474 2.53891 0.1952094
145 0.2694584 0.1691689 0.4242821 0.2610039 0.3697795 0.1918675 0.1364193 0.1955976 1.021386 1.141086 0.2025667
148 0.2785811 0.2019352 0.4178917 0.2934781 0.3674806 0.1911921 0.1703836 0.1833008 1.439775 2.711077 0.3113637
149 0.3754951 0.2444103 0.4816754 0.2977222 0.4210709 0.1874468 0.1445033 0.20055 1.168143 2.376089 0.2165253
150 0.2560279 0.1920736 0.3688254 0.2767466 0.3077884 0.1721677 0.1611732 0.1613843 1.110658 1.031703 0.2312642
153 0.2978552 0.3075664 0.4425689 0.4413754 0.4938264 0.3482289 0.3823467 0.2932368 0.6196478 0.8450852 0.137581
154 0.2390032 0.2202795 0.3463696 0.3276961 0.2616582 0.1628836 0.2058481 0.1398838 1.63329 0.8778922 0.2865543
155 0.3228147 0.2034445 0.5343624 0.3212963 0.5395668 0.243409 0.1916866 0.248721 0.8427899 0.8306804 0.150141
156 0.2664673 0.2641191 0.3801591 0.3624802 0.3301886 0.2215644 0.2421578 0.2060251 1.183669 1.133851 0.2362515
162 0.3905239 0.2574499 0.5412394 0.3533531 0.5544924 0.25532 0.2231141 0.2559788 1.266484 1.026634 0.2437932
163 0.2593267 0.1859392 0.4098922 0.2921118 0.3564524 0.1944575 0.1705809 0.1798408 1.12871 0.8963092 0.2052945
166 0.3703461 0.2165799 0.4935901 0.2845763 0.4638159 0.2266174 0.1547702 0.2515104 1.118289 1.182043 0.2313848
168 0.3075966 0.2349006 0.4275747 0.3327958 0.353897 0.1933797 0.1931775 0.2038749 1.174011 0.9311378 0.2140752
173 0.2480959 0.2076851 0.3596141 0.3069427 0.316604 0.2099651 0.1880164 0.2016364 1.144982 0.7936299 0.1931862
174 0.2484067 0.2530478 0.3305618 0.3311234 0.2353515 0.1590512 0.2006147 0.1461444 1.058823 0.8980127 0.2075864
175 0.3041451 0.3356008 0.4190438 0.463588 0.4003691 0.3143924 0.3640809 0.2892538 1.10423 0.7463638 0.2022341
176 0.3040522 0.2573641 0.3906296 0.3299387 0.3296806 0.2117886 0.197071 0.2201005 1.040808 0.7890997 0.1962221
178 0.5247708 0.4185566 0.7551623 0.5992006 1.130691 0.7353404 0.6280375 0.7323994 0.7985739 0.7920441 0.1527935
179 0.7222726 0.4035482 0.9003234 0.4896057 1.362323 0.656699 0.393809 0.5499436 1.189459 1.135813 0.2451367
181 0.3113704 0.3004085 0.4311989 0.4125463 0.4185408 0.2847487 0.3092814 0.2748058 1.232522 1.077131 0.2306435
182 0.2943235 0.2582958 0.4074704 0.3603419 0.360627 0.2354184 0.226681 0.2535278 1.009496 0.8001979 0.2009102
183 0.2857849 0.2663242 0.4131167 0.3875007 0.4149046 0.2602687 0.2808103 0.1979404 1.426513 0.9504222 0.2504014
184 0.3458063 0.2667025 0.4442597 0.3309295 0.4113748 0.2384425 0.2023091 0.2531773 2.035438 0.9638853 0.3553177
185 0.4109674 0.2005358 0.5483353 0.2633656 0.563643 0.2222866 0.135946 0.2198987 1.301083 0.9157107 0.2306918
187 0.3403392 0.2355274 0.4125845 0.2845644 0.3381553 0.2145859 0.168129 0.1985718 1.742372 1.293406 0.2978369
190 0.5052004 0.2461089 0.6529924 0.3296623 0.8163255 0.4285082 0.215778 0.2992221 0.8630554 0.7367363 0.1459862
191 0.3407172 0.1709175 0.5118854 0.2483632 0.5039255 0.2141013 0.1565961 0.2084751 1.085188 1.132613 0.2124356
192 0.37743 0.2473777 0.4713115 0.3070533 0.4188658 0.2048236 0.181381 0.2065122 1.389516 0.9362022 0.2335873
193 0.4335978 0.3020246 0.5770022 0.4004599 0.749621 0.420478 0.3289592 0.3665529 0.9962824 0.8423057 0.1907301
195 0.2981237 0.1910544 0.412954 0.260234 0.3607239 0.1906012 0.1410665 0.1808267 0.8294852 0.79829 0.1592831
