1 5.643676 -0.3926708 -0.1318119 -0.3934171 0.9584161 0.6738786 0.07212511 0.04324693 -4.163867 -1.080691 0.2265547
2 5.390233 -0.3315044 -0.4659042 -0.8208987 0.6866187 0.1948186 -0.006308363 0.1199279 -4.116893 -0.361965 0.2473028
3 5.565424 -0.6728925 -0.297038 -0.1533486 0.8532957 0.3538051 -0.07986637 0.4987034 -5.163433 -0.6459633 0.5167408
4 5.365941 -0.3552491 -0.2708848 -0.1885467 1.044601 1.072133 0.6119633 0.4196864 -2.668554 -1.387161 0.05423894
5 5.328261 -0.2754738 0.3673242 -0.8927131 0.7264448 0.4679973 0.3442414 0.2999729 -4.540441 -3.26231 0.3990911
6 5.649984 -0.2790868 -0.0391272 -0.8137713 1.227659 0.7115708 0.01545712 0.01278806 -2.177733 -1.034153 0.01333461
7 5.485484 -0.5781625 -0.5578127 -0.5164249 0.7223501 0.3813802 0.1122626 0.09294725 -3.305657 -1.165631 0.1036968
8 5.845404 -0.3493894 -0.5335903 -0.9220696 1.023804 0.1548535 0.09105776 0.1252963 -3.874113 0.6508922 0.1088632
9 5.697044 -0.5206992 -0.1858173 -0.5593257 1.24521 0.8006007 0.06951749 0.2188297 -3.001975 -0.9937844 0.07942886
10 4.745087 -0.04129614 0.6959343 -1.135457 1.139245 0.8055563 0.1258302 0.04419589 -3.40184 -1.133927 0.1842011
11 5.211807 -0.4543178 0.09097068 -0.1330577 0.8479499 0.3336757 0.01769717 0.01769233 -3.436389 -0.6834725 0.3611138
12 5.251816 -0.5953298 0.4106454 -0.5432327 1.514185 1.519176 0.325287 0.8388748 -2.229142 -1.336206 -0.001160881
13 4.9612 -0.4152537 -0.06619546 -0.2626502 1.267694 0.2665336 0.1785586 0.3034561 -4.021565 -1.557058 0.3479027
14 5.514149 -0.3968821 -0.4821099 -0.6027601 1.066666 0.1533555 0.1110252 0.2271638 -4.186558 -3.066276 0.3111343
15 5.351757 -0.2385405 -0.6025189 -0.5694725 0.9166789 0.3118756 0.2449497 0.5402416 -5.173364 -0.9728646 0.528794
16 4.698508 -0.0507492 0.9312539 -0.9188939 1.674297 1.08802 0.3804766 0.2379556 -3.211258 -0.9975028 0.2927016
17 5.57791 -0.3500537 -0.5396879 -0.4322161 1.346178 0.329722 -0.03090918 0.5834193 -3.495608 -0.7280371 0.2790427
18 5.12916 -0.2067549 0.1212373 -0.5805383 1.152721 0.320878 0.2467078 0.3045696 -3.537021 -0.8576333 0.1910786
19 5.83879 -0.5116713 -0.7426283 0.001924237 1.577312 0.599148 0.2865385 0.332055 -2.797913 -1.665118 0.08115135
20 5.566309 -0.4032343 -0.1101213 -0.4107585 1.050936 0.4273638 0.09181947 0.09889575 -5.103199 -0.2895545 0.4444543
21 5.10926 -0.1141162 0.3011619 -0.7168954 1.30093 1.063401 0.1857578 0.06257233 -3.245453 -0.4685902 0.1288234
22 5.490946 -0.4237754 -0.3937321 -0.5623425 0.7988002 0.3929603 0.179701 0.2691744 -5.901902 0.4857271 0.3245138
23 5.288424 -0.3933012 0.5355566 -0.4748846 1.046759 0.7175041 0.5242431 0.4453212 -4.120258 -3.723378 0.3377119
24 5.153348 -0.2450783 0.1562908 -0.6169088 0.8747213 0.1834052 0.1654355 0.2311481 -3.595086 -0.6116254 0.1849197
25 5.785085 -0.60033 -0.7358315 -0.2557748 0.9869819 0.4080549 0.1103956 0.09118745 -3.490081 0.1759157 0.02853312
26 5.782351 -0.4680816 -0.1443331 -0.590845 0.4957327 0.6890592 -0.009725101 0.005881376 -5.213437 0.3128532 0.504866
27 5.492484 -0.5465692 0.04043743 -0.5381239 0.6886715 0.1828032 0.07230568 0.09725934 -2.631111 -1.825381 0.02109149
28 5.117561 -0.3132434 -0.2532463 -0.3122304 0.9174948 0.2162806 0.2273121 0.3612018 -4.240493 -0.9902918 0.2924221
29 5.67468 -0.3215934 -0.6001222 -0.8595967 0.7818496 0.7443446 0.05620672 0.09101079 -4.653853 0.1810191 0.3492916
30 5.97153 -0.8986846 -0.6631544 -0.1943912 1.368619 0.6431564 0.09955532 0.05837285 -4.620269 -3.828844 0.5717385
31 5.26756 -0.1643162 -0.0985154 -1.146714 1.455705 0.604953 0.1602517 0.3453592 -3.225367 -2.711975 -0.07489424
32 4.792102 -1.055898 0.3485198 0.3114056 1.337852 0.3671244 0.281935 0.3300781 -3.102496 -1.461251 0.348102
33 5.009798 -0.2871541 0.08158013 -0.7550273 0.5268783 0.3798957 -0.08961291 0.2909318 -2.958671 -0.4903547 0.1028512
34 5.532053 -0.2116871 -0.4414794 -0.5391408 1.200578 1.059585 0.1152623 0.05020506 -3.519087 -0.3802074 0.2059301
35 5.174022 0.04835043 0.5235646 -0.8731558 1.045686 0.3130968 0.1804072 0.2016136 -4.061919 0.2854632 0.1391776
36 5.527767 -0.186267 -0.223719 -0.976537 0.9200833 0.424235 0.2192883 0.2494628 -3.287728 -0.2734524 0.07834374
37 5.422257 -0.3812861 -0.5409311 -0.4842768 1.208897 0.5814364 0.03361428 0.01004731 -4.591462 1.428799 0.0956582
38 5.859964 -0.4513256 -0.8273031 -0.6398826 0.7855161 0.515556 0.1299213 0.06474577 -4.974547 -0.3249747 0.2883951
39 4.857273 -0.2749698 0.7464674 -0.9574566 1.136334 0.5075348 0.1401995 0.07979021 -3.524099 -2.062595 0.3949304
40 4.363696 -0.1836237 0.8458105 -0.8339123 1.009817 0.7951517 0.2916469 0.1381145 -4.041154 -0.6220235 0.3645597
41 5.426134 -0.6140505 0.082286 -0.7590583 1.2224 0.3753704 0.269552 0.7669659 -3.086568 -1.348139 0.1367653
42 5.540623 -0.443788 -0.5318089 -0.6056524 0.9330289 0.7091464 0.3717924 0.2422029 -2.960909 -0.4973765 -0.002318349
43 5.315627 -0.2115336 0.07245983 -1.145118 0.7757485 0.299701 -0.01316844 0.1252771 -2.691144 -0.9070766 -0.004061751
44 4.860569 -0.1096934 0.6822837 -0.8936174 1.02225 0.2884227 0.1532081 0.2002799 -3.606124 -1.840976 0.2705691
45 5.035212 -0.2706626 0.3135496 -0.609792 0.7404547 0.2965794 0.0555739 0.1057335 -2.692609 -0.9338183 0.2607451
46 5.281615 0.04712951 -0.7138031 -0.3817516 1.232494 0.3375233 0.2942073 0.3456798 -2.687723 -1.766338 0.08136704
47 5.031955 -0.614648 0.623327 -0.6059639 1.322044 0.9300939 -0.02251988 0.2006709 -2.722711 -3.444174 -0.000528278
48 5.148948 -0.2241389 0.2342974 -0.4635343 0.7831846 0.1894647 0.101038 0.1624816 -3.104582 -0.6786443 -0.06165403
49 5.674836 -0.5927585 -0.7158298 -0.4455738 0.9466108 0.3002932 0.06857577 0.2476877 -4.159063 -1.70108 0.4353966
50 5.410244 -0.5187333 -0.1618993 -0.8962394 0.7953702 0.8790792 0.2612622 0.1042354 -3.249285 0.0536084 0.09284123
51 4.513405 0.1339439 0.1681546 -1.043527 1.132953 1.500249 -0.5811969 0.8306391 -2.993711 -0.4301519 0.09529874
52 5.409302 -0.5535399 -0.3039665 -0.03246426 1.403125 0.2036566 0.008760101 0.3042878 -2.80015 -1.032457 0.03193914
53 5.550946 -0.2038829 -0.4061248 -0.8681302 0.7726107 0.1853891 0.2259221 0.3672953 -2.930468 -1.072607 0.1724096
54 5.435972 -0.4667372 -0.2434678 -0.620879 1.202834 0.414941 0.06261146 0.3925445 -4.339334 -0.8961568 0.2642839
55 5.260758 -0.1221811 -0.09476031 -1.291837 1.061672 0.1311126 0.1367029 0.3733172 -3.871686 -0.9008452 0.2004009
56 4.858141 -0.1818577 0.02314402 -0.9572459 0.8482809 0.511912 -0.04152981 0.4232795 -2.518471 -1.773246 -0.06541588
57 4.53909 -0.2421599 0.5729182 -0.8787534 1.321761 1.81825 -0.06898975 0.346244 -2.525483 -0.7985902 0.04779879
58 4.862107 -0.6607531 0.08565681 -0.1457532 1.121605 0.519526 0.1138032 1.304109 -4.481011 0.2159045 0.3936554
59 5.115201 -0.3707382 0.5364489 -0.6584941 0.6062122 0.3027247 0.221476 0.22133 -5.477881 0.05770539 0.5184838
60 5.892927 0.06903615 -0.5296035 -0.7854988 0.9854462 1.79621 0.5485066 0.2451485 -2.889027 0.0299916 -0.008383014
61 5.553388 -0.1877748 0.2229873 -0.9158088 0.677219 0.5611046 -0.01637429 0.306268 -4.702259 -2.237203 0.195285
62 5.114213 -0.5904088 0.1374385 -0.1313738 1.249214 1.063947 0.0946388 0.04918794 -2.086207 -4.133217 0.01328021
63 4.980374 -0.5079684 -0.327996 -0.09470772 0.770316 0.5513968 0.1943139 0.09437156 -4.007538 -0.4665469 0.342855
64 5.275229 -0.2563131 -0.4434859 -0.5512358 1.025566 0.6251407 0.230671 0.121482 -4.612779 -0.9043497 0.3623214
65 4.994858 -0.4432381 0.1915852 -0.4670744 1.776687 0.2901693 0.273262 0.5238389 -6.079228 1.474751 0.4319353
66 5.432019 -0.3234709 -0.5137843 -0.5104181 1.242357 1.527267 -0.08034262 0.3416633 -3.705279 -0.5944672 0.2278302
67 5.32119 -0.1439468 -0.3083001 -0.7331684 0.8445517 0.1480579 0.1645013 0.3181174 -2.775328 -3.532245 0.04490626
68 5.949238 -0.6811232 -0.8029463 -0.1637369 1.052488 0.2731689 -0.0612195 0.1030665 -3.679407 -0.3323875 0.08705057
69 4.294156 -0.3043605 0.9948062 -0.9282868 1.59518 0.6085263 0.1013427 0.3846727 -6.811618 2.993131 0.2077271
70 4.998729 -0.2232767 0.5990445 -1.451785 0.8806577 0.6060134 -0.9762764 3.680679 -1.953752 -0.1325829 -0.1781891
71 5.092231 -0.07904383 0.4630935 -0.8954957 1.01138 0.4243606 0.07066543 0.1759831 -3.251436 -0.8912253 0.1348782
72 5.264231 -0.2770436 -0.09517833 -0.6412437 0.6061524 0.2501045 0.1694342 0.2826417 -6.083156 -1.737692 0.4479757
73 5.722525 -0.7217519 -0.7188935 -0.2498847 0.7512128 0.08193369 0.05590223 0.4020591 -6.685547 -0.344874 0.7144307
74 5.55924 0.02576597 -0.4700433 -0.655963 1.224561 0.2884072 0.2903756 0.3938425 -3.384121 -0.4863599 0.1461847
75 5.403537 -0.7728447 -0.1163306 -0.02064202 0.974199 0.3733739 0.1111063 0.03905739 -3.934849 -2.013061 0.3766156
76 5.39172 0.09840356 -0.02294266 -0.9261779 1.102311 0.1416835 0.04485724 0.2777627 -2.500091 -1.038131 0.1022412
77 5.449785 -0.4513653 -0.1573401 -0.4935877 1.033107 0.6917097 -0.3283748 0.4689472 -3.025522 -1.809689 0.1665876
78 4.92999 -0.4289086 0.5270643 -0.5698905 1.085605 0.5603389 0.1795789 0.4853291 -3.444242 -2.859477 0.03577509
79 5.894157 -0.2527488 -0.8853819 -0.6144728 1.251777 1.090093 0.1954555 0.1587927 -2.64977 -1.676891 -0.005210648
80 5.352151 -0.4861523 -0.07031548 -0.6159284 0.5991764 0.3980465 0.1634409 0.1058356 -2.954053 -0.2787975 0.03751355
81 5.945475 -0.3571182 -0.4895554 -0.728231 0.8157899 1.510898 0.4542997 0.1593309 -3.36712 0.5991641 0.04556815
82 5.40032 -0.3290143 -0.6729103 -0.9556587 0.7254487 0.5136304 -0.04899132 0.2819897 -3.324487 -0.9860303 0.1493198
83 5.49655 -0.4144194 -0.8321856 -0.3715734 1.054713 0.8200348 0.0203981 0.04174149 -4.110725 0.5950092 0.1802212
84 5.420388 -0.352476 -0.2393203 -0.5364535 0.8662944 0.5631706 0.3659679 0.2785029 -5.026151 -1.067822 0.4143043
85 5.867335 -0.8192175 -0.08672605 -0.2293664 1.203281 1.108352 -0.04506893 0.8103334 -3.994602 -0.3175725 0.1884281
86 5.133627 -0.1643764 0.3486465 -0.6369998 1.187466 0.4231345 0.2672664 0.2284049 -3.507468 -0.8992447 0.183727
87 5.133279 -0.3709686 -0.2044641 -0.6804977 0.8023481 0.2485594 0.08209052 0.1057298 -3.270369 0.1388971 0.02351254
88 4.893694 -0.4900317 0.9858515 -0.6654838 0.8599722 1.138587 0.4168791 0.3034366 -2.547796 -0.9203206 0.02589667
89 5.310127 0.1407963 -0.5357848 -0.9682267 0.7425158 0.2669845 0.1368261 0.1267944 -2.881765 -0.7881059 -0.006073908
90 4.886121 -0.7411686 0.3115861 -0.03323165 1.217495 0.3270765 -0.09546968 0.2350033 -2.518475 -1.692219 0.01862001
91 5.618391 0.4054227 -0.5653469 -1.664407 1.034657 0.3848731 0.1881711 0.1999164 -2.588713 -1.170436 0.05314905
92 5.243026 -0.1682426 0.1805869 -0.7110031 1.184072 5.045148 -0.2976045 0.03404118 -2.394199 -0.3452749 -0.2348818
93 5.429982 -0.4675063 0.0514484 -0.4991289 0.8840971 0.6750868 0.3281632 0.1942357 -3.198743 -2.891993 -0.02436828
94 5.809929 -0.6131017 -0.8019824 0.09552723 0.9595214 0.2581882 0.2733695 0.4172148 -2.657404 -1.850919 0.0528052
95 5.487514 -0.07645529 -0.2643537 -0.8266352 1.534326 0.4193611 0.2064327 0.2223302 -2.981107 -0.1195474 -0.07187842
96 5.371897 -0.4186032 -0.109688 -0.5284662 0.9098566 0.561588 0.1628477 0.1083009 -2.885407 -0.5978616 0.1208547
97 5.170352 -0.2304551 -0.1656642 -0.6682877 0.6638302 0.8043838 -0.1810866 0.2015526 -3.220614 -0.7378336 0.1956922
98 4.910615 -0.09788049 0.7036121 -1.000802 1.003875 0.6899739 0.2580773 0.1257154 -2.704624 -0.9320508 0.003442362
99 5.418356 -0.4193577 -0.6607121 -0.5443099 0.8279059 0.5507807 -0.1123465 0.2338719 -4.585973 -2.25744 0.2242391
100 4.72696 0.1348342 0.6710517 -1.362447 1.022519 0.1582294 0.110483 0.1874032 -5.043225 0.5918741 0.2665487
