1 5.638265 -0.3886165 -0.1288075 -0.3954035 0.9596291 0.6815282 0.07338463 0.04368113 -3.540954
2 5.392215 -0.3339757 -0.4664691 -0.8190068 0.6891667 0.1952228 -0.006621898 0.1206797 -3.317816
3 5.569609 -0.6765208 -0.3001789 -0.1486043 0.8468479 0.3543979 -0.07941399 0.4950725 -3.060271
4 5.367952 -0.3537104 -0.2778008 -0.1842803 1.042817 1.090363 0.6199518 0.4222826 -2.764746
5 5.339028 -0.2828454 0.3564778 -0.8854052 0.7287572 0.4645661 0.3412065 0.2972234 -3.083438
6 5.652732 -0.2832508 -0.05135958 -0.8006538 1.223504 0.7057981 0.01566693 0.01284568 -2.598566
7 5.482913 -0.5747763 -0.5554079 -0.5194588 0.7206245 0.3814232 0.1123991 0.0931561 -3.288402
8 5.845926 -0.3472507 -0.5313306 -0.9238928 1.027958 0.1541766 0.09075322 0.1250181 -3.060271
9 5.693575 -0.5169803 -0.1844627 -0.5614868 1.24866 0.8014375 0.07012391 0.2185182 -3.135494
10 4.745279 -0.04315368 0.7036643 -1.139426 1.131483 0.7970518 0.123987 0.04374366 -2.929287
11 5.210371 -0.4533766 0.08922241 -0.1337149 0.8575714 0.3347948 0.01812609 0.0178083 -2.09849
12 5.24174 -0.588087 0.4234397 -0.5544619 1.508842 1.515974 0.3247954 0.8359925 -2.764746
13 4.962791 -0.4202098 -0.06558284 -0.2595975 1.270014 0.2651606 0.178437 0.3050012 -3.075775
14 5.514651 -0.3996917 -0.4826115 -0.5999505 1.059179 0.1546174 0.1122251 0.2274882 -3.265759
15 5.351741 -0.2413215 -0.6048416 -0.564923 0.9141677 0.3128944 0.245096 0.5400876 -3.526356
16 4.690876 -0.04353527 0.9271951 -0.9180661 1.68193 1.091159 0.3801019 0.2373808 -2.451005
17 5.579322 -0.3499899 -0.54554 -0.4303241 1.352236 0.3303656 -0.03105956 0.5726658 -2.459589
18 5.125887 -0.2012957 0.1266108 -0.5866764 1.150478 0.3191432 0.2468647 0.3066827 -3.09859
19 5.846367 -0.5205996 -0.7567636 0.0150823 1.56216 0.6045493 0.2890176 0.3332127 -2.929287
20 5.566246 -0.4032663 -0.1068023 -0.4137256 1.052247 0.4269 0.09251249 0.09965006 -3.083438
21 5.090843 -0.1033956 0.3271334 -0.7317521 1.309603 1.056932 0.181732 0.06099858 -2.936892
22 5.491309 -0.4234809 -0.3938395 -0.5603093 0.7972827 0.4007369 0.1834123 0.2707204 -4.273537
23 5.282687 -0.3912095 0.5407929 -0.4773715 1.047296 0.7186533 0.5243827 0.4446108 -3.295837
24 5.154605 -0.2477268 0.167499 -0.6252257 0.8690276 0.1841942 0.1653947 0.2297759 -3.075775
25 5.784222 -0.6003015 -0.7371128 -0.2554436 0.9816264 0.4093326 0.1096579 0.09102145 -3.280911
26 5.787458 -0.4733263 -0.1462105 -0.5881649 0.497309 0.6921559 -0.009635997 0.005867339 -2.691243
27 5.495037 -0.5476975 0.03616912 -0.5361297 0.6910799 0.1816361 0.07195478 0.09764242 -3.265759
28 5.124382 -0.3198836 -0.2644031 -0.3038348 0.9213228 0.2143064 0.225065 0.3581256 -3.288402
29 5.672965 -0.3187987 -0.590311 -0.8694388 0.7777099 0.7444696 0.05467357 0.09012429 -3.068053
30 5.962689 -0.9016637 -0.6543134 -0.1914121 1.369447 0.6350212 0.0972441 0.05780278 -2.84988
31 5.260471 -0.1601481 -0.09142636 -1.150882 1.454729 0.603965 0.15914 0.3442804 -4.287072
32 4.798706 -1.066241 0.3365646 0.3243576 1.326847 0.3656283 0.2801729 0.3278289 -2.459589
33 5.012879 -0.2899365 0.07768252 -0.7520754 0.522896 0.3814791 -0.09009858 0.2909634 -2.795756
34 5.512153 -0.1929735 -0.4291437 -0.5519766 1.193967 1.059085 0.1122738 0.04990928 -2.788093
35 5.16738 0.0568035 0.5356238 -0.8873941 1.043305 0.3097131 0.1781891 0.2000302 -3.288402
36 5.527997 -0.1848804 -0.22594 -0.9754706 0.9240793 0.4259354 0.220364 0.2493503 -3.068053
37 5.422245 -0.3813243 -0.5367254 -0.4880097 1.203349 0.5795733 0.03354238 0.0100705 -3.288402
38 5.866383 -0.4570312 -0.8325162 -0.6354196 0.7844218 0.5178857 0.1305831 0.06494128 -3.835735
39 4.844836 -0.2619104 0.7548306 -0.9668011 1.128747 0.5121387 0.1410691 0.07975331 -2.381228
40 4.363298 -0.1817551 0.8401882 -0.8299184 1.003703 0.8041269 0.2954244 0.1396509 -2.90612
41 5.42763 -0.6114604 0.07601202 -0.7585917 1.222035 0.3749619 0.2693992 0.7649817 -2.890372
42 5.514375 -0.4258078 -0.5074241 -0.620644 0.93066 0.7119595 0.3727335 0.2423956 -3.295837
43 5.324301 -0.2193479 0.06435526 -1.137433 0.7719415 0.3010076 -0.01249728 0.1270535 -3.10608
44 4.841672 -0.09497272 0.6990659 -0.9066738 1.020703 0.2878509 0.1530081 0.20055 -3.091042
45 5.042431 -0.2717614 0.3087685 -0.6073041 0.7416432 0.293137 0.05533964 0.104045 -2.040221
46 5.286983 0.0417909 -0.7233351 -0.3742738 1.228237 0.3365855 0.2920505 0.3421224 -2.882404
47 5.035332 -0.618223 0.61995 -0.6023888 1.320417 0.9309494 -0.02332114 0.201473 -3.548173
48 5.151326 -0.2265042 0.2317421 -0.4606498 0.7791828 0.1897895 0.1011572 0.1632171 -3.555341
49 5.679817 -0.5928307 -0.7210062 -0.4460594 0.9444563 0.2980138 0.06692415 0.2487323 -2.75684
50 5.415014 -0.523905 -0.1789821 -0.8827267 0.7947476 0.8841282 0.2629885 0.1047378 -2.874371
51 4.51446 0.1316243 0.1653862 -1.044289 1.132212 1.520214 -0.5686735 0.8213263 -2.866274
52 5.412156 -0.5582899 -0.3086896 -0.02768533 1.397986 0.2035527 0.007824042 0.3025925 -3.149883
53 5.546895 -0.207432 -0.3989676 -0.8687904 0.7710976 0.188136 0.2300913 0.3729986 -2.581899
54 5.435234 -0.4679008 -0.237485 -0.6253869 1.202394 0.4145869 0.06398541 0.3884931 -3.540954
55 5.255623 -0.1164462 -0.09144848 -1.300192 1.060644 0.1303826 0.1361346 0.3750192 -3.310543
56 4.860677 -0.184492 0.0252537 -0.9578266 0.8430988 0.5101524 -0.03818384 0.4303857 -3.518976
57 4.534002 -0.2384595 0.5736956 -0.8767425 1.324519 1.815795 -0.07838884 0.3451322 -2.74084
58 4.936906 -0.4566084 -0.01696642 -0.4108559 1.109307 0.4559931 0.183715 1.28429 -2.744392
59 5.118528 -0.3722074 0.5328161 -0.6547768 0.6053056 0.3023042 0.2217689 0.2220173 -3.068053
60 5.894936 0.06968201 -0.5269135 -0.7870541 0.982635 1.816216 0.5556908 0.2478977 -2.913902
61 5.552817 -0.1870071 0.2235517 -0.916583 0.6749706 0.5609711 -0.01621017 0.3056477 -4.287072
62 5.129029 -0.6096251 0.1226235 -0.1121574 1.249414 1.072076 0.09474133 0.04930108 -3.075775
63 4.983002 -0.5125911 -0.33397 -0.08653946 0.7721545 0.5516461 0.1943782 0.09440818 -2.890372
64 5.273049 -0.2547712 -0.4437815 -0.5523163 1.026099 0.6157173 0.2247109 0.1180951 -3.265759
65 4.993343 -0.4409781 0.1818803 -0.4654576 1.780304 0.289909 0.2704723 0.5138254 -3.258096
66 5.43232 -0.3207759 -0.5179062 -0.5103316 1.239552 1.529128 -0.0885154 0.3438683 -2.944439
67 5.327193 -0.1477771 -0.3143022 -0.7293367 0.8426461 0.146916 0.1619994 0.3134593 -3.273364
68 5.950506 -0.6804831 -0.8059275 -0.1649857 1.049976 0.2755498 -0.0618759 0.1030703 -3.518976
69 4.294156 -0.3043606 0.9975416 -0.9258469 1.603568 0.6072928 0.10076 0.3846619 -3.555341
70 4.996747 -0.2201891 0.6001474 -1.450758 0.8817018 0.5941504 -0.9414046 3.602749 -2.61496
71 5.089545 -0.07537227 0.4711261 -0.9013657 1.012579 0.4258966 0.06979585 0.1756365 -3.091042
72 5.264837 -0.2770935 -0.09569298 -0.6410842 0.6083592 0.2501803 0.1695596 0.2830112 -4.266692
73 5.717183 -0.7183267 -0.7118218 -0.2532574 0.7537287 0.08189095 0.05685972 0.4064596 -3.325036
74 5.563424 0.02866982 -0.4810088 -0.6564007 1.211347 0.2828808 0.2855184 0.3901531 -2.890372
75 5.403323 -0.7679096 -0.1181534 -0.02401386 0.9683901 0.374745 0.1114783 0.03916571 -3.068053
76 5.404056 0.1012099 -0.03642037 -0.9298409 1.109375 0.1427374 0.04506074 0.280922 -2.547708
77 5.45147 -0.4488059 -0.159089 -0.4967949 1.025865 0.6900742 -0.3295045 0.4663617 -2.90612
78 4.929107 -0.425675 0.5279391 -0.5731333 1.090503 0.5574966 0.1734074 0.4805909 -3.857061
79 5.896687 -0.260458 -0.8968901 -0.6002939 1.242156 1.098613 0.2016119 0.1599357 -3.295837
80 5.34902 -0.4835229 -0.06848996 -0.6200866 0.6017988 0.3924695 0.1617314 0.1052114 -2.944439
81 5.946939 -0.3589761 -0.4959373 -0.7200228 0.8111474 1.5121 0.4552007 0.1597839 -2.772589
82 5.39272 -0.3243636 -0.6642226 -0.9611158 0.7197642 0.5142078 -0.04979187 0.2790335 -3.332204
83 5.501015 -0.418587 -0.8409761 -0.3627496 1.045497 0.8186038 0.02084857 0.04198016 -3.120895
84 5.41575 -0.3494898 -0.2374234 -0.5377586 0.8713034 0.5680197 0.3696346 0.2813414 -3.533681
85 5.86927 -0.8183289 -0.08681418 -0.2309994 1.205605 1.105122 -0.04130855 0.8137105 -3.317816
86 5.12787 -0.1614623 0.3522092 -0.6385515 1.181821 0.4237851 0.2676644 0.2282382 -3.113515
87 5.125851 -0.364313 -0.2053795 -0.6793819 0.8005247 0.2476984 0.08126055 0.1050097 -3.120895
88 4.892038 -0.4876929 0.994407 -0.6708396 0.8544051 1.143908 0.4187123 0.3033858 -2.772589
89 5.310967 0.146177 -0.533595 -0.97674 0.7428644 0.2637486 0.1354554 0.1268786 -3.295837
90 4.884385 -0.7383223 0.3107558 -0.03396881 1.211902 0.328316 -0.09545178 0.233541 -2.944439
91 5.622609 0.4057822 -0.5765808 -1.658424 1.033148 0.3867526 0.1888455 0.2014129 -2.874371
92 5.24713 -0.1691744 0.1887336 -0.7187501 1.179519 5.079009 -0.3116121 0.03599448 -3.325036
93 5.427546 -0.4664131 0.05379716 -0.5002689 0.8828009 0.6708433 0.3260738 0.1933255 -3.850004
94 5.805696 -0.6140866 -0.797366 0.0976525 0.9632177 0.2574582 0.2726806 0.4162527 -3.083438
95 5.489984 -0.08088445 -0.2713242 -0.819907 1.536352 0.4190143 0.2063674 0.2210644 -3.310543
96 5.361724 -0.4120807 -0.1068161 -0.532043 0.9032982 0.5648761 0.1653845 0.1099274 -2.646963
97 5.178302 -0.2419276 -0.1700224 -0.660638 0.6677406 0.8026316 -0.175715 0.1963048 -2.795756
98 4.912651 -0.09851225 0.6883424 -0.9908448 1.008191 0.6888133 0.2572099 0.125215 -3.10608
99 5.423431 -0.4237716 -0.6657875 -0.539896 0.8251342 0.5501796 -0.1128315 0.233121 -4.273537
100 4.729888 0.1335839 0.66903 -1.362355 1.021782 0.1577042 0.1099455 0.1869418 -3.562458
