1 0.3164946 0.2187398 0.4963721 0.3227125 0.5244438 0.3020323 0.260365 0.3176118 0.3455077
2 0.3222177 0.338114 0.4161045 0.4456832 0.4264283 0.3389937 0.3887114 0.3042604 0.3645189
3 0.4041921 0.255145 0.5052707 0.3193469 0.451676 0.2002269 0.1710799 0.1881122 0.4556048
5 0.4391941 0.2940068 0.5627756 0.3618971 0.6263182 0.2928111 0.2398072 0.2914687 0.4556048
11 0.3631401 0.3149686 0.5445423 0.4640009 0.6143176 0.4339605 0.4104796 0.3973288 0.3638034
16 0.3970459 0.2844745 0.4548059 0.3235848 0.3002485 0.1609552 0.1330372 0.1805298 0.4553602
18 0.3117342 0.1835785 0.5158686 0.2804974 0.4925858 0.2125327 0.1500254 0.2002365 0.3882411
19 0.2816224 0.2648243 0.405154 0.3785953 0.349928 0.2299899 0.2524622 0.247524 0.3877834
20 0.5713783 0.4347362 0.7101152 0.5171263 0.9013416 0.4549783 0.3610146 0.5167267 0.4179314
21 0.3396414 0.2203325 0.5368591 0.3483333 0.5345267 0.2771735 0.2084124 0.314621 0.3640313
26 0.5059931 0.3720245 0.6271481 0.4314845 0.6860657 0.3154395 0.2471074 0.3621709 0.417707
27 0.3235833 0.1780047 0.6110973 0.3260864 0.5731356 0.2383083 0.1691462 0.2655426 0.3881619
30 0.3183233 0.207395 0.476696 0.2966387 0.4666655 0.2317894 0.1835713 0.2514793 0.3643514
32 0.3205445 0.2015707 0.502763 0.300399 0.5046704 0.2611776 0.2083718 0.2689519 0.4553012
33 0.3553005 0.1971137 0.4916 0.2635339 0.4518611 0.187786 0.1425946 0.2234572 0.4170922
36 0.2741995 0.2701641 0.3730471 0.3475015 0.3187531 0.2065976 0.2096126 0.2036271 0.3645189
37 0.4105854 0.2741443 0.5273724 0.3394338 0.594545 0.318065 0.2391555 0.2969042 0.4173553
38 0.3329332 0.2375325 0.5273796 0.3842748 0.529316 0.2839483 0.2523202 0.3137959 0.3879313
40 0.3372056 0.2656357 0.4500747 0.3402379 0.4479141 0.2594935 0.2854999 0.3347817 0.3455077
47 0.4556464 0.1619865 0.8055488 0.2804003 1.014622 0.3000668 0.1415691 0.2496537 0.4174236
52 0.356323 0.3727824 0.4919365 0.508144 0.494473 0.3391124 0.4495116 0.3170137 0.4552431
54 0.3916549 0.1998914 0.5226951 0.2606135 0.4942499 0.186117 0.1254234 0.186761 0.5833743
55 0.3039002 0.2602492 0.4366568 0.3644351 0.3987137 0.2425855 0.2481482 0.2601283 0.5070909
56 0.2874134 0.2240108 0.4138602 0.3201363 0.3931112 0.2214014 0.2089454 0.1991787 0.5832408
58 0.4395471 0.3698817 0.531069 0.4243619 0.527292 0.3039002 0.2509578 0.3311821 0.3295765
59 0.3824386 0.2046824 0.5280369 0.2658065 0.5726918 0.2882664 0.1594306 0.2005478 0.3458116
60 0.2813382 0.187885 0.3915958 0.2661797 0.3172493 0.161881 0.1310339 0.1759713 0.4176345
61 0.3373035 0.194558 0.4843024 0.2694162 0.4557944 0.1868453 0.1453168 0.187324 0.4174928
62 0.3058027 0.2332252 0.4419653 0.3391883 0.4035454 0.2474485 0.2367006 0.2614661 0.4170922
63 0.4004454 0.2490383 0.5143347 0.3122579 0.5342351 0.2624237 0.2010527 0.2430226 0.3445935
64 0.3207299 0.2184687 0.4619826 0.3073965 0.4837263 0.2824351 0.2198478 0.1815737 0.3292467
65 0.3607615 0.282155 0.4990011 0.3828167 0.4941054 0.2900321 0.2739175 0.3152684 0.4554807
66 0.2982154 0.2763513 0.396443 0.3571643 0.3229765 0.1985948 0.2286739 0.2334736 0.4173553
67 0.3505176 0.2097851 0.5493918 0.3128043 0.9050536 0.567167 0.4169676 0.2754816 0.388007
69 0.2448175 0.2039444 0.3686332 0.3037148 0.2931213 0.1703844 0.1571464 0.1874526 0.3295765
73 0.3776817 0.2219535 0.5442268 0.3093493 0.5841234 0.2556061 0.1884998 0.2314413 0.4554807
74 0.365222 0.2769272 0.5257149 0.3968354 0.5774523 0.3207421 0.2749953 0.404824 0.3462413
76 0.3554086 0.2303842 0.5081835 0.3034062 0.5526757 0.2765547 0.2025339 0.2560426 0.3883216
81 0.2816844 0.1624154 0.422661 0.2319822 0.336623 0.1416571 0.1003747 0.1605128 0.417707
85 0.3466625 0.2345721 0.4650281 0.3242511 0.4112123 0.212654 0.1973181 0.2229031 0.4553012
86 0.4020127 0.2265675 0.5377872 0.3053643 0.5625742 0.2593101 0.1911625 0.2482109 0.5832408
87 0.2968158 0.2581331 0.4099638 0.3513497 0.3719832 0.234377 0.22699 0.2106361 0.4173553
90 0.3054875 0.1781984 0.4595776 0.2581632 0.4350947 0.210149 0.1380909 0.2063608 0.3031177
92 0.3532155 0.3109215 0.441135 0.3878644 0.354237 0.2203805 0.2519765 0.2181334 0.5068004
93 0.4357801 0.3321416 0.6055278 0.4646614 0.7017396 0.4099656 0.3903045 0.3804848 0.4550189
94 0.2634533 0.1881306 0.4583681 0.2999455 0.3807265 0.2004298 0.1481902 0.2410746 0.3154834
95 0.3438532 0.1851281 0.5205326 0.2893772 0.5024803 0.226098 0.1533814 0.2389915 0.4556048
98 0.2789311 0.226043 0.4403763 0.3642178 0.4551322 0.2886836 0.2545176 0.2582374 0.3450328
99 0.2679159 0.1786269 0.4441964 0.2850311 0.3916941 0.2107505 0.16135 0.2215312 0.417707
101 0.2881103 0.2156049 0.4775172 0.343356 0.4374248 0.2539011 0.2070323 0.310575 0.3879313
102 0.302745 0.2100385 0.4161027 0.2746707 0.3453029 0.1818616 0.1342817 0.2098698 0.3647801
103 0.4034013 0.1961623 0.5813066 0.2748938 0.6340882 0.2536754 0.1391899 0.2068727 0.3879313
105 0.2838547 0.2559519 0.3812436 0.3485915 0.3451001 0.2180994 0.2224611 0.2100669 0.3456074
106 0.443154 0.2998878 0.5516868 0.368758 0.6264395 0.3465986 0.2755388 0.3397037 0.4169047
111 0.2713004 0.3707812 0.3599728 0.4831238 0.2850402 0.2494635 0.4139435 0.1990503 0.5071417
115 0.24853 0.1918708 0.4634964 0.3395506 0.3672265 0.2094861 0.1853428 0.2397209 0.5074622
118 0.3694854 0.2875999 0.511246 0.3972352 0.5718654 0.3152484 0.3020093 0.3121279 0.5075755
120 0.3715632 0.3813554 0.489009 0.4578567 0.7365342 0.6525162 0.7549237 0.5619681 0.4553012
121 0.4720015 0.3526616 0.5854479 0.4249682 0.6563643 0.3800153 0.2943565 0.4175146 0.3877834
123 0.3198113 0.2493008 0.4782508 0.3482457 0.4736121 0.24034 0.2152179 0.2268099 0.3650541
124 0.234332 0.1895114 0.3712257 0.3001656 0.2870512 0.1833587 0.167311 0.1992774 0.4174236
126 0.382462 0.227949 0.4907241 0.2819042 0.4322102 0.1772639 0.1272627 0.2055404 0.3885707
128 0.3676776 0.2085555 0.5533608 0.3096594 0.6032579 0.2770917 0.1888388 0.304747 0.3643514
129 0.2630179 0.2480122 0.3537871 0.3441685 0.3069937 0.2110359 0.2181818 0.1856357 0.4174928
130 0.238234 0.1832021 0.4132612 0.2780763 0.318227 0.1647112 0.1458543 0.1915573 0.3459163
131 0.2568929 0.2805948 0.3285391 0.3469505 0.2242542 0.1581057 0.1831599 0.1652626 0.3882411
133 0.3165551 0.2637707 0.4210512 0.34299 0.3717234 0.2142132 0.2183252 0.2123919 0.4553602
134 0.2889653 0.1826457 0.5080215 0.3061902 0.4414631 0.2147552 0.1702185 0.2553332 0.3878568
139 0.343527 0.1856088 0.5412736 0.2805097 0.5218665 0.202962 0.151346 0.2172416 0.5071417
142 0.2728261 0.2157064 0.4557845 0.3740769 0.3879917 0.2199829 0.2146721 0.2668296 0.3645189
144 0.365566 0.2982265 0.5008663 0.3864997 0.5784464 0.3453592 0.2988494 0.2968663 0.4555423
145 0.2695299 0.170803 0.4248593 0.2614193 0.3721744 0.1945265 0.137735 0.1924584 0.4553602
148 0.2783721 0.2002317 0.4176125 0.2921313 0.3673829 0.1914173 0.1703281 0.184846 0.5834197
149 0.3769211 0.2495528 0.4830991 0.3020184 0.4242619 0.1885729 0.1447119 0.2024665 0.5836543
150 0.2558816 0.1905907 0.36838 0.2745977 0.3063253 0.1712331 0.1589855 0.1595699 0.5071417
153 0.2959256 0.3041261 0.4406689 0.4418802 0.4961694 0.35053 0.380583 0.2900904 0.3640313
154 0.2391089 0.2205689 0.3465793 0.3280782 0.2615302 0.1634936 0.2055811 0.1403372 0.4171566
155 0.3238814 0.2046564 0.5362398 0.3221521 0.546596 0.2453848 0.1957611 0.2535733 0.3449422
156 0.2668395 0.2636266 0.3806221 0.362434 0.3290291 0.2198287 0.2408532 0.2065933 0.45542
162 0.3914101 0.2581522 0.5420347 0.3553907 0.5574061 0.2562404 0.223878 0.2586954 0.5073523
163 0.2588268 0.1886956 0.408665 0.293329 0.356902 0.1951823 0.1706642 0.178835 0.4176345
166 0.37061 0.2164832 0.4939703 0.2844736 0.464269 0.2265181 0.1543084 0.2499278 0.5071417
168 0.3077947 0.2352194 0.428178 0.3352082 0.3556321 0.1942173 0.1944226 0.2053963 0.4554807
173 0.2485906 0.2089763 0.3597349 0.3064746 0.3266295 0.2147921 0.1894205 0.2029667 0.3457087
174 0.2486306 0.2510465 0.3307235 0.3295269 0.2366801 0.1579057 0.2000207 0.1469981 0.4170922
175 0.3034396 0.3377183 0.4194815 0.4657788 0.4004689 0.3152182 0.3663317 0.283697 0.36487
176 0.302192 0.2551039 0.388294 0.3229623 0.3197358 0.2065358 0.1927042 0.2159707 0.388007
178 0.5251604 0.4174747 0.7562975 0.6004532 1.126719 0.7332019 0.6229275 0.7137095 0.3882411
179 0.7231535 0.4074889 0.9009119 0.4928349 1.364301 0.6582688 0.3955291 0.5414239 0.4556048
181 0.3119016 0.3014993 0.4316996 0.41487 0.4195373 0.2857827 0.3125268 0.2739827 0.5072985
182 0.2936311 0.2555273 0.4074791 0.3564207 0.3605037 0.2353197 0.2253612 0.2542191 0.3884033
183 0.2854138 0.2645254 0.4122336 0.3871194 0.4050916 0.257696 0.2800163 0.19478 0.45542
184 0.3454767 0.2648322 0.443707 0.3287602 0.4134935 0.2374442 0.2005555 0.2537126 0.4553602
185 0.4101819 0.1972302 0.5471826 0.2582504 0.5634591 0.2179259 0.1333987 0.2231896 0.4172881
187 0.3399345 0.2349246 0.4121311 0.2848626 0.3353226 0.2132241 0.1677798 0.198168 0.5834197
190 0.5053092 0.2405551 0.6525596 0.3224089 0.8068787 0.4162637 0.2147279 0.2891607 0.3645189
191 0.3406034 0.1719072 0.5118785 0.2490945 0.5073989 0.2169911 0.1581618 0.2094436 0.45542
192 0.3775667 0.2473975 0.4713978 0.3077435 0.4217702 0.2041388 0.1802315 0.2041197 0.45542
193 0.4290027 0.2988935 0.5713705 0.3953203 0.7456376 0.4121167 0.3243574 0.3584167 0.4177807
195 0.2985947 0.1928129 0.4135004 0.2631357 0.3622576 0.1898623 0.1393799 0.1833367 0.3879313
