1 5.506708 -0.2876443 -0.09025564 -0.4222658 0.5300181 0.6829909 0.01867699 0.09309841 7.414263 -3.540954
2 5.47338 -0.4049398 -0.5046621 -0.7499709 0.3154572 0.4454071 -0.1435319 0.1998915 7.690928 -3.317811
3 5.561763 -0.5140806 -0.0574686 -0.63381 0.3061225 0.4001626 -0.1451331 0.3691344 4.297445 -3.060271
4 5.436287 -0.3552094 -0.6460971 0.1106669 0.3934715 0.2819106 0.003242795 0.07171997 2.39617 -2.764746
5 5.294189 -0.2852265 0.2648024 -0.8895996 0.4660203 0.4325699 0.3214168 0.3250417 14.96394 -3.083438
6 5.847432 -0.4196886 -0.6361547 -0.516865 0.4656351 0.4430948 0.04403676 0.04932356 3.721609 -2.598566
7 5.428928 -0.5757911 -0.448886 -0.5687701 0.45816 0.5015816 0.006964055 0.1546368 19.009 -3.288402
8 5.815723 -0.277687 -0.5816085 -0.9399741 0.7230654 0.1949128 0.0610463 0.1243177 17.28497 -3.060271
9 5.466871 -0.5300785 -0.1059569 -0.4157271 0.5097992 0.4198359 0.04420853 0.2164808 4.430792 -3.135494
10 4.898515 -0.09885603 0.4863249 -1.059452 0.5140143 0.6101293 0.03225529 0.03630815 4.677163 -2.929287
11 5.20732 -0.4333005 0.1042983 -0.1647785 0.637717 0.3928821 0.003108867 0.02992196 65.3449 -2.09849
12 5.471073 -0.8189819 -0.1709555 -0.396721 0.6422542 1.291153 -0.07918881 0.6647821 5.606075 -2.764746
13 4.959521 -0.4381584 -0.0588744 -0.2507621 0.9206523 0.4604597 0.06514026 0.3646812 72.34101 -3.075775
14 5.458457 -0.390492 -0.5035031 -0.6770293 0.4387121 0.1313303 0.03860203 0.1793213 3.339471 -3.265759
15 5.364664 -0.251419 -0.582093 -0.553354 0.6114602 0.5025431 0.1430933 0.5744397 39.18981 -3.526356
16 4.918935 -0.1393225 0.3033566 -0.8486879 0.6670576 0.900262 0.1214086 0.2551051 4.715409 -2.451005
17 5.594831 -0.4023202 -0.5346678 -0.3719312 0.847775 0.6785514 -0.2316208 0.7142031 60.02459 -2.459589
18 5.249624 -0.1836176 -0.1401474 -0.5410634 0.6824113 0.4327886 0.1725214 0.3116831 9.716743 -3.09859
19 5.740739 -0.5945152 -0.771838 -0.003620176 0.692382 0.5290342 0.03221542 0.2912669 4.1885 -2.929287
20 5.285512 -0.3629699 0.1365298 -0.5446556 0.4302105 0.3714772 0.1140145 0.08443169 3.979355 -3.083438
21 5.281798 -0.274542 -0.08790952 -0.4973173 0.4361191 0.6899492 -0.02736992 0.1403282 3.129316 -2.936855
22 5.457218 -0.419045 -0.3988657 -0.5924713 0.4904126 0.4935525 0.1335345 0.319921 14.52808 -4.273537
23 5.160185 -0.3087501 0.12962 -0.7931394 0.43443 0.4205225 0.06589068 0.1014532 3.581823 -3.295837
24 5.226303 -0.2469883 0.1631611 -0.7531128 0.5063988 0.1457761 0.06579647 0.1949864 6.615525 -3.075775
25 5.586476 -0.5068746 -0.4988057 -0.3836292 0.4703025 0.5750252 -0.02744418 0.1652024 6.932798 -3.276673
26 5.843311 -0.4866695 -0.3828543 -0.4872039 0.280485 0.63966 -0.01295335 0.009203291 8.927237 -2.691243
27 5.516083 -0.5868223 0.04896231 -0.5048999 0.4626701 0.2637781 0.01729901 0.1529973 21.43258 -3.265759
28 5.109744 -0.3495098 -0.2556966 -0.412829 0.5577533 0.2313783 0.1673672 0.2639682 7.62015 -3.288402
29 5.568633 -0.2634973 -0.2348887 -0.8902241 0.3567516 0.5665227 -0.003354923 0.05896015 6.067089 -3.068053
30 5.81582 -0.5613257 -0.5272474 -0.4631693 0.4672639 0.5685654 -0.04988461 0.1489306 3.41044 -2.84988
31 5.349769 -0.02547165 -0.1578105 -1.20122 0.633339 0.5213908 -0.003747009 0.2943083 4.21841 -4.287072
32 4.836539 -0.9487241 0.2582268 0.08594653 0.6155306 0.5516711 0.004966591 0.3375134 5.735281 -2.459589
33 5.032231 -0.3708187 -0.03113367 -0.5712844 0.2634838 0.4487879 -0.1131086 0.2103985 9.219583 -2.795756
34 5.434297 -0.1655302 -0.2351054 -0.6006252 0.7528109 1.129104 -0.01060882 0.1490117 16.6006 -2.788093
35 5.151056 0.01439931 0.501139 -0.7900151 0.6263673 0.4412518 0.1009993 0.2003687 10.05144 -3.288402
36 5.536 -0.2399169 -0.1703313 -0.8510175 0.4813434 0.4007313 0.09748416 0.2632791 6.137989 -3.068053
37 5.512223 -0.3742196 -0.7794935 -0.4262334 0.5324589 0.3295719 0.04203274 0.01229296 4.948265 -3.288402
38 5.573587 -0.3119672 -0.4625872 -0.7411564 0.4206028 0.2242769 0.07182055 0.06094019 5.197158 -3.835735
39 4.929641 -0.3192826 0.673929 -0.9224586 0.6918433 0.4170151 0.1073512 0.1118233 9.628523 -2.381228
40 4.398747 -0.1593375 0.9081887 -0.8302929 0.655364 0.5743007 0.1857426 0.1778844 13.03374 -2.90612
41 5.463341 -0.4644812 0.02981882 -0.4300405 0.4676627 0.5520792 -0.04345778 0.3736458 5.07889 -2.890372
42 5.167187 -0.4329083 -0.1323479 -0.6377493 0.4453546 0.3583269 0.2242487 0.1675585 4.899041 -3.295837
43 5.146702 -0.1817022 0.2209676 -1.065096 0.4122843 0.1231685 0.02956345 0.07313799 5.991012 -3.10608
44 5.064846 -0.1664141 0.4441183 -0.9330312 0.4958578 0.2913786 0.07977235 0.2203742 6.074699 -3.091042
45 5.02971 -0.2378265 0.2356053 -0.608462 0.2820854 0.4503565 -0.07664252 0.1536176 4.453331 -2.040221
46 5.088408 -0.1611083 -0.4090145 -0.2989799 0.4760163 0.1825177 0.02488082 0.09604416 2.754974 -2.882404
47 4.709642 -0.5546855 0.9689031 -0.6287117 0.4742945 0.3491474 -0.0189179 0.187587 3.231762 -3.548173
48 5.148305 -0.2299179 0.2281794 -0.4598124 0.5849247 0.3170514 0.03434283 0.2067222 136.5062 -3.555341
49 5.655479 -0.514145 -0.4027362 -0.4574147 0.3354517 0.4407535 -0.070617 0.2666408 4.167988 -2.75684
50 5.253031 -0.4702748 0.2429707 -0.9528119 0.3733466 0.6385247 0.1239965 0.07654152 5.404752 -2.874371
51 4.85405 -0.0603795 0.2160242 -0.8749191 0.4602624 0.7150679 -0.04503849 0.4208745 4.782199 -2.866274
52 5.413582 -0.5593169 -0.3873518 -0.1703765 0.6499997 0.3465774 -0.06187888 0.2938398 5.057639 -3.149883
53 5.545635 -0.205551 -0.3988904 -0.8886682 0.5722964 0.2311817 0.2126522 0.3751194 176.9237 -2.581899
54 5.402369 -0.4465954 -0.203907 -0.5908996 0.7588007 0.6720361 -0.1153834 0.4675489 20.07208 -3.540954
55 5.255202 -0.2352279 -0.2500732 -0.7820079 0.4296676 0.1832403 0.03122851 0.2131505 4.39244 -3.310543
56 4.816912 -0.1927963 0.1973926 -0.9431387 0.4284087 0.6083902 -0.1409692 0.4332581 10.00298 -3.518976
57 4.586631 -0.2091017 0.6998019 -0.9322876 0.4325769 0.8010132 -0.01360826 0.3359679 3.769254 -2.74084
58 5.097012 -0.213117 -0.16406 -0.3688585 0.2966496 0.2895346 -0.1140611 0.3996709 2.479834 -2.748872
59 5.134747 -0.337541 0.4002202 -0.671126 0.3113961 0.3279978 0.1542953 0.1379917 6.472088 -3.068053
60 5.50467 -0.05369639 0.293835 -0.8540947 0.3554809 0.8903484 0.08225041 0.09793702 3.496648 -2.913902
61 5.593518 -0.1824188 0.04636759 -1.005552 0.3477 0.4425089 -0.09848872 0.2837635 7.443378 -4.287072
62 5.001661 -0.6267914 0.5525865 -0.2449913 0.4854747 0.2898666 0.09872132 0.1752261 3.228217 -3.075775
63 4.950378 -0.4974532 -0.2906359 -0.1032706 0.5655428 0.5886051 0.1791063 0.1160364 71.18938 -2.890372
64 5.480095 -0.3782929 -0.2459489 -0.3790619 0.4762306 0.3408101 0.1228538 0.0914981 3.812065 -3.265759
65 4.959337 -0.1832618 0.2199716 -0.782263 0.5700065 0.5284486 -0.02456858 0.3604523 2.876146 -3.258096
66 5.108517 -0.3358057 0.2218905 -0.6905499 0.3254746 0.2871003 0.004590854 0.06040551 2.037641 -2.944439
67 5.28945 -0.350367 -0.3618666 -0.5246783 0.3945994 0.2399491 0.01056477 0.2976431 4.821237 -3.273364
68 5.639854 -0.5039549 -0.6047367 -0.2925734 0.4580479 0.1948757 -0.04051421 0.1278159 4.454773 -3.518976
69 4.709013 -0.3153853 0.5883464 -0.7541055 0.6565205 0.478941 -0.04295099 0.3602209 4.810225 -3.555341
70 4.94438 -0.4090896 0.2297271 -0.4713663 0.2657358 0.2995455 0.1381809 0.243085 2.922862 -2.61496
71 5.201116 -0.01491153 0.4215768 -1.05061 0.4305677 0.1912226 0.0640897 0.1711439 3.949796 -3.091042
72 5.258149 -0.3109348 0.05300678 -0.6605146 0.3916516 0.2888802 0.1196573 0.2769192 16.22916 -4.266692
73 5.645063 -0.6947966 -0.6482703 -0.3482597 0.4741132 0.1878916 -0.01994573 0.447546 15.51487 -3.325036
74 5.545004 -0.02493071 -0.3581498 -0.489452 0.4025642 0.1243146 0.1251589 0.3058042 2.594616 -2.890372
75 5.396232 -0.6763351 -0.09365234 -0.1528722 0.5681263 0.3358767 0.05329003 0.09705533 8.984896 -3.068053
76 5.449145 0.06332555 -0.1027472 -1.038808 0.4676676 0.2930291 -0.001065329 0.1593097 4.566176 -2.547708
77 5.203613 -0.4965325 0.07666734 -0.4842944 0.3563787 0.2325679 -0.1496516 0.2187308 3.298529 -2.90612
78 4.901098 -0.4162591 0.1855648 -0.4430436 0.4856375 0.4253239 0.1438857 0.2083718 3.917026 -3.857061
79 5.677205 -0.3345813 -0.5858228 -0.5320222 0.7310939 0.9877565 0.06398481 0.2619795 11.4755 -3.295837
80 5.439652 -0.4780561 -0.06734168 -0.6053998 0.3936917 0.307744 0.1077723 0.1130985 11.98892 -2.944439
81 5.877166 -0.3892681 -0.5696996 -0.7312878 0.4910342 0.7944098 0.2478957 0.1574575 8.626257 -2.772589
82 5.432306 -0.3410494 -0.7460073 -0.9411687 0.4153495 0.6601191 -0.159639 0.347084 20.07249 -3.332204
83 5.469776 -0.3545594 -0.6116031 -0.4466317 0.5933456 0.5859324 0.05013402 0.06670833 7.549358 -3.120895
84 5.431574 -0.3279475 -0.2682509 -0.5545931 0.6575885 0.6009499 0.3588662 0.2883505 79.8371 -3.533681
85 5.940501 -0.7223696 -0.09922776 -0.2486422 0.5201537 0.923178 -0.3124086 0.694415 5.249057 -3.317816
86 5.370283 -0.1162287 0.0564692 -0.7088942 0.6523771 0.444723 0.1155155 0.1894846 7.084365 -3.113515
87 5.216671 -0.4609794 -0.2801662 -0.6557639 0.4376051 0.2912007 -0.04449194 0.1338893 7.12651 -3.120895
88 5.061724 -0.4825601 0.6407699 -0.4719172 0.4253938 0.9655254 0.1051396 0.1563134 6.365654 -2.772589
89 5.216133 0.167584 -0.5283145 -0.9617423 0.4372697 0.3873441 0.05374109 0.1826381 11.1059 -3.295837
90 5.121487 -0.8408289 0.3207097 -0.01288823 0.4403962 0.4835992 -0.1735338 0.1887015 3.399728 -2.944439
91 5.642397 0.3422452 -0.5489764 -1.504832 0.5138342 0.3532357 0.06080171 0.1840626 4.569633 -2.874371
92 5.912 -0.328802 -0.4250882 -0.7150119 0.6012701 0.36962 0.08160808 0.04844041 3.03385 -3.325036
93 5.254623 -0.3681109 0.6948045 -0.6614599 0.3328736 0.3978907 0.1070467 0.1501183 3.950234 -3.850004
94 5.85093 -0.4436206 -0.8059543 -0.04931327 0.6302137 0.3740425 0.137979 0.3237542 14.10745 -3.083438
95 5.170406 -0.175149 0.0642266 -0.7287358 0.743043 0.25209 0.04645294 0.2767978 5.306972 -3.310543
96 5.37398 -0.2161368 -0.1863726 -0.7326523 0.4318281 0.4297329 -0.03560239 0.1388283 4.438904 -2.646963
97 5.136049 -0.1979143 -0.009418329 -0.7468222 0.3722537 0.7994379 -0.221505 0.246073 20.04227 -2.795756
98 5.09715 -0.1441561 0.1044039 -0.8581602 0.4741236 0.6808322 0.1670741 0.08780537 5.219828 -3.10608
99 5.292261 -0.4171865 -0.3823041 -0.6469035 0.411547 0.3654609 -0.02988958 0.1691807 6.273253 -4.273537
100 4.859856 0.05170878 0.5197511 -1.251072 0.6248327 0.2641727 0.06867548 0.2266085 10.88606 -3.562458
