1 0.3516303 0.1883521 0.4566199 0.2330339 0.3617478 0.1393233 0.0882211 0.1182786 4.336103 3.983777 1.379392 0.2810972 0.7695861
2 0.2674565 0.1881569 0.3625672 0.247739 0.214212 0.1192383 0.09644577 0.07236242 4.163221 2.514339 1.215535 0.3148014 0.4761919
3 0.2503813 0.2325122 0.3603103 0.3345919 0.2099936 0.1382691 0.1745396 0.08006277 1.914132 2.143788 0.9006393 0.3757349 0.4775047
4 0.2160126 0.1348262 0.3640661 0.2231614 0.2215081 0.1029477 0.08051157 0.1124485 0.8783497 0.970634 1.090227 0.2143129 0.2551373
5 0.2315973 0.1890732 0.3956975 0.3170182 0.2508503 0.1411689 0.1471337 0.09608987 13.32932 1.714673 4079.452 0.3261366 0.3907141
6 0.3014677 0.1507902 0.4730952 0.2074205 0.4921004 0.1349665 0.06282315 0.1560289 1.852549 2.144901 1.2094 0.174379 0.4172243
7 0.2616583 0.1709808 0.4023047 0.2494256 0.2588809 0.122219 0.09777961 0.0965669 20.36747 2.198858 1.345107 0.339124 0.6339514
8 0.2727941 0.2105369 0.3710635 0.269984 0.2415232 0.1409456 0.1355714 0.1489089 22.59096 2.174645 1.184533 0.2335908 0.4242989
9 0.3123944 0.2338375 0.3985597 0.2860499 0.2721624 0.1422021 0.1280616 0.1308154 1.972859 1.450031 0.9687086 0.2961783 0.4162821
10 0.264291 0.1338471 0.4774477 0.219395 0.3374814 0.1231758 0.07092094 0.1239574 2.035779 1.484674 1.154023 0.2441612 0.3449476
11 0.233398 0.1585523 0.4122729 0.2486694 0.268376 0.1308216 0.09351547 0.1261551 146.1695 1.928982 0.6994254 0.2210358 0.4596247
12 0.438013 0.3394007 0.6275418 0.4366403 0.6835315 0.3055526 0.3320799 0.1825105 3.925572 0.8741379 0.8653501 0.2479092 0.3061976
13 0.2924127 NaN 0.4350119 0.2859541 0.3271715 0.2071462 0.2022596 0.1074721 161.4102 NaN 1.014058 NaN NaN
14 0.2086378 0.1872441 0.3055394 0.2637462 0.1710806 0.1022311 0.1150371 0.1310716 1.584735 2.321147 3804.941 0.3504829 0.531593
15 0.479144 0.6908528 0.557899 0.5419275 0.293347 0.3139561 0.2411018 0.1131223 75.18922 8.581306 1.675972 2.005846 3.525406
16 0.3980766 0.313533 0.541285 0.3730018 0.5070943 0.2213556 0.1672016 0.1820819 2.30831 1.033024 0.6973005 0.1749164 0.2290995
17 0.2974435 0.3026566 0.4917856 0.4573126 0.4039438 0.2884674 0.3632232 0.1563645 139.8696 1.363702 0.8838842 0.275669 0.3683178
18 0.3457435 0.2701178 0.4522259 0.337439 0.3211597 0.1869925 0.1734685 0.1515712 7.112278 1.63944 0.9435047 0.2936518 0.4433424
19 0.308369 0.2369009 0.4655752 0.3389517 0.3876926 0.1912473 0.1973957 0.1966838 2.311173 1.448026 1.18719 0.2489832 0.359889
20 0.2766034 0.1594062 0.3854032 0.2161757 0.2570712 0.1099301 0.08858182 0.1140611 1.769572 2.323686 0.9468729 0.3675204 0.7057579
21 0.3680285 0.1899053 0.4680135 0.2506254 0.356623 0.1405023 0.09310952 0.1154445 1.115322 1.617858 0.8038011 0.1720979 0.3181865
22 0.267352 0.2070145 0.3907504 0.3049514 0.28935 0.1586535 0.1678579 0.1050359 18.14506 2.711983 1.631128 0.6347625 1.077406
23 0.2592185 0.1682581 0.3902594 0.2278484 0.2409364 0.1063613 0.08694027 0.1109008 1.434501 2.364455 3101.431 0.3343616 0.4448791
24 0.236881 0.1966627 0.3245032 0.2749233 0.1896965 0.1230218 0.1171131 0.1241133 4.699389 1.781876 0.9715737 0.3516335 0.5393567
25 0.3173975 0.1987058 0.4281331 0.2632632 0.3008144 0.1415825 0.119836 0.1058598 3.755566 1.886073 1.026195 0.311035 0.4884963
26 0.2829439 0.1028597 0.4104923 0.1488525 0.2678657 0.07827628 0.03362193 0.06817557 5.973658 2.660604 0.8757197 0.25717 0.5068603
27 0.2669564 0.2193728 0.3441737 0.2638638 0.2182556 0.1212056 0.1153082 0.09525656 37.11316 2.582066 1.537725 0.3537853 0.7693683
28 0.2277933 0.1972096 0.3616917 0.3124333 0.2368211 0.1356773 0.1791574 0.1364678 6.36539 1.766897 1.166786 0.5159983 0.5491584
29 0.3063755 0.1437065 0.416128 0.1942724 0.3384696 0.1132112 0.06283119 0.07624036 2.879977 1.919363 1.099382 0.4727663 0.5291798
30 0.326584 0.2351376 0.4406272 0.2840502 0.3163792 0.1639964 0.1244663 0.1288295 1.372382 2.395298 5018.867 0.2875976 0.4353452
31 0.3458278 0.2422974 0.4516415 0.3154079 0.3157744 0.16412 0.1683434 0.1575682 1.912409 1.487274 5299.032 0.3454307 0.3870762
32 0.3501885 0.3109446 0.4592736 0.3786077 0.3407537 0.2095073 0.2027827 0.1635885 3.002214 0.9350487 0.7607185 0.2020028 0.253817
33 0.231691 0.174509 0.3548026 0.2493191 0.2088482 0.1106052 0.1106645 0.05603341 6.395934 1.682819 0.8748401 0.2442623 0.419543
34 0.3966464 0.1988485 0.5547825 0.2802466 0.5197927 0.203639 0.133753 0.1692848 18.31245 1.456835 0.9189954 0.2680535 0.3877927
35 0.3015902 0.2084955 0.415242 0.2874799 0.294635 0.1554571 0.1415634 0.1291734 6.901117 2.057522 1.016071 0.2700136 0.4376901
36 0.2675203 0.2073003 0.403227 0.308935 0.3213492 0.1638525 0.1615156 0.1345024 6.037571 1.526055 1.115582 0.3910696 0.4756116
37 0.2967458 0.1259084 0.4053361 0.1870738 0.6375231 0.2628738 0.13416 0.1269252 2.217063 2.359768 1.271319 0.2356448 0.4343125
38 0.2559622 0.1655365 0.3347153 0.2031151 0.200121 0.08435219 0.07358738 0.09822381 2.794807 2.506519 1.484242 0.4473716 0.6080574
39 0.2772495 0.196356 0.4216762 0.271922 0.3239365 0.1651507 0.1348202 0.1475695 6.136294 1.259838 1.088886 0.2277272 0.3243154
40 0.3356841 0.2307626 0.4420154 0.2928595 0.349704 0.1579825 0.1303454 0.1427736 12.03859 1.840543 0.8095347 0.2636197 0.432727
41 0.2654091 0.2136633 0.4446513 0.3540222 0.3093785 0.1825174 0.1977752 0.1063823 2.112932 1.11246 1.169804 0.2415693 0.2784484
42 0.3586706 0.2799371 0.4171003 0.3137146 0.3066867 0.1334437 0.1396939 0.1023506 2.525714 1.136793 0.9467778 0.3252315 0.3984835
43 0.227779 0.166299 0.2967334 0.2194308 0.1657918 0.09302847 0.08280428 0.09171266 3.310152 1.755282 1.308463 0.2791935 0.4191507
44 0.2666991 0.2131628 0.3604837 0.2857134 0.2247159 0.1223708 0.1234736 0.1187195 3.232822 1.671914 1.180091 0.3583256 0.4737493
45 0.2630764 0.2902015 0.390136 0.3280991 0.2541338 0.154652 0.1790465 0.1082004 5.672231 1.738811 0.8188595 0.3793792 0.669182
46 0.2238206 0.1626355 0.3348664 0.2366581 0.1798474 0.1014271 0.08645675 0.1531125 1.12062 1.64868 1.190113 0.2372221 0.4109421
47 0.2718436 0.1924449 0.3755875 0.2676009 0.2669708 0.1335667 0.1279597 0.1341606 1.392346 2.133073 2298.75 0.516714 0.7738444
48 0.2314594 0.1678076 0.3685367 0.2667589 0.2389737 0.13518 0.1189638 0.09350511 360.9191 2.358721 1.202637 0.3970243 0.7234831
49 0.2814822 0.2248321 0.3774067 0.29167 0.2539321 0.1304883 0.14246 0.08854073 1.810957 1.965687 1.196719 0.2640105 0.3875534
50 0.3215382 0.1592335 0.4329163 0.2110809 0.3249764 0.1119648 0.07576956 0.09277743 2.924705 1.34313 0.9025027 0.2497269 0.3165416
51 0.3181986 0.2583903 0.4665033 0.351078 0.4442893 0.2249723 0.2231521 0.1122133 2.397562 1.142719 1.016524 0.4003891 0.4674794
52 0.309627 0.2558219 0.4120872 0.3309628 0.2808443 0.1719054 0.171128 0.178799 2.941496 1.730263 0.9022886 0.254243 0.4473184
53 0.2219313 0.3007839 0.3321606 0.3635392 0.2043046 0.1476455 0.2568245 0.1103653 409.3492 1.996807 1.927652 0.6468851 1.015516
54 0.3314164 0.2737461 0.4703313 0.367594 0.3821754 0.2282283 0.2382311 0.1687547 33.89796 2.840408 1.366419 0.2829165 0.5917942
55 0.2038729 0.1776852 0.3201597 0.2753404 0.1717471 0.1057263 0.1157867 0.1001029 1.731482 1.804261 1.444385 0.3284065 0.4152381
56 0.3158524 0.2829288 0.4193754 0.3606422 0.2924097 0.1837017 0.2267473 0.09091787 7.839291 1.988942 2.354322 0.466206 0.66787
57 0.3466362 0.261446 0.4685687 0.3309057 0.4050987 0.1954092 0.173882 0.1157558 1.534501 0.8874376 0.8208309 0.2492133 0.2947089
58 0.3039134 0.3077109 0.3626174 0.3621425 0.1921136 0.1522966 0.214948 0.08921735 0.9044117 2.574879 0.9066876 0.2379901 0.4850033
59 0.2240993 0.1666656 0.3334912 0.2306645 0.1839526 0.09367516 0.09101566 0.07381595 3.64659 2.77289 0.8585881 0.2741702 0.5065131
60 0.3257158 0.1566393 0.4965452 0.2219981 0.4699206 0.1547518 0.08356397 0.09385816 1.447983 1.481777 0.9241592 0.310892 0.407151
61 0.2340295 0.1757511 0.3678647 0.2801176 0.2439624 0.1336 0.130732 0.06986474 4.308474 3.460453 5459.38 0.7101916 0.9309126
62 0.3161561 0.2562227 0.393227 0.308255 0.3371692 0.1417868 0.1240862 0.138058 1.53196 1.743835 2202.642 0.2858786 0.5491434
63 0.3044084 0.1968241 0.4209458 0.2447272 0.3019402 0.1199614 0.1073116 0.1045114 155.868 1.818447 0.8019344 0.3492614 0.5896205
64 0.2515912 0.1570777 0.3728434 0.2304869 0.2507273 0.1204751 0.08735292 0.1190509 1.60141 2.246388 1.256777 0.3583233 0.5559339
65 0.3445299 0.2602915 0.4546012 0.3546572 0.3531098 0.1868683 0.2084295 0.1639842 1.100288 1.926303 1.198185 0.322961 0.4028509
66 0.2143009 0.1296177 0.3284687 0.1841152 0.251429 0.1003122 0.06691306 0.1046256 0.7330502 1.424425 0.9379891 0.2555728 0.3834281
67 0.2158099 0.2241569 0.3339847 0.3044893 0.1866204 0.1175082 0.1585902 0.1016839 2.345505 2.047011 3444.492 0.2581708 0.4957879
68 0.271466 0.2000964 0.3428104 0.2531678 0.1907887 0.1199396 0.1072447 0.116975 1.961405 2.682934 1.082859 0.3009278 0.6287447
69 0.3831218 0.2725434 0.4697592 0.3520864 0.3169805 0.1780814 0.1823339 0.1468333 1.96425 3890.626 3890.626 0.3389285 0.3479295
70 0.2085084 0.1975683 0.3394658 0.2889221 0.1737868 0.1098471 0.1666161 0.06964744 0.9891613 1.113632 0.8048295 0.1643443 0.2127406
71 0.2117868 0.1749204 0.3178681 0.2612277 0.1958864 0.1081 0.1054752 0.1164285 1.825811 1.718102 1.017312 0.3173824 0.465694
72 0.1855226 0.1602019 0.382238 0.3100299 0.186271 0.1110749 0.1280692 0.07428186 16.16793 2.940877 6300.651 1.109882 1.070402
73 0.2045082 0.2267821 0.32112 0.3470297 0.1671721 0.1313996 0.1948998 0.09687766 15.38986 2.294489 1.265472 0.4053411 0.4894387
74 0.1838255 0.2110639 0.2943337 0.3130065 0.1485692 0.1129115 0.1587319 0.1249207 1.023185 1.737788 0.969593 0.1891637 0.3295674
75 0.2851355 0.2072021 0.3828306 0.2592695 0.2706012 0.1232946 0.09707786 0.1193609 5.301984 1.912219 1.116866 0.2899914 0.4320652
76 0.2564274 0.2205747 0.3792875 0.2821604 0.2354676 0.1309875 0.1307877 0.1385169 2.607489 2.186631 1.246718 0.2544539 0.5228339
77 0.2173254 0.2005128 0.3127103 0.2719299 0.1881561 0.1237136 0.1275331 0.1025746 1.351768 1.672006 1.15651 0.2707968 0.4253323
78 0.2550661 0.1809324 0.4192355 0.2895136 0.3130004 0.154612 0.1652682 0.1224402 1.950801 2.0763 924.8607 0.4757237 0.8639313
79 0.4138643 0.2588702 0.5473086 0.3237512 0.5503928 0.2135511 0.1547344 0.1497168 7.906114 1.476618 1.378009 0.3467658 0.4467265
80 0.2503352 0.1614442 0.3385052 0.2211868 0.2570478 0.1098088 0.08531314 0.08552706 18.52631 1.291044 0.8487541 0.3827305 0.5155921
81 0.3809824 0.2101875 0.4779225 0.2699747 0.4279016 0.1540133 0.1041382 0.109446 5.574836 1.408423 0.9616396 0.2642316 0.3403382
82 0.355011 0.2536011 0.4386741 0.3120536 0.2935164 0.164943 0.1490366 0.07816783 19.96742 2.379693 1.615965 0.3840108 0.6320223
83 0.2890733 0.152382 0.4563519 0.2294612 0.3637649 0.1461289 0.0951809 0.1373422 5.213752 1.711649 1.015413 0.3284761 0.4402683
84 0.3207827 0.2410029 0.4279904 0.3041466 0.3253832 0.1692852 0.147872 0.1099346 184.3593 2.803724 1.283274 0.4323425 0.6808673
85 0.3405559 0.295189 0.4995115 0.4193867 0.4612109 0.3019531 0.3084401 0.1132343 2.453433 1.262504 0.9342965 0.3683805 0.4166532
86 0.2959223 0.2028136 0.4169904 0.2737231 0.2701483 0.1394989 0.1143881 0.1522344 3.757474 1.435969 0.8974203 0.2636029 0.3208609
87 0.2502506 0.1708017 0.3430045 0.2346908 0.2099632 0.1137735 0.08857036 0.1042162 4.345952 1.856277 1.006362 0.3144384 0.49556
88 0.3278891 0.1655324 0.5103287 0.2531884 0.4272697 0.1482908 0.1101943 0.09541458 3.535616 0.7228353 0.8638897 0.2524218 0.2611201
89 0.2903109 0.2245515 0.3735049 0.2765491 0.2331004 0.1237729 0.124299 0.1060188 11.74839 4.153322 2.324224 0.2853018 0.9870467
90 0.2889998 0.1860088 0.4018922 0.2624691 0.2790516 0.152458 0.1155165 0.1330488 1.567923 1.434103 1.152824 0.2319633 0.3904234
91 0.3020983 0.2548537 0.3908981 0.3087636 0.2762734 0.1583404 0.1733865 0.1348 2.675218 2.015494 1.417773 0.2595362 0.4907855
92 0.2798178 0.1459338 0.4146563 0.2178734 0.3329427 0.1397453 0.09218844 0.1475963 1.125395 0.8519606 0.9770689 0.2629037 0.2392568
93 0.2326532 0.1463848 0.3839612 0.2411452 0.2175104 0.0970852 0.08800984 0.08038158 1.521049 1.625516 5664.432 0.344101 0.4012669
94 0.2778313 0.2650426 0.3917734 0.3383331 0.2635853 0.1695909 0.1987053 0.1314559 16.4708 1.094619 1.116618 0.2529272 0.2852809
95 0.3278859 0.258242 0.4134453 0.3299286 0.2778641 0.1679863 0.1768244 0.173382 2.512089 1.917501 1.053657 0.2272521 0.4173944
96 0.3032098 0.2051392 0.3975985 0.2652111 0.2764088 0.1397231 0.1094319 0.1181014 2.787165 1.343275 0.8044535 0.2086345 0.306927
97 0.3387259 0.2102312 0.4477564 0.2676158 0.3593902 0.1709355 0.1215333 0.06950035 21.03322 1.728441 0.8571921 0.255042 0.3971431
98 0.3006359 0.1581725 0.497774 0.2272688 0.3274314 0.1244972 0.08578698 0.1323084 3.003586 1.805798 1.231547 0.2980956 0.4782237
99 0.2582249 0.1803011 0.3541585 0.2400325 0.2405792 0.1191755 0.09941957 0.08957017 3.415438 3.198312 5532.021 0.4966354 0.7416076
100 0.3144387 0.2511175 0.3890815 0.3043461 0.2312184 0.1335984 0.1350163 0.1325656 7.785384 2.591001 1.395613 0.3361384 0.5630228
