1 5.645983 -0.3854194 -0.1355631 -0.3946506 0.9587825 0.6680468 0.07773488 0.04434029 -4.818129 -0.9632549 0.1959703 0.1486124
2 5.397891 -0.3511683 -0.4686669 -0.8144631 0.688373 0.2009112 -0.01202727 0.1225052 -2.729258 -0.8451114 0.2955867 -0.3440396
3 5.556674 -0.7300651 -0.2794759 -0.129458 0.8576963 0.3544836 -0.1014276 0.5118245 -4.088701 -0.7002856 0.6664461 -0.4105663
4 5.362215 -0.4063892 -0.2615318 -0.1391504 1.029571 1.078861 0.6472031 0.4710749 -2.017061 -1.484375 0.1303208 -0.2056968
5 5.338295 -0.2788125 0.3581054 -0.8887151 0.7254371 0.4643246 0.3501566 0.2997228 -4.657708 -17.67877 0.4038762 0.01665712
6 5.619113 -0.4189083 0.01185172 -0.7403715 1.317442 0.8626825 1.749e-07 1.216567e-08 2.688522 -2.894567 -0.01272293 -1.021093
7 5.493546 -0.6401942 -0.5619205 -0.4726067 0.7393891 0.3717168 0.1186404 0.1028028 -0.7127226 -2.028557 0.2797139 -0.8075006
8 5.840218 -0.3775015 -0.5257898 -0.9440128 1.033851 0.1499032 0.09785712 0.1322549 -1.856322 -0.1179354 0.1659108 -0.4621712
9 5.732858 -0.6623134 -0.1808134 -0.4795395 1.330639 0.7071204 0.1794132 0.1561283 -0.6467358 -1.757187 0.4337662 -1.006198
10 4.751676 -0.07883847 0.6993438 -1.110824 1.135983 0.7839076 0.1304921 0.04038448 -2.564005 -1.402719 0.2808178 -0.2763663
11 5.219958 -0.5544463 0.06348935 -0.07121632 0.9060016 0.2996891 0.02557913 0.0108838 -1.340029 -0.6850116 0.4806512 -0.6253714
12 5.37565 -0.882183 0.3138321 -0.3706372 1.661916 1.372199 0.4420844 0.8637277 -1.332721 -1.709889 0.5373201 -0.9249321
13 4.92396 -0.5795026 -0.007604645 -0.1380363 1.354462 0.2158825 0.1678192 0.3450943 -1.999794 -1.702349 0.7174831 -1.005828
14 5.517991 -0.4754285 -0.4859514 -0.5242137 1.083343 0.1492719 0.1136621 0.2272001 -2.635226 -17.73917 0.4737667 -0.5109197
15 5.34823 -0.2151858 -0.5969645 -0.5821932 0.9194801 0.3197263 0.2554897 0.5480169 -5.760933 -0.8894232 0.472367 0.1634769
16 4.676463 0.02750267 0.9422222 -0.9636071 1.688413 1.114361 0.4038888 0.2499584 -3.635949 -0.9518367 0.2258956 0.1438461
17 5.605118 -0.5918273 -0.5429271 -0.3105157 1.480711 0.2535973 0.01736673 0.6029819 -1.766214 -1.279494 0.6306993 -0.7913633
18 5.158804 -0.2689659 0.09057743 -0.5467441 1.152093 0.346591 0.2625828 0.2901304 -2.672453 -1.078288 0.3288939 -0.318997
19 5.8861 -0.7665124 -0.7746915 0.2026665 1.672509 0.633685 0.3532966 0.3711432 -0.3111203 -2.227419 0.4387923 -1.039809
20 5.559654 -0.502363 -0.07254731 -0.3899766 1.15033 0.4462392 0.09824145 0.07929848 -1.980273 -0.7399559 0.9067128 -1.281986
21 5.070647 -0.05128629 0.356435 -0.7509335 1.323451 1.020935 0.2054355 0.06550589 -4.737471 -0.4390417 0.03046747 0.3650349
22 5.512359 -0.4506211 -0.4466934 -0.5789699 0.8278683 0.3052092 0.1706913 0.2999904 -3.421604 -0.5039881 0.9078453 -1.285401
23 5.279744 -0.3657215 0.5461136 -0.500973 1.046341 0.7052904 0.5281369 0.4463234 -5.178946 -18.54177 0.375723 0.1749604
24 5.132906 -0.3084915 0.1913813 -0.5915588 0.8723158 0.2112204 0.185676 0.2197733 -2.263084 -0.9729633 0.4208022 -0.5255501
25 5.761533 -0.6576935 -0.6899159 -0.2762954 1.036838 0.38156 0.1223046 0.1204702 -0.4996865 -0.5868256 0.2680773 -0.9796445
26 5.789486 -0.4584648 -0.1460461 -0.5893819 0.4894516 0.6802224 -3.201017e-09 1.090656e-08 -6.219134 0.5285933 0.4363409 0.255967
27 5.466932 -0.6962414 0.06689397 -0.4188109 0.6964018 0.2621852 0.1191959 0.1190052 2.634001 -3.222116 0.08664412 -1.329341
28 5.120163 -0.4399313 -0.2312259 -0.2269777 0.9811813 0.1872972 0.2238891 0.3679853 -2.582715 -1.268439 0.8542828 -1.118629
29 5.663157 -0.3847456 -0.5700025 -0.8589432 0.8228505 0.7318732 0.06734877 0.08249843 -3.118157 -0.8559251 0.9033397 -0.9105511
30 5.958161 -0.9348317 -0.6497848 -0.1582441 1.374153 0.640403 0.09539567 0.05453409 -4.401133 -19.33053 0.6506216 -0.1382463
31 5.288497 -0.2021943 -0.1194527 -1.108837 1.460653 0.5876154 0.1739889 0.3485134 -2.188145 -18.39475 0.104698 -0.4107181
32 4.800481 -1.114853 0.3323645 0.354672 1.343171 0.3479091 0.2662589 0.328256 -2.896064 -1.389581 0.3996149 -0.1235874
33 5.02018 -0.3289584 0.08235626 -0.732675 0.5321299 0.3932608 -0.1030799 0.2959592 -1.549206 -0.8738984 0.1919859 -0.4006433
34 5.61465 -0.3633884 -0.5378106 -0.470019 1.315069 0.9337845 0.1544146 0.0593201 -0.9595241 -1.406347 0.5811626 -0.9997425
35 5.16854 0.03329881 0.525624 -0.8962161 1.048339 0.3183248 0.1819228 0.210768 -2.699328 -0.002728987 0.2338238 -0.354563
36 5.502176 -0.3287373 -0.2233347 -0.9157722 0.9555386 0.5310868 0.3157043 0.2895076 -0.3144439 -1.871256 0.5118436 -1.15098
37 5.430006 -0.3905545 -0.5664697 -0.4882761 1.210423 0.7000323 7.397468e-08 6.990891e-09 -3.366951 1.071777 0.1280735 -0.2895147
38 5.847263 -0.4786924 -0.8323223 -0.626009 0.7913898 0.537507 0.1394554 0.0631229 -3.041246 -1.04434 0.5881763 -0.7389133
39 4.880162 -0.3505693 0.7263318 -0.8865312 1.15397 0.4865693 0.1278972 0.07094219 -2.905163 -2.194646 0.484738 -0.2380099
40 4.363462 -0.1696748 0.8443009 -0.8414458 0.9992378 0.7936391 0.3023797 0.1357518 -4.243616 -0.5980141 0.3411592 0.06788332
41 5.458855 -0.7588077 0.05851702 -0.6467013 1.263599 0.347478 0.2885629 0.7746518 -2.255083 -1.938283 0.4247453 -0.5059775
42 5.563721 -0.4961792 -0.5545242 -0.611335 0.9470205 0.7190824 0.4071201 0.2682462 -1.862884 -0.6964651 0.3898578 -0.7487569
43 5.350402 -0.3210397 0.06233239 -1.080982 0.8061892 0.2944587 -0.005426445 0.152822 1.116559 -2.913133 0.2265755 -1.068548
44 4.855645 -0.2516872 0.7001677 -0.78434 1.076103 0.2705863 0.1633038 0.2043882 -1.416172 -2.502798 0.7107329 -1.010845
45 4.990348 -0.677789 0.3692537 -0.3460535 0.8417745 0.2924364 0.1502982 0.159776 2.547835 -2.11103 0.831656 -1.992551
46 5.27561 0.005605834 -0.6972984 -0.3505046 1.226553 0.3223565 0.298792 0.329643 -2.209438 -1.909398 0.1438524 -0.1431502
47 5.096652 -0.7955878 0.5586298 -0.425024 1.392088 0.8589834 0.05321412 0.1831876 1.359089 -17.86367 0.2968143 -1.667408
48 5.189293 -0.2878942 0.1550896 -0.4390353 0.8072222 0.2185932 0.1249533 0.1680619 1.542233 -0.9553519 0.08793241 -1.341039
49 5.681881 -0.6105505 -0.7206653 -0.4313081 0.9431442 0.2956347 0.06224717 0.2467501 -3.968127 -1.76325 0.4563852 -0.06081403
50 5.391289 -0.5842439 -0.1509368 -0.8786027 0.8047412 0.9523855 0.2931585 0.1112157 -1.629931 -0.6604723 0.3054067 -0.5961435
51 4.485174 -0.02836959 0.2044464 -1.009263 1.229306 1.613098 -0.4860082 0.748622 -1.335053 -1.269111 0.4949826 -0.8134809
52 5.51416 -0.7562633 -0.3529245 0.0939664 1.529983 0.1796524 -0.02275221 0.3546092 0.9913071 -1.313021 0.2437488 -1.36122
53 5.556454 -0.4941258 -0.3856921 -0.6878405 0.8468673 0.1548129 0.2492335 0.4962984 0.460605 -3.170428 0.7282217 -1.360572
54 5.426989 -0.4346651 -0.2375419 -0.6460862 1.205652 0.4161429 0.06611251 0.4048866 -5.26177 -0.6433987 0.1854409 0.2455924
55 5.275692 -0.1847358 -0.130696 -1.255383 1.078712 0.1220116 0.1449772 0.3826866 -2.381987 -1.992696 0.4565974 -0.5705834
56 4.807176 -0.3677177 0.09057689 -0.798191 0.8683242 0.4709659 -0.01402436 0.4954125 1.286924 -4.560336 0.3150698 -1.372268
57 4.541999 -0.455542 0.614101 -0.7625151 1.46969 1.613331 0.08900265 0.290405 -1.251014 -1.380979 0.4545335 -0.8272354
58 4.811814 -0.5346231 0.08771941 -0.09172887 1.188159 0.4518676 0.1030369 1.456969 -7.7641 0.7614852 0.2301867 0.7376319
59 5.142194 -0.2946323 0.5080304 -0.6754698 0.6101671 0.3049218 0.2482347 0.2523808 -9.008195 0.1103312 0.3460691 0.8301189
60 5.886453 -0.07683569 -0.4517471 -0.753878 1.051385 1.918131 0.6796339 0.3253609 0.1298067 -1.195212 0.6413927 -1.319745
61 5.57006 -0.2154685 0.2063358 -0.8880971 0.6815603 0.5665409 -0.02606326 0.3169819 -2.503077 -17.93617 0.506478 -0.7646501
62 5.101915 -0.8192302 0.1497378 0.09744778 1.30232 1.210074 0.1015128 0.05452505 1.150512 -17.87141 0.1772005 -1.0761
63 4.951122 -0.5430464 -0.2894254 -0.08080674 0.7823668 0.5566253 0.1938569 0.08613542 -3.193889 -0.5085662 0.4867637 -0.3540239
64 5.286145 -0.2495708 -0.4495846 -0.5544981 1.023813 0.5905799 0.2307119 0.1168253 -4.928815 -0.8247153 0.3200455 0.1004127
65 4.950274 -0.4931408 0.208389 -0.5732631 1.86507 0.2232479 0.2407605 0.6148977 -4.60951 0.8760191 0.7425335 -0.7481436
66 5.491219 -0.4876932 -0.5337002 -0.4113761 1.362098 1.42281 -0.03185269 0.3039598 -1.838691 -1.270739 0.663309 -0.9545224
67 5.327665 -0.1804355 -0.3147708 -0.6966726 0.8424752 0.1465275 0.1654827 0.3152446 -2.088343 -18.11952 0.0999648 -0.1851608
68 5.952889 -0.6923114 -0.8117289 -0.1549589 1.049331 0.2845401 -0.07248226 0.1126772 -2.845573 -0.5022458 0.08155328 -0.1665846
69 4.294155 -0.3043609 1.011754 -1.000014 1.626421 0.616612 0.0976792 0.3811516 -20.37892 16.92364 0.5005192 -0.4938126
70 5.066569 -0.3475187 0.5741121 -1.55408 0.9585521 0.4888365 -0.8209358 3.590035 1.132826 -0.988884 -0.1600105 -0.8225337
71 5.110355 -0.2022077 0.4705729 -0.8210787 1.072814 0.3616394 0.1080347 0.1625313 -0.6963495 -1.710385 0.4481521 -0.9058447
72 5.259572 -0.3024045 -0.09035148 -0.6156819 0.6137814 0.2440892 0.1661187 0.2849409 -5.823173 -17.19744 1.049551 -0.7048657
73 5.705596 -0.6856876 -0.7134232 -0.2708103 0.7488416 0.07908952 0.05587061 0.4332836 -7.668294 -0.05990546 0.4996572 0.3955781
74 5.568367 0.04043877 -0.4750898 -0.6685608 1.214337 0.2591184 0.2987005 0.3842721 -3.657128 -0.4091776 0.1226923 0.06679819
75 5.402579 -0.8036215 -0.1173092 0.009382403 0.9728268 0.3708445 0.1098154 0.03875064 -3.324309 -2.012873 0.4404127 -0.2139998
76 5.321481 -0.266286 0.09562184 -0.7342508 1.291605 0.1152713 0.1643124 0.3100699 3.584775 -4.400265 0.6039888 -1.851918
77 5.503835 -0.7551508 -0.2186964 -0.2496011 1.249697 0.5288758 -0.2039439 0.4410674 0.5255218 -4.048007 1.484343 -2.865678
78 4.964979 -0.5371678 0.492103 -0.4616006 1.112447 0.5881306 0.1571956 0.5695358 0.1533374 -18.11506 0.4716803 -1.646878
79 5.885992 -0.3865593 -0.8606412 -0.5044321 1.277048 1.174548 0.255788 0.1594757 -0.3443899 -2.806676 0.3521182 -0.8360485
80 5.392326 -0.552294 -0.1168122 -0.6135481 0.6155735 0.4020848 0.1880286 0.1182645 -0.567827 -0.828705 0.4019693 -0.9843123
81 5.944873 -0.3984792 -0.4621006 -0.771201 0.845779 1.497002 0.4736876 0.1683326 -1.791053 -0.07137654 0.3799218 -0.6598843
82 5.443911 -0.4033876 -0.7094693 -0.9086338 0.7408044 0.5323192 -0.0810013 0.3039692 -0.8187368 -2.396923 0.3868631 -0.7819159
83 5.499053 -0.459784 -0.7979816 -0.3935172 1.085957 0.8204725 0.02188681 0.03984964 -1.987929 -0.228601 0.505504 -0.8466238
84 5.411112 -0.334579 -0.231473 -0.5478777 0.8598431 0.5543892 0.3856273 0.2723275 -5.367659 -1.006581 0.3650421 0.107995
85 5.872198 -0.8728189 -0.0686098 -0.2089522 1.235752 1.064144 -0.07875497 0.8359936 -3.399514 -0.4043997 0.3940586 -0.3570981
86 5.163733 -0.2109504 0.311165 -0.610118 1.196439 0.406151 0.2795184 0.2198193 -2.705349 -1.016547 0.2976286 -0.2848617
87 5.174293 -0.4507085 -0.2308494 -0.6818539 0.8514049 0.2252468 0.1013633 0.1174654 0.9628002 -1.309101 0.2663008 -1.393306
88 4.924537 -0.5775885 0.9717607 -0.6315781 0.8787133 1.109656 0.4355921 0.3125357 -1.934725 -1.115187 0.3889683 -0.5473574
89 5.262852 0.01851226 -0.4543107 -0.9048874 0.7788651 0.2849075 0.1754076 0.1649879 4.761271 -4.239175 0.08902049 -1.805
90 4.939175 -0.8978931 0.2670477 0.08265058 1.305518 0.229938 -0.05480859 0.2476606 0.7142012 -2.110482 0.06832251 -1.121572
91 5.587009 0.1754565 -0.5224324 -1.494736 1.081696 0.3731416 0.2401832 0.2805056 1.153717 -3.298521 0.3216871 -0.9763697
92 5.267869 -0.1719387 0.1637395 -0.7168913 1.200064 5.277009 -0.4785303 0.07717809 -1.710608 -0.369823 -0.1109467 -0.2568117
93 5.445908 -0.5121481 0.03577994 -0.4543504 0.8875073 0.6597192 0.3400901 0.2009071 -1.555927 -18.45175 0.1555365 -0.5614883
94 5.81689 -0.6888486 -0.8055839 0.1515701 0.9643962 0.2539088 0.2837057 0.4344799 -1.777495 -1.944325 0.2316213 -0.3697526
95 5.481067 -0.1137955 -0.2447402 -0.819841 1.551612 0.4242175 0.2059064 0.2249309 -1.679456 -0.4805197 -0.0174163 -0.3164459
96 5.419992 -0.524034 -0.1657095 -0.4753168 0.9359476 0.5548302 0.178175 0.1197368 -0.9338294 -1.128751 0.3242292 -0.6546868
97 5.211184 -0.3196323 -0.1868047 -0.6118121 0.6901474 0.7996134 -0.1593748 0.174829 -1.363893 -1.239441 0.3762716 -0.5856735
98 4.930655 -0.255945 0.7103239 -0.892436 1.076492 0.6768898 0.2884807 0.1310611 1.031958 -2.733904 0.3856824 -1.325337
99 5.418881 -0.4359162 -0.6612372 -0.5277514 0.8299593 0.5528398 -0.112889 0.2334082 -3.39618 -17.9883 0.3485582 -0.38323
100 4.743747 0.1119763 0.6643013 -1.36654 1.032825 0.1516572 0.1085132 0.1880816 -3.515748 0.02524985 0.3787083 -0.4285841
