1 5.001029 -0.8099197 0.2370753 -0.1815893 0.490799 0.4782246 0.1671832 0.11821 5.408579 -1.456054 -0.4321006 0.08969038 -0.3672589
2 5.581394 -0.4052572 -0.2151433 -0.6788707 0.4789943 0.1387505 0.1198377 0.1579314 3.107541 -1.721431 -0.9132831 0.3382739 -0.5084507
3 5.049408 0.0859528 0.4839636 -1.371012 0.3245103 0.376395 0.1957861 0.1227082 3.47686 -3.893537 -0.05212598 0.2897225 -0.1284892
5 4.722778 -0.3539032 0.5936317 -0.4119132 0.4295037 0.2243229 0.04484269 0.1768455 2.860322 -2.199019 -2.370766 0.3564263 -0.3851016
11 5.474918 -0.6283601 -0.8303546 -0.2508892 0.4345689 0.4583919 -0.1393832 0.4773568 3.66282 0.7719922 -2.086883 -0.1640487 -0.7252451
16 5.674422 -0.4343379 -0.5159363 -0.2417596 0.5468024 0.4314981 0.02836577 0.1966688 21.43546 -1.372856 -1.206291 0.4149915 -0.7026841
18 5.328296 -0.8654804 0.08150902 -0.2024465 0.6392453 0.8117173 0.2195428 0.1193415 20.17791 -2.483863 -1.507262 0.5799091 -0.6672631
19 5.3491 -0.6510037 0.2663396 -0.3120511 0.417604 0.3170484 0.01594157 0.3211202 4.464858 -0.6935347 -1.311913 0.06130729 -0.5106447
20 5.222198 -0.4784213 -0.1390511 -0.5844977 0.56136 1.129549 -0.08605626 0.5833945 5.259882 -2.94432 -1.4777 0.1822865 -0.006965348
21 5.380508 -0.5701707 -0.8837517 -0.06083543 0.6033761 0.6246112 -0.05202986 0.1529329 4.996998 -2.976515 -0.07409536 0.2606643 -0.2007144
26 5.047698 -0.07927541 0.3078984 -0.9090396 0.533702 0.992366 0.09662877 0.3183847 4.545115 -1.448802 -2.829122 0.2420691 -0.3275713
27 5.163017 -0.1914784 -0.1124894 -0.5059409 0.5621195 0.8046042 0.1015065 0.1643386 6.145463 -1.02757 -1.408172 0.2082342 -0.5535524
30 5.51016 0.02703241 0.07029787 -0.8922006 0.6053506 0.4269614 0.06589757 0.08400496 5.176253 -1.26498 -0.7698368 0.319243 -0.5767582
32 5.683356 -0.6530852 -0.6993043 -0.3338736 0.6448613 0.5484892 0.131691 0.1355614 6.852227 -2.812166 -17.78039 0.2319472 -0.2083046
33 5.720655 0.02490657 -0.2286788 -1.379057 0.4838751 0.7493576 -0.01491107 0.1987566 9.53734 -3.447651 -0.756042 0.2656469 -0.1178685
36 5.450844 -0.2673731 -0.7707538 -0.7534183 0.517187 0.3014759 0.06612099 0.3196162 9.077035 0.06257148 -2.574986 0.1037585 -0.5642449
37 4.972171 -0.1808506 0.1635673 -0.8264689 0.6607176 0.5378573 0.1278993 0.04589421 3.975894 -1.085454 -1.533654 0.04307455 -0.3871845
38 5.229523 -0.1998255 0.2167363 -0.9566088 0.3624693 0.5926665 -0.06839713 0.4346587 4.125979 -2.890196 -0.7480373 0.4905289 -0.4477537
40 5.465376 -0.2088458 -0.2215298 -0.4423046 0.5410782 0.2859111 -0.02701748 0.2876189 4.11758 0.1459205 -0.9116744 0.048368 -0.5789726
47 5.315433 -0.4350404 0.4377591 -0.3021412 0.4823013 0.6887705 -0.08328601 0.07602514 3.691015 -2.351563 -0.9189 0.2046836 -0.3080821
52 5.419005 -0.3849837 0.0711973 -0.5822285 0.4268868 0.5066377 0.2244073 0.3808331 3.963712 -2.176798 -1.805652 0.2710925 -0.3773385
54 5.211026 -0.09018798 0.05015577 -0.8235631 0.3261781 0.6363302 0.02901113 0.1746115 4.825595 -4.539466 -0.9537223 0.3115984 -0.05714723
55 5.607293 -0.9566527 -0.4129168 -0.11737 0.6750344 0.5073832 -0.002514432 0.4610306 8.936007 -2.029309 -1.402844 0.03748729 -0.3234289
56 5.098814 -0.2531658 -0.09182623 -0.8850936 0.5546982 0.240889 0.2032804 0.2522113 6.162439 -1.896388 -1.354119 0.1363598 -0.548164
58 5.040063 -0.2473701 0.07448605 -0.5657449 0.5710125 0.5698712 0.08267756 0.1577805 4.586692 -1.599919 -1.083778 0.2863282 -0.3185147
59 5.327597 -0.78494 0.419113 0.04910746 0.4322332 0.5843902 0.08542089 0.04007414 5.491544 -1.506972 -0.9974383 0.3800763 -0.5376266
60 5.145403 -0.5809712 -0.0007992978 -0.5317891 0.4337941 0.3733776 -0.01914097 0.1250723 6.146507 -3.627471 0.6406173 0.2817056 -0.2316487
61 5.413538 -0.3064812 0.2197559 -0.4938509 0.3094625 0.434668 0.1465367 0.1009999 3.661603 -4.083624 -1.704422 0.2960514 0.04243835
62 5.561424 -0.6713169 0.04480808 -0.5378709 0.512219 0.5598733 -0.0965555 0.3678209 8.442742 -1.052521 -0.4704956 0.1584499 -0.6966531
63 5.036206 -0.02767437 -0.2810053 -1.143068 0.4260712 0.4279138 0.2082615 0.1774951 3.280519 -3.78424 -0.844705 0.1966117 0.1752977
64 5.362325 -0.4002208 -0.4560186 -0.438315 0.363102 0.6937371 0.3114112 0.1698632 5.860404 -1.000784 -1.020224 0.3206849 -0.5924755
65 5.525502 -0.5374705 -0.3023062 -0.4226861 0.3518942 0.3488996 0.1639381 0.222506 3.621883 -0.697396 -0.895825 0.1209438 -0.692732
66 5.282919 -0.4317353 -0.1527103 -0.5545884 0.5472734 0.4699846 -0.00181302 0.4750208 13.8186 -5.535887 -0.7434261 0.5540131 0.08596523
67 5.277999 -0.2683513 0.5132552 -0.2872438 0.427926 0.341457 1.479231e-06 3.169179e-08 2.557895 -1.964843 -1.598491 0.1885797 -0.2893118
69 5.613659 -0.1885911 -0.2824935 -0.8555725 0.3042726 0.1692633 0.04440918 0.1321134 3.732108 -3.42411 -0.131173 0.5261235 -0.3051405
73 5.248416 -0.6300305 0.2370588 -0.2865558 0.3257228 0.3861526 0.03874748 0.2166504 2.856456 -2.950585 -0.3927816 0.08256716 -0.1184225
74 5.592614 -0.7378555 -0.3756149 -0.02003507 0.6395945 1.085463 -0.06123288 0.5219613 14.6101 -0.4909326 -1.289522 0.523787 -0.9598793
76 5.137053 -0.3917236 0.4454301 -0.7573316 0.5993255 0.3694809 0.06028678 0.1231117 5.490431 -1.23352 -2.486828 0.1836657 -0.3955848
81 5.772431 -0.965604 -0.5782879 -0.03561185 0.3142757 0.2444025 0.1261162 0.1068246 4.296728 -1.991565 -1.725488 0.5593354 -0.7562119
85 5.414128 -0.6435103 -0.3636219 0.04291796 0.4718575 0.6606557 -0.01297766 0.3830257 13.14376 -5.395422 1.312813 0.4342627 -0.1574958
86 5.376106 -0.5603914 -0.3912066 -0.4107297 0.5189693 0.4224911 0.0624443 0.1699313 3.657118 -4.944135 0.02236769 0.8511661 -0.7614602
87 5.42935 -0.3216439 -0.2273818 -0.7222542 0.3484157 0.2893378 0.1803644 0.1881214 3.558265 -1.649816 -1.110775 0.143028 -0.3687599
90 5.412136 -0.3348446 -0.3888001 -0.9589932 0.4943086 0.5073286 0.04019829 0.06652055 8.072253 -1.993987 -0.6525754 0.192776 -0.1826106
92 5.409908 -0.2080443 0.02110085 -0.9292164 0.5721005 0.4919469 0.07465792 0.4524286 10.87863 0.03916181 -2.093276 0.04349917 -0.8121069
93 5.335944 -0.567876 0.240657 -0.6518485 0.5051489 0.9035889 -0.2659359 0.6690555 5.518881 -2.634146 0.008750289 0.1070702 -0.3157136
94 5.243022 -0.4104175 0.2477696 -0.6148591 0.5330058 0.5981912 -0.07727684 0.2339344 26.75203 -1.641792 -2.056032 0.5005769 -0.5688983
95 4.898731 -0.2696695 0.1587433 -0.210989 0.3160681 0.55999 -0.04924512 0.1604667 3.98756 -3.896256 0.7511594 0.4978055 -0.4475545
98 5.274554 -0.3189273 0.05330177 -0.7284635 0.6881222 0.2032181 0.1576972 0.2504691 7.963973 -2.235454 -0.3579162 0.1809453 -0.2326325
99 5.529999 -0.4175693 -0.4442905 -0.3948492 0.3804817 0.5486164 -0.004605508 0.1078512 4.164887 -3.454024 -1.056571 0.3279947 -0.1684247
101 5.562441 -0.3998332 -0.5701509 -0.4766476 0.5354361 0.4599534 -0.1190771 0.3446965 5.62846 -6.238269 0.1564698 0.3129529 0.3745591
102 5.109773 -0.2639092 -0.03192003 -0.4498391 0.4632847 0.6498784 -0.1560077 0.2253265 50.30323 -3.606972 -1.307931 0.2793918 0.0526571
103 5.730323 -0.6304348 -0.004206194 -0.5553416 0.4666167 1.045286 0.1641511 0.1913421 8.351041 -1.558855 -1.369947 0.3069781 -0.5063328
105 5.056521 0.08855379 -0.2172582 -0.6307159 0.7832827 0.1483705 0.1843981 0.3453404 124.1534 -0.2666929 -0.2183145 0.5020481 -1.095927
106 5.320838 -0.5833054 -0.3248078 -0.20262 0.5033472 0.5500054 -0.1958986 0.3133572 3.246757 -1.816394 -1.457162 0.07177773 -0.2276319
111 4.932666 -0.5481266 0.007851913 -0.3357131 0.4715015 0.3310698 -0.05899962 0.4386697 5.539995 -2.839418 -1.306 0.3028356 -0.4021171
115 5.316886 -0.1573577 0.1404751 -0.7998007 0.7187185 0.3417843 0.05517198 0.3228721 14.39336 1.169008 -17.8588 0.1980901 -1.146674
118 5.751266 0.05705924 -0.3004947 -0.7616677 0.5802405 0.1662393 0.1445005 0.2971919 3.451711 -2.711769 -0.3613581 0.16399 -0.2736153
120 4.976607 -0.1634251 0.2972666 -0.6930585 0.5150012 0.5646969 0.1617236 0.3212148 4.407761 -5.55801 -1.372966 0.1446016 0.443686
121 4.764848 -0.0165459 0.6879573 -1.114074 0.5727363 0.273295 0.1173598 0.1790607 2.971107 -1.089639 -1.934209 0.1872028 -0.4282518
123 5.204345 -0.3426787 0.2059432 -0.7901578 0.4141109 0.5618378 0.1757374 0.1476122 4.64657 -2.987286 -1.105217 0.3611254 -0.1999934
124 5.480859 -0.495553 -0.4628952 -0.6380515 0.5921696 0.1076666 0.01555725 0.1359891 7.963188 -2.006506 -0.7116549 0.497466 -0.7385396
126 5.413396 -0.1314465 -0.2909645 -0.7816287 0.3958834 0.3558922 0.06206387 0.07428218 4.498696 -1.209709 -1.455339 0.38574 -0.5758318
128 5.056318 -0.4393666 0.682818 -0.7845368 0.709516 1.003619 -0.1025384 0.2151986 9.286169 -2.464026 -0.4679991 0.4883736 -0.5760525
129 5.618168 -0.5755712 -0.5930139 -0.3341748 0.6666093 0.1410504 0.04542499 0.3720143 44.06279 -2.254049 0.287698 0.1442586 -0.3947348
130 5.172642 -0.8014547 -0.1701169 0.002628069 0.5174213 0.4524087 0.1327725 0.1521855 21.94035 -0.3786762 -18.43196 0.3370358 -0.7672245
131 5.460261 -0.3668791 -0.4344954 -0.3587243 0.4367801 0.2819601 -0.03152247 0.4287972 41.13171 -0.1234669 -2.253557 0.2527679 -0.6561645
133 4.942224 0.0314299 -0.02114994 -0.8936598 0.6499388 0.2844579 0.1443844 0.2691125 10.09251 -2.584112 -0.8871556 0.1884049 -0.2436097
134 5.065546 -0.5398431 0.2513679 -0.6740102 0.5257207 0.8010616 -0.1209138 0.3802222 12.33492 0.8696607 -1.909455 -0.03910083 -0.9683796
139 5.792025 -0.6515036 -0.9441726 -0.3956066 0.4251458 0.991251 0.04377842 0.1737917 5.417989 -2.796134 -17.5892 0.2880121 -0.3186912
142 5.946815 -0.5140501 0.2688075 -0.03554927 0.4219154 0.4664336 0.07635117 0.2570981 4.995331 -2.962018 0.1356754 0.1687795 -0.1266365
144 5.295518 -0.9247344 0.02440675 0.006911753 0.7061257 0.22484 0.2955809 0.4818207 5.066179 1.746714 -18.07011 0.3032921 -1.730712
145 5.493929 -0.3052886 0.1715549 -0.9481355 0.6504874 0.3992556 0.06883204 0.09379072 11.35422 0.830235 -2.223648 0.114214 -0.9407589
148 5.007821 -0.3582354 -0.01458959 -0.374219 0.3043825 0.2804022 -0.02581554 0.09824095 3.661272 -4.069473 -18.31309 0.210088 0.009629109
149 5.233958 -0.2166318 0.05270695 -0.9313908 0.3533694 0.4472721 -0.007149252 0.223813 4.11591 -1.676306 -19.23596 0.1848306 -0.3842956
150 5.442847 -0.5776862 -0.4412933 -0.4594064 0.4786243 0.1656054 0.07340932 0.1939297 7.607492 -1.291684 -0.7557343 0.08053321 -0.6305211
153 5.507062 -0.1965702 0.3834266 -1.111976 0.7141141 0.02850616 0.02938103 0.4088464 4.833206 -0.8386693 -1.541372 -0.09938084 -0.275666
154 5.144536 -0.2655783 0.6524975 -1.233399 0.4230548 0.1306592 0.1314624 0.3023619 8.693938 -6.092142 0.1260184 0.6629466 -0.05888637
155 5.220566 -0.1109301 0.2334477 -0.7490761 0.7974743 0.8158794 0.2324744 0.1727888 27.77275 -2.070606 -0.873977 0.2542751 -0.3140858
156 5.058331 -0.6928274 0.1886377 -0.01766948 0.6513807 0.2134429 0.1715314 0.3042795 10.95545 -2.764715 -1.586338 0.4605067 -0.4710157
162 5.355727 -0.7166798 -0.3883548 -0.4866447 0.6277333 0.6336434 0.149842 0.2718616 6.765209 -3.600289 -0.2215146 0.4093357 -0.3869371
163 5.539518 -0.3232827 -0.1548246 -0.6303528 0.5451381 0.3457681 0.1630113 0.1398755 11.24876 -3.030247 -0.3552586 0.189555 -0.1570942
166 5.466384 -0.4397066 -0.5905595 -0.3832014 0.5061057 0.3537684 0.01538776 0.0625458 4.295596 0.9269664 -2.690564 0.004300793 -0.8748345
168 5.090892 -0.4226466 0.07487079 -0.5347183 0.4719103 0.4016834 0.1665324 0.3140313 8.995565 -3.462049 0.3541596 0.351849 -0.3538915
173 5.367333 0.1391864 -0.8089605 -1.15936 0.7377873 0.09383356 0.007145207 0.2293928 32.675 0.4287588 -1.73966 0.4027608 -0.9554866
174 5.433025 -0.5465734 -0.3846234 -0.3893768 0.4031639 0.2492039 0.08766604 0.3521198 9.399995 -1.494557 -1.520654 0.3258816 -0.5926276
175 4.900768 -0.6483604 0.570527 -0.4106976 0.2563194 0.2191346 -0.1057471 0.1541208 2.076443 -3.554277 -0.03261139 0.3361372 -0.1288274
176 5.287613 -0.3592825 0.6536779 -0.8668417 0.4009591 0.3065477 0.00933516 0.2448024 4.457126 -2.708645 -0.8116897 0.1956232 -0.1376553
178 4.859338 -0.1595086 0.3453972 -0.6512612 0.5380346 1.000113 -0.0478703 0.08560598 2.661864 -0.1464775 -1.327929 0.1010554 -0.6579931
179 5.319457 -0.6704972 -0.4538914 -0.09135169 0.5563 0.5991221 -0.07871098 0.2772756 3.973899 -1.912803 -2.461359 0.2774207 -0.3714644
181 5.207832 0.0317165 -0.6980123 -0.9371683 0.3488088 0.3311539 -0.03757393 0.1166039 2.73171 -3.817937 0.02214069 0.03156202 0.04217369
182 5.302647 -0.542812 -0.4319623 -0.3117551 0.4680086 0.1655054 0.08057614 0.1951277 4.845211 -2.122289 -0.5895902 0.266682 -0.392338
183 5.296469 -0.1947448 0.1266986 -0.6647399 0.5069496 0.2641284 0.2393368 0.2259415 5.805669 -4.315405 -0.1319368 0.3084084 -0.05764333
184 4.822683 -0.6513903 0.1731624 -0.2771846 0.5167039 0.4289975 -0.02515609 0.2442128 4.401809 -8.533285 -0.6893525 0.6332264 0.583988
185 5.175634 -0.2948128 -0.1366074 -0.9205019 0.568726 0.8127924 0.02665427 0.1682201 8.779464 -3.08322 -1.091329 0.55867 -0.4729801
187 5.635797 -0.2565408 -0.3779679 -0.8520937 0.5378303 0.1982662 -0.01318949 0.1815773 6.369487 -3.567315 -0.1647348 0.09286238 -0.125797
190 5.560659 -0.5253414 0.009584914 -0.4608905 0.3506661 0.397141 0.1084021 0.04284927 2.241644 -1.263618 -0.9922157 0.4747634 -0.7529672
191 5.69727 -0.5308035 0.03805987 -0.4802457 0.4110414 0.8147473 0.09069381 0.04479306 4.345201 -1.984851 -1.440103 0.3944958 -0.6120471
192 5.128652 -0.02951013 0.5365027 -0.8858052 0.5393838 0.352353 0.160979 0.2175399 6.057008 -3.374173 -0.2885259 0.3320658 -0.2737066
193 4.749008 -0.2735868 0.5310297 -0.9727306 0.4155571 0.5208053 0.1658058 0.07796384 2.266657 -3.261313 -0.2974177 0.2678843 -0.1629399
195 5.917095 -0.3521843 -0.6019873 -0.6443571 0.5505567 0.3494683 0.1191877 0.1960216 10.37214 2.937446 -2.004467 0.05651392 -1.356114
