1 0.3153704 0.2425904 0.4938349 0.3424926 0.5100038 0.2941845 0.2653909 0.3353761 0.8944525 0.7601774 0.2643074 0.395513
2 0.3340196 0.3338971 0.4301866 0.4312016 0.4651282 0.353102 0.3472581 0.3356771 1.3181 0.965871 0.2747401 0.3906407
3 0.4044359 0.2548917 0.50585 0.3166662 0.449624 0.1986968 0.1690334 0.1848453 1.882061 1.143298 0.3420647 0.4928142
5 0.4429313 0.3032963 0.5675889 0.36892 0.6507904 0.3093283 0.2546132 0.3119819 1.326796 1.582972 0.4736695 0.4433648
11 0.3744074 0.3416002 0.5612223 0.5009133 0.6459914 0.4618855 0.4548099 0.4761605 1.380158 1.446703 0.2910736 0.4123733
16 0.4000908 0.3001266 0.4577716 0.330022 0.3277428 0.179946 0.1421272 0.2549589 2.706735 1.460212 0.7163025 1.128247
18 0.3162323 0.2050646 0.5238397 0.2911274 0.5396374 0.2471539 0.1639431 0.2608134 1.388383 1.094802 0.6448522 0.7355486
19 0.2858061 0.290008 0.4069412 0.3916811 0.3707654 0.2453569 0.2833932 0.2995153 1.321348 1.082501 0.363503 0.581727
20 0.5547818 NA 0.6976639 0.238104 0.9099562 0.427638 0.3589985 0.4815547 NA 0.8080812 NA NA
21 0.3352117 0.1994189 0.5354602 0.3494397 0.4836161 0.2625708 0.1987525 0.07418942 1.105544 0.7939942 0.1188347 NA
26 0.5139519 0.389443 0.6378234 0.4357068 0.7187955 0.3435419 0.249858 0.400632 1.392399 1.345561 0.4824585 0.5946156
27 0.3525627 0.4568887 0.7014586 0.4117705 0.6615599 0.4284803 0.224114 0.8288729 3.596321 3.321053 1.097368 2.41479
30 0.3254197 0.2247599 0.4883719 0.3087085 0.5111364 0.2577865 0.2023601 0.3088634 1.550458 0.8869488 0.3904872 0.6630725
32 0.3236016 0.2157113 0.5062486 0.3091921 0.5228977 0.2773457 0.2199624 0.2779534 1.63757 3552.797 0.3168215 0.5012004
33 0.3579301 0.2040874 0.4936 0.2638551 0.4600954 0.1886857 0.155864 0.2508887 2.601754 1.581154 0.3637852 0.6596787
36 0.2797149 0.2916401 0.3833501 0.3633128 0.3192991 0.206418 0.2228135 0.2202308 1.453914 1.168961 0.2286028 0.3924774
37 0.4164663 0.2881527 0.5342618 0.3488136 0.624733 0.3347546 0.2439675 0.3166564 1.150341 0.9462331 0.2530828 0.338435
38 0.333119 0.2841817 0.5286836 0.4236165 0.704419 0.3980811 0.3273813 0.6636955 1.303642 1.551857 0.9012805 1.124926
40 0.3453079 0.3108026 0.4579093 0.3850583 0.4690236 0.2875211 0.3606083 0.3690298 1.695706 1.079997 0.1939 0.3417812
47 0.4579377 0.1429088 0.8062124 0.2780969 1.027908 0.3022526 0.1499604 0.2210535 1.141318 1.107634 NA NA
52 0.3652007 0.4038209 0.5002647 0.5340278 0.5528843 0.3737068 0.4917033 0.3998268 1.279214 1.295656 0.7230106 0.8343479
54 0.3913743 0.2005003 0.5221697 0.2588406 0.493124 0.1845594 0.1243701 0.1895883 2.347041 1.281923 0.4973767 0.7324289
55 0.3054568 0.2627224 0.439124 0.3651182 0.4021711 0.2474008 0.2561798 0.2628018 1.247426 1.249937 0.3059513 0.3850437
56 0.286556 0.2286432 0.4114926 0.322845 0.3943233 0.2227253 0.2109423 0.2118864 1.562415 1.464798 0.5528975 0.6717554
58 0.467943 0.4156724 0.5642382 0.4486222 0.6202645 0.351908 0.2760038 0.4436234 1.358968 0.7655145 0.3461871 0.649312
59 0.4062597 0.2356268 0.5606518 0.2821287 0.6739668 0.3913541 0.1870493 0.2643611 1.228614 0.7971805 0.4843704 0.6456681
60 0.2800668 0.1936537 0.3886563 0.2690077 0.3305209 0.1673607 0.1367829 0.1852233 1.767373 1.112473 0.3877029 0.6257324
61 0.3375753 0.0917743 0.4846777 0.2335339 0.4536607 0.1863264 0.1370959 0.1824558 NA 0.9833378 NA NA
62 0.3106835 0.2502588 0.4491154 0.3605993 0.4133189 0.2574003 0.2464247 0.2906447 1.125834 1.006763 0.4454354 0.5616126
63 0.4025119 0.2736323 0.5157459 0.3246961 0.541635 0.2656898 0.2092815 0.2262195 1.756485 0.8619915 0.207846 0.3954939
64 0.3271077 0.2575257 0.4715345 0.3398713 0.5500771 0.3383519 0.2542281 0.2060644 0.956526 0.7962544 0.3717073 0.4020346
65 0.3685054 0.3015478 0.5095298 0.4015774 0.5168491 0.3132244 0.3056843 0.3737438 1.425108 0.9914443 0.4660277 0.7076067
66 0.3053003 0.3693048 0.4015176 0.3989012 0.3781359 0.2070834 0.2539532 0.355917 1.896911 1.02558 0.8161933 1.063982
67 0.3733315 0.2141183 0.5863668 0.3142324 1.660325 0.917886 0.543533 0.3004777 1.684914 1.197057 0.2176608 0.4330582
69 0.2531488 0.3685027 0.3823708 0.3279472 0.4711297 0.2751955 0.1895657 0.6132573 1.794112 1.018807 1.421353 2.047437
73 0.3773976 0.2239568 0.5440072 0.3102018 0.5820147 0.2556816 0.1912769 0.2314475 1.1009 0.9351562 0.2572957 0.3253171
74 0.3888522 0.5225037 0.5514876 0.427558 1.194024 0.9967297 0.337305 1.743617 1.438944 2.064104 1.253889 2.098705
76 0.3579794 0.2726326 0.5118649 0.3251258 0.598094 0.2996417 0.2163639 0.3360201 1.668886 1.925642 0.3213679 0.6217369
81 0.2878812 0.1965711 0.4318722 0.2517859 0.3543899 0.1684554 0.1114493 0.1969957 1.505782 1.189375 0.7368503 1.067143
85 0.3483593 0.2361665 0.4674222 0.3362122 0.4163479 0.2226655 0.2297658 0.267574 1.64297 1.126398 0.811821 0.921386
86 0.4069627 0.2257457 0.5439659 0.3043929 0.6233074 0.2964321 0.2124005 0.3061401 2.001442 1.661997 0.8523047 0.8778445
87 0.3009335 0.2698881 0.4153571 0.3591536 0.3760589 0.2452508 0.2300427 0.2124382 1.108166 0.9057538 0.328958 0.3949822
90 0.3116331 0.2243024 0.4617536 0.2624807 0.4352626 0.2246339 0.1492768 0.2247378 1.958727 1.158713 0.2428295 0.5723643
92 0.351118 0.3224244 0.437048 0.3994158 0.38865 0.2370478 0.2640361 0.2722514 1.575691 1.657086 0.5405817 0.6605165
93 0.4337252 0.3342962 0.6024655 0.467978 0.7234177 0.4223884 0.3963208 0.4474232 1.079582 1.132091 0.3766227 0.4515298
94 0.256325 0.3970306 0.4464785 0.3739712 1.078998 0.5628123 0.2767286 1.216892 2.765392 2.614539 1.010037 2.051329
95 0.3375818 0.1932275 0.5101504 0.3008837 0.5064353 0.2420103 0.1736228 0.2843038 1.868858 0.9753129 0.5263992 0.6081113
98 0.2805768 0.2316511 0.4420013 0.3683004 0.4700798 0.299781 0.2704238 0.2841857 1.332904 0.8904449 0.2820388 0.4446493
99 0.2715076 0.1868748 0.4540981 0.2861258 0.4214032 0.2264844 0.1663626 0.2483067 2.348319 2.176729 0.4191999 0.7049698
101 0.2854459 0.2263148 0.4733434 0.3435091 0.4328626 0.2586112 0.19986 0.2833702 3.02274 1.013552 0.2129954 0.5268097
102 0.3033662 0.3248081 0.4106569 0.3489276 0.4113597 0.2093139 0.1399723 0.2566633 8.100953 1.240447 0.2893322 1.735585
103 0.4107692 0.2037225 0.5913963 0.2812531 0.6708013 0.2601325 0.151808 0.2291873 1.31272 1.012651 0.4211939 0.5264274
105 0.2999407 0.2499556 0.4025153 0.3649977 0.3967042 0.2332485 0.274309 NA 1.193758 0.3855344 NA NA
106 0.4458008 0.3095438 0.5534517 0.3746723 0.6413032 0.3573094 0.283389 0.3563254 1.147157 0.9332057 0.2072955 0.2719183
111 0.2723648 0.3719517 0.3616373 0.4869458 0.2932681 0.2605406 0.4382925 0.2095635 0.926042 1.227307 0.3101291 0.2817364
115 0.2562221 0.2099361 0.4776098 0.3607786 0.3921294 0.2318863 0.2159274 0.2649429 2.460181 1987.966 0.4441623 0.7808618
118 0.38064 0.313623 0.5185919 0.4082412 0.5871992 0.3436463 0.3463763 0.3482072 2.394192 1.275932 0.3043896 0.7298464
120 0.3772974 0.4209844 0.4952444 0.4957008 0.7858965 0.717317 0.8186752 0.5946271 1.683039 1.144244 0.202659 0.3375875
121 0.4818929 0.4100952 0.5959695 0.4671065 0.7303256 0.42825 0.3300483 0.5029025 1.040089 0.9423707 0.3573592 0.5844618
123 0.3247517 0.277351 0.4838246 0.3615114 0.4976775 0.2591729 0.2330454 0.2518454 1.01653 0.8669644 0.4002787 0.5086706
124 0.2409857 0.2080291 0.3830051 0.3148917 0.321377 0.200405 0.1785346 0.27763 2.403801 1.650116 0.8067875 1.515188
126 0.4019598 0.2967726 0.5046028 0.3163969 0.4913077 0.2390388 0.154282 0.3601049 4.083191 1.845506 0.5268551 1.38378
128 0.364069 0.2237419 0.5480138 0.3221359 0.648696 0.3104394 0.2131412 0.3845723 1.154411 0.8487303 0.3851428 0.4895821
129 0.2653053 0.2544689 0.3558957 0.351654 0.2977024 0.2075422 0.2232579 0.2048585 2.264173 1.162187 0.3550941 0.7128236
130 0.2476009 0.231858 0.4295148 0.3157626 0.3656666 0.2104626 0.1644503 0.254269 1.911995 2668.517 0.4319475 0.9483604
131 0.2625123 0.3225603 0.3354981 0.3770588 0.2392123 0.1701853 0.2052889 0.1894492 2.453355 1.377528 0.3728957 0.7152673
133 0.3161659 0.2791857 0.4208365 0.3509294 0.3731634 0.2160086 0.2261844 0.2220732 1.610124 1.005028 0.3634083 0.5495329
134 0.2878883 0.2116847 0.5052186 0.3534111 0.4528782 0.2472463 0.2338362 0.3119342 1.240348 1.257531 0.3066558 0.5375729
139 0.3440744 0.2021303 0.5417559 0.2921148 0.5236129 0.203608 0.153425 0.2373064 2.090372 3500.562 0.4823666 0.7606498
142 0.2751096 0.2223659 0.4587157 0.3739675 0.3947822 0.2215807 0.2200262 0.272003 1.556535 0.7739624 0.2135125 0.3730266
144 0.3604003 0.3243019 0.4939118 0.4194747 0.5618464 0.3422437 0.3436053 0.290904 1.976722 1583.648 0.459925 1.00726
145 0.2727089 0.06579084 0.4323845 0.2494017 0.3706375 0.08359887 0.1418343 NA NA NA NA NA
148 0.278464 0.2034933 0.4175245 0.2939394 0.3677162 0.1911705 0.1700302 0.1841347 1.566989 5791.83 0.3760167 0.3701169
149 0.3813357 0.2564234 0.4887656 0.3084228 0.4318353 0.1936488 0.1481792 0.1999368 1.69422 4080.61 0.4485114 0.5684355
150 0.2551518 0.1971888 0.3677107 0.2834348 0.2974556 0.1671507 0.1623603 0.1660876 1.609604 1.312193 0.361604 0.4448951
153 0.2926926 0.3110447 0.4363572 0.4463074 0.4646564 0.3360548 0.3779917 0.2918371 0.8774776 0.9767021 0.1573814 0.1989047
154 0.2401255 0.223414 0.3470844 0.3294131 0.2580017 0.1612821 0.203017 0.1401475 1.978556 0.9682633 0.578888 0.7480449
155 0.3245887 0.2134045 0.5373504 0.3287451 0.5379848 0.2430351 0.2005968 0.2610041 1.175344 0.8461154 0.2409386 0.3313942
156 0.2698175 0.2839515 0.3863336 0.3700063 0.3623751 0.2483273 0.2511875 0.238707 1.544325 1.149014 0.5988723 0.8858693
162 0.3953306 0.2817755 0.5479572 0.3635167 0.5826094 0.289966 0.2420475 0.3321532 1.99413 1.22132 1.033456 1.018635
163 0.2589628 0.2032434 0.4091608 0.2929454 0.3528795 0.1917335 0.174251 0.1806838 2.262636 1.004717 0.3219842 0.6387202
166 0.3746294 0.2244073 0.4995717 0.2896629 0.4776805 0.2357951 0.1584491 0.2839059 3.089964 2.119504 0.3633822 0.7724097
168 0.3113845 0.2497024 0.43199 0.3410064 0.3688408 0.2019271 0.2020759 0.2524603 1.474602 1.083967 0.8964718 1.161667
173 0.2613074 0.2099712 0.3739669 0.3264199 0.3755436 0.2383561 0.2255645 0.200515 NA NA 0.1999352 NA
174 0.2524729 0.2620105 0.3331024 0.3361595 0.259337 0.1713038 0.2137889 0.1722593 1.655103 1.232951 0.420006 0.6499077
175 0.3018735 0.3344678 0.4187951 0.4547889 0.4028295 0.31058 0.3526361 0.2986164 1.167389 0.7447162 0.2750258 0.3088901
176 0.296623 0.2213789 0.3871788 0.3355762 0.3258654 0.21757 0.202021 0.1968498 NA 0.2718244 0.1048443 NA
178 0.5322723 0.4475258 0.7677843 0.6325056 1.275285 0.8137934 0.7083088 1.11738 1.720323 1.975668 0.3847766 0.6055131
179 0.7247971 0.4379506 0.9023569 0.5210873 1.39757 0.6912166 0.4305593 0.6854241 1.362572 1.44652 0.4335542 0.4627687
181 0.3115083 0.3139917 0.4310292 0.4165902 0.4245953 0.2856412 0.313462 0.2715693 3.657544 1.713907 0.2553499 0.7415432
182 0.2987344 0.2757705 0.4151274 0.377092 0.3853648 0.259442 0.2584348 0.2945296 1.267969 0.9740979 0.446987 0.4909962
183 0.2887122 0.4104398 0.435848 0.3893826 0.6051729 0.2598331 0.2748279 0.2971038 2.88842 1.071225 0.9775849 1.673977
184 0.3446172 0.294456 0.4428297 0.3407845 0.4076123 0.2378664 0.2500068 0.2524876 4.290222 1.093699 0.5134015 1.062414
185 0.4090687 0.2145274 0.5451555 0.2686691 0.5866281 0.2364944 0.1434758 0.2766697 1.581692 1.330225 0.6082077 0.8876157
187 0.3404238 0.2381206 0.4125889 0.2867762 0.3402856 0.2273063 0.1803219 0.2016608 4.327422 1.890418 0.3176716 0.8283825
190 0.5266865 0.2927269 0.6763489 0.3298098 0.8547715 0.4213519 0.2076533 0.4386395 1.358794 1.113813 0.9250743 1.20138
191 0.3442736 0.2155058 0.529767 0.2555391 0.8943852 0.5705158 0.3723619 0.5689444 1.659888 1.249273 1.568554 1.835679
192 0.3762231 0.2526691 0.4700935 0.3073696 0.417636 0.2042999 0.1821551 0.2184374 2.379969 1.256716 0.5115671 0.8819109
193 0.4308174 0.3008099 0.5722908 0.3918403 0.739868 0.3965269 0.3076484 0.3621026 1.255811 0.8541099 0.2663069 0.3691356
195 0.3001643 0.2210185 0.4157983 0.2911682 0.3855356 0.2127514 0.1681653 0.2152958 2.218653 1.152005 0.3093016 0.7024719
