1 1.623003 1.064999 1.254427 3.076697 1.47665 1.278647
2 6.310126 1.581964 1.893766 3.094378 0.9755369 1.280362
3 3.167506 2.77712 2.855301 3.613741 2.915858 2.858089
5 0.1086486 0.08314362 0.08790279 1.654102 0.1362723 0.1584718
11 0.539472 0.693249 0.8101539 2.451668 0.757075 0.7559621
16 0.8928576 0.8508096 1.059462 1.488562 0.9290285 1.110001
18 3.770749 1.573147 1.699345 5.910897 1.633539 1.729086
19 1.609612 0.7584784 0.6846929 2.747489 0.4521451 0.5348105
20 2.484783 2.334422 2.284931 3.270809 2.401609 2.323626
21 0.5080419 0.5900914 0.5761931 1.114017 0.6796724 0.5747688
26 8.841272 7.106441 7.190148 14.95922 7.166793 7.993705
27 1.576088 0.855543 0.7621031 4.545383 1.030565 0.942765
30 2.65817 1.987144 1.78955 4.25565 1.853902 1.974428
32 2.67994 1.355499 1.432354 3.610618 1.959641 2.156943
33 1.112809 1.106963 0.9683215 1.694799 1.176579 1.049385
36 1.884029 0.8794061 0.8376817 3.228328 0.9343069 0.8833577
37 7.424197 6.235908 5.663861 12.2036 6.338183 6.787897
38 1.262573 1.406035 1.212387 2.839756 1.228189 1.381832
40 2.977198 1.850563 1.822908 4.808787 1.949058 2.009477
47 0.2882159 0.4797665 0.5289864 0.7155806 0.4967982 0.529356
52 1.767749 1.450018 1.672411 6.394165 1.709382 1.413355
54 0.5543215 0.4671767 0.5187357 0.8835427 0.5972725 0.5488758
55 3.839452 2.376534 2.08201 4.236956 2.562874 2.170495
56 0.7050346 0.2174636 0.2191425 2.02865 0.1852321 0.2121953
58 1.781467 2.120101 2.124049 3.400954 1.869409 1.955572
59 1.478549 1.995878 1.817925 1.972866 1.917331 1.973625
60 3.256475 2.591859 2.581982 5.023977 3.192318 3.159437
61 1.689698 1.524215 1.565367 1.425117 1.687961 1.71426
62 5.051296 3.26183 3.570898 6.614903 3.396767 2.856591
63 1.529239 1.957738 2.092795 1.832372 2.286457 2.418875
64 2.0195 1.89707 1.756254 2.552565 1.648926 1.829092
65 5.860902 3.696697 4.186341 6.221542 3.49348 3.2965
66 0.30594 0.2821135 0.3190279 1.185648 0.2805706 0.3713142
67 0.5605372 0.3207459 0.3596241 2.826478 0.4408705 0.4193556
69 0.9999921 0.8317832 0.8587203 2.343146 0.9836182 1.092002
73 1.769805 1.708724 1.533441 1.693049 1.418466 1.683257
74 2.898296 1.344393 1.267435 6.236859 1.241699 1.001902
76 1.393659 1.08254 1.125663 3.589084 1.054275 1.051146
81 1.901146 0.6553794 0.7896151 3.633713 0.6859335 0.7893968
85 1.014599 0.775727 0.6204092 1.532103 0.6761058 0.8663597
86 17.24024 10.81121 9.988612 18.44608 12.71355 12.16644
87 2.303491 1.630283 1.869842 2.36295 1.404473 1.34151
90 0.8006028 0.7950601 0.6980637 1.16203 0.8751588 0.8268616
92 3.333316 1.466162 1.455224 6.101509 1.72838 1.488454
93 2.203864 1.489849 1.630999 4.188849 1.384436 1.106545
94 0.920776 0.5228299 0.4295722 3.216868 0.5573087 0.586335
95 3.292044 3.193162 3.302772 6.397112 3.15366 3.099006
98 1.259559 0.9705527 1.016858 2.341696 0.9738131 1.012702
99 0.9148501 0.9684613 0.9318248 1.351304 0.9285717 0.8978454
101 4.126983 4.244427 4.052834 3.341967 4.437761 3.98884
102 1.392123 1.601579 1.466457 1.235935 1.483624 1.396798
103 6.87038 4.943462 4.733127 8.593775 4.672523 4.761632
105 1.193416 0.6094414 0.5106931 2.503885 0.5803684 0.7233646
106 1.119373 1.083984 1.004628 2.059115 0.3246269 0.582288
111 10.56081 6.020175 6.167525 10.12823 8.032136 8.229868
115 4.069722 0.6505791 0.8486832 6.422533 0.4599734 0.5343362
118 0.9917754 0.4959159 0.4474456 4.452452 0.3794698 0.6098167
120 0.6994033 4.486713 3.4945 2.724584 3.130654 2.692626
121 0.4849464 0.3165945 0.370818 3.232777 0.7034577 0.8313281
123 0.9296696 0.9374844 0.9673098 2.406979 0.8088405 0.9814862
124 2.290825 1.010306 0.8462131 4.588936 1.112078 1.081585
126 2.620011 1.920122 1.794463 5.767275 1.683472 1.503365
128 2.695107 2.293341 2.376489 4.78446 2.267513 2.325607
129 3.882468 2.467863 2.517162 4.796559 2.340795 2.10266
130 1.567166 0.9181054 0.9519326 2.463082 0.9540851 1.014367
131 0.3120611 0.4109372 0.3892173 0.6855817 0.3859196 0.4200563
133 0.3196227 0.3166519 0.3950636 0.2720439 0.4000602 0.4039759
134 1.728655 0.6794414 0.5287254 2.975101 0.7062798 0.6690927
139 1.496263 1.44876 1.064368 1.596495 1.147927 1.045294
142 2.694694 2.525401 2.572598 3.070853 2.282336 2.344903
144 2.162629 0.1480899 0.06333675 3.039157 0.1631464 0.1303867
145 15.76007 10.95821 11.71923 17.45281 10.93704 10.64581
148 2.835302 2.796165 3.132753 3.260015 2.890598 3.354469
149 2.910239 2.388202 2.293126 5.928042 2.637221 2.47568
150 0.6094753 0.7643957 0.7100315 1.523778 0.864053 0.7793722
153 2.010737 1.888223 1.077786 1.979939 1.428465 1.377856
154 1.463703 1.192438 1.229736 1.477848 1.437585 1.539672
155 1.127123 1.106396 1.037321 1.395645 1.12465 1.048897
156 2.24691 1.577117 1.357102 3.630787 1.343798 1.372408
162 3.000787 1.694196 1.783934 7.738958 2.09894 1.781652
163 0.9354987 0.8716144 0.9153225 1.61552 0.9567979 1.028401
166 3.016408 1.631637 1.439037 6.364864 1.424612 1.405052
168 0.4773865 0.3294504 0.3664301 1.371321 0.357484 0.4343288
173 8.406471 6.705414 6.526565 10.62992 6.641975 6.955722
174 1.387544 0.75847 0.6654661 2.100959 0.8662615 0.8937353
175 1.237062 1.254327 1.224348 2.085481 1.071527 0.9379641
176 0.7050696 0.6387782 0.7049319 1.558958 1.114158 1.01402
178 3.556291 1.816133 1.584944 7.988679 1.578208 1.330672
179 7.78808 6.58547 6.919044 10.66045 5.151725 4.605062
181 0.7607786 0.9206583 0.7778344 0.865241 0.9502547 0.8400142
182 0.3012976 0.6486521 0.5785371 1.965998 1.098215 0.960683
183 1.042757 1.139164 0.9433768 1.235329 1.160951 1.323785
184 3.129534 2.552801 2.317069 3.007339 2.330593 2.416736
185 1.208286 0.7320036 0.6970138 2.390262 1.095927 1.019081
187 1.71981 1.601437 1.964304 1.934931 2.083297 1.980317
190 6.954679 1.801813 1.97067 5.120613 1.662532 2.014858
191 2.910241 1.186468 1.127785 4.411846 1.020393 1.285013
192 12.56032 11.37177 10.95611 11.06211 10.22878 10.89425
193 6.858902 5.926715 6.553481 6.243784 5.897343 5.05654
195 1.943291 1.202635 1.119082 3.013458 1.495679 1.497153
