1 1025001
2 1025002
3 1025003
5 1025005
11 1025011
16 1025016
18 1025018
19 1025019
20 1025020
21 1025021
26 1025026
27 1025027
30 1025030
32 1025032
33 1025033
36 1025036
37 1025037
38 1025038
40 1025040
47 1025047
52 1025052
54 1025054
55 1025055
56 1025056
58 1025058
59 1025059
60 1025060
61 1025061
62 1025062
63 1025063
64 1025064
65 1025065
66 1025066
67 1025067
69 1025069
73 1025073
74 1025074
76 1025076
81 1025081
85 1025085
86 1025086
87 1025087
90 1025090
92 1025092
93 1025093
94 1025094
95 1025095
98 1025098
99 1025099
101 1025101
102 1025102
103 1025103
105 1025105
106 1025106
111 1025111
115 1025115
118 1025118
120 1025120
121 1025121
123 1025123
124 1025124
126 1025126
128 1025128
129 1025129
130 1025130
131 1025131
133 1025133
134 1025134
139 1025139
142 1025142
144 1025144
145 1025145
148 1025148
149 1025149
150 1025150
153 1025153
154 1025154
155 1025155
156 1025156
162 1025162
163 1025163
166 1025166
168 1025168
173 1025173
174 1025174
175 1025175
176 1025176
178 1025178
179 1025179
181 1025181
182 1025182
183 1025183
184 1025184
185 1025185
187 1025187
190 1025190
191 1025191
192 1025192
193 1025193
195 1025195
