1 1780.222 1782.063 1782.707 1841.484 1843.884 1844.278
2 1780.813 1787.831 1791.67 1877.05 1882.894 1886.714
3 1796.44 1798.605 1809.196 1906.7 1908.98 1919.629
4 1729.524 1732.334 1732.701 1819.225 1819.583 1820.066
5 1787.737 1792.965 1790.628 1874.367 1877.525 1875.236
6 1739.493 1740.402 1747.449 1802.489 1801.45 1808.167
7 1898.424 1907.239 1903.333 2025.735 2030.088 2025.742
8 1800.315 1800.432 1808.63 1908.119 1907.042 1915.166
9 1646.918 1650.142 1651.075 1714.945 1716.956 1717.995
10 1710.868 1716.03 1722.589 1762 1766.296 1772.706
11 1773.378 1773.435 1771.956 1840.553 1840.138 1838.681
12 1895.372 1900.929 1902.514 2003.215 2008.057 2009.788
13 1836.421 1837.583 1841.404 1914.913 1915.228 1918.856
14 1749.738 1753.921 1755.225 1801.875 1804.95 1806.353
15 1792.398 1795.644 1801.865 1817.196 1820.465 1826.448
16 1784.958 1787.859 1788.931 1854.661 1857.331 1858.394
17 1732.794 1738.664 1736.32 1777.073 1782.45 1780.106
18 1770.617 1772.087 1772.304 1804.984 1806.252 1806.641
19 1841.737 1840.481 1844.989 1925.788 1923.977 1928.576
20 1770.506 1775.4 1773.929 1832.698 1837.212 1835.647
21 1751.751 1751.647 1751.958 1790.276 1790.256 1790.785
22 1714.293 1715.809 1733.315 1799.796 1801.178 1818.769
23 1713.186 1714.343 1725.801 1769.485 1768.944 1780.802
24 1874.748 1880.79 1878.425 1894.056 1899.406 1897.215
25 1777.494 1776.867 1776.189 1902.325 1901.4 1900.7
26 1963.16 1961.892 1965.4 2085.274 2084.42 2087.918
27 1745.097 1754.926 1759.923 1854.747 1864.25 1869.435
28 1775.863 1780.94 1781.544 1879.529 1884.618 1885.122
29 1764.388 1763.185 1762.147 1805.026 1803.343 1802.206
30 1850.861 1850.071 1850.569 1889.157 1887.992 1888.358
31 1795.215 1799.301 1800.398 1888.324 1892.326 1893.465
32 1769.563 1773.967 1774.909 1854.491 1857.869 1858.972
33 1825.54 1824.069 1828.621 1860.681 1858.823 1863.26
34 1818.102 1821.957 1826.012 1850.134 1852.492 1856.587
35 1864.443 1867.672 1866.591 2001.292 2002.898 2002.127
36 1710.019 1715.191 1719.636 1752.571 1757.007 1761.47
37 1731.341 1735.867 1742.948 1805.976 1809.734 1816.942
38 1852.829 1855.251 1862.292 1948.661 1950.64 1957.537
39 1799.281 1799.119 1801.533 1890.957 1892.228 1894.693
40 1712.102 1711.235 1724.284 1785.819 1783.851 1797.022
41 1624.046 1627.737 1629.97 1660.783 1663.947 1666.405
42 1757.392 1763.143 1761.219 1825.461 1830.328 1828.367
43 1779.767 1783.818 1781.468 1834.367 1835.404 1833.637
44 1715.925 1717.911 1722.963 1776.098 1777.149 1781.953
45 1753.106 1757.563 1755.203 1816.688 1818.846 1816.153
46 1792.412 1793.798 1803.591 1886.488 1887.755 1897.677
47 1741.704 1750.019 1746.777 1778.131 1785.298 1782.274
48 1780.071 1785.859 1787.167 1892.454 1898.678 1900.058
49 1923.939 1922.614 1922.508 1984.659 1983.738 1983.522
50 1760.035 1759.401 1769.381 1831.61 1831.715 1841.473
51 1865.113 1865.17 1863.722 1985.602 1986.61 1985.164
52 1726.255 1733.237 1739.152 1847.31 1856.503 1862.337
53 1744.729 1749.075 1747.931 1789.031 1793.197 1792.505
54 1847.121 1852.057 1848.625 1918.225 1923.633 1920.322
55 1772.446 1772.225 1777.021 1852.442 1852.548 1857.33
56 1876.442 1878.539 1878.496 1969.32 1971.546 1971.626
57 1773.457 1779.548 1778.269 1803.093 1809.024 1807.58
58 1752.331 1753.026 1762.046 1788.463 1790.411 1799.205
59 1762.8 1763.263 1771.833 1855.695 1855.039 1863.788
60 1726.238 1728.303 1725.501 1818.561 1820.309 1817.523
61 1761.377 1761.286 1770.695 1848.131 1848.626 1857.792
62 1786.901 1797.825 1797.21 1920.581 1930.925 1930.648
63 1721.4 1721.938 1724.51 1768.864 1768.312 1770.856
64 1774.322 1774.129 1785 1829.745 1830.424 1841.278
65 1748.133 1752.638 1757.386 1867.231 1870.028 1874.534
66 1846.9 1848.65 1849.183 1926.346 1929.865 1930.37
67 1691.945 1691.792 1693.024 1740.312 1739.387 1740.724
68 1727.287 1728.542 1733.312 1780.7 1782.153 1787.17
69 1810.992 1814.804 1814.707 1888.343 1892.014 1892.233
70 1718.864 1723.155 1726.752 1832.026 1835.433 1839.372
71 1788.596 1786.778 1788.773 1878.443 1876.186 1878.244
72 1832.2 1836.419 1835.622 1913.836 1917.839 1917.178
73 1772.762 1777.193 1775.092 1815.399 1818.291 1816.239
74 1761.557 1765.977 1768.961 1851.927 1855.617 1858.418
75 1781.957 1786.677 1785.046 1860.242 1865.542 1863.952
76 1719.752 1726.408 1729.145 1761.18 1767.274 1770.237
77 1773.938 1774.006 1782.818 1840.631 1840.307 1848.886
78 1860.614 1859.574 1857.431 1945.681 1945.298 1943.295
79 1782.026 1784.542 1785.952 1893.698 1895.734 1897.487
80 1841.204 1840.143 1845.594 2023.08 2021.908 2027.544
81 1717.476 1721.304 1719.098 1754.428 1757.339 1754.98
82 1788.611 1787.668 1791.313 1842.812 1841.598 1845.22
83 1810.115 1818.232 1818.165 1856.78 1863.824 1863.854
84 1775.276 1781.389 1781.269 1886.319 1894.364 1893.729
85 1802.384 1800.457 1806.058 1894.968 1893.369 1899.118
86 1798.531 1802.743 1803.398 1921.799 1924.621 1925.261
87 1694.76 1699.933 1700.731 1767.536 1772.92 1773.985
88 1804.233 1810.905 1817.216 1905.17 1913.882 1919.994
89 1813.906 1815.613 1828.655 1925.981 1928.625 1941.372
90 1768.576 1766.711 1775.719 1844.99 1843.339 1852.072
91 1735.522 1737.385 1736.214 1796.967 1798.078 1796.956
92 1752.115 1752.766 1766.572 1789.464 1790.256 1804.188
93 1725.018 1723.272 1734.34 1749.283 1747.198 1758.628
94 1883.687 1887.997 1896.64 1930.342 1934.972 1943.593
95 1768.521 1775.5 1773.13 1801.162 1807.955 1805.851
96 1844.968 1848.439 1849.55 1883.845 1887.517 1888.488
97 1784.903 1793.964 1791.198 1844.784 1851.623 1848.719
98 1766.331 1768.401 1767.814 1834.222 1835.11 1834.613
99 1843.804 1844.836 1841.591 2041.748 2043.656 2040.633
100 1824.555 1831.24 1828.378 1886.246 1891.521 1888.958
