1 1814.089 1813.325 1808.759 1872.746 1872.541 1867.724
2 1814.681 1819.093 1817.722 1908.312 1911.551 1910.16
3 1830.307 1829.867 1835.248 1937.962 1937.637 1943.076
4 1763.391 1763.596 1758.752 1850.487 1848.239 1843.512
5 1821.604 1824.227 1816.68 1905.629 1906.182 1898.683
6 1773.36 1771.664 1773.5 1833.751 1830.106 1831.614
7 1932.292 1938.501 1929.385 2056.997 2058.745 2049.188
8 1834.182 1831.694 1834.682 1939.381 1935.699 1938.612
9 1680.786 1681.404 1677.127 1746.207 1745.613 1741.441
10 1744.735 1747.292 1748.641 1793.262 1794.953 1796.153
11 1807.246 1804.697 1798.008 1871.815 1868.795 1862.128
12 1929.239 1932.191 1928.566 2034.477 2036.714 2033.235
13 1870.288 1868.845 1867.456 1946.175 1943.885 1942.302
14 1783.606 1785.183 1781.277 1833.137 1833.607 1829.8
15 1826.265 1826.906 1827.917 1848.458 1849.122 1849.895
16 1818.825 1819.121 1814.983 1885.923 1885.987 1881.841
17 1766.661 1769.926 1762.371 1808.335 1811.107 1803.553
18 1804.484 1803.349 1798.355 1836.246 1834.909 1830.087
19 1875.604 1871.743 1871.04 1957.05 1952.634 1952.023
20 1804.373 1806.662 1799.981 1863.96 1865.868 1859.093
21 1785.618 1782.909 1778.01 1821.538 1818.913 1814.231
22 1748.16 1747.071 1759.366 1831.058 1829.835 1842.215
23 1747.054 1745.605 1751.853 1800.747 1797.601 1804.249
24 1908.615 1912.052 1904.477 1925.318 1928.063 1920.662
25 1811.361 1808.129 1802.241 1933.587 1930.057 1924.147
26 1997.027 1993.154 1991.452 2116.536 2113.077 2111.364
27 1778.964 1786.188 1785.974 1886.009 1892.907 1892.882
28 1809.73 1812.202 1807.596 1910.791 1913.275 1908.569
29 1798.255 1794.448 1788.198 1836.288 1832 1825.653
30 1884.728 1881.333 1876.621 1920.419 1916.648 1911.805
31 1829.083 1830.563 1826.449 1919.586 1920.983 1916.912
32 1803.43 1805.229 1800.961 1885.753 1886.526 1882.418
33 1859.407 1855.331 1854.673 1891.944 1887.48 1886.707
34 1851.97 1853.219 1852.064 1881.396 1881.149 1880.034
35 1898.31 1898.934 1892.643 2032.554 2031.554 2025.573
36 1743.887 1746.453 1745.687 1783.833 1785.664 1784.917
37 1765.208 1767.129 1769 1837.238 1838.391 1840.389
38 1886.696 1886.513 1888.344 1979.923 1979.296 1980.984
39 1833.148 1830.381 1827.585 1922.219 1920.885 1918.139
40 1745.969 1742.497 1750.336 1817.081 1812.508 1820.468
41 1657.913 1658.999 1656.021 1692.045 1692.604 1689.852
42 1791.259 1794.405 1787.271 1856.723 1858.985 1851.814
43 1813.634 1815.08 1807.519 1865.629 1864.061 1857.084
44 1749.792 1749.173 1749.015 1807.36 1805.806 1805.399
45 1786.974 1788.825 1781.254 1847.95 1847.503 1839.599
46 1826.279 1825.06 1829.642 1917.75 1916.412 1921.123
47 1775.571 1781.282 1772.828 1809.393 1813.955 1805.721
48 1813.938 1817.121 1813.219 1923.716 1927.335 1923.504
49 1957.806 1953.876 1948.559 2015.921 2012.395 2006.969
50 1793.903 1790.663 1795.432 1862.872 1860.372 1864.919
51 1898.98 1896.432 1889.774 2016.864 2015.267 2008.61
52 1760.122 1764.499 1765.204 1878.572 1885.16 1885.784
53 1778.596 1780.337 1773.983 1820.293 1821.854 1815.951
54 1880.988 1883.319 1874.676 1949.487 1952.29 1943.769
55 1806.314 1803.487 1803.072 1883.704 1881.205 1880.777
56 1910.309 1909.801 1904.548 2000.582 2000.203 1995.072
57 1807.324 1810.81 1804.321 1834.355 1837.681 1831.026
58 1786.198 1784.288 1788.097 1819.725 1819.068 1822.651
59 1796.667 1794.525 1797.884 1886.957 1883.696 1887.235
60 1760.105 1759.565 1751.553 1849.823 1848.966 1840.969
61 1795.244 1792.548 1796.747 1879.393 1877.283 1881.238
62 1820.768 1829.087 1823.261 1951.843 1959.582 1954.095
63 1755.267 1753.2 1750.562 1800.126 1796.969 1794.303
64 1808.189 1805.391 1811.052 1861.007 1859.081 1864.725
65 1782 1783.9 1783.437 1898.493 1898.685 1897.981
66 1880.768 1879.912 1875.235 1957.608 1958.522 1953.817
67 1725.812 1723.054 1719.076 1771.574 1768.044 1764.171
68 1761.154 1759.804 1759.364 1811.962 1810.81 1810.617
69 1844.859 1846.066 1840.758 1919.605 1920.671 1915.679
70 1752.731 1754.417 1752.804 1863.288 1864.09 1862.819
71 1822.463 1818.04 1814.825 1909.705 1904.843 1901.691
72 1866.067 1867.681 1861.674 1945.098 1946.496 1940.624
73 1806.629 1808.455 1801.144 1846.661 1846.948 1839.686
74 1795.424 1797.239 1795.013 1883.189 1884.273 1881.865
75 1815.824 1817.939 1811.097 1891.504 1894.199 1887.399
76 1753.619 1757.67 1755.197 1792.442 1795.931 1793.683
77 1807.806 1805.268 1808.869 1871.893 1868.964 1872.333
78 1894.482 1890.836 1883.483 1976.943 1973.955 1966.742
79 1815.893 1815.804 1812.004 1924.96 1924.391 1920.933
80 1875.071 1871.405 1871.646 2054.342 2050.565 2050.991
81 1751.343 1752.566 1745.149 1785.69 1785.996 1778.426
82 1822.478 1818.93 1817.365 1874.074 1870.255 1868.667
83 1843.982 1849.494 1844.217 1888.042 1892.481 1887.301
84 1809.143 1812.651 1807.321 1917.581 1923.02 1917.176
85 1836.251 1831.719 1832.11 1926.23 1922.026 1922.565
86 1832.399 1834.005 1829.45 1953.061 1953.278 1948.707
87 1728.627 1731.195 1726.783 1798.798 1801.577 1797.432
88 1838.1 1842.167 1843.268 1936.432 1942.539 1943.441
89 1847.773 1846.876 1854.707 1957.243 1957.282 1964.819
90 1802.443 1797.973 1801.771 1876.252 1871.996 1875.519
91 1769.389 1768.647 1762.265 1828.229 1826.735 1820.403
92 1785.983 1784.029 1792.624 1820.726 1818.912 1827.635
93 1758.886 1754.534 1760.392 1780.545 1775.855 1782.074
94 1917.554 1919.259 1922.692 1961.604 1963.629 1967.04
95 1802.388 1806.762 1799.182 1832.424 1836.612 1829.297
96 1878.835 1879.701 1875.602 1915.107 1916.174 1911.935
97 1818.77 1825.226 1817.249 1876.046 1880.28 1872.166
98 1800.198 1799.663 1793.866 1865.484 1863.767 1858.059
99 1877.671 1876.098 1867.642 2073.01 2072.313 2064.08
100 1858.422 1862.502 1854.43 1917.508 1920.178 1912.404
