1 0.2
2 0.24
3 0.32
4 0.19
5 0.27
6 0.28
7 0.25
8 0.24
9 0.27
10 0.28
11 0.27
12 0.18
13 0.25
14 0.25
15 0.25
16 0.23
17 0.35
18 0.26
19 0.29
20 0.23
21 0.17
22 0.22
23 0.29
24 0.27
25 0.21
26 0.24
27 0.36
28 0.32
29 0.22
30 0.26
31 0.2
32 0.23
33 0.32
34 0.26
35 0.23
36 0.22
37 0.36
38 0.2
39 0.27
40 0.28
41 0.26
42 0.29
43 0.25
44 0.29
45 0.28
46 0.25
47 0.23
48 0.24
49 0.22
50 0.25
51 0.19
52 0.26
53 0.27
54 0.23
55 0.24
56 0.29
57 0.24
58 0.18
59 0.3
60 0.29
61 0.25
62 0.4
63 0.29
64 0.28
65 0.26
66 0.18
67 0.28
68 0.3
69 0.2
70 0.17
71 0.22
72 0.26
73 0.21
74 0.32
75 0.26
76 0.27
77 0.22
78 0.19
79 0.25
80 0.22
81 0.19
82 0.2
83 0.24
84 0.22
85 0.24
86 0.22
87 0.25
88 0.31
89 0.24
90 0.24
91 0.24
92 0.22
93 0.24
94 0.24
95 0.28
96 0.22
97 0.21
98 0.24
99 0.2
100 0.24
