1 -877.111 -879.0315 -881.3534 -908.7421 -910.9421 -913.1389
2 -877.4067 -881.9154 -885.835 -926.5251 -930.4468 -934.3568
3 -885.22 -887.3025 -894.5982 -941.35 -943.49 -950.8146
4 -851.7618 -854.167 -856.3503 -897.6127 -898.7913 -901.0328
5 -880.8685 -884.4823 -885.3141 -925.1833 -927.7627 -928.618
6 -856.7466 -858.2008 -863.7244 -889.2445 -889.7248 -895.0835
7 -936.2122 -941.6194 -941.6667 -1000.867 -1004.044 -1003.871
8 -887.1575 -888.2161 -894.3152 -942.0593 -942.5209 -948.5829
9 -810.4592 -813.0709 -815.5374 -845.4723 -847.4782 -849.9974
10 -842.434 -846.0152 -851.2947 -868.9998 -872.1482 -877.3532
11 -873.6892 -874.7175 -875.9781 -908.2767 -909.0689 -910.3407
12 -934.6859 -938.4645 -941.257 -989.6077 -993.0287 -995.894
13 -905.2104 -906.7915 -910.702 -945.4564 -946.6142 -950.4278
14 -861.8692 -864.9606 -867.6127 -888.9373 -891.4752 -894.1766
15 -883.1989 -885.822 -890.9326 -896.598 -899.2326 -904.2242
16 -879.4789 -881.9294 -884.4654 -915.3306 -917.6653 -920.1971
17 -853.3971 -857.3318 -858.1598 -876.5365 -880.225 -881.0532
18 -872.3083 -874.0437 -876.1518 -890.492 -892.126 -894.3205
19 -907.8683 -908.2403 -912.4943 -950.8939 -950.9887 -955.2881
20 -872.2531 -875.7002 -876.9645 -904.3488 -907.6058 -908.8234
21 -862.8755 -863.8236 -865.9791 -883.138 -884.128 -886.3925
22 -844.1465 -845.9045 -856.6573 -887.898 -889.5891 -900.3843
23 -843.5932 -845.1716 -852.9007 -872.7424 -873.4722 -881.401
24 -924.374 -928.3948 -929.2126 -935.028 -938.7029 -939.6077
25 -875.7469 -876.4334 -878.0947 -939.1626 -939.7002 -941.3502
26 -968.5801 -968.9459 -972.7001 -1030.637 -1031.21 -1034.959
27 -859.5484 -865.4628 -869.9614 -915.3733 -921.125 -925.7177
28 -874.9315 -878.47 -880.7722 -927.7647 -931.3092 -933.5612
29 -869.1941 -869.5927 -871.0733 -890.5129 -890.6716 -892.1031
30 -912.4304 -913.0353 -915.2847 -932.5786 -932.9958 -935.179
31 -884.6077 -887.6503 -890.1989 -932.1619 -935.163 -937.7327
32 -871.7816 -874.9834 -877.4546 -915.2456 -917.9343 -920.4859
33 -899.7699 -900.0344 -904.3105 -918.3407 -918.4114 -922.6301
34 -896.0512 -898.9784 -903.0062 -913.0669 -915.2458 -919.2937
35 -919.2216 -921.836 -923.2956 -988.6461 -990.4488 -992.0633
36 -842.0097 -845.5954 -849.8178 -864.2853 -867.5037 -871.7352
37 -852.6705 -855.9337 -861.4742 -890.9881 -893.8671 -899.4712
38 -913.4145 -915.6253 -921.1462 -962.3303 -964.3198 -969.7686
39 -886.6405 -887.5597 -890.7665 -933.4784 -935.1139 -938.3464
40 -843.0508 -843.6177 -852.1421 -880.9094 -880.9255 -889.5108
41 -799.0228 -801.8684 -804.9848 -818.3916 -820.9736 -824.2027
42 -865.6961 -869.5717 -870.6094 -900.7306 -904.1639 -905.1836
43 -876.8833 -879.909 -880.7338 -905.1833 -906.7021 -907.8187
44 -844.9623 -846.9554 -851.4816 -876.0491 -877.5745 -881.9763
45 -863.5532 -866.7817 -867.6013 -896.3439 -898.423 -899.0764
46 -883.2061 -884.8988 -891.7953 -931.2439 -932.8773 -939.8384
47 -857.852 -863.0097 -863.3883 -877.0653 -881.6489 -882.137
48 -877.0353 -880.9297 -883.5836 -934.2268 -938.339 -941.0288
49 -948.9695 -949.3069 -951.2538 -980.3293 -980.8688 -982.7611
50 -867.0176 -867.7007 -874.6904 -903.8048 -904.8574 -911.7363
51 -919.5564 -920.5848 -921.861 -980.8011 -982.3048 -983.5819
52 -850.1274 -854.6185 -859.5761 -911.655 -917.2516 -922.1687
53 -859.3646 -862.5375 -863.9655 -882.5153 -885.5984 -887.2525
54 -910.5606 -914.0287 -914.3124 -947.1126 -950.8165 -951.1612
55 -873.2232 -874.1124 -878.5103 -914.2209 -915.2739 -919.665
56 -925.221 -927.2696 -929.2479 -972.6599 -974.7729 -976.8129
57 -873.7284 -877.7741 -879.1344 -889.5465 -893.5118 -894.7898
58 -863.1654 -864.513 -871.0228 -882.2315 -884.2056 -890.6023
59 -868.4001 -869.6315 -875.9163 -915.8474 -916.5197 -922.8942
60 -850.119 -852.1515 -852.7507 -897.2804 -899.1547 -899.7613
61 -867.6884 -868.6429 -875.3476 -912.0654 -913.3131 -919.8958
62 -880.4504 -886.9124 -888.6048 -948.2904 -954.4625 -956.324
63 -847.7001 -848.9691 -852.2551 -872.4321 -873.1562 -876.4281
64 -874.1609 -875.0647 -882.5002 -902.8724 -904.2118 -911.639
65 -861.0666 -864.319 -868.6929 -921.6153 -924.014 -928.2672
66 -910.4502 -912.3248 -914.5916 -951.1729 -953.9326 -956.1851
67 -832.9725 -833.8962 -836.5122 -858.1558 -858.6934 -861.3622
68 -850.6435 -852.271 -856.6561 -878.3501 -880.0764 -884.585
69 -892.4959 -895.402 -897.3534 -932.1717 -935.007 -937.1163
70 -846.432 -849.5776 -853.3762 -904.0128 -906.7166 -910.6862
71 -881.298 -881.3888 -884.3866 -927.2214 -927.093 -930.1222
72 -903.0998 -906.2095 -907.8112 -944.9179 -947.9194 -949.5889
73 -873.3809 -876.5966 -877.5461 -895.6994 -898.1457 -899.1197
74 -867.7785 -870.9883 -874.4806 -913.9635 -916.8083 -920.2092
75 -877.9784 -881.3386 -882.5229 -918.121 -921.7712 -922.9762
76 -846.876 -851.2041 -854.5726 -868.5898 -872.6368 -876.1184
77 -873.9692 -875.003 -881.4089 -908.3153 -909.1537 -915.4431
78 -917.3072 -917.7872 -918.7157 -960.8403 -961.6489 -962.6476
79 -878.013 -880.2711 -882.9759 -934.8488 -936.8669 -939.7434
80 -907.6019 -908.0714 -912.7972 -999.5402 -999.9541 -1004.772
81 -845.7381 -848.6518 -849.5488 -865.2141 -867.6695 -868.4898
82 -881.3056 -881.8338 -885.6567 -909.4061 -909.7989 -913.6102
83 -892.0574 -897.1159 -899.0826 -916.3901 -920.9122 -922.9271
84 -874.6381 -878.6947 -880.6346 -931.1595 -936.1818 -937.8646
85 -888.1919 -888.2283 -893.029 -935.484 -935.6847 -940.5591
86 -886.2657 -889.3715 -891.6992 -948.8993 -951.3104 -953.6303
87 -834.38 -837.9667 -840.3655 -871.768 -875.4599 -877.9927
88 -889.1166 -893.4525 -898.6082 -940.5849 -945.941 -950.9972
89 -893.953 -895.8067 -904.3277 -950.9906 -953.3125 -961.6862
90 -871.2878 -871.3555 -877.8597 -910.4952 -910.6695 -917.036
91 -854.7608 -856.6925 -858.1069 -886.4834 -888.0388 -889.4782
92 -863.0577 -864.3832 -873.286 -882.732 -884.1278 -893.094
93 -849.5092 -849.6359 -857.1699 -862.6417 -862.5991 -870.3138
94 -928.8434 -931.9984 -938.3202 -953.171 -956.4859 -962.7967
95 -871.2603 -875.7498 -876.5651 -888.581 -892.9774 -893.9254
96 -909.484 -912.2196 -914.775 -929.9225 -932.7584 -935.244
97 -879.4514 -884.9822 -885.5989 -910.392 -914.8113 -915.3596
98 -870.1653 -872.2004 -873.907 -905.1108 -906.5551 -908.3064
99 -908.9019 -910.4178 -910.7953 -1008.874 -1010.828 -1011.317
100 -899.2773 -903.62 -904.1892 -931.1232 -934.7606 -935.4788
