1 0.8933784 0.8128211 0.8378558 1.432759 0.896352 0.8625339
2 1.617901 1.276469 1.239793 2.308994 1.259549 1.282392
3 0.9483714 0.8168529 0.8284265 1.757344 0.8452802 0.8234785
4 1.558522 1.160966 1.118364 2.034654 1.132503 1.097639
5 1.743547 1.470618 1.43954 2.154689 1.474449 1.476956
6 0.8953342 0.9167764 0.9102802 1.27601 0.9416522 0.8982662
7 1.377162 1.021588 0.8471289 1.951868 1.090328 1.007671
8 0.8736673 0.8416788 0.8510594 1.26685 0.8810164 0.8654282
9 1.366302 1.271484 1.282955 1.629064 1.274818 1.23261
10 0.993247 0.859529 0.8639388 1.271522 0.8972138 0.8773061
11 0.8480769 0.7644198 0.7608293 1.145176 0.7786692 0.7615672
12 1.249488 1.031379 1.030432 1.794556 1.103222 1.045448
13 1.014797 0.8423857 0.853204 1.49986 0.8364008 0.8486329
14 1.247618 0.9370287 0.9262567 1.64169 0.9282841 0.9294163
15 1.264508 1.083868 1.089059 1.708432 1.152022 1.106737
16 1.456502 1.316181 1.336891 1.772547 1.288275 1.308571
17 1.103227 1.003968 0.9655931 1.33639 0.9408238 0.945346
18 1.059827 0.9959632 1.006337 1.39224 1.00069 0.9831938
19 0.8705103 0.7912167 0.8274696 1.436048 0.8894561 0.8805738
20 1.110226 0.9008084 0.8863669 1.337598 0.8467172 0.8523701
21 0.7413965 0.6418772 0.59595 1.040534 0.5601117 0.6447395
22 1.024237 0.8261919 0.8559429 1.447159 0.8648879 0.8193223
23 1.139447 0.9894563 1.007125 1.364052 0.9885711 1.018925
24 1.027854 0.9013935 0.9690531 1.394246 0.9236117 0.9333294
25 1.00105 0.8774722 0.9515927 0.910336 0.8001153 0.8582255
26 1.274361 1.232839 1.182725 1.351324 1.217165 1.282333
27 1.365672 1.018649 1.010963 2.405208 1.04078 1.060189
28 1.193605 0.9506372 0.9506205 2.039731 0.9283579 0.9534895
29 0.9819503 0.8171687 0.8516292 1.173804 0.8719735 0.8969831
30 1.114616 0.9897334 0.9928943 1.565887 0.8903765 0.997733
31 1.343217 0.9765738 1.010885 2.097594 0.9439996 1.077774
32 1.583816 1.415423 1.417971 1.943306 1.323829 1.343231
33 0.7207698 0.6717744 0.706959 0.8179179 0.6853123 0.6869347
34 1.230652 1.199542 1.138107 1.419937 1.161249 1.196624
35 1.223388 1.032992 1.046115 1.873354 1.106265 1.115729
36 1.201656 0.8798739 0.9316136 1.531491 0.9739625 0.9897588
37 1.325971 1.10527 1.133778 1.934685 1.132221 1.170882
38 1.028777 0.9103004 0.8510017 1.419948 0.8634313 0.844332
39 0.7235682 0.7492957 0.7710252 0.9772046 0.767657 0.7732916
40 0.8666583 0.7422608 0.781604 0.8290957 0.7541295 0.7233352
41 1.250326 0.9732729 0.9723778 1.539111 0.969441 0.9573784
42 1.284812 1.179594 1.231094 1.558691 1.177475 1.18281
43 1.269014 0.9582044 0.9769941 2.04942 0.9747522 1.018171
44 0.6355876 0.5466507 0.574574 1.162107 0.5242415 0.5945107
45 1.235285 1.21492 1.190371 1.564859 1.180993 1.191011
46 1.057679 0.926249 0.875551 1.964039 0.8039008 0.8994446
47 1.355037 1.001598 1.061558 1.754655 1.031032 1.094224
48 0.8883049 0.7258664 0.6901526 1.761035 0.6995764 0.7417838
49 1.059788 0.9915289 0.9530664 1.547904 1.046574 1.0198
50 1.008254 0.9936587 1.004827 1.258086 0.9898907 0.941866
51 1.04504 0.9323289 0.8756499 1.446514 1.079732 1.04822
52 1.235922 0.9216054 0.9148875 2.064375 0.9258874 0.8847955
53 0.9617693 0.7808142 0.7677659 1.455746 0.8522216 0.8405821
54 1.089737 0.841436 0.8610669 1.18205 0.9491965 0.9319939
55 1.002526 0.9072603 0.9145464 1.324269 0.8965395 0.9051847
56 1.145834 0.9766343 0.9881927 1.593257 1.057156 1.039513
57 0.9527482 0.7680175 0.7548337 1.438462 0.7762695 0.7752725
58 1.43289 1.356607 1.377525 1.772393 1.336286 1.345625
59 0.9649176 0.8390774 0.8721159 1.329233 0.8804461 0.8495073
60 1.253258 1.15266 1.189172 1.532164 1.186163 1.201245
61 1.114817 0.980341 0.9680636 1.447962 1.001572 0.9430957
62 1.399614 1.123441 1.171657 1.875837 1.04061 1.063427
63 1.02098 0.9066057 0.9620987 1.338503 0.9139648 0.9541031
64 0.907835 0.8837294 0.8451873 1.238205 0.8958409 0.9144223
65 1.656141 1.380079 1.378494 1.869774 1.353808 1.301175
66 1.319537 0.9648585 0.960418 1.533373 0.9230807 0.9841726
67 0.9166086 0.852573 0.8204611 1.317768 0.8065968 0.8404791
68 1.014486 0.8788805 0.8756769 1.186172 0.8859398 0.9065852
69 0.9279236 0.7685748 0.7938688 1.379527 0.710426 0.7450558
70 1.357957 1.002888 0.9554371 1.479959 0.9900516 0.9815587
71 0.9989477 0.9434199 0.9162656 1.184963 0.968158 0.9454346
72 1.010716 0.8912393 0.8756898 1.177481 0.9053845 0.9064796
73 1.089761 0.8693211 0.8663456 1.382352 0.8467693 0.881791
74 1.212755 1.137335 1.143988 1.948132 1.165074 1.153609
75 1.323376 1.155132 1.120745 1.971825 1.150851 1.109829
76 1.43819 1.122353 1.138371 1.87283 1.102082 1.138209
77 1.053608 0.9831433 0.9931971 1.258492 0.9960892 0.9862223
78 1.254158 1.190273 1.226603 1.759562 1.223603 1.252015
79 0.9830879 0.8602088 0.8900397 1.647323 0.8115232 0.8705406
80 0.974464 0.9027883 0.8726946 1.274328 0.8887625 0.9341882
81 1.013653 0.6933257 0.7493035 1.549681 0.7076915 0.7344961
82 1.076159 1.02384 0.991603 1.373035 0.9826902 0.9554602
83 1.34213 1.008467 1.013523 1.908398 1.033724 0.983691
84 1.571723 1.092181 1.092042 1.86232 1.141834 1.213336
85 1.035872 1.055392 1.032828 1.218428 1.126012 1.084297
86 1.532551 1.281446 1.309008 1.781674 1.333639 1.250625
87 1.355198 1.201142 1.204164 1.821877 1.18732 1.22559
88 1.06229 0.9074037 0.9276305 1.908047 0.8479707 0.8728058
89 0.9213278 0.8628887 0.8709613 1.646626 0.8124176 0.8112751
90 0.786707 0.7592297 0.7834421 0.9735602 0.8065392 0.7634047
91 0.985315 0.7206079 0.7025351 1.180094 0.7003374 0.7045127
92 1.826078 1.645227 1.653534 2.044528 1.701051 1.674722
93 0.9623587 0.9362766 0.9500943 1.020813 0.9606255 0.9686854
94 0.7326449 0.5367188 0.529671 1.42767 0.5936989 0.621085
95 0.9046826 0.750261 0.8091456 1.355757 0.8374026 0.8230664
96 1.667889 1.272526 1.303092 2.169479 1.32403 1.324829
97 1.346046 0.9384726 0.9225664 1.644174 0.9034454 0.8428235
98 1.113263 0.9969786 0.9928933 1.512649 1.003528 0.9818128
99 1.086593 1.030889 1.005877 1.436954 1.124318 1.116328
100 1.433913 1.260641 1.235184 1.837212 1.182474 1.219633
