1 0.1791538 0.3342073 0.3033246 0.3877487 0.3972579 0.3532738
2 0.2659203 0.218839 0.2091608 0.3941265 0.2120716 0.216679
3 0.2249952 0.3271396 0.30018 0.4226926 0.3129117 0.3060843
4 0.3756621 0.3219064 0.3099316 0.4264746 0.3207827 0.3048664
5 0.5564691 0.3161134 0.2835615 0.4482727 0.3750131 0.3504244
6 0.2241612 0.2407774 0.2366758 0.2722595 0.2481785 0.2372613
7 0.2987281 0.2211145 0.1823727 0.4161256 0.2416998 0.2262239
8 0.2111536 0.2135117 0.2142553 0.2690397 0.2313635 0.2182031
9 0.2823021 0.2613968 0.2616314 0.3309332 0.2570638 0.2479074
10 0.2577654 0.2628214 0.2648759 0.2799611 0.269824 0.2714297
11 0.1880197 0.1874919 0.1874109 0.2541064 0.1826041 0.1869418
12 0.6674531 0.4291708 0.5162323 0.714134 0.5250493 0.4629592
13 0.193648 0.1679696 0.1795743 0.2900009 0.176729 0.176002
14 0.3238115 0.2202051 0.2266434 0.3722345 0.22923 0.2183794
15 0.8517687 0.982982 1.022165 0.8555769 1.001472 1.005675
16 0.3155338 0.2757454 0.2887339 0.365527 0.2676833 0.2697356
17 0.2876439 0.2417715 0.2224773 0.3168449 0.2193873 0.2106406
18 0.3857493 0.4122575 0.4164428 0.4325981 0.4171698 0.3898962
19 0.1996845 0.1801679 0.1974557 0.3060759 0.1984926 0.1927947
20 0.2397115 0.2138224 0.2086545 0.2727282 0.2013127 0.2033402
21 0.2193357 0.2256002 0.2272488 0.2703881 0.2278468 0.2718618
22 0.4005262 0.2770452 0.3234369 0.4375562 0.2892942 0.2850616
23 0.254133 0.1776985 0.1968933 0.268318 0.1747298 0.2001035
24 0.2412777 0.2469476 0.2623168 0.3132559 0.2585595 0.2621662
25 0.4362276 0.3318124 0.3467429 0.3119047 0.2853567 0.3036253
26 0.2436034 0.2457457 0.2330247 0.237356 0.2269248 0.2444001
27 0.2668661 0.2096896 0.208595 0.4706621 0.2220333 0.2249753
28 0.2310634 0.1964852 0.197822 0.3979393 0.1825525 0.1911273
29 0.4680158 0.4333511 0.4729838 0.5346706 0.5443481 0.5327535
30 0.2310592 0.2053137 0.2053741 0.3126309 0.182258 0.2040812
31 0.2806668 0.2038622 0.2070246 0.441986 0.1870788 0.2200681
32 0.304488 0.2856075 0.2880943 0.3763279 0.2673332 0.2759184
33 0.1475087 0.1401779 0.1463636 0.1615054 0.1433176 0.141904
34 0.4096019 0.5259669 0.4961947 0.4432726 0.5134943 0.5372832
35 0.3212665 0.30428 0.3028796 0.4703179 0.310145 0.3238222
36 0.255132 0.2060103 0.220647 0.3259235 0.2282992 0.2340818
37 0.3587289 0.3118713 0.351744 0.449475 0.3324775 0.3709464
38 0.2389229 0.2102473 0.1948295 0.3237016 0.1937208 0.1923439
39 0.3595515 0.4239552 0.440892 0.4109614 0.4922303 0.5350814
40 0.1625462 0.1446719 0.1494102 0.1534264 0.1513809 0.1429047
41 0.2633955 0.2157569 0.2152328 0.3144033 0.2152591 0.211115
42 0.5188557 0.6120715 0.6596539 0.576632 0.6345108 0.6685013
43 0.2371037 0.182325 0.1846921 0.3907105 0.1903635 0.1985289
44 0.1413174 0.1305244 0.1353136 0.2481295 0.1284019 0.1475195
45 0.3396042 0.3494191 0.3397233 0.3884582 0.3433209 0.3502153
46 0.2105816 0.1816104 0.1762124 0.37463 0.1582692 0.1797932
47 0.4569386 0.4499951 0.4783389 0.4725362 0.5182647 0.5290836
48 0.2096733 0.1799096 0.1705107 0.4274082 0.1704549 0.1817125
49 0.2273491 0.2189565 0.206668 0.3075472 0.2248509 0.2163427
50 0.9029642 0.9678356 0.9577336 0.958534 0.9314438 0.9353396
51 0.5874107 0.5566245 0.5414255 0.6291638 0.5855759 0.5658084
52 0.2529247 0.1903508 0.1927956 0.4172781 0.196202 0.1831438
53 0.2464258 0.2277578 0.2272331 0.3415719 0.2566474 0.2518251
54 0.4692968 0.3853583 0.3862846 0.3798008 0.4792672 0.4652205
55 0.243657 0.2327974 0.2386035 0.2990408 0.2317437 0.2364837
56 0.2608312 0.220372 0.2241636 0.3467094 0.2267154 0.2178611
57 0.3135886 0.3014676 0.3066041 0.3815756 0.3098624 0.306734
58 0.2884369 0.3088804 0.3383954 0.382926 0.2870324 0.2599452
59 0.1753329 0.1651454 0.1733912 0.2393115 0.1746194 0.1676673
60 0.264315 0.2498976 0.2600014 0.3072958 0.2637645 0.268115
61 0.2595717 0.2330301 0.2317566 0.2926413 0.2385028 0.2218167
62 0.4823724 0.3457015 0.3766147 0.5129159 0.3008848 0.3289084
63 0.1801837 0.1581183 0.1711354 0.2370543 0.1631463 0.1734174
64 1.32117 1.62839 1.407174 1.280027 1.618035 1.525357
65 0.291017 0.2451674 0.2477219 0.3236287 0.2345066 0.2237799
66 0.329372 0.2409143 0.2527382 0.3904573 0.2235479 0.2616528
67 0.1879165 0.1819774 0.1745404 0.2544614 0.1735926 0.176194
68 0.231786 0.2090694 0.2052767 0.2539688 0.2127245 0.2130167
69 0.5005213 0.4759133 0.4597082 0.5512968 0.4549564 0.4564458
70 0.2762712 0.2059452 0.1950567 0.2983719 0.2031149 0.2016166
71 0.1817875 0.1689331 0.165048 0.2071676 0.1729272 0.1666158
72 0.2684899 0.2413234 0.2389953 0.2945898 0.2422336 0.2417506
73 0.2954971 0.2072422 0.2015552 0.3825034 0.1866835 0.1902419
74 0.2121626 0.2126642 0.2147108 0.3611118 0.2260191 0.2235968
75 0.2735863 0.2435484 0.2322268 0.4101955 0.2409926 0.2386681
76 0.3007782 0.2337041 0.2375543 0.3516004 0.2252703 0.2395879
77 0.2579628 0.2585206 0.2620946 0.2829794 0.2601034 0.2579858
78 0.2809752 0.2715927 0.2823193 0.3734303 0.2884893 0.3034195
79 0.2044661 0.188504 0.1927257 0.3492353 0.1745318 0.1875872
80 0.1885989 0.1756688 0.1695217 0.2404635 0.1709072 0.1821918
81 0.2288086 0.1592826 0.1764614 0.3510304 0.1611378 0.164043
82 0.1975998 0.18987 0.1890332 0.2489136 0.1842625 0.1753776
83 0.3614724 0.2496763 0.2564565 0.5467129 0.3070773 0.2832018
84 0.4820232 0.2023475 0.2298678 0.5488699 0.1995916 0.2546367
85 0.1664849 0.1733627 0.1664883 0.1946098 0.1842673 0.1730551
86 0.378056 0.4092707 0.3737166 0.4200879 0.4190802 0.3933349
87 0.2923466 0.2782936 0.2800338 0.3631628 0.2777225 0.2881474
88 0.2188319 0.1985228 0.2064211 0.4120202 0.1914426 0.1914191
89 0.1996265 0.2204184 0.2226844 0.3269264 0.2107172 0.2027523
90 0.1678611 0.160818 0.1689158 0.1838442 0.1736391 0.162694
91 0.2103682 0.1430598 0.1441712 0.2483983 0.1381003 0.1349897
92 0.3692439 0.345218 0.3391994 0.3868193 0.3429267 0.3312779
93 0.2095261 0.215994 0.2206919 0.205481 0.2128914 0.2129587
94 0.2009473 0.1664756 0.1875827 0.4024082 0.1920666 0.230522
95 0.3502255 0.4103862 0.4264584 0.396978 0.4253687 0.4368924
96 0.3301355 0.2666556 0.2721679 0.42946 0.2766737 0.2795233
97 0.3980366 0.2580103 0.2577643 0.4322404 0.2221801 0.2014663
98 0.215503 0.2174048 0.2094975 0.2706532 0.2261315 0.2302927
99 0.3437055 0.3591795 0.353689 0.4150828 0.3858865 0.3576046
100 1.066211 1.553314 1.355443 1.221232 1.473628 1.286395
