1 0.121642 0.09720996 0.1684596 0.132547 0.1038567 0.05881085 0.06212826 0.06007643 1.288489 0.5490388 0.504345 0.106209
2 0.1539464 0.09638493 0.2064337 0.1258908 0.1585324 0.06216907 0.05038247 0.0544044 0.8385806 0.5158379 0.4370873 0.08622298
3 0.1221172 0.09655385 0.1843519 0.1394521 0.1174455 0.05854793 0.06106997 0.06365628 0.7668231 0.445208 0.4217354 0.08345573
4 0.1294032 0.1019696 0.1758614 0.1382174 0.1115287 0.06320467 0.06412471 0.05227676 1.098961 0.5947778 0.4862225 0.1104809
5 0.1575944 0.1006616 0.2064706 0.1306588 0.1449853 0.06466021 0.05822132 0.05689226 0.9189111 0.4598243 0.3995509 0.08516718
6 0.1630957 0.1080861 0.2164484 0.1400415 0.1698451 0.07076426 0.05708341 0.06131896 1.314668 0.5254091 0.4083773 0.08850687
7 0.1297913 0.1014244 0.1871036 0.1418629 0.1194202 0.06726933 0.0685745 0.06951817 0.6055322 0.4643952 0.4133558 0.08644772
8 0.1498418 0.121762 0.1878772 0.1501674 0.1122512 0.06518955 0.06994407 0.06090394 1.041384 0.5437625 0.4493707 0.09216646
9 0.1479292 0.07697941 0.2081274 0.1089652 0.159569 0.05853 0.04260275 0.04474006 1.115564 0.5114285 0.4182196 0.09109553
10 0.1247169 0.0909168 0.1798326 0.1260041 0.1100938 0.05661064 0.05425903 0.05609044 1.325376 0.4848334 0.4538842 0.08952946
11 0.1522198 0.1028698 0.2088196 0.1385298 0.1532886 0.06875171 0.06264814 0.05610573 1.728644 0.5039708 0.4027298 0.09233538
12 0.1510334 0.1216746 0.1964717 0.1539922 0.1296553 0.0712725 0.07831147 0.0655144 0.8592188 0.4754627 0.5356437 0.09809417
13 0.1496901 0.09093652 0.2150846 0.1282227 0.165131 0.07017063 0.05448792 0.05567828 1.209701 0.5027898 0.4546266 0.09794061
14 0.1288779 0.08497171 0.1913909 0.123257 0.1276307 0.05997016 0.05106118 0.0580354 1.481676 0.512318 0.440674 0.101425
15 0.1304512 0.101743 0.1942507 0.1459939 0.1308954 0.06960436 0.07903141 0.06331612 3.675025 0.5183265 0.5128879 0.09775771
16 0.146415 0.09978636 0.1948925 0.1319153 0.1254891 0.061892 0.05518074 0.06186158 1.105826 0.5816041 0.4383825 0.108642
17 0.13533 0.1056785 0.1853397 0.1510473 0.1193421 0.07142698 0.07521697 0.06302417 1.725857 0.4512335 0.3585485 0.08030286
18 0.1363994 0.1086398 0.1842538 0.1437527 0.1173176 0.06684948 0.0705703 0.06210983 2.167748 0.5098361 0.4111635 0.09522995
19 0.1342848 0.09735373 0.2027767 0.13941 0.1377935 0.0718931 0.06443391 0.06624405 1.099881 0.5083894 0.4040738 0.0924132
20 0.1386366 0.0921397 0.2025438 0.1299485 0.1431799 0.06682557 0.05821139 0.05556718 1.441946 0.4906335 0.453869 0.09250967
21 0.1435694 0.09532877 0.2139673 0.1392239 0.160747 0.07403755 0.0662552 0.05080525 2.324917 0.5680055 0.5419398 0.1101886
22 0.1454175 0.1027479 0.2117384 0.1419297 0.1542373 0.07405431 0.06513189 0.04899823 1.442655 0.5078499 0.7388869 0.1006983
23 0.136703 0.1031297 0.1920966 0.1394605 0.1251018 0.06352793 0.06290886 0.05638926 1.441131 0.474691 0.4456473 0.09224096
24 0.1419507 0.1145667 0.2155187 0.1679621 0.1628412 0.08958538 0.09777935 0.0748976 5.588584 0.4292634 0.4295382 0.08137444
25 0.1221538 0.08941328 0.1849266 0.1361984 0.1148998 0.06070666 0.05977823 0.0525283 0.9003954 0.5608295 0.4760987 0.1076743
26 0.1373255 0.1134133 0.1874679 0.1531284 0.1303949 0.07053026 0.0798374 0.07515937 0.8363898 0.4696009 0.4639707 0.08838545
27 0.1450596 0.09102369 0.2114347 0.1249658 0.1567523 0.07067915 0.05104163 0.06369994 0.7235164 0.441908 0.3698848 0.08008039
28 0.1411412 0.112912 0.1983362 0.1568279 0.1384619 0.0831194 0.08736018 0.05612959 0.9592294 0.4560307 0.3801017 0.08484418
29 0.1453002 0.1056835 0.192692 0.1395598 0.1360789 0.06992119 0.06483275 0.05823027 2.505459 0.5845554 0.4405144 0.1094289
30 0.1402778 0.1027733 0.2060884 0.1499688 0.1468425 0.07745238 0.07787344 0.07270269 2.040675 0.5058466 0.4230124 0.0953064
31 0.1225515 0.1014844 0.1832205 0.1451601 0.1181551 0.06486964 0.06879854 0.05789836 1.301094 0.5214014 0.531356 0.09497055
32 0.1423524 0.09059877 0.1976176 0.1258587 0.1306652 0.05793646 0.05431894 0.04991432 1.148079 0.4662716 0.4846125 0.09667593
33 0.1420882 0.1023683 0.1919924 0.1356897 0.1301288 0.06585336 0.05997567 0.06242637 2.09833 0.5176011 0.3712736 0.09513328
34 0.1315795 0.1086043 0.1934707 0.1577372 0.1330219 0.08078758 0.08921652 0.06277716 2.534689 0.506634 0.462144 0.09166478
35 0.1531237 0.09805816 0.20831 0.1334826 0.1569681 0.06899582 0.05768407 0.06294202 0.8974625 0.5727269 0.4455017 0.09256894
36 0.1401244 0.09638307 0.1903534 0.1298356 0.1310858 0.06416785 0.05826077 0.05508983 1.827337 0.6910249 0.4711671 0.1207986
37 0.1364718 0.1119542 0.1926874 0.1559924 0.127512 0.0743785 0.08151416 0.05990791 1.529401 0.4508238 0.3724827 0.08428796
38 0.1463288 0.1039876 0.2028766 0.14501 0.1410109 0.0704368 0.0709562 0.05698079 0.8722794 0.5061329 0.5785766 0.09617708
39 0.122099 0.09685404 0.1866692 0.1412502 0.1145373 0.06345347 0.06431932 0.06030485 0.9559768 0.5173306 0.4240976 0.09381087
40 0.131621 0.1144231 0.1805279 0.1494657 0.1109138 0.06113042 0.07451068 0.05888349 1.118987 0.5748287 0.4406579 0.09610829
41 0.134823 0.08259657 0.1976385 0.1171213 0.1353572 0.06135376 0.04345215 0.05120529 2.235533 0.5677711 0.4194924 0.1052813
42 0.1311671 0.1185857 0.1720262 0.152933 0.09915028 0.06460774 0.08213637 0.05940449 1.325112 0.4715365 0.3942251 0.08710116
43 0.1460966 0.1012828 0.2151464 0.1488635 0.1699892 0.08218075 0.07488 0.05779017 2.034016 0.508449 0.4244767 0.09598503
44 0.1196654 0.09744744 0.170533 0.1329252 0.1012401 0.05648973 0.0556903 0.0611983 1.456856 0.4801485 0.4146302 0.09152475
45 0.1208799 0.1074752 0.1778445 0.153976 0.1163155 0.07532941 0.08526568 0.05550759 1.741471 0.4843943 0.4004727 0.08743966
46 0.1345688 0.1039107 0.1872808 0.1374983 0.12713 0.06366362 0.0608611 0.06558071 0.8338036 0.5229064 0.456948 0.09384974
47 0.1429916 0.1177571 0.1938834 0.1576759 0.1326645 0.07950066 0.08544734 0.04998874 3.408188 0.5458193 0.4335105 0.1026231
48 0.1565992 0.1122148 0.2075967 0.144962 0.1472217 0.06822698 0.06450724 0.05215001 0.9563897 0.4503362 0.4362913 0.08423942
49 0.1434969 0.08521715 0.2202179 0.131485 0.1652171 0.07067856 0.05838299 0.07527416 1.243214 0.5914443 0.4431508 0.1046928
50 0.1222634 0.1012132 0.1733465 0.1382569 0.1019581 0.05906561 0.06563289 0.05561754 1.399206 0.6059657 0.484643 0.1087322
51 0.1407364 0.10026 0.1817804 0.1293066 0.1079294 0.05707752 0.05603958 0.06508757 0.7302531 0.5494978 0.4761024 0.1100472
52 0.1103186 0.09509824 0.1607009 0.1333856 0.09217309 0.05466036 0.06040947 0.0524963 0.736663 0.4658856 0.4751683 0.09056579
53 0.1425433 0.08749142 0.2094391 0.1260597 0.15021 0.06503118 0.05210538 0.05492711 1.909708 0.5209954 0.4104485 0.09494381
54 0.1389071 0.09405661 0.1870877 0.1327438 0.1208808 0.06126258 0.05787591 0.06369244 1.388434 0.4701643 0.43722 0.09366329
55 0.1190321 0.08407819 0.1870707 0.1217116 0.1201917 0.05771305 0.04951062 0.05939432 1.119103 0.5706526 0.4666973 0.1008842
56 0.1533187 0.1034858 0.2256779 0.1438303 0.1722661 0.07914775 0.06971869 0.0646808 0.9459438 0.4566703 0.4118913 0.0864684
57 0.1472693 0.1224773 0.1856635 0.1532272 0.1116666 0.0678078 0.07012139 0.05915374 2.971591 0.5220208 0.423171 0.09550957
58 0.1671601 0.09799968 0.2233157 0.132501 0.1736013 0.07028306 0.05760839 0.05692618 2.187129 0.8852659 0.5209144 0.1395486
59 0.1311681 0.09233748 0.1934008 0.1276323 0.1227745 0.05869268 0.05037456 0.05734511 0.9632835 0.4869316 0.447787 0.08928276
60 0.1455658 0.09012531 0.2018621 0.1225007 0.1421313 0.06056734 0.04768075 0.04868321 1.037213 0.4892065 0.3994967 0.08515347
61 0.127909 0.09672054 0.1830723 0.1360116 0.1126326 0.0622284 0.06005299 0.06055597 0.9484652 0.588603 0.4799882 0.1092895
62 0.1183098 0.1212644 0.1709917 0.1669787 0.1085468 0.07656828 0.09680579 0.0669936 0.8319621 0.3570906 0.3405257 0.06945069
63 0.1342478 0.1002007 0.2093572 0.1535303 0.1393667 0.0746267 0.07571641 0.05764936 1.710681 0.5040959 0.4172457 0.09397342
64 0.1411316 0.1059194 0.1967185 0.1360425 0.1464745 0.06790576 0.05884017 0.07144132 1.283603 0.4674172 0.4535531 0.08344839
65 0.1350626 0.1144507 0.1840236 0.1480276 0.1236838 0.06756319 0.06787701 0.0555501 0.8560866 0.4642604 0.4528234 0.09155109
66 0.1309394 0.0965494 0.1966048 0.1386217 0.1294806 0.06594819 0.06251855 0.06476873 0.9991797 0.500591 0.5346213 0.1031945
67 0.1293686 0.0886949 0.1892085 0.124631 0.1238475 0.0577693 0.05072277 0.05840588 1.440141 0.5610485 0.4031247 0.1018507
68 0.1365533 0.105048 0.1843984 0.1413794 0.117281 0.06260819 0.06822811 0.05325306 1.428782 0.4933099 0.4078784 0.08703529
69 0.1388028 0.09817496 0.1994338 0.1417583 0.138167 0.06740436 0.0684803 0.05827983 1.028525 0.4950338 0.4802924 0.1027519
70 0.1170262 0.08452325 0.1759321 0.1240777 0.1113032 0.05382524 0.05268387 0.04763671 1.120515 0.4915964 0.6445511 0.1049337
71 0.1327371 0.09295208 0.1911941 0.1319642 0.1271218 0.06101999 0.05544827 0.05594527 1.34481 0.6189849 0.4466807 0.1082533
72 0.1548962 0.0951152 0.2151116 0.1312615 0.1590251 0.0738968 0.05929731 0.05670147 1.018806 0.4031148 0.4377594 0.07893089
73 0.1312663 0.098302 0.1840673 0.1363774 0.1272534 0.06328519 0.06269174 0.05464347 1.980899 0.5165687 0.46407 0.09776514
74 0.1231953 0.09540918 0.1736707 0.1289737 0.1126666 0.05811569 0.05256684 0.06287918 0.6292646 0.4111988 0.3951859 0.07791903
75 0.1304202 0.09461701 0.201328 0.1422866 0.1350495 0.06857559 0.06758032 0.05642908 1.151841 0.45708 0.4357255 0.0926319
76 0.1211072 0.08582675 0.181857 0.1296522 0.1142518 0.05778108 0.05612596 0.05864813 1.609079 0.5209387 0.4344267 0.09754041
77 0.1471904 0.08983483 0.1935145 0.1185547 0.1332266 0.06043357 0.04674411 0.06698648 0.9328001 0.5802864 0.5226073 0.1026746
78 0.1614194 0.1049366 0.2146225 0.1377795 0.1546043 0.06897875 0.05774633 0.05903218 1.017694 0.6086075 0.4805771 0.1085417
79 0.145968 0.09463895 0.1955338 0.1215605 0.1372885 0.06097259 0.05256866 0.06387658 0.8363393 0.5047998 0.4225426 0.09154285
80 0.1432727 0.1170436 0.1895719 0.1479454 0.1276417 0.06471592 0.06659006 0.05656687 0.6270053 0.5157181 0.4673468 0.09491038
81 0.1274054 0.07854727 0.1859131 0.1173969 0.1187945 0.05458388 0.04462061 0.0541903 2.026789 0.6450813 0.4914182 0.1144065
82 0.1370136 0.09596441 0.188872 0.1326259 0.1225139 0.06166376 0.06075637 0.05848508 1.710253 0.7101912 0.4740269 0.1239602
83 0.1405426 0.08943629 0.2120067 0.1293111 0.1513174 0.07088894 0.05487163 0.06715241 1.808746 0.491122 0.4644531 0.09899444
84 0.1167918 0.1003987 0.1635056 0.1353403 0.1003906 0.05600228 0.06349272 0.05650108 0.7179391 0.4479937 0.4699445 0.09128008
85 0.1529313 0.09050241 0.1985531 0.1186213 0.1373005 0.05981777 0.05058943 0.0574309 0.9511224 0.6011444 0.4545157 0.1012263
86 0.1234764 0.09490618 0.1829239 0.1390132 0.1204428 0.06143673 0.06390085 0.0526836 0.8093517 0.5044501 0.4981137 0.09354864
87 0.1092572 0.08828459 0.1717254 0.1342121 0.09706993 0.05465978 0.06099126 0.04855826 1.155291 0.5584882 0.4548033 0.1013026
88 0.1442564 0.09885071 0.2058133 0.137372 0.1469871 0.07260086 0.06586641 0.06234439 1.380013 0.5030685 0.401135 0.09139261
89 0.1295705 0.087007 0.1966993 0.1276592 0.1388434 0.06395232 0.05366271 0.06341299 0.8449496 0.4628705 0.6280773 0.08815055
90 0.1510678 0.1086579 0.2005458 0.1406504 0.14629 0.07088827 0.06845285 0.05103781 1.086097 0.6437332 0.4280712 0.1146827
91 0.1298763 0.1080728 0.1737335 0.1432049 0.1091156 0.06213396 0.06612094 0.05804838 1.228439 0.5117236 0.4272215 0.09795926
92 0.1243751 0.100358 0.179696 0.139924 0.1175824 0.06349079 0.06730339 0.06229428 1.725966 0.5859663 0.6300171 0.1108086
93 0.1527438 0.1030365 0.2006933 0.1328747 0.1429859 0.06612569 0.0573387 0.05215121 4.899881 0.6532733 0.4506898 0.1161287
94 0.1579811 0.09993866 0.2261379 0.1392361 0.1764366 0.07717656 0.06806261 0.07204744 2.01749 0.4434133 0.5549248 0.09541254
95 0.1582115 0.09289973 0.2279966 0.1337113 0.1821354 0.07354601 0.05818336 0.05112327 3.93858 0.4844714 0.3914427 0.08960598
96 0.1358717 0.09926531 0.1875026 0.1387027 0.12647 0.06755365 0.06704572 0.06931186 2.495149 0.5288002 0.4719344 0.1050358
97 0.1305978 0.08355947 0.1913737 0.1216147 0.1288669 0.05886403 0.05147922 0.06174415 1.331814 0.459438 0.4584372 0.1021189
98 0.1450213 0.09109274 0.1954572 0.1232293 0.1305888 0.05962194 0.05086639 0.05707973 1.282902 0.5342892 0.442348 0.0959868
99 0.1549551 0.08914368 0.2200326 0.1279684 0.163084 0.07445774 0.05709451 0.05403179 0.8486787 0.4539419 0.4647038 0.09053859
100 0.158512 0.1054092 0.2108489 0.1391998 0.1535292 0.06913859 0.06464131 0.060541 1.440676 0.5081577 0.4281966 0.09471005
