1 5.540635 -0.2899854 -0.3864106 -0.7013057 0.5037408 0.4432827 0.1422856 0.2367072 6.27662 -3.381203 -0.1134095 0.08782341
3 5.471686 -0.5930372 -0.4490827 -0.501475 0.4292353 0.3515314 0.02411477 0.2018742 5.479301 -3.568273 -0.3153416 0.1681147
4 5.480728 -0.4958937 -0.2619559 -0.4429641 0.4878355 0.3228223 0.0769568 0.213743 4.255084 -3.976159 -0.4806403 0.2594032
5 5.110103 -0.1521562 0.2223814 -0.8792659 0.4969551 0.2837529 0.1231145 0.2923485 5.2875 -2.864066 -0.7200629 0.1097099
6 5.304149 -0.2394226 -0.1990174 -0.6111019 0.5608341 0.4549145 0.04617023 0.290305 7.946083 -3.308714 -0.5195628 0.1132211
7 5.578679 -0.3722417 -0.4462843 -0.7164704 0.4506155 0.4008014 0.1385811 0.1473243 5.303537 -3.299239 -0.6384778 0.118108
8 5.294886 -0.354908 0.06754598 -0.6436085 0.502577 0.2022204 0.07725509 0.1272344 5.935576 -3.649993 -0.007030507 0.1295494
9 5.272305 -0.4278964 0.03043507 -0.401913 0.4706011 0.197078 0.1347541 0.2153288 7.319078 -3.477569 0.2209263 0.09269
11 5.158871 -0.154498 0.02280095 -0.6469296 0.4928896 0.4620749 0.12456 0.1958919 9.195893 -3.074911 -0.5278918 0.05120715
12 4.923296 -0.2603697 0.3475151 -0.5664972 0.4924473 0.5306484 0.1961675 0.1559056 4.29324 -3.520287 -0.4894589 0.1157547
14 5.470311 -0.4282214 -0.1736845 -0.8364647 0.5796148 0.3572138 0.02936204 0.2818574 5.480701 -3.64485 -0.3017438 0.2076243
16 5.452101 -0.3263536 -0.2940893 -0.7659649 0.3853336 0.4654446 0.0658806 0.1345605 4.829565 -3.417927 -0.6142405 0.176927
17 5.107048 -0.2347562 0.01402718 -0.5882724 0.5321275 0.2942404 0.173203 0.183935 5.71531 -3.821265 -0.6794071 0.249339
18 5.256781 -0.2508728 -0.2139668 -0.6852036 0.4170775 0.5508195 0.02812098 0.2014934 4.196967 -3.72963 0.04610013 0.07667616
19 5.217265 -0.4543471 0.1248904 -0.5669642 0.4199318 0.2897336 0.1241479 0.1547679 4.381338 -2.674932 -0.8166941 -0.02051473
20 5.247951 -0.3723561 0.1841952 -0.5047139 0.4765266 0.2144029 0.09760778 0.1427687 5.178192 -3.305644 -1.530257 0.1419316
22 5.178287 -0.44915 0.1676997 -0.5914592 0.5176163 0.2688063 0.1611124 0.1624892 4.068586 -3.086819 -1.277576 0.1707041
23 5.247351 -0.1866289 -0.01093932 -0.8589471 0.4663175 0.4098332 0.05761243 0.2191697 5.436621 -3.668998 -0.355701 0.164108
24 5.448154 -0.2456682 -0.3589079 -0.8225799 0.4974851 0.2679498 0.1173182 0.2448083 5.864443 -3.518425 -0.05007448 0.05392749
25 5.450587 -0.2666149 -0.2360333 -0.7121263 0.5240523 0.3240782 0.1315369 0.1755963 4.091869 -3.205102 0.04603489 0.1047372
26 5.426486 -0.2254481 -0.04908957 -0.6647566 0.525239 0.4596201 0.07665824 0.1976287 4.754558 -3.39069 -0.6494364 0.09041251
27 5.357618 -0.4477108 -0.2415707 -0.5539327 0.4508034 0.2252685 0.1112831 0.1317392 5.030375 -3.604505 -0.7683493 0.2208606
28 5.343031 -0.4305458 -0.07824704 -0.5217762 0.4234917 0.4318782 0.03614781 0.1821062 4.949753 -3.887502 -0.1682392 0.1730686
29 5.501416 -0.3698237 -0.5299669 -0.4816727 0.5550816 0.4449461 0.07702215 0.3988058 5.363328 -3.379674 -0.8722441 0.1839509
31 5.319865 -0.193895 -0.02625593 -0.7953906 0.5755689 0.3224342 0.1521344 0.1642522 6.192883 -3.212492 -0.4742609 0.108679
32 5.426886 -0.4951435 -0.2695533 -0.5309857 0.5653998 0.5652449 0.05912146 0.1648476 6.562208 -3.209788 -0.5199703 0.1203659
34 4.999977 -0.4162223 0.1917034 -0.4468617 0.4491422 0.5401705 0.2852118 0.2150359 5.949487 -2.67761 -0.8693091 0.006161532
35 5.184607 -0.3214651 0.2235581 -0.7613207 0.4461325 0.5599828 0.04267347 0.1663626 4.220544 -4.014659 -0.5871825 0.2608879
36 5.179957 -0.320133 0.1674521 -0.6566072 0.4621529 0.456685 0.03316622 0.1716711 5.239233 -3.923666 -0.7919058 0.176148
37 5.342679 -0.1702687 0.04814237 -0.8040877 0.5496702 0.2211574 0.1123279 0.2485354 8.92 -4.222151 -0.3319273 0.2816067
39 5.464099 -0.2062693 -0.258251 -0.7479475 0.5263556 0.2948887 0.05283539 0.3461282 5.480538 -3.161345 -0.4815919 0.09548362
40 5.562924 -0.269899 -0.2829833 -0.8382901 0.5859135 0.4467545 0.06503736 0.214831 8.720931 -3.482295 -1.565389 0.2155129
41 5.457114 -0.2400099 -0.2259403 -0.7340214 0.472476 0.2828226 0.1310092 0.138692 3.805641 -3.128922 -0.7169946 -0.003333647
42 5.465707 -0.3864535 -0.1485617 -0.6405676 0.4594441 0.3033718 0.06781414 0.3093121 4.627676 -3.0513 -0.2862035 0.06842139
43 5.522745 -0.2003555 -0.4162381 -0.7929366 0.592021 0.4338821 0.1664734 0.1899554 4.60351 -4.232818 -0.09872048 0.255207
44 5.350112 -0.406352 -0.05557956 -0.3893344 0.465163 0.5759762 -0.007290453 0.2961321 6.486906 -3.311969 -1.28926 0.1390829
45 5.280796 -0.4109805 -0.1780835 -0.5648917 0.4940009 0.2486202 0.1021522 0.2841777 5.463406 -3.139936 -1.100691 0.05729639
47 5.222079 -0.4543105 0.03808405 -0.6471779 0.4880527 0.4290935 0.113246 0.2316598 10.05051 -4.198286 0.02046551 0.2162711
48 5.442143 -0.3681567 -0.4070338 -0.5061947 0.5504878 0.4378316 0.1123904 0.1869699 4.383299 -3.24833 -0.5062426 0.1584176
49 5.52063 -0.2941685 -0.4175037 -0.654015 0.5339324 0.4173149 0.2118371 0.1933249 6.739824 -3.418756 -0.4540228 0.131398
50 5.211226 -0.3476641 -0.02549391 -0.5951714 0.4567523 0.3460461 0.2027693 0.1829529 6.315514 -4.1117 -0.5765084 0.2147087
51 5.451432 -0.3333946 -0.03542847 -0.5883736 0.4676852 0.3196019 0.1321401 0.1618694 4.244134 -3.553953 -1.042376 0.137673
53 5.463315 -0.1715215 -0.3759219 -0.8413532 0.4632377 0.6108936 0.1112588 0.2053968 9.816533 -4.09296 0.1366145 0.2119968
54 5.443076 -0.3956426 -0.1205711 -0.5279299 0.5214479 0.7042137 0.05408962 0.2528281 8.061413 -3.029224 -0.5739279 0.01550965
55 5.258559 -0.07652739 -0.2774262 -0.9600361 0.4660132 0.32162 0.1734932 0.2091359 4.36574 -2.643434 -1.290509 0.0319752
56 5.398378 -0.468723 -0.2068849 -0.4377966 0.601993 0.4021046 0.05267881 0.1911265 7.960589 -3.370679 0.1577086 0.1281924
57 5.41847 -0.4355573 -0.1750486 -0.392076 0.3912444 0.6460844 0.1285712 0.204551 4.874062 -3.622453 -0.8661012 0.2095757
58 5.348858 -0.1924775 0.09036266 -0.7397502 0.3749526 0.3100992 0.0656283 0.1870563 4.312996 -3.572304 -0.004198292 0.1223806
59 5.211242 -0.1645911 -0.1089077 -0.7859858 0.6723019 0.2723986 0.01760982 0.278503 6.563155 -3.643423 0.1362345 0.1891846
60 5.310262 -0.2891056 0.1893241 -0.7455882 0.4509421 0.2211217 0.0730556 0.1806981 4.024979 -3.104855 -0.9683068 0.1051931
61 5.426188 -0.2939476 -0.1653982 -0.7344449 0.4954241 0.3153926 0.1145661 0.1415609 3.776101 -3.202409 -1.404787 0.1548484
63 5.167941 -0.02132547 -0.1100437 -0.9404859 0.5389424 0.3695969 0.1250942 0.1756536 3.611808 -2.822036 -0.5266417 0.008389038
64 5.398394 -0.4239204 -0.08763697 -0.5456679 0.4824005 0.3719551 -0.03211497 0.2353521 6.073394 -3.068317 -0.811976 0.1808579
65 5.465876 -0.4212104 -0.3119294 -0.6102986 0.5173309 0.4573372 0.05400831 0.2094067 5.069429 -2.971818 -1.055792 0.1024948
66 5.387834 -0.3493706 -0.1928072 -0.5816671 0.5275691 0.1566205 0.07662442 0.1688259 3.979409 -4.478163 0.1218066 0.3030496
67 5.386844 -0.4671568 -0.00791911 -0.5810448 0.5751329 0.462085 0.04997673 0.2663048 5.396376 -2.709184 -1.106839 -0.007847931
68 5.419694 -0.3969268 -0.2874205 -0.5728945 0.5111075 0.2428625 0.005018083 0.2507644 5.62732 -2.880506 -1.01384 0.101482
69 5.240482 -0.1216845 -0.1687275 -0.7189964 0.5167205 0.3885572 0.1353843 0.2108736 7.611243 -3.578946 -0.6614626 0.2274265
70 5.348913 -0.2584722 -0.4855547 -0.6182169 0.5099607 0.3620673 0.1356994 0.2288335 4.011262 -3.249767 -1.07338 0.09482852
71 5.596166 -0.5273072 -0.153748 -0.7876633 0.4829167 0.3449176 0.02521009 0.3077026 5.550083 -3.193384 -0.2001311 0.03073957
72 5.334406 -0.3344608 -0.03624933 -0.4823922 0.5328432 0.4227866 -0.08563004 0.2893358 7.491828 -2.917922 -1.482 0.143504
73 5.161625 -0.06461597 0.006136726 -0.8348333 0.4798161 0.311258 0.03695739 0.2158791 7.369136 -3.538945 -0.7764973 0.2338211
74 5.525055 -0.32201 -0.2816014 -0.736445 0.5474281 0.3738792 0.1734173 0.2737969 6.095133 -3.308943 -1.17307 0.2175654
75 5.354215 -0.3475231 -0.1263467 -0.5537632 0.5177406 0.3482142 0.03627288 0.2342207 4.860745 -3.035183 -0.9322557 0.1083083
76 5.412386 -0.4427598 -0.1630285 -0.4977948 0.3668134 0.6448438 -0.009384007 0.2023667 5.296749 -3.251675 -0.4654678 0.1727494
77 5.260344 -0.2187492 -0.08769863 -0.6533223 0.510923 0.4920455 0.0733575 0.169147 4.618326 -3.939652 -0.3436248 0.1837849
78 5.329055 -0.2573016 0.1105896 -0.6154116 0.5617334 0.5164054 0.1539138 0.1080073 9.689569 -3.351301 -0.5853181 0.1321866
79 5.313331 -0.186242 -0.1305484 -0.7940283 0.506603 0.3288788 0.05255872 0.2763726 5.111474 -3.084195 -0.3393709 0.09515143
80 5.453817 -0.276681 -0.1868568 -0.532142 0.5022502 0.391442 0.09932336 0.2005301 4.862952 -3.038386 -0.8720368 0.1018102
81 5.426426 -0.4614369 -0.009709034 -0.5589438 0.4391659 0.3983628 -0.01376368 0.1924089 5.70229 -3.335303 -0.8757736 0.1941352
82 5.176736 -0.2745291 0.1287773 -0.6551488 0.5038628 0.3358358 0.1355002 0.1003453 3.900903 -3.545759 -0.09670059 0.06200425
83 5.27338 -0.07486803 0.004172969 -0.8716291 0.5457917 0.4354856 0.1156371 0.234661 3.809171 -3.472052 -1.010154 0.1209945
84 5.364597 -0.2046857 -0.3998031 -0.5954783 0.4939853 0.7169536 -0.02054584 0.2320777 5.996792 -3.634605 -1.027093 0.2483693
85 5.235335 -0.2784876 -0.06124933 -0.6735671 0.4363821 0.6161535 0.02266446 0.259251 5.472611 -4.227466 -0.3984474 0.2548753
86 5.107918 -0.3759757 -0.02319116 -0.5399765 0.5075456 0.2720033 0.0849408 0.1685049 5.238261 -4.377899 -0.2273597 0.3158769
87 5.343838 -0.3226458 -0.0402239 -0.7432044 0.4745962 0.4456329 0.04889006 0.1697456 4.709603 -2.779347 -0.7504528 0.09115418
88 5.199016 -0.4207907 0.2443378 -0.5549486 0.472933 0.4292557 0.07034045 0.2966654 4.337113 -2.757357 -1.038896 0.03115939
89 5.251848 -0.3829015 0.09881121 -0.4839431 0.4847299 0.4630477 0.1293895 0.2877715 7.741052 -3.293059 -0.3366508 0.08391224
90 5.329575 -0.4806611 -0.02226204 -0.4934879 0.4299098 0.3805226 0.1285517 0.1349337 5.036493 -3.470349 -0.7698431 0.1495992
91 5.537419 -0.3804098 -0.2002277 -0.5991235 0.4992642 0.1771169 0.07857316 0.174131 4.650222 -3.45644 -0.8202815 0.2273578
92 5.055574 -0.1860529 0.08966431 -0.7375354 0.4873703 0.2461129 0.09938552 0.2733303 4.709036 -3.249931 -0.3641728 0.1193782
93 5.127401 -0.3925828 0.06012592 -0.5642884 0.4840766 0.2343463 0.141179 0.2070298 4.527554 -2.925941 -1.014449 0.02727429
94 5.257866 -0.2982855 0.05513205 -0.7805447 0.5201833 0.2642387 0.1086085 0.2295561 6.029921 -3.951755 -0.6926325 0.3150538
95 5.408163 -0.4077651 -0.3112718 -0.5545262 0.4312314 0.2430421 0.07224025 0.1023926 3.314784 -2.549666 -0.8617262 0.03304022
96 5.30181 -0.2931116 -0.1042843 -0.4773687 0.5356129 0.6337047 0.0448953 0.233392 10.82766 -3.1034 -0.6814219 0.121853
97 5.426583 -0.2370497 -0.3874291 -0.604665 0.4669438 0.3830764 0.1856895 0.1992995 5.292735 -3.19071 -0.8888962 0.1070655
98 5.436368 -0.4008444 -0.1918785 -0.4155694 0.5163511 0.4078096 0.1266455 0.3752185 8.822668 -3.636872 -0.09192732 0.1680286
99 5.360939 -0.3644351 -0.1548758 -0.73694 0.3983203 0.4498436 0.1008308 0.1889663 4.594717 -3.375766 -0.11396 0.04677367
101 5.503503 -0.4068078 -0.2535205 -0.4972542 0.4820903 0.599893 0.04039656 0.2959198 7.169873 -4.16232 -0.5766149 0.2264018
102 5.481985 -0.1617816 -0.0932164 -1.02385 0.4614607 0.3610804 0.07455887 0.1506334 6.232455 -3.293724 -0.05686094 0.1028356
104 5.226025 -0.2953268 0.1131257 -0.5638889 0.6037902 0.427896 0.1063428 0.1505496 6.151754 -3.562964 -0.8034948 0.1314841
105 5.476182 -0.4933989 -0.1943794 -0.4455802 0.4978601 0.4658169 0.1621267 0.1617689 4.432311 -2.969814 -1.150413 0.07540108
106 5.394292 -0.2406911 -0.04312416 -0.8960638 0.5282953 0.6181032 0.0626178 0.2070191 5.100552 -3.458474 -0.4337249 0.1326273
107 5.352078 -0.2558621 0.1218503 -0.7680608 0.4193033 0.447223 0.1478635 0.1838555 5.469474 -4.178948 -0.4222758 0.2248546
108 5.467873 -0.1472418 -0.2330953 -0.6985889 0.456478 0.4462946 0.115266 0.1487514 7.537356 -4.139357 0.4170073 0.1823612
109 5.43005 -0.4893554 -0.2557271 -0.3211482 0.6241731 0.3096486 0.06360289 0.1846787 8.616716 -4.108315 -0.09384782 0.2522324
110 5.41108 -0.2841389 0.05684562 -0.6697151 0.4962503 0.4015245 0.08948907 0.1081647 9.302615 -4.089939 -1.410865 0.2964743
111 5.269047 -0.4230035 -0.19312 -0.3536367 0.6044955 0.3283465 0.1472652 0.2578857 5.314309 -3.655625 -0.05196341 0.1176373
112 5.354838 -0.4348857 -0.3062283 -0.4680168 0.5535547 0.6422598 0.01488734 0.2700776 5.04045 -4.096672 -0.1388321 0.2644268
113 5.41677 -0.4536037 -0.1379311 -0.4841802 0.4789428 0.3687079 0.02837123 0.2728763 6.950463 -3.584567 -0.4387422 0.2491122
