1 0.1615399 0.1157612 0.2279034 0.1612281 0.2079232 0.1065595 0.1047961 0.1226245 0.5269551 0.4322104 0.09347794
3 0.1420893 0.103492 0.2004255 0.1453636 0.1638968 0.08956606 0.08050797 0.1035051 0.555785 0.42695 0.1073755
4 0.16991 0.1253995 0.2392843 0.1714936 0.2338381 0.1272918 0.105328 0.144536 0.5893034 0.4377125 0.1027123
5 0.153133 0.1360608 0.2152415 0.1849529 0.202717 0.1199476 0.1249854 0.1232466 0.4289822 0.3876444 0.07977091
6 0.161298 0.1207143 0.2272474 0.1667951 0.2115171 0.116363 0.1011678 0.1332852 0.5281359 0.4364665 0.1005621
7 0.1649197 0.104585 0.2326288 0.1436753 0.2248923 0.1119866 0.08167347 0.09753435 0.5329816 0.4574492 0.0971373
8 0.151989 0.0980454 0.2151806 0.1388995 0.1889642 0.09771574 0.07575402 0.1078791 0.5676839 0.4326597 0.1078337
9 0.1277909 0.1180634 0.1806509 0.1688508 0.1458675 0.09284896 0.1015794 0.09150758 0.5175212 0.405657 0.09638509
11 0.147752 0.1006166 0.2085958 0.1396538 0.1793982 0.09455898 0.07939783 0.09389146 0.4961018 0.4358195 0.09547139
12 0.220381 0.1059244 0.311073 0.1469085 0.3705083 0.143311 0.08781181 0.1227873 0.4906933 0.4669487 0.09397671
14 0.1502412 0.1323997 0.2115451 0.1835297 0.199604 0.1293982 0.1255979 0.1340017 0.5401912 0.4096485 0.09690456
16 0.1629004 0.1024513 0.2294957 0.1387026 0.2115614 0.09890551 0.07547323 0.102768 0.5199602 0.4358774 0.0894783
17 0.1535244 0.117242 0.2159278 0.1590962 0.2130912 0.1179655 0.1084869 0.1055385 0.6058081 0.4471898 0.1143755
18 0.1799336 0.105827 0.2542187 0.1488648 0.249081 0.1152219 0.08598905 0.1279239 0.5961102 0.4875685 0.1111202
19 0.1572668 0.1199387 0.2217385 0.1646981 0.2129141 0.1150939 0.1062414 0.09349142 0.4226938 0.44553 0.08525003
20 0.1464632 0.108738 0.2059132 0.1477288 0.1913024 0.1085943 0.08850135 0.101472 0.545416 0.5647619 0.1055992
22 0.1735697 0.1258589 0.2436044 0.1699607 0.2675937 0.1425978 0.1215754 0.1288911 0.4516848 0.4470414 0.08684379
23 0.1462668 0.1203041 0.2062863 0.1664074 0.1793443 0.1038233 0.1037773 0.1109774 0.5622158 0.4489133 0.09704841
24 0.1387971 0.1314246 0.1962351 0.1855861 0.1705384 0.109957 0.1271463 0.1043294 0.5770231 0.4876774 0.1055366
25 0.1930482 0.1404555 0.2730541 0.1976 0.3056255 0.1582467 0.1525715 0.1551325 0.40852 0.3828705 0.06067294
26 0.161109 0.1199713 0.2269508 0.1654248 0.2275913 0.1231516 0.1149168 0.1211948 0.5556862 0.4832408 0.1008806
27 0.1482196 0.1117632 0.2088876 0.1537482 0.1967651 0.1074262 0.09987857 0.0970608 0.524809 0.4413076 0.0930314
28 0.1568613 0.1046383 0.2216508 0.1477827 0.1947059 0.09837118 0.0832937 0.1103159 0.5985335 0.4572895 0.1086357
29 0.1632313 0.1469063 0.2291477 0.198583 0.2252721 0.1391021 0.1455446 0.1472753 0.5113218 0.4385446 0.09411195
31 0.1591681 0.1150842 0.2241888 0.1586049 0.2223507 0.1217521 0.1051884 0.1155645 0.5065073 0.4231065 0.09139403
32 0.1795755 0.117545 0.2529465 0.161355 0.2523128 0.1243266 0.09445245 0.1449973 0.4944057 0.4165645 0.09412778
34 0.1686438 0.1237561 0.2375251 0.173361 0.2385111 0.1213504 0.1192944 0.09221001 0.3979346 0.4348482 0.08461681
35 0.1784266 0.1127112 0.2516148 0.1554725 0.2553967 0.1261658 0.09453867 0.1369718 0.5931117 0.4518115 0.1044823
36 0.1688339 0.1000256 0.2379416 0.1385241 0.2213438 0.09992298 0.07529384 0.1078014 0.6660472 0.5493507 0.1271136
37 0.136808 0.1149917 0.1930048 0.1593177 0.1627633 0.09677934 0.09668082 0.09668492 0.6889467 0.446449 0.122021
39 0.1523406 0.145054 0.2146668 0.1993185 0.1956228 0.127307 0.1399192 0.1400423 0.4926865 0.4190391 0.09058955
40 0.1544952 0.1140266 0.2167114 0.1543405 0.1944371 0.1059079 0.08910028 0.1153354 0.5923298 0.566347 0.1067621
41 0.1756454 0.1093073 0.2482842 0.1540178 0.2693165 0.1332455 0.1062142 0.1201276 0.5087661 0.5120409 0.1004563
42 0.1545296 0.1273296 0.2178563 0.1774102 0.2035524 0.1197079 0.1205583 0.1229311 0.4575581 0.4000265 0.08317983
43 0.1767062 0.1258806 0.2484532 0.1730724 0.2726334 0.1484786 0.1240114 0.1447506 0.6047847 0.4420859 0.09747996
44 0.1663945 0.1245579 0.2340507 0.1680841 0.2183022 0.1181234 0.1049128 0.1270304 0.5488708 0.5214442 0.1077881
45 0.1566687 0.1286683 0.2207835 0.1776459 0.195815 0.111387 0.1107531 0.1205567 0.5111022 0.5313562 0.1039773
47 0.1485769 0.09919828 0.209989 0.1399586 0.1765226 0.08789542 0.07426013 0.09436516 0.6662663 0.4751442 0.1272416
48 0.1799666 0.1297105 0.253396 0.1772066 0.271626 0.1412095 0.1218874 0.1533842 0.4681769 0.3996633 0.08177454
49 0.1533427 0.1225064 0.2160847 0.1711365 0.2085252 0.1174452 0.1102797 0.1033525 0.5308042 0.4401104 0.09442955
50 0.1440709 0.1154265 0.2031229 0.1596894 0.1880409 0.1053464 0.0999054 0.08416827 0.6685605 0.5188332 0.1227195
51 0.1667334 0.1210169 0.2346165 0.1670895 0.2479232 0.1312233 0.1167785 0.1175054 0.574728 0.5310013 0.105288
53 0.1623893 0.09976483 0.2296444 0.1407131 0.2017271 0.08919758 0.07288316 0.09578983 0.6124259 0.4434524 0.1023075
54 0.1765848 0.1137887 0.2491846 0.1555929 0.242231 0.1167221 0.09373256 0.1321738 0.4918622 0.4617042 0.09518643
55 0.1764177 0.1205563 0.2484885 0.1657706 0.2738953 0.1371815 0.1103159 0.1141579 0.4367105 0.4836696 0.08667121
56 0.1523956 0.1123968 0.2154908 0.1605615 0.1928846 0.1057685 0.09295088 0.1247369 0.4923931 0.3775219 0.09015618
57 0.1739858 0.1068929 0.2458671 0.1493137 0.2414485 0.1114504 0.08704953 0.1060631 0.5416112 0.4617496 0.09853417
58 0.1428889 0.1146899 0.2020221 0.1611723 0.1691646 0.09708141 0.09404757 0.1041943 0.5447315 0.4168228 0.096005
59 0.1603242 0.1220473 0.2269242 0.1720224 0.2274424 0.1405275 0.1161137 0.1446777 0.5017863 0.372904 0.08728875
60 0.1474988 0.1250953 0.2070162 0.1708338 0.191566 0.1139082 0.1076464 0.1137369 0.5004782 0.4609162 0.09418903
61 0.1688801 0.128466 0.2370368 0.1746463 0.2494646 0.1332395 0.123665 0.1275953 0.5099285 0.5149521 0.0924495
63 0.1790197 0.1315629 0.2523261 0.1827008 0.2745259 0.1524441 0.1378963 0.1563831 0.4315531 0.4179058 0.0850826
64 0.1490776 0.1232837 0.2086944 0.1642502 0.1852804 0.1092498 0.09820233 0.1240409 0.4679912 0.383589 0.08714994
65 0.1753701 0.1177091 0.2463885 0.1602123 0.2384357 0.1148451 0.09828588 0.1352765 0.4694782 0.4597068 0.08729034
66 0.1536273 0.1187099 0.2172794 0.1676464 0.2276312 0.1387151 0.1147421 0.1302662 0.6815662 0.4386928 0.1189502
67 0.1791721 0.1249574 0.2523388 0.1703588 0.2559454 0.1266026 0.1102027 0.1398233 0.4453333 0.4893844 0.09047203
68 0.1462765 0.126913 0.2050601 0.1721033 0.178683 0.1103754 0.1071746 0.1320113 0.4726471 0.4325488 0.09143934
69 0.1508888 0.1166769 0.2129156 0.1613696 0.1891706 0.1030166 0.09458121 0.1113488 0.5416146 0.4238529 0.09318804
70 0.1574981 0.1498585 0.2212462 0.2057906 0.2082737 0.1328318 0.1563325 0.1337039 0.5178904 0.543432 0.09266289
71 0.1451945 0.1304295 0.20477 0.1824761 0.1827933 0.1193877 0.1266614 0.1289534 0.5103117 0.4484994 0.09720837
72 0.1608448 0.1258618 0.2258308 0.1713535 0.2077648 0.1200222 0.108276 0.1378682 0.4752767 0.4660191 0.09461705
73 0.1424397 0.1175673 0.2002642 0.1584751 0.169097 0.0957239 0.09082723 0.104605 0.5578394 0.4228872 0.09899857
74 0.1599794 0.1344061 0.2241058 0.1814128 0.2160232 0.1230045 0.121794 0.1231884 0.5019874 0.4507417 0.08811799
75 0.1531291 0.1563561 0.2146378 0.21109 0.2092768 0.1407598 0.1637551 0.1451028 0.4497783 0.4352876 0.08363312
76 0.1798738 0.1090765 0.2531677 0.1487754 0.2440902 0.1083867 0.08310702 0.1262749 0.486075 0.3846301 0.0902575
77 0.1836124 0.1156479 0.2593178 0.1619305 0.2673419 0.1252621 0.09995629 0.1288268 0.5797564 0.4668537 0.1016435
78 0.1623188 0.09762266 0.2289913 0.1351777 0.2216344 0.1033892 0.07724436 0.09509389 0.5279912 0.4287509 0.09695471
79 0.1491093 0.138792 0.2101375 0.1929323 0.1892934 0.1196908 0.1270329 0.1340388 0.4679171 0.394102 0.08768659
80 0.163923 0.11903 0.2307459 0.1626355 0.2357283 0.1336872 0.1072793 0.1216155 0.4862509 0.4370783 0.09173448
81 0.1481583 0.106178 0.2084947 0.1444501 0.1793001 0.09866232 0.0775957 0.1082538 0.5246328 0.4135076 0.100942
82 0.1945773 0.1038633 0.2749624 0.1459394 0.3132368 0.1350253 0.09656189 0.1131159 0.5439791 0.473693 0.1015679
83 0.1868342 0.1265733 0.2630885 0.1745976 0.2807454 0.1382481 0.1189059 0.1448808 0.54398 0.5380106 0.0947998
84 0.1804941 0.1274365 0.2540835 0.1739329 0.2556693 0.1310457 0.1092859 0.1495873 0.5639041 0.4524777 0.1021793
85 0.1678497 0.1284263 0.236771 0.1787767 0.2246548 0.1257672 0.1161472 0.1312201 0.6740639 0.4933474 0.1220594
86 0.1578131 0.1184757 0.2225179 0.164861 0.1997489 0.1108822 0.09783744 0.1293406 0.6729827 0.4520207 0.1237347
87 0.1715211 0.1143213 0.2409453 0.1544723 0.2528168 0.1427239 0.1038794 0.1505453 0.4386757 0.3886626 0.0834952
88 0.1618338 0.1344744 0.2277526 0.1853776 0.2192931 0.1301677 0.1355366 0.1417881 0.4324074 0.4549489 0.09240304
89 0.1528009 0.1140254 0.2158179 0.1599874 0.1870962 0.1008065 0.09479815 0.1083735 0.4990225 0.4258489 0.09367473
90 0.1618047 0.1019986 0.2279512 0.1397473 0.2135722 0.1013296 0.07810146 0.09749474 0.5439661 0.4734004 0.1003582
91 0.1422302 0.130463 0.1997058 0.1751706 0.1889007 0.1232183 0.117179 0.1168828 0.5447697 0.4196139 0.09841926
92 0.1521407 0.1293365 0.2146574 0.1804004 0.2040609 0.1247863 0.1241919 0.1246301 0.4753735 0.4044773 0.09004015
93 0.1629612 0.1338412 0.2293672 0.1829151 0.224573 0.1353366 0.1231435 0.1383858 0.4791639 0.4953789 0.09854732
94 0.1492111 0.1222477 0.2095227 0.1654835 0.1964248 0.1129435 0.1043642 0.1088766 0.6025292 0.4260292 0.109199
95 0.1642183 0.1364938 0.2303466 0.1869898 0.2331982 0.1409022 0.1355604 0.1521805 0.4127364 0.401667 0.08032583
96 0.1572308 0.1053801 0.2214499 0.1440596 0.1973401 0.09943445 0.08312945 0.1077678 0.4807279 0.4034953 0.09189154
97 0.1594703 0.1202452 0.2246731 0.1647212 0.2183565 0.1145738 0.1036622 0.09836635 0.4998323 0.4660472 0.09557015
98 0.1447709 0.1301088 0.2046233 0.182981 0.1760813 0.1065527 0.1201042 0.1072892 0.5275305 0.4075839 0.09472209
99 0.1532865 0.110218 0.2161593 0.152894 0.1848003 0.0944493 0.08604692 0.1032391 0.5318096 0.4539324 0.1019301
101 0.1818581 0.1209822 0.2566069 0.1689647 0.2524021 0.125318 0.1038136 0.131285 0.6845404 0.5205268 0.1185614
102 0.1537541 0.10721 0.2170667 0.1502921 0.1915922 0.1020085 0.08416074 0.1202462 0.5240003 0.4073287 0.09116214
104 0.1610416 0.1210113 0.2272488 0.1679579 0.2178975 0.1199642 0.1082839 0.1243014 0.5697222 0.5018481 0.1093903
105 0.1738477 0.1131464 0.2448831 0.1562745 0.2482835 0.1217083 0.09860686 0.1168668 0.4758633 0.482794 0.09263878
106 0.1847159 0.1143825 0.2608338 0.1595604 0.2626226 0.1243886 0.09758022 0.140734 0.5270557 0.4392909 0.09546542
107 0.1576156 0.1086347 0.2220804 0.149334 0.1942427 0.0947168 0.08253007 0.09895165 0.6803087 0.4956288 0.1202344
108 0.1462772 0.1004266 0.2067906 0.1410067 0.1747214 0.08677613 0.07389723 0.09078762 0.6342223 0.4416744 0.1052077
109 0.1489997 0.1103523 0.210182 0.1538389 0.1869548 0.1034969 0.08910941 0.1130088 0.6219435 0.4249186 0.1114525
110 0.1428796 0.09779057 0.200829 0.131704 0.1643643 0.08266299 0.0674485 0.08721549 0.7078074 0.5706 0.1243474
111 0.1677252 0.1369868 0.2375361 0.1943384 0.2373657 0.1387738 0.1350603 0.1442929 0.5404824 0.4470385 0.1032448
112 0.1782097 0.1430931 0.2513785 0.2006162 0.2562334 0.1449843 0.1377973 0.1655481 0.5963416 0.4391365 0.1007141
113 0.1421958 0.1274096 0.2001677 0.174241 0.1726743 0.1067576 0.107915 0.1155457 0.5307165 0.3852958 0.0967825
