1 5.581282 -0.2780479 -0.4281396 -0.7440643 0.98893 0.521015 0.2552758 0.2603116 -3.381203 -0.1134095 0.08782341
3 5.413138 -0.5871106 -0.377486 -0.4555292 0.9159584 0.2827982 0.1352296 0.1784487 -3.568273 -0.3153416 0.1681147
4 5.552829 -0.5053064 -0.3355423 -0.3950365 1.210589 0.4771426 0.1914766 0.253408 -3.976159 -0.4806403 0.2594032
5 5.167406 -0.146409 0.2288518 -0.9528272 1.061817 0.310649 0.2830911 0.3767743 -2.864066 -0.7200629 0.1097099
6 5.221679 -0.2044083 -0.1022846 -0.6617533 1.074698 0.4455261 0.1151051 0.271139 -3.308714 -0.5195628 0.1132211
7 5.627975 -0.3934985 -0.6700643 -0.6500027 0.8924152 0.6536345 0.2806706 0.1691091 -3.299239 -0.6384778 0.118108
8 5.119151 -0.2770676 0.247219 -0.7639992 0.9607276 0.4047586 0.116755 0.126716 -3.649993 -0.007030507 0.1295494
9 5.257666 -0.3681872 0.007993475 -0.3866182 0.8420124 0.1505752 0.1742614 0.3535256 -3.477569 0.2209263 0.09269
11 5.142938 -0.1338911 0.03007388 -0.6895684 0.8435341 0.4295958 0.2170996 0.1791791 -3.074911 -0.5278918 0.05120715
12 4.879842 -0.2470318 0.6398255 -0.5935948 1.103911 1.55028 0.3675897 0.1318137 -3.520287 -0.4894589 0.1157547
14 5.57881 -0.5013845 -0.2342028 -0.8020424 1.227012 0.1528979 0.1153936 0.3597203 -3.64485 -0.3017438 0.2076243
16 5.538368 -0.2608106 -0.4197252 -0.8708566 0.8818468 0.6207102 0.2110559 0.1267722 -3.417927 -0.6142405 0.176927
17 5.179246 -0.2557871 -0.1284719 -0.6447252 1.015591 0.3670203 0.255676 0.2344375 -3.821265 -0.6794071 0.249339
18 5.345483 -0.2924459 -0.3803892 -0.536348 1.08978 0.7673523 0.1517351 0.16774 -3.72963 0.04610013 0.07667616
19 5.316575 -0.351771 -0.01322457 -0.739316 0.8872687 0.5336612 0.3776074 0.3210785 -2.674932 -0.8166941 -0.02051473
20 5.232458 -0.3688746 0.2380252 -0.5437306 0.9808634 0.2925271 0.1817029 0.1843267 -3.305644 -1.530257 0.1419316
22 5.154589 -0.3760477 0.2867983 -0.6308624 1.20153 0.5282546 0.2943609 0.2167158 -3.086819 -1.277576 0.1707041
23 5.238459 -0.04478329 -0.04833368 -0.9174355 1.005963 0.2740793 0.2129261 0.2977123 -3.668998 -0.355701 0.164108
24 5.500713 -0.2837215 -0.4853578 -0.9454852 0.9759262 0.1981037 0.239901 0.472197 -3.518425 -0.05007448 0.05392749
25 5.517911 -0.2688329 -0.2717991 -0.8057764 1.282396 0.8411557 0.5009709 0.383979 -3.205102 0.04603489 0.1047372
26 5.334107 -0.1208275 0.05933587 -0.7932038 1.221127 0.3340404 0.2269094 0.2277684 -3.39069 -0.6494364 0.09041251
27 5.438578 -0.4486169 -0.2723767 -0.4635164 0.948104 0.3418575 0.2297989 0.2039925 -3.604505 -0.7683493 0.2208606
28 5.339226 -0.4035619 -0.1294463 -0.5135264 0.9933218 0.4552855 0.1650795 0.183174 -3.887502 -0.1682392 0.1730686
29 5.429041 -0.4269636 -0.4511579 -0.3913085 1.229727 0.3423439 0.2773103 0.4726511 -3.379674 -0.8722441 0.1839509
31 5.387391 -0.2089859 -0.1669497 -0.7825335 1.082109 0.4016816 0.2347912 0.1991964 -3.212492 -0.4742609 0.108679
32 5.440358 -0.4812789 -0.312251 -0.5940149 1.127209 0.7151293 0.06022133 0.2253659 -3.209788 -0.5199703 0.1203659
34 4.968167 -0.4451374 0.1308402 -0.4390772 0.9067411 0.6907862 0.4830498 0.3820376 -2.67761 -0.8693091 0.006161532
35 5.360417 -0.3907311 0.09992955 -0.6104641 1.107195 0.7129858 0.1922282 0.1887217 -4.014659 -0.5871825 0.2608879
36 5.276715 -0.4216347 0.1352991 -0.5650813 0.9941139 0.6407184 0.1991724 0.1292547 -3.923666 -0.7919058 0.176148
37 5.336166 -0.2503671 0.04939962 -0.7231549 0.9275521 0.2056587 0.1845646 0.2786734 -4.222151 -0.3319273 0.2816067
39 5.398289 -0.2277535 -0.1383415 -0.7150449 1.08334 0.291559 0.1023384 0.5289826 -3.161345 -0.4815919 0.09548362
40 5.556966 -0.2652256 -0.2017653 -0.9500696 1.034404 0.3596788 0.1733458 0.1880482 -3.482295 -1.565389 0.2155129
41 5.304995 -0.2200512 -0.05863673 -0.7105322 1.241877 0.5775003 0.266601 0.1694665 -3.128922 -0.7169946 -0.003333647
42 5.559818 -0.3723085 -0.2161891 -0.7073633 1.075923 0.3381275 0.2649743 0.338689 -3.0513 -0.2862035 0.06842139
43 5.640725 -0.241839 -0.509771 -0.7399924 1.381473 0.4609701 0.2683568 0.243677 -4.232818 -0.09872048 0.255207
44 5.330568 -0.5098033 -0.007035646 -0.2903344 0.9348215 0.6369519 0.09634732 0.3377754 -3.311969 -1.28926 0.1390829
45 5.256758 -0.4364425 0.01584043 -0.6088133 1.029942 0.4146237 0.2249143 0.3910884 -3.139936 -1.100691 0.05729639
47 5.182419 -0.4983738 0.04242446 -0.6528598 0.8301482 0.4555317 0.2022221 0.1842402 -4.198286 0.02046551 0.2162711
48 5.505221 -0.3509774 -0.5775817 -0.5221669 1.345215 0.539525 0.2881217 0.236132 -3.24833 -0.5062426 0.1584176
49 5.490801 -0.2638931 -0.4263485 -0.6244948 0.9936435 0.3855575 0.3113544 0.3225784 -3.418756 -0.4540228 0.131398
50 5.257167 -0.4250471 0.008561115 -0.4777277 0.8530701 0.3653094 0.3064014 0.3104224 -4.1117 -0.5765084 0.2147087
51 5.50348 -0.3969086 -0.04014086 -0.568199 1.217506 0.4280281 0.2948154 0.2643595 -3.553953 -1.042376 0.137673
53 5.469263 -0.1782307 -0.358681 -0.8369599 0.8084255 0.6829008 0.2652831 0.1835908 -4.09296 0.1366145 0.2119968
54 5.482689 -0.4196555 -0.08033442 -0.5646693 1.026738 0.7476005 0.1736088 0.2075328 -3.029224 -0.5739279 0.01550965
55 5.171566 -0.1114711 -0.4764801 -0.8179461 1.118539 0.6628289 0.3533344 0.2345357 -2.643434 -1.290509 0.0319752
56 5.42707 -0.492553 -0.2931597 -0.3583086 1.094893 0.2859481 0.1359054 0.1875244 -3.370679 0.1577086 0.1281924
57 5.29413 -0.4329302 -0.04061037 -0.4368591 0.9457249 0.7648955 0.3284972 0.1952055 -3.622453 -0.8661012 0.2095757
58 5.279839 -0.1260085 0.1766483 -0.8322736 0.9253441 0.2919345 0.1963159 0.2886752 -3.572304 -0.004198292 0.1223806
59 5.182397 -0.1637483 0.06833469 -0.7771712 1.265828 0.2873051 0.1621734 0.2525799 -3.643423 0.1362345 0.1891846
60 5.299758 -0.2182005 0.2751658 -0.85458 1.063222 0.2284109 0.1976532 0.2920702 -3.104855 -0.9683068 0.1051931
61 5.541747 -0.3736719 -0.2536691 -0.6450486 1.257628 0.4172869 0.2869768 0.2658015 -3.202409 -1.404787 0.1548484
63 5.046892 -0.1023543 -0.1245945 -0.7863348 1.455424 0.4505034 0.2829702 0.2915364 -2.822036 -0.5266417 0.008389038
64 5.369529 -0.3622858 -0.0760541 -0.5796203 1.041557 0.2585117 0.1292387 0.2140665 -3.068317 -0.811976 0.1808579
65 5.403429 -0.320727 -0.2646405 -0.7261363 1.165682 0.5948105 0.2235586 0.185389 -2.971818 -1.055792 0.1024948
66 5.35566 -0.391158 -0.1036545 -0.6120721 1.296297 0.1608983 0.1218255 0.2085418 -4.478163 0.1218066 0.3030496
67 5.462639 -0.4926432 -0.06211032 -0.5617882 1.250457 0.6075305 0.2950521 0.2504811 -2.709184 -1.106839 -0.007847931
68 5.475951 -0.4397035 -0.2219283 -0.5149168 1.078375 0.1961814 0.08572184 0.2830154 -2.880506 -1.01384 0.101482
69 5.301045 -0.1068305 -0.1526505 -0.7472472 0.9910434 0.3461778 0.2210278 0.2340481 -3.578946 -0.6614626 0.2274265
70 5.469703 -0.2862195 -0.7622322 -0.7213632 1.209874 0.2748948 0.2926292 0.5726372 -3.249767 -1.07338 0.09482852
71 5.592081 -0.4539748 -0.1846684 -0.914449 1.040614 0.23165 0.08514183 0.4130339 -3.193384 -0.2001311 0.03073957
72 5.327031 -0.3528009 0.08411634 -0.5435013 1.041819 0.4535948 0.02183955 0.3008755 -2.917922 -1.482 0.143504
73 5.150178 -0.08645011 0.09606416 -0.8286226 0.8950191 0.2905005 0.1924905 0.2386807 -3.538945 -0.7764973 0.2338211
74 5.503258 -0.3808782 -0.1868789 -0.7886631 1.090858 0.3860586 0.3096419 0.3554454 -3.308943 -1.17307 0.2175654
75 5.348294 -0.3629127 -0.1006743 -0.4009289 1.148594 0.2388209 0.2160233 0.5951207 -3.035183 -0.9322557 0.1083083
76 5.405749 -0.4499117 -0.1275207 -0.5405358 0.9108523 0.8693874 0.1994576 0.1680086 -3.251675 -0.4654678 0.1727494
77 5.220688 -0.1693613 0.147637 -0.719332 1.229815 0.7234948 0.3121107 0.2106677 -3.939652 -0.3436248 0.1837849
78 5.364832 -0.2605419 0.1196322 -0.6008618 0.9178708 0.5904969 0.2093858 0.10552 -3.351301 -0.5853181 0.1321866
79 5.2646 -0.2419674 -0.1846954 -0.6932505 1.123055 0.2108787 0.1623334 0.441584 -3.084195 -0.3393709 0.09515143
80 5.378892 -0.2565717 -0.06773612 -0.5970116 1.098473 0.4618432 0.2497703 0.20215 -3.038363 -0.871992 0.1018055
81 5.366511 -0.4437868 0.1247447 -0.5894959 0.9407946 0.3444217 0.1281568 0.1519676 -3.335303 -0.8757736 0.1941352
82 5.176923 -0.3394363 0.0531992 -0.6731707 1.138331 1.005984 0.3065914 0.1229999 -3.545759 -0.09670059 0.06200425
83 5.297047 -0.1387591 -0.05884111 -0.8728432 1.379501 0.6560535 0.3366315 0.2635447 -3.472052 -1.010154 0.1209945
84 5.397407 -0.2641788 -0.4926823 -0.4597757 1.076085 0.763601 0.1367392 0.3124858 -3.634605 -1.027093 0.2483693
85 5.215806 -0.397143 -0.1526162 -0.5954282 0.996823 0.6217164 0.1810764 0.4166435 -4.227466 -0.3984474 0.2548753
86 5.217497 -0.4813184 -0.2925495 -0.3804426 1.133321 0.3499045 0.1135272 0.2514341 -4.377899 -0.2273597 0.3158769
87 5.466498 -0.3833403 -0.10256 -0.6912937 1.091652 0.5835971 0.0982744 0.1523691 -2.779347 -0.7504528 0.09115418
88 5.210368 -0.582655 -0.02444855 -0.3726924 1.160559 0.3839214 0.2793249 0.4148219 -2.757357 -1.038896 0.03115939
89 5.377496 -0.3978116 -0.06707757 -0.4157912 0.918754 0.4463552 0.2457698 0.2915627 -3.293059 -0.3366508 0.08391224
90 5.427371 -0.4732751 -0.1439053 -0.5342784 0.9108868 0.5863418 0.243205 0.1447548 -3.470349 -0.7698431 0.1495992
91 5.523006 -0.4321674 -0.1119552 -0.6076727 1.037384 0.1695689 0.1660589 0.3034107 -3.45644 -0.8202815 0.2273578
92 4.981823 -0.1447223 0.1953283 -0.7272771 1.089538 0.2842516 0.2423095 0.3485186 -3.249931 -0.3641728 0.1193782
93 5.099715 -0.2991561 0.07977331 -0.7524367 1.036664 0.5013248 0.1362527 0.4207802 -2.925941 -1.014449 0.02727429
94 5.172223 -0.3864257 0.1557372 -0.6661033 1.006049 0.2976634 0.2218292 0.2420703 -3.951755 -0.6926325 0.3150538
95 5.467693 -0.2822773 -0.3729362 -0.7335077 1.3921 0.2170083 0.1626751 0.2967598 -2.549666 -0.8617262 0.03304022
96 5.310295 -0.32365 -0.09993913 -0.4801141 0.9455737 0.4821812 0.186225 0.154679 -3.1034 -0.6814219 0.121853
97 5.346354 -0.4304199 -0.3161706 -0.3590932 0.9578208 0.5079284 0.3507405 0.2968727 -3.19071 -0.8888962 0.1070655
98 5.402875 -0.3801778 -0.1651283 -0.4781989 0.9355175 0.3046602 0.2980656 0.4406043 -3.636872 -0.09192732 0.1680286
99 5.361371 -0.3442931 -0.2011554 -0.7328357 0.9131176 0.4556489 0.2430243 0.2456633 -3.375766 -0.11396 0.04677367
101 5.482052 -0.4174984 -0.3542114 -0.4328284 1.007055 0.8618906 0.08827377 0.3468962 -4.16232 -0.5766149 0.2264018
102 5.582633 -0.1379575 -0.2933609 -0.9754938 0.9222957 0.4478096 0.08639428 0.192456 -3.293724 -0.05686094 0.1028356
104 5.240191 -0.3517262 0.03383654 -0.3503894 1.195644 0.3565784 0.2392329 0.2715336 -3.562964 -0.8034948 0.1314841
105 5.440641 -0.4829548 -0.1857443 -0.4092822 1.11156 0.6277762 0.2984378 0.2039179 -2.969814 -1.150413 0.07540108
106 5.238962 -0.180854 0.09777501 -0.9056538 1.19878 0.7625505 0.1741721 0.2017292 -3.458474 -0.4337249 0.1326273
107 5.377017 -0.2650709 0.07854431 -0.7497267 0.9066778 0.5222641 0.2711131 0.2167638 -4.178948 -0.4222758 0.2248546
108 5.504306 -0.1759154 -0.2246672 -0.6294128 0.8365253 0.4140646 0.2138954 0.1702574 -4.139357 0.4170073 0.1823612
109 5.470529 -0.5089639 -0.2962593 -0.2885566 1.063923 0.2646185 0.14964 0.1841963 -4.108315 -0.09384782 0.2522324
110 5.341246 -0.1958193 0.1197258 -0.7526448 0.8134659 0.3722454 0.1656433 0.1305138 -4.089939 -1.410865 0.2964743
111 5.212387 -0.5688224 -0.1054389 -0.2111002 1.290964 0.3956455 0.3033046 0.4272074 -3.655625 -0.05196341 0.1176373
112 5.313277 -0.3588028 -0.2639763 -0.6802216 1.275292 0.5634846 0.2409394 0.4383959 -4.096672 -0.1388321 0.2644268
113 5.452507 -0.4834483 -0.2720542 -0.4773779 0.9410293 0.2485866 0.1699444 0.3427528 -3.584567 -0.4387422 0.2491122
