1 5.576752 -0.2742702 -0.4279298 -0.7453498 0.9879793 0.5190759 0.2535071 0.2588838 -3.085344
3 5.414829 -0.5889224 -0.3804448 -0.4532429 0.9158679 0.2843604 0.1361438 0.1783235 -3.059646
4 5.551289 -0.5017242 -0.3356265 -0.3980543 1.205813 0.4798195 0.1928493 0.2538466 -3.075775
5 5.16457 -0.1437202 0.2324427 -0.9565708 1.060839 0.3126914 0.2849943 0.3786009 -2.742854
6 5.219955 -0.2020259 -0.1016628 -0.6631802 1.072533 0.4467285 0.1155322 0.2706728 -3.089147
7 5.62091 -0.3892894 -0.6662316 -0.6534117 0.8945039 0.6542037 0.2813116 0.1694572 -3.094823
8 5.121281 -0.2781553 0.2480129 -0.7665483 0.9614657 0.4058415 0.1174836 0.1263978 -3.144902
9 5.260099 -0.3704328 0.002906238 -0.382646 0.8418336 0.1514643 0.1752219 0.3544507 -2.993807
11 5.140947 -0.1316893 0.03557172 -0.6940114 0.844884 0.4306842 0.2177519 0.1794215 -3.10608
12 4.881876 -0.2483084 0.6385993 -0.5928589 1.102972 1.550231 0.3667214 0.1314361 -3.277145
14 5.579729 -0.4997797 -0.2352807 -0.8034716 1.22985 0.1526216 0.1152945 0.3597951 -2.936892
16 5.534615 -0.2579307 -0.4192373 -0.8716616 0.8807906 0.620577 0.2102297 0.1261509 -2.946386
17 5.179721 -0.2570117 -0.1260616 -0.6460135 1.015303 0.3658915 0.2545964 0.2334234 -3.083438
18 5.34297 -0.2902716 -0.3824101 -0.5360236 1.088435 0.7655477 0.1514168 0.1678765 -3.412246
19 5.312549 -0.3494347 -0.007546708 -0.7435402 0.8850729 0.5338799 0.3778218 0.3214133 -3.100468
20 5.235887 -0.3717949 0.2326058 -0.5393536 0.9812219 0.2936654 0.1827352 0.1853011 -3.252587
22 5.157458 -0.3782526 0.2842931 -0.6281198 1.204127 0.5260583 0.2930356 0.2158905 -2.892354
23 5.241456 -0.04759544 -0.04929725 -0.9155416 1.007943 0.273371 0.2120809 0.2968818 -3.141149
24 5.500783 -0.2844703 -0.4851494 -0.9452611 0.9756353 0.1979229 0.2400384 0.472811 -3.339695
25 5.519767 -0.2696266 -0.2704333 -0.8050026 1.28947 0.8415143 0.5006345 0.3834529 -2.752221
26 5.333158 -0.1198089 0.05702654 -0.7917565 1.224055 0.334375 0.22726 0.228144 -3.295837
27 5.437477 -0.4482722 -0.273806 -0.4610898 0.9502726 0.3409407 0.2295371 0.2043305 -2.991879
28 5.339589 -0.4044368 -0.1254166 -0.5159709 0.9943293 0.4557335 0.1649469 0.1829109 -3.256263
29 5.423938 -0.4200346 -0.4406298 -0.4010254 1.230028 0.3423198 0.2771603 0.4730257 -2.991879
31 5.384609 -0.2095939 -0.1609942 -0.7834856 1.082226 0.4003138 0.2334741 0.1981006 -2.98607
32 5.439325 -0.4817126 -0.3124072 -0.5922598 1.125385 0.7134285 0.06078759 0.2244179 -2.973259
34 4.9636 -0.4417217 0.1315361 -0.439312 0.9029275 0.6925611 0.4839702 0.3824234 -3.011
35 5.362446 -0.3927537 0.0993042 -0.6096316 1.108634 0.7142784 0.1922956 0.1881238 -3.141149
36 5.277832 -0.4237473 0.132312 -0.5625086 0.9953177 0.6390216 0.1991284 0.1295381 -3.526356
37 5.337067 -0.2517462 0.04808598 -0.7213492 0.9249758 0.20508 0.1838455 0.2775337 -3.143027
39 5.398655 -0.2303943 -0.1406714 -0.7109357 1.082706 0.2918418 0.1007847 0.5317444 -2.991879
40 5.555426 -0.2629527 -0.1990009 -0.9525092 1.031425 0.3605875 0.173778 0.1883419 -3.079614
41 5.305692 -0.2202277 -0.05860967 -0.7097308 1.240997 0.5774785 0.2664862 0.1693436 -3.441128
42 5.560953 -0.3719992 -0.2152744 -0.7091392 1.077967 0.338735 0.2650714 0.3390097 -2.917771
43 5.640042 -0.2423175 -0.5096128 -0.7399894 1.379165 0.4607705 0.2673587 0.2420962 -3.14864
44 5.331863 -0.5133104 -0.006735873 -0.2879493 0.9332774 0.6395075 0.09884987 0.3400099 -3.237744
45 5.257231 -0.4351884 0.01527187 -0.6095465 1.030568 0.4152478 0.2248535 0.3894846 -3.350827
47 5.183305 -0.4990058 0.04245886 -0.6519266 0.8319864 0.4565429 0.2025142 0.1843445 -3.345276
48 5.500971 -0.3470852 -0.5721581 -0.5263038 1.344081 0.5375281 0.2870015 0.2356974 -2.827314
49 5.493702 -0.2646546 -0.4275789 -0.6247537 0.9924317 0.3869997 0.3125278 0.3235585 -3.075775
50 5.251151 -0.4203978 0.01499711 -0.4813731 0.8531447 0.3664013 0.3075152 0.3115275 -3.462051
51 5.50338 -0.3966905 -0.03750965 -0.5701336 1.2155 0.4268617 0.2940667 0.2638864 -3.369108
53 5.467258 -0.1755204 -0.357551 -0.8383495 0.8062858 0.686311 0.2665167 0.1837843 -3.127904
54 5.485595 -0.4209375 -0.08382797 -0.5628545 1.024696 0.7503558 0.1744588 0.2064514 -3.228355
55 5.171777 -0.1118662 -0.4742812 -0.8184404 1.120745 0.6556346 0.3498454 0.2328499 -3.003395
56 5.430025 -0.4945836 -0.2944921 -0.3575701 1.095344 0.2862347 0.1368132 0.1885721 -2.784613
57 5.2951 -0.4340775 -0.04232743 -0.435261 0.9474848 0.7673107 0.3300256 0.1960209 -3.087247
58 5.280452 -0.1251152 0.1733 -0.8296153 0.9258499 0.2906167 0.1946494 0.2872253 -3.06152
59 5.181523 -0.1647752 0.07366348 -0.778731 1.264353 0.2857029 0.1603743 0.251548 -2.793846
60 5.303834 -0.2191241 0.2716288 -0.8543495 1.06262 0.2275977 0.1964708 0.2902341 -3.066113
61 5.538487 -0.3728088 -0.2504659 -0.6464777 1.256566 0.4186858 0.2883236 0.2670325 -3.048325
63 5.047237 -0.1026809 -0.1208017 -0.7892703 1.455819 0.4520937 0.2832807 0.290521 -3.027902
64 5.367522 -0.3613119 -0.07373423 -0.5806762 1.039229 0.2576487 0.1282578 0.2132772 -2.678197
65 5.400193 -0.3198801 -0.264294 -0.7253767 1.163069 0.5941719 0.2231933 0.1852656 -2.984127
66 5.354463 -0.3918207 -0.1020902 -0.6125289 1.293792 0.160138 0.1209571 0.2075135 -3.125997
67 5.458471 -0.4886675 -0.06037009 -0.5655876 1.252788 0.6077752 0.2941899 0.2494161 -3.178054
68 5.478132 -0.440226 -0.2240612 -0.514816 1.076371 0.1964175 0.08643323 0.2832766 -2.888386
69 5.309194 -0.1114058 -0.1647632 -0.7405359 0.991327 0.3464656 0.2216346 0.2347663 -2.859241
70 5.462341 -0.2816365 -0.7543041 -0.7253837 1.21214 0.2742106 0.2909353 0.5691803 -3.286534
71 5.5926 -0.4543907 -0.186714 -0.913838 1.039268 0.2325386 0.08718215 0.4180404 -3.176158
72 5.330342 -0.355239 0.08033707 -0.5411211 1.047226 0.4516313 0.02238463 0.3007611 -2.852631
73 5.152704 -0.09001157 0.09335423 -0.8243449 0.8952726 0.2915064 0.1925133 0.2377518 -2.865152
74 5.505462 -0.3798593 -0.189141 -0.7910708 1.091485 0.3852059 0.3087288 0.3547019 -2.827314
75 5.344651 -0.3565645 -0.09852768 -0.4069742 1.147361 0.2377992 0.2144774 0.5934045 -2.982179
76 5.40748 -0.4515861 -0.1344562 -0.5337585 0.9116326 0.8727074 0.2007339 0.1688101 -2.762457
77 5.224137 -0.1715018 0.1449204 -0.7184135 1.232579 0.7218771 0.3112294 0.2102076 -3.299534
78 5.369829 -0.2635251 0.1147189 -0.5972316 0.9202539 0.5903834 0.2093203 0.1054862 -3.044522
79 5.264046 -0.240669 -0.1825025 -0.6958417 1.122344 0.2117931 0.1629184 0.4413876 -2.869074
80 5.379474 -0.2578241 -0.06784112 -0.5978393 1.098708 0.4605924 0.2489598 0.2015428 -2.980228
81 5.366355 -0.4426865 0.1225865 -0.5891809 0.9393969 0.3458602 0.1293648 0.1522528 -2.896102
82 5.176488 -0.3393547 0.05222897 -0.6723067 1.139986 1.015052 0.3100775 0.1243442 -3.358179
83 5.289867 -0.1345024 -0.04994871 -0.8774903 1.380056 0.6594451 0.337951 0.2640682 -3.35451
84 5.400793 -0.2672794 -0.4959066 -0.4568896 1.074596 0.7630522 0.1336699 0.3122791 -2.954138
85 5.213352 -0.3960431 -0.1519214 -0.5949099 0.9945954 0.6226317 0.1807246 0.4162927 -3.343419
86 5.216932 -0.4787358 -0.2904406 -0.3847866 1.133539 0.3508605 0.1137238 0.2521614 -3.185601
87 5.466198 -0.3801664 -0.1047928 -0.6944253 1.088741 0.5873626 0.09990088 0.1519499 -2.75087
88 5.210927 -0.5825663 -0.02567192 -0.3723827 1.159293 0.3852357 0.2803021 0.4171328 -3.057768
89 5.381024 -0.3995583 -0.06868114 -0.4153044 0.9227595 0.4468304 0.2459234 0.2927163 -3.111662
90 5.424554 -0.4686399 -0.1384057 -0.5408655 0.9090747 0.5852847 0.2420951 0.1438777 -3.185601
91 5.529544 -0.4349521 -0.1142291 -0.6089192 1.037325 0.1690031 0.1651983 0.3023366 -2.83928
92 4.981455 -0.1440607 0.1956252 -0.7268474 1.089599 0.2833866 0.241883 0.3484239 -2.946386
93 5.099581 -0.298831 0.07849566 -0.7519963 1.038691 0.5028653 0.1360454 0.4194328 -3.233999
94 5.171462 -0.3844652 0.1548486 -0.6668 1.005984 0.2988525 0.2227228 0.242677 -2.920769
95 5.46839 -0.2825763 -0.372576 -0.7343617 1.394211 0.2156818 0.1614718 0.2961828 -2.792549
96 5.310503 -0.3238268 -0.09916314 -0.4803833 0.9442734 0.4803152 0.1850969 0.1535566 -2.9018
97 5.347507 -0.4315145 -0.3199613 -0.3563097 0.9621977 0.5079599 0.3505177 0.2965019 -3.135494
98 5.405804 -0.3810904 -0.1635818 -0.4805421 0.9375078 0.3049961 0.2985767 0.4408735 -2.989946
99 5.361949 -0.3458301 -0.1996233 -0.7322702 0.9134521 0.4551443 0.2423553 0.2449424 -3.258096
101 5.482126 -0.4155502 -0.3560763 -0.4336344 1.008075 0.8639201 0.08887832 0.3489144 -3.424985
102 5.582435 -0.1368519 -0.2904006 -0.9780442 0.9257337 0.4462393 0.08553236 0.1916706 -2.900244
104 5.23859 -0.3495008 0.03478288 -0.3528692 1.195765 0.3571925 0.2398457 0.2722133 -3.34898
105 5.435518 -0.481196 -0.1789537 -0.4128618 1.111374 0.6325019 0.3011193 0.2052904 -3.10608
106 5.238667 -0.1811505 0.0955357 -0.9032183 1.196231 0.7627933 0.1747416 0.2008715 -3.109805
107 5.37798 -0.2650874 0.07781779 -0.7499759 0.9108142 0.5258834 0.2731865 0.2179183 -3.390023
108 5.510534 -0.1793428 -0.2299648 -0.6263785 0.8379505 0.4125734 0.2131097 0.1699202 -3.129807
109 5.472798 -0.5088218 -0.2967336 -0.2905807 1.065712 0.2630317 0.1489064 0.18385 -3.081528
110 5.341008 -0.1939809 0.1190736 -0.7544065 0.8157385 0.3726926 0.1659337 0.1307405 -3.237744
111 5.212644 -0.5679474 -0.1022036 -0.2130796 1.293068 0.3955571 0.3036327 0.4276252 -3.222678
112 5.31551 -0.3623125 -0.2667991 -0.6763983 1.271065 0.563697 0.2401806 0.4366992 -3.052428
113 5.455714 -0.4874334 -0.277987 -0.4702088 0.9402892 0.2481254 0.1691169 0.3408246 -2.75087
