1 0.1435289 0.1184095 0.2018829 0.1636359 0.1882299 0.1141426 0.1049999 0.1058863 0.2277327
2 0.2102794 0.1130893 0.2856764 0.1499485 0.3092783 0.1213906 0.08708522 0.1151118 0.208729
3 0.1711039 0.1314405 0.2507842 0.1821701 0.2677539 0.138361 0.1285146 0.142956 0.1823458
4 0.1637048 0.1111232 0.2306262 0.1524412 0.2132308 0.110233 0.08986112 0.1241696 0.2334464
5 0.1847687 0.1174921 0.2509091 0.1568336 0.2523321 0.1284783 0.09817755 0.1345509 0.1973926
6 0.204131 0.1170119 0.2743416 0.1507375 0.2910248 0.1325525 0.0852948 0.1373249 0.1942223
7 0.1812579 0.1249249 0.2587011 0.1756497 0.2793653 0.1507388 0.1348347 0.1725178 0.2046713
8 0.1626575 0.1400992 0.2163142 0.1819922 0.2094356 0.1284141 0.1260068 0.1254058 0.2087204
9 0.1752767 0.09740842 0.2523567 0.1366801 0.2575548 0.1120187 0.08544528 0.09006266 0.197508
10 0.1473243 0.1153459 0.2135462 0.1588507 0.1991975 0.1069378 0.1041607 0.09940457 0.1940908
11 0.1790711 0.1104264 0.2457011 0.1511425 0.2373501 0.1113366 0.08638879 0.1218629 0.1974209
12 0.1800667 0.1453649 0.2463503 0.1943184 0.2548165 0.1425881 0.1436054 0.1382387 0.239577
13 0.171549 0.1075791 0.2442176 0.1494022 0.2337589 0.1106237 0.08626942 0.1228711 0.2045773
14 0.1544577 0.1022351 0.2218222 0.1421179 0.2094329 0.1083642 0.08285629 0.102744 0.2047154
15 0.1375896 0.1120563 0.2082416 0.1650665 0.1836996 0.1055752 0.1093116 0.109249 0.2047154
16 0.1731322 0.1222932 0.224999 0.157186 0.2069727 0.1106218 0.09631956 0.1175456 0.2130075
17 0.1500235 0.1255998 0.2105355 0.1782438 0.217657 0.1313305 0.131397 0.1121286 0.1749636
18 0.1534694 0.1236208 0.2078379 0.1630661 0.1865627 0.1052685 0.1038957 0.1031731 0.2009592
19 0.1695874 0.1208921 0.2485811 0.1715791 0.2527415 0.1284094 0.1104704 0.1346062 0.1908521
20 0.1666515 0.1092356 0.2395212 0.1523153 0.2311911 0.1104942 0.09391585 0.1065811 0.2129991
21 0.1649626 0.1116979 0.2374345 0.1566753 0.2140629 0.101177 0.08872803 0.09454989 0.2463096
22 0.1740399 0.1222969 0.2467392 0.1642922 0.2347925 0.1120816 0.09774419 0.1258527 0.2176136
23 0.1612131 0.1191433 0.2257203 0.1567452 0.2038619 0.1017327 0.09087074 0.1155827 0.1909528
24 0.1545923 0.1250417 0.2322197 0.1833564 0.2335567 0.1316152 0.1307954 0.1196588 0.1974114
25 0.1534087 0.1152724 0.225604 0.1680701 0.2151515 0.128173 0.1243405 0.1341538 0.2224438
26 0.1776754 0.1620284 0.2427735 0.2189933 0.2604832 0.1613858 0.1729538 0.158964 0.2086524
27 0.1863138 0.1207588 0.2619384 0.1623864 0.2892981 0.1460706 0.1051987 0.1586253 0.1727292
28 0.1595542 0.139538 0.2291474 0.1969961 0.2299244 0.1463759 0.1399106 0.1645526 0.1823131
29 0.1664667 0.1140818 0.2218689 0.1502027 0.1931446 0.1016371 0.08591788 0.1212741 0.2175725
30 0.1525946 0.1176095 0.2240245 0.1699187 0.2089008 0.1178021 0.1112826 0.1356455 0.2009592
31 0.1642793 0.11095 0.2461387 0.1593595 0.2363658 0.1136377 0.09941303 0.1204326 0.227748
32 0.1555648 0.1025657 0.2263607 0.1450926 0.2032057 0.09726343 0.08016763 0.1054154 0.2129007
33 0.1627743 0.1135933 0.2186334 0.1487912 0.1994616 0.1039115 0.08636038 0.1102378 0.1820745
34 0.1479184 0.1297897 0.2120752 0.1792075 0.1980322 0.1210487 0.1201623 0.1161372 0.2009137
35 0.1938039 0.1333881 0.2764114 0.1877033 0.309908 0.1623549 0.1318613 0.1787587 0.2129741
36 0.1561459 0.1012286 0.2181432 0.1385907 0.1941399 0.09715512 0.0758891 0.1080834 0.2175971
37 0.1534268 0.1358553 0.2133126 0.1833875 0.2092049 0.1283 0.1240421 0.1273017 0.1726927
38 0.1872159 0.1317148 0.2561625 0.1754011 0.2534203 0.1273001 0.1114887 0.1427295 0.2276875
39 0.1519951 0.124063 0.2278176 0.1768409 0.2378981 0.1349377 0.126851 0.1231359 0.1974305
40 0.1484938 0.1328365 0.2102806 0.1811439 0.188446 0.1121843 0.1280235 0.1271345 0.1942017
41 0.1519307 0.09095979 0.2209466 0.1292521 0.2097508 0.1034448 0.07195836 0.08773891 0.2011013
42 0.1528288 0.1325779 0.2058019 0.1749529 0.1896421 0.1158412 0.126773 0.1181916 0.1909019
43 0.1700342 0.1098441 0.2532731 0.1635551 0.2494928 0.1236936 0.1031186 0.1456492 0.2047694
44 0.1498974 0.1135661 0.2087257 0.153451 0.1916132 0.1051392 0.09159719 0.1068273 0.1909323
45 0.1370219 0.1278421 0.2035052 0.1887186 0.1800947 0.1216171 0.1285105 0.1250728 0.1940419
46 0.1830983 0.1316461 0.2500426 0.1730348 0.2498189 0.1273965 0.109855 0.1475823 0.204834
47 0.1519567 0.1256637 0.2046846 0.1676556 0.1702809 0.1027119 0.1033247 0.1157659 0.2129411
48 0.2022739 0.1368503 0.2645595 0.1756585 0.2610695 0.12423 0.1061675 0.1434161 0.2087464
49 0.1698697 0.1049049 0.2537566 0.1587099 0.2710043 0.1327234 0.1044763 0.1289811 0.2175003
50 0.142471 0.1310067 0.1983054 0.1783182 0.1806014 0.1133885 0.1220558 0.1037655 0.2046889
51 0.1661753 0.1449206 0.221307 0.1909727 0.2314492 0.1456107 0.1532784 0.1290657 0.2333804
52 0.151955 0.1384335 0.2198265 0.1912837 0.1995359 0.1215378 0.1255308 0.1332528 0.2009777
53 0.1544993 0.0922849 0.2326836 0.1371818 0.2113163 0.09801477 0.07615986 0.1097966 0.1973832
54 0.162293 0.1099221 0.2275249 0.1535532 0.2318706 0.1188376 0.1136022 0.1118252 0.2128926
55 0.1690382 0.09851099 0.2512661 0.1418578 0.2666159 0.1225653 0.091012 0.1085487 0.2087377
56 0.1758892 0.1227515 0.2529746 0.1712418 0.2612547 0.1357838 0.1166431 0.1526969 0.1908031
57 0.1611528 0.1309796 0.2007815 0.1614126 0.1678055 0.09916161 0.09260886 0.09813156 0.2086524
58 0.18093 0.1094879 0.2503697 0.1477221 0.2439913 0.1044173 0.08463615 0.09678674 0.2396418
59 0.1631854 0.1052633 0.2416923 0.149446 0.252706 0.1243227 0.09781324 0.1152314 0.1878469
60 0.1870631 0.105413 0.2570649 0.1444385 0.2532549 0.1065573 0.07851477 0.116557 0.1908719
61 0.1608423 0.1141474 0.230803 0.1571899 0.2332401 0.1215331 0.1032467 0.1191787 0.2047877
62 0.1895183 0.1546611 0.2719966 0.2096836 0.3432674 0.2079184 0.1836281 0.2377435 0.1645439
63 0.1397297 0.1218068 0.2143257 0.1808502 0.187236 0.1098245 0.1109327 0.1216864 0.1910362
64 0.187529 0.1174623 0.2633375 0.1555596 0.2927223 0.1356672 0.1031257 0.1244803 0.194212
65 0.1672203 0.1272202 0.2352189 0.1738819 0.2458764 0.1358103 0.1193794 0.1289885 0.201034
66 0.1662479 0.1250885 0.233826 0.1710838 0.2562927 0.1449732 0.1237056 0.1183057 0.2396127
67 0.1536942 0.1024073 0.2213131 0.146376 0.1979586 0.0987629 0.08059747 0.1148117 0.1941914
68 0.1490267 0.1267782 0.2074678 0.1722325 0.1863774 0.1101154 0.113062 0.1016072 0.1878469
69 0.1775793 0.1258837 0.2386512 0.1665462 0.2263711 0.1177672 0.1017554 0.1271091 0.2277557
70 0.1635689 0.1065631 0.2374647 0.1495761 0.2270407 0.1129621 0.09510997 0.120438 0.2462686
71 0.1664407 0.1094874 0.2308055 0.1512325 0.2145162 0.1097632 0.08494193 0.1172008 0.2175162
72 0.1819807 0.1125677 0.2702432 0.1616196 0.2961003 0.132603 0.1176977 0.107057 0.2008601
73 0.1562917 0.1103147 0.2182459 0.1510783 0.1895647 0.09590124 0.08595203 0.09988854 0.2224128
74 0.1764877 0.1262993 0.2503988 0.1703185 0.2624262 0.1329501 0.1184288 0.1377537 0.1824577
75 0.1463023 0.116769 0.2280508 0.1786538 0.2109042 0.1192845 0.1129413 0.1222287 0.2009777
76 0.1445795 0.1076757 0.2099478 0.1505943 0.1878671 0.1016921 0.09684061 0.1056972 0.19744
77 0.1740954 0.108765 0.2450235 0.1469983 0.2579116 0.129408 0.09268839 0.1207666 0.2176725
78 0.1824982 0.1099518 0.2527065 0.150483 0.2532574 0.1160779 0.08898881 0.12105 0.2333589
79 0.1865165 0.1311873 0.252177 0.1727572 0.2662577 0.1350752 0.1142211 0.1435262 0.2048811
80 0.2116437 0.1427877 0.2811784 0.1830213 0.3316675 0.1651111 0.1288988 0.1506952 0.2175725
81 0.138837 0.08734138 0.2052709 0.1309341 0.1734425 0.08559119 0.06752792 0.08873691 0.2334022
82 0.1491687 0.1123573 0.2066263 0.1542507 0.1803363 0.1003973 0.0942584 0.1082085 0.227695
83 0.1550074 0.1016034 0.2324123 0.1460847 0.2355606 0.123299 0.09362824 0.112701 0.2087032
84 0.1827881 0.1260319 0.2576114 0.1740697 0.2772004 0.1474767 0.1106877 0.1399088 0.2176053
85 0.1802788 0.11492 0.2403982 0.1511738 0.2423126 0.1191442 0.09393574 0.1142323 0.2086861
86 0.1651405 0.1304179 0.2451014 0.1886184 0.2480491 0.1438328 0.1399251 0.1550657 0.2175321
87 0.1309988 0.1095935 0.199283 0.1653931 0.1601824 0.09293428 0.09467612 0.1051408 0.2047243
88 0.1673347 0.1278538 0.2325823 0.1703123 0.2253731 0.1274358 0.1072271 0.1526094 0.1849421
89 0.1687029 0.1267343 0.2496617 0.178975 0.2553558 0.1363811 0.1154813 0.1494146 0.2087639
90 0.1891378 0.1401056 0.2477424 0.1814252 0.2374328 0.1283138 0.1131175 0.143424 0.2087032
91 0.1568737 0.1215895 0.212673 0.1631663 0.1918029 0.1123242 0.1013088 0.1220299 0.2088083
92 0.1438504 0.1157246 0.2076743 0.1587653 0.1856506 0.104392 0.0981821 0.109648 0.2176219
93 0.1601937 0.1122082 0.213104 0.1459536 0.1802315 0.0917904 0.07518924 0.09611679 0.2086861
94 0.1717783 0.1170015 0.2489371 0.1619287 0.2553067 0.1257284 0.1079739 0.1287641 0.2086947
95 0.1721741 0.09729112 0.2433264 0.135068 0.2243837 0.09409303 0.0711774 0.1056162 0.1939284
96 0.1525374 0.1177036 0.2104357 0.1599988 0.1914341 0.108652 0.09689946 0.1146667 0.2175162
97 0.1524298 0.1018062 0.2194333 0.1445533 0.2197341 0.1168917 0.100379 0.1062759 0.2224438
98 0.1578614 0.1050388 0.2250858 0.1474013 0.2058616 0.1037065 0.082694 0.1116356 0.2087204
99 0.2145314 0.1570828 0.3094858 0.2281807 0.3539653 0.1893964 0.1788749 0.1378622 0.2276727
100 0.184094 0.1222838 0.2430141 0.1589113 0.2320447 0.114368 0.09753085 0.1255378 0.2086947
