1 0.1389108 0.1002165 0.19672 0.143606 0.1394294 0.06841924 0.07208652 0.05744987 1.713942 0.2087377
3 0.1216111 0.091474 0.1816526 0.1328703 0.113466 0.05887068 0.05829093 0.05309695 1.419713 0.2046367
4 0.1313732 0.1047357 0.1845443 0.1413321 0.1191986 0.06274313 0.06785866 0.05944614 0.8852507 0.2087816
5 0.1263789 0.115283 0.1792221 0.1582955 0.1115447 0.06783862 0.08143754 0.06075825 1.317523 0.1823789
6 0.1400572 0.107964 0.2035736 0.1547932 0.1490214 0.07841 0.0802038 0.06016306 2.307736 0.2087204
7 0.1327346 0.08925094 0.1896442 0.1231138 0.1244347 0.05927971 0.0513753 0.05303546 1.303584 0.2086947
8 0.1166774 0.08430784 0.1667845 0.1221267 0.1041943 0.05308912 0.04929536 0.0563331 1.458075 0.2129576
9 0.1137441 0.09550403 0.16267 0.136236 0.09320421 0.05533172 0.0673454 0.05154737 2.085007 0.2009685
11 0.1414269 0.09449517 0.1965094 0.1317424 0.1351257 0.06669842 0.06078733 0.05327176 3.173744 0.208644
12 0.1406553 0.09240027 0.2085199 0.1311386 0.1620735 0.06565757 0.05448299 0.05971724 0.9030566 0.2277867
14 0.1448113 0.1130707 0.1978632 0.1555181 0.1318607 0.07743336 0.08371836 0.06962943 1.386987 0.1939284
16 0.1364993 0.08995489 0.1921972 0.1195523 0.1255227 0.0561865 0.04696569 0.04561685 1.068914 0.19744
17 0.1286545 0.09668228 0.1836376 0.1372365 0.1219031 0.06420716 0.06593408 0.06160314 1.464502 0.2087464
18 0.1452325 0.09325333 0.2047326 0.1317759 0.151736 0.06544906 0.05893994 0.05191414 0.9136656 0.2395558
19 0.125656 0.0910498 0.1723355 0.1230798 0.1063327 0.05543716 0.0504905 0.05118597 0.9679961 0.2086692
20 0.1251074 0.0931149 0.1678251 0.1235322 0.09963696 0.05308225 0.05117216 0.0538682 1.159239 0.2223975
22 0.126411 0.1000348 0.1823463 0.1367197 0.1203013 0.06513653 0.0630202 0.0660382 0.8696345 0.1941507
23 0.1320559 0.09933527 0.1936069 0.1387238 0.1237134 0.06371582 0.06689917 0.0557217 1.324246 0.2129741
24 0.1245464 0.1022022 0.1773665 0.142345 0.1080192 0.06215123 0.07019509 0.05548375 1.404015 0.2334464
25 0.1361206 0.1004842 0.1905904 0.1404959 0.1238155 0.06869414 0.06624675 0.06660868 0.8457624 0.1852449
26 0.1474684 0.09924576 0.2070615 0.1380767 0.1415675 0.06824392 0.06333695 0.06419822 1.047454 0.22771
27 0.1174304 0.08925501 0.1662474 0.1238872 0.09520038 0.05003381 0.04882122 0.05491972 1.167113 0.2009777
28 0.1373978 0.09334377 0.1904584 0.1277085 0.1258177 0.05888448 0.05557869 0.04944313 1.097355 0.2223823
29 0.1441416 0.1256199 0.2037876 0.1738436 0.1452032 0.0877216 0.103468 0.06658949 1.31266 0.2009777
31 0.1394386 0.1033094 0.1913038 0.1371507 0.132158 0.06926928 0.06206665 0.06516692 1.57405 0.2010057
32 0.1532128 0.09786788 0.2160379 0.1341366 0.1697731 0.07481594 0.06072262 0.06311846 1.770445 0.1973093
34 0.1459878 0.09779132 0.2045573 0.1363852 0.1459101 0.06984194 0.06291306 0.0512226 1.466075 0.2008867
35 0.145489 0.08914303 0.2101895 0.1274837 0.151118 0.06825595 0.0551549 0.05363156 0.8666763 0.2129741
36 0.1361897 0.09071169 0.1963766 0.1290711 0.1341567 0.06366953 0.05367912 0.05330298 1.206258 0.2536493
37 0.125002 0.1064502 0.1720374 0.1456586 0.105247 0.06300959 0.0729248 0.05900451 2.936484 0.2129658
39 0.1303402 0.114151 0.1835256 0.1633116 0.1216051 0.07786822 0.09690325 0.06322145 1.445749 0.2009777
40 0.1486731 0.1091519 0.2050448 0.1467165 0.143676 0.0747188 0.06807856 0.06527078 2.806557 0.2087639
41 0.1340734 0.09033804 0.1777587 0.1209358 0.110183 0.05431668 0.05010639 0.05553379 0.7356153 0.2394469
42 0.1253349 0.1117822 0.1796519 0.156696 0.1107277 0.06726277 0.08224858 0.05691743 1.026952 0.1940226
43 0.1413582 0.09960266 0.2097445 0.139891 0.1448634 0.07234214 0.06518688 0.0715077 1.008075 0.2129411
44 0.1555363 0.1133413 0.2098961 0.150804 0.1569562 0.07960737 0.08003413 0.05134097 1.816873 0.2224594
45 0.1214883 0.1078057 0.1735237 0.1487418 0.1045532 0.06355497 0.07817197 0.05547069 1.313069 0.2334022
47 0.1334424 0.09636843 0.190383 0.1385711 0.1354877 0.06483059 0.0626323 0.05110152 3.537695 0.2334242
48 0.1403873 0.0966322 0.2076889 0.1437673 0.1418476 0.07163492 0.06442771 0.0694159 0.9334234 0.1878982
49 0.1398787 0.09743551 0.1989375 0.137025 0.1356115 0.07079119 0.06358729 0.05892405 1.771901 0.2087816
50 0.1278083 0.09166537 0.1814806 0.1296364 0.1173373 0.06089164 0.05533105 0.05165596 1.669116 0.2463096
51 0.1272162 0.09117524 0.180927 0.1252769 0.1139783 0.05581237 0.05138013 0.05535519 0.86001 0.2333305
53 0.1520087 0.0980658 0.2103399 0.1341369 0.1578458 0.06965924 0.05920474 0.04832476 3.319771 0.2130329
54 0.1585509 0.1047282 0.2258635 0.1466096 0.1839232 0.07971811 0.0693462 0.055446 2.28125 0.2224991
55 0.1246263 0.09682572 0.1815643 0.1388384 0.1180906 0.06310322 0.06207133 0.05608434 0.9181356 0.2009227
56 0.1417932 0.1011322 0.2021839 0.1437941 0.140257 0.07319421 0.06971506 0.07173876 2.580468 0.1850678
57 0.1548917 0.09823227 0.2165613 0.1319997 0.1531965 0.06628757 0.05798032 0.04742605 1.103815 0.208729
58 0.1208064 0.09206781 0.1705533 0.1262583 0.1010642 0.05364621 0.05505977 0.04679273 0.9435765 0.2046281
59 0.1370107 0.1126075 0.1947415 0.1595878 0.1320344 0.0846994 0.08509903 0.07504658 1.699893 0.1821045
60 0.1213376 0.1006 0.1682586 0.1342552 0.09749217 0.05556672 0.05825986 0.05891594 0.8792343 0.2088263
61 0.1379939 0.09841601 0.1860124 0.1292582 0.115884 0.05632471 0.05456423 0.06311533 0.7622315 0.2046889
63 0.1412027 0.09731575 0.1962029 0.134644 0.1392071 0.06896881 0.06554031 0.06921122 0.7348834 0.2008077
64 0.1383945 0.111359 0.1896015 0.1490548 0.1271317 0.07304743 0.07054027 0.05899215 1.599493 0.1772906
65 0.1456811 0.1080653 0.2025728 0.1456144 0.1424917 0.06977935 0.06814971 0.06395626 1.21879 0.2010151
66 0.1203763 0.1003163 0.1664145 0.1350512 0.1002882 0.05919833 0.06024193 0.0649925 0.8106574 0.2130414
67 0.1468369 0.1114376 0.2081153 0.1543609 0.1489366 0.07899236 0.07553521 0.06516187 1.205306 0.2175971
68 0.125689 0.1087265 0.1751398 0.1511247 0.1066954 0.06820955 0.07636044 0.06192368 1.410348 0.1941709
69 0.1379158 0.1060822 0.1928424 0.1429872 0.1262352 0.06515427 0.06694816 0.05784015 2.10366 0.1909425
70 0.138216 0.1049528 0.1951581 0.1429129 0.1224136 0.06572815 0.07107528 0.0640687 0.8463042 0.227748
71 0.1292871 0.1086684 0.1859104 0.1553032 0.1198686 0.07622687 0.081104 0.05543081 1.300671 0.2176053
72 0.1400226 0.1121147 0.1974134 0.1530373 0.135692 0.08081599 0.08332511 0.057892 2.065443 0.1877669
73 0.1266224 0.1032703 0.1787089 0.140705 0.1106531 0.06344274 0.06374905 0.05254756 2.008058 0.190912
74 0.1414599 0.1156246 0.1964051 0.1556236 0.1290573 0.07420064 0.0771671 0.06403577 1.597283 0.1878982
75 0.1370026 0.111876 0.1911473 0.1491715 0.1267411 0.06986331 0.07257009 0.06278878 1.098981 0.2010245
76 0.1504244 0.09684766 0.2112969 0.1338052 0.1546868 0.06929939 0.06083348 0.04432664 1.253872 0.1851883
77 0.1399717 0.09237926 0.2084442 0.1313422 0.1479256 0.06676095 0.05637664 0.05906045 0.9527615 0.227695
78 0.1486337 0.08961495 0.2083974 0.1223451 0.1547205 0.06619413 0.05053111 0.06147951 3.445816 0.2047065
79 0.1299672 0.1105993 0.1866617 0.1541693 0.1204168 0.07041966 0.08013862 0.06181136 1.248855 0.1908919
80 0.1319858 0.09833486 0.1957135 0.1404466 0.1331068 0.07234283 0.06531151 0.06074575 1.11824 0.201034
81 0.1295144 0.09166042 0.1891753 0.1324351 0.1220872 0.06416689 0.05715581 0.0521964 1.415534 0.1907551
82 0.1324746 0.08367765 0.1847698 0.1165747 0.1306242 0.05578119 0.04563501 0.06017975 0.7847227 0.2333732
83 0.1498581 0.1114064 0.2048563 0.1469221 0.1444736 0.07154001 0.07046077 0.06971367 0.8075353 0.2333876
84 0.1587626 0.102639 0.2292271 0.1434531 0.1780903 0.08035864 0.06764981 0.05627211 1.483845 0.197402
85 0.1472184 0.09789089 0.2140604 0.1420504 0.1557486 0.0750002 0.07094784 0.04884632 1.282162 0.2334316
86 0.1252401 0.09444255 0.1774558 0.1314752 0.1118645 0.05953768 0.05772296 0.05889729 1.249809 0.2175643
87 0.144937 0.09699843 0.1991158 0.1325132 0.1373172 0.07144569 0.0596156 0.05727739 1.051966 0.1823349
88 0.139487 0.1052975 0.1980528 0.1522185 0.1340884 0.07493133 0.08096848 0.05906711 0.9584342 0.2046453
89 0.1404158 0.1075684 0.197224 0.1478007 0.1374163 0.06989863 0.07658945 0.052311 2.263381 0.2086192
90 0.1298301 0.08600998 0.1842763 0.1192463 0.118258 0.05429518 0.04619383 0.05036262 1.136927 0.2175643
91 0.1198825 0.103188 0.1663759 0.1368145 0.1009011 0.06016297 0.0618257 0.06364072 1.151641 0.1910468
92 0.124966 0.1111411 0.1741717 0.1532841 0.1059515 0.06516036 0.0754999 0.05973496 1.053332 0.19744
93 0.1238024 0.1028219 0.170465 0.1365843 0.1070624 0.06257697 0.06770961 0.05598347 0.9880679 0.2224752
94 0.129492 0.1118672 0.1785515 0.1490634 0.1122267 0.06565616 0.07102405 0.06271827 1.592285 0.1975678
95 0.1244842 0.08320203 0.1708702 0.1160859 0.09884524 0.05028614 0.04591638 0.05678019 0.6215211 0.1850253
96 0.1554982 0.1014617 0.2184643 0.1423559 0.1636814 0.07805899 0.06819698 0.05770376 3.825952 0.1907268
97 0.1384985 0.102365 0.1896421 0.1366289 0.120915 0.06379568 0.05867991 0.05454034 1.25498 0.2129991
98 0.1339948 0.1169519 0.1939039 0.1681629 0.1273913 0.07883674 0.09272437 0.05771938 2.733789 0.200987
99 0.1396724 0.09335356 0.1909058 0.1267834 0.1268982 0.05674318 0.05638316 0.04923222 1.065366 0.2223748
101 0.1547516 0.1079544 0.2124793 0.1483787 0.1563258 0.07673271 0.07427057 0.0508875 1.878792 0.2395074
102 0.1287696 0.0886503 0.185004 0.1256185 0.1204482 0.06055769 0.05569301 0.05370459 1.694944 0.1941106
104 0.1360403 0.08988004 0.2089896 0.1332188 0.1465567 0.06896308 0.05780296 0.06804839 1.513111 0.2334095
105 0.1419995 0.09074976 0.2017784 0.1285525 0.1448111 0.06722486 0.05778656 0.06050608 0.9918997 0.208644
106 0.1569256 0.1009028 0.2206967 0.1402016 0.173577 0.07410118 0.0659105 0.0647721 1.259048 0.2086274
107 0.1314635 0.09019687 0.1923768 0.1289484 0.1259677 0.05877169 0.05464473 0.04917178 1.295337 0.2396418
108 0.1385283 0.08969349 0.1930929 0.1242735 0.1270299 0.05734332 0.04987283 0.05220789 2.311494 0.2130244
109 0.1352057 0.1008447 0.1907636 0.13984 0.1286746 0.06797031 0.06541501 0.06824332 2.751986 0.2087551
110 0.1349818 0.08801926 0.1894773 0.1166233 0.1246824 0.05587203 0.04674735 0.05216265 3.169087 0.2224594
111 0.1334396 0.1029053 0.1974627 0.1533386 0.1319173 0.07880356 0.07889715 0.06987047 1.211257 0.2225232
112 0.1643743 0.113376 0.2282576 0.156101 0.1783139 0.08624285 0.07831978 0.0674775 1.202762 0.2088903
113 0.1346202 0.1121036 0.1887962 0.1511555 0.1260714 0.07254508 0.07930461 0.05350939 1.867957 0.1823349
