1 5.540193 -0.2897003 -0.385884 -0.7017664 0.5025981 0.4460204 0.1432719 0.2367076 6.294497 -3.085344
3 5.468147 -0.5897038 -0.445094 -0.5051906 0.4294972 0.3516722 0.02282665 0.2012779 5.475625 -3.059646
4 5.482181 -0.4984498 -0.2673382 -0.4377078 0.4880417 0.3229717 0.07668052 0.2154841 4.255672 -3.075775
5 5.111935 -0.1543714 0.219504 -0.875468 0.4951842 0.2838924 0.1249505 0.2934204 5.266207 -2.742854
6 5.302066 -0.2367058 -0.196042 -0.6142653 0.5603444 0.4554015 0.04666388 0.292021 7.957915 -3.089147
7 5.575772 -0.3700582 -0.442327 -0.719235 0.4510782 0.3987981 0.1374229 0.1463961 5.306155 -3.094823
8 5.296648 -0.3572419 0.06366421 -0.6394979 0.5048587 0.20209 0.07816141 0.1275923 5.928049 -3.144902
9 5.273314 -0.4301237 0.02718381 -0.397283 0.4698194 0.1972519 0.1347556 0.2149652 7.318718 -2.993807
11 5.161523 -0.1574817 0.01890916 -0.6427875 0.49222 0.460844 0.1238353 0.1956652 9.178109 -3.10608
12 4.923937 -0.2602483 0.344697 -0.5650362 0.4930192 0.5282339 0.1951056 0.1553973 4.28906 -3.277145
14 5.46802 -0.4255277 -0.1700578 -0.8402593 0.5788042 0.3570985 0.03029319 0.2835396 5.483702 -2.936892
16 5.450196 -0.3246674 -0.2940138 -0.7666699 0.3843685 0.4655763 0.06702259 0.1354232 4.828249 -2.946386
17 5.106715 -0.2337647 0.01289685 -0.588516 0.5309797 0.2940156 0.173431 0.1838945 5.725895 -3.083438
18 5.255909 -0.2503465 -0.2122621 -0.6855625 0.4178179 0.5505404 0.02885556 0.202182 4.197873 -3.412246
19 5.216551 -0.4534915 0.1233692 -0.566185 0.4214873 0.2879985 0.1229201 0.1544595 4.379786 -3.100468
20 5.250097 -0.374032 0.1832994 -0.5033755 0.4779197 0.2145969 0.09842133 0.143556 5.192924 -3.252587
22 5.177203 -0.4477011 0.1676763 -0.5922431 0.517772 0.2707851 0.1627184 0.1636796 4.067132 -2.892354
23 5.247948 -0.1872222 -0.01234624 -0.8570589 0.4668411 0.4105288 0.05689507 0.2195283 5.438056 -3.141149
24 5.449188 -0.245904 -0.3598496 -0.822788 0.4980518 0.2671689 0.1167213 0.2449277 5.867933 -3.339695
25 5.450789 -0.2650941 -0.2375516 -0.712281 0.5239272 0.3262822 0.1333594 0.1767597 4.089877 -2.752221
26 5.426462 -0.2268204 -0.0482664 -0.6642001 0.5264422 0.4611644 0.0766617 0.1970235 4.758071 -3.295837
27 5.355175 -0.4443665 -0.2411095 -0.5559807 0.4495379 0.2269306 0.1112536 0.131933 5.020821 -2.991879
28 5.341879 -0.4299891 -0.07775159 -0.5215411 0.4244454 0.4322215 0.03654248 0.1812209 4.952236 -3.256263
29 5.499843 -0.370533 -0.5316751 -0.4782943 0.5529714 0.4426143 0.07684892 0.3967201 5.357699 -2.991879
31 5.318283 -0.1940421 -0.02473055 -0.7949425 0.5766784 0.3204173 0.1506537 0.1625059 6.187718 -2.98607
32 5.425175 -0.4946571 -0.2657934 -0.5323524 0.5675954 0.5646719 0.0573483 0.1647637 6.5728 -2.973259
34 5.000693 -0.4178593 0.1904209 -0.4449832 0.4463492 0.5376377 0.2831767 0.2132493 5.93314 -3.011
35 5.18603 -0.3224515 0.220433 -0.7591558 0.4469777 0.5588386 0.04236445 0.1659207 4.222421 -3.141149
36 5.181698 -0.3205432 0.1657114 -0.6560165 0.4619629 0.4571927 0.03412589 0.1721385 5.244332 -3.526356
37 5.345213 -0.1715556 0.04482269 -0.8025994 0.5487784 0.2201907 0.1112913 0.2470692 8.921917 -3.143027
39 5.462979 -0.2044213 -0.2564374 -0.7498207 0.5265757 0.2954568 0.05329923 0.3450886 5.469204 -2.991879
40 5.562195 -0.2699439 -0.2829864 -0.838104 0.5882431 0.4453241 0.06413773 0.2145172 8.73117 -3.079614
41 5.457256 -0.2396415 -0.2258798 -0.7350455 0.4727808 0.2842417 0.1316432 0.1385193 3.809356 -3.441128
42 5.465736 -0.3875955 -0.14849 -0.6396286 0.4616195 0.3032193 0.06977466 0.3123815 4.633525 -2.917771
43 5.525865 -0.2028155 -0.4201966 -0.7905625 0.5947651 0.4308715 0.1646195 0.1891976 4.606882 -3.14864
44 5.348946 -0.4053284 -0.05537021 -0.3895016 0.4646398 0.5765871 -0.007623935 0.2946301 6.479538 -3.237744
45 5.284341 -0.4142438 -0.1818852 -0.5618005 0.4928525 0.2493139 0.1030644 0.2843138 5.453366 -3.350827
47 5.223542 -0.4560386 0.03749503 -0.6452755 0.4869044 0.429118 0.1120698 0.2313972 10.04342 -3.345276
48 5.443532 -0.367652 -0.4072082 -0.5069614 0.5515288 0.4369284 0.1115187 0.1867093 4.396025 -2.827314
49 5.51937 -0.2949826 -0.4160686 -0.6533371 0.5316824 0.4191415 0.2128791 0.1936552 6.733953 -3.075775
50 5.212441 -0.3480397 -0.02893051 -0.5932305 0.4566241 0.3455826 0.2024784 0.1826113 6.31499 -3.462051
51 5.454966 -0.3353535 -0.04194209 -0.5846479 0.466602 0.3182979 0.1309705 0.1611221 4.236836 -3.369108
53 5.465083 -0.1721154 -0.3781783 -0.8403434 0.4640213 0.61596 0.1143925 0.2069861 9.829704 -3.127904
54 5.446209 -0.3975214 -0.1248589 -0.5250617 0.5223829 0.7047475 0.05604634 0.2524555 8.062073 -3.228355
55 5.254746 -0.07524207 -0.2753131 -0.9599615 0.4653943 0.3200341 0.1722472 0.208071 4.355212 -3.003395
56 5.397551 -0.4685015 -0.2029891 -0.440814 0.6011933 0.4018728 0.05270486 0.1904618 7.956922 -2.784613
57 5.418831 -0.4349489 -0.1749078 -0.3934486 0.3908628 0.6454655 0.1277 0.2034088 4.879982 -3.087247
58 5.346468 -0.1911118 0.09191908 -0.740016 0.3744529 0.3107008 0.06560805 0.188937 4.317135 -3.06152
59 5.211011 -0.1638771 -0.1099651 -0.785031 0.6724987 0.2717124 0.01662853 0.2750914 6.57712 -2.793846
60 5.313391 -0.2912879 0.1857359 -0.7435173 0.450229 0.2220566 0.07440414 0.1822665 4.029336 -3.066113
61 5.424086 -0.2903974 -0.1633571 -0.7379962 0.4929726 0.3156266 0.1153626 0.1423794 3.771843 -3.048325
63 5.166412 -0.02157576 -0.1088219 -0.9398794 0.539883 0.3694288 0.1246079 0.1768184 3.608202 -3.027902
64 5.400678 -0.4280782 -0.08969169 -0.5421472 0.4820816 0.3727579 -0.03287964 0.2388689 6.078589 -2.678197
65 5.464596 -0.418077 -0.3083388 -0.6145819 0.51927 0.4576862 0.05378302 0.2083763 5.085832 -2.984127
66 5.389066 -0.3501607 -0.1953733 -0.5792521 0.5257774 0.1560986 0.0763241 0.1692741 3.974482 -3.125997
67 5.384241 -0.4658857 -0.004317443 -0.5834747 0.5755409 0.4635295 0.05172496 0.2665744 5.401248 -3.178054
68 5.421949 -0.3989414 -0.2913111 -0.5695535 0.5122201 0.2422252 0.004489151 0.2521604 5.626217 -2.888386
69 5.23918 -0.1205347 -0.1662218 -0.7209278 0.5164769 0.3869957 0.1348281 0.2105629 7.611161 -2.859241
70 5.348698 -0.2592384 -0.4841986 -0.6178505 0.5090112 0.3627732 0.1357006 0.2284806 4.002023 -3.286534
71 5.597036 -0.5270705 -0.1558032 -0.7858356 0.4841779 0.343882 0.021719 0.3067169 5.556309 -3.176158
72 5.335918 -0.3356699 -0.03847393 -0.481759 0.5353669 0.4229883 -0.08498888 0.2904023 7.520109 -2.852631
73 5.165173 -0.0672483 0.003135309 -0.8328297 0.4812138 0.3122791 0.03849154 0.2164826 7.402142 -2.865152
74 5.526783 -0.3227489 -0.2814721 -0.7371016 0.5459558 0.3759986 0.1741708 0.2739144 6.081321 -2.827314
75 5.352301 -0.34604 -0.123227 -0.5554893 0.5187452 0.3500931 0.03722733 0.2353058 4.867611 -2.982179
76 5.411266 -0.4427377 -0.1611046 -0.4982104 0.3672249 0.6450812 -0.009177915 0.2022027 5.306836 -2.762457
77 5.256638 -0.2162721 -0.08609679 -0.6542131 0.5113998 0.4920775 0.07457842 0.1704775 4.626104 -3.299534
78 5.330182 -0.2576482 0.1111325 -0.6164566 0.5619095 0.5181264 0.1552388 0.1086389 9.669454 -3.044522
79 5.312284 -0.1850528 -0.1310589 -0.7943687 0.50672 0.3290475 0.05235734 0.2747974 5.139606 -2.869074
80 5.452414 -0.2759446 -0.1850673 -0.5322144 0.5024286 0.3895828 0.09761753 0.1993256 4.863615 -2.980228
81 5.430491 -0.4641204 -0.01337483 -0.5567139 0.4406595 0.3968359 -0.01505162 0.1914311 5.719222 -2.896102
82 5.177081 -0.2751582 0.1282607 -0.6548215 0.5030923 0.334104 0.1343227 0.09948091 3.89742 -3.358179
83 5.275914 -0.07646073 0.002733173 -0.8708606 0.5486366 0.4364793 0.1163673 0.2360049 3.817557 -3.35451
84 5.362233 -0.2035881 -0.3962125 -0.5972899 0.4929432 0.7153535 -0.02086175 0.2305219 5.992369 -2.954138
85 5.235667 -0.2788585 -0.06201949 -0.6725284 0.4361905 0.616274 0.02391952 0.2598445 5.479425 -3.343419
86 5.109757 -0.3765162 -0.02292597 -0.5413878 0.509133 0.2714983 0.08452429 0.1679994 5.247393 -3.185601
87 5.34277 -0.3212174 -0.03821741 -0.7455905 0.4753366 0.4428846 0.04806175 0.1692122 4.711201 -2.75087
88 5.198711 -0.4198784 0.2435115 -0.5554098 0.4754476 0.4292644 0.07002228 0.2949886 4.35005 -3.057768
89 5.249109 -0.3817169 0.1011906 -0.4848188 0.4849388 0.4627379 0.128997 0.2872242 7.750534 -3.111662
90 5.328131 -0.4802473 -0.02015719 -0.4943464 0.4314522 0.379797 0.1281527 0.134798 5.046677 -3.185601
91 5.536615 -0.3789629 -0.1994568 -0.6003927 0.4983452 0.1771073 0.07815534 0.1734413 4.633401 -2.83928
92 5.056304 -0.1863649 0.0915521 -0.7389625 0.4877258 0.246451 0.09951235 0.273752 4.703475 -2.946386
93 5.126686 -0.3913501 0.06259098 -0.5662165 0.4837263 0.2334038 0.1408648 0.206645 4.512743 -3.233999
94 5.25694 -0.2986845 0.05354474 -0.7793752 0.5190563 0.2642418 0.1078354 0.2284578 6.023841 -2.920769
95 5.407554 -0.4089651 -0.3121008 -0.5525855 0.4316153 0.2431503 0.07325074 0.1039808 3.320887 -2.792549
96 5.304247 -0.2955604 -0.106485 -0.4757984 0.5357017 0.6347901 0.04570075 0.2340521 10.84213 -2.9018
97 5.425164 -0.2368749 -0.3866122 -0.6052441 0.4674985 0.3807997 0.1844578 0.1983303 5.299668 -3.135494
98 5.437294 -0.4013347 -0.1915734 -0.4154387 0.5174491 0.4066198 0.1249254 0.3762986 8.822377 -2.989946
99 5.359695 -0.3642202 -0.1541861 -0.7366656 0.3970989 0.4488143 0.1007278 0.1888297 4.582007 -3.258096
101 5.504203 -0.4074365 -0.2551144 -0.4958688 0.4822225 0.5994682 0.04035494 0.296422 7.173558 -3.424985
102 5.483543 -0.1620785 -0.09636342 -1.022522 0.4637568 0.3578041 0.07324831 0.1496578 6.235436 -2.900244
104 5.224675 -0.2937288 0.1136555 -0.564583 0.6054105 0.4284947 0.106306 0.1507522 6.156668 -3.34898
105 5.478038 -0.4950288 -0.1982527 -0.4420859 0.4972048 0.4650381 0.163204 0.1635394 4.43352 -3.10608
106 5.393874 -0.2399164 -0.04407675 -0.8953308 0.5312114 0.6190891 0.06334909 0.2078905 5.107347 -3.109805
107 5.35173 -0.2555039 0.1259055 -0.7715489 0.4192826 0.4490249 0.1488294 0.1851034 5.469141 -3.390023
108 5.467457 -0.1476814 -0.2324231 -0.6983646 0.4552075 0.4456052 0.114663 0.1477938 7.537998 -3.129807
109 5.432455 -0.4895412 -0.2568617 -0.3221601 0.6240179 0.3096015 0.06351125 0.1844151 8.56596 -3.081528
110 5.41204 -0.2837993 0.05614864 -0.6701429 0.4960848 0.3995776 0.0890036 0.1083891 9.316917 -3.237744
111 5.269643 -0.4224395 -0.1936044 -0.3539042 0.6048305 0.3272659 0.1456954 0.2563051 5.311102 -3.222678
112 5.353398 -0.4354861 -0.3029453 -0.4701479 0.5532253 0.6384251 0.01346761 0.2691279 5.040637 -3.052428
113 5.417505 -0.4519629 -0.1388002 -0.4858273 0.4814554 0.3688941 0.02967289 0.2748886 6.972382 -2.75087
