1 0.1440592 0.1195903 0.2026819 0.1649138 0.193988 0.1166784 0.1093715 0.1090001 0.7219342 0.5401108 0.163736 0.219055
2 0.2144952 0.1191586 0.2912975 0.1540531 0.3252013 0.1293289 0.0926482 0.1284521 0.671333 0.4709803 0.2548373 0.273843
3 0.1749423 0.1571042 0.2555751 0.1842941 0.282224 0.1493936 0.1353961 0.208782 0.558275 0.6011872 0.3037965 0.4369176
4 0.1704492 0.1451359 0.2414477 0.1591248 0.2362944 0.1546197 0.1020963 0.2403716 1.621215 0.7163169 0.5190264 1.058411
5 0.1856424 0.1398644 0.2523892 0.1646268 0.2633192 0.1354473 0.1112351 0.1740329 0.7522969 0.4333567 0.2173528 0.3758058
6 0.2064592 0.1233745 0.2774056 0.1556496 0.3010355 0.1382885 0.09163159 0.15383 0.6715629 0.4441145 0.188391 0.2538754
7 0.1839778 0.1311389 0.2625151 0.1838669 0.2941448 0.1625487 0.144155 0.1867887 0.6500477 0.4882648 0.1318155 0.1961817
8 0.1655696 0.1672133 0.2186999 0.1880178 0.2257586 0.1364283 0.1317932 0.1751903 1.256864 0.4827119 0.2279528 0.5190148
9 0.1805107 0.1416501 0.2569157 0.1389385 0.2741403 0.1200994 0.08556081 0.1474675 0.9340647 0.8229517 0.5350782 0.7710101
10 0.1486464 0.1195464 0.2153437 0.1604442 0.2120202 0.1139433 0.1115987 0.1135308 0.6540623 0.4941205 0.1856068 0.2395553
11 0.1800709 0.1200008 0.2471972 0.1544195 0.2431084 0.1173274 0.08861799 0.1390189 0.6882337 0.44496 0.1843798 0.2922431
12 0.1803649 0.1595121 0.2461463 0.2036766 0.2656353 0.1502821 0.1580285 0.1607816 0.5109061 0.559219 0.2086635 0.2574839
13 0.1667865 NaN 0.2442039 0.1281132 0.2170074 0.1108537 0.08861859 NaN NaN NaN NaN NaN
14 0.1557657 0.1062074 0.2237368 0.1444617 0.2150464 0.1127149 0.08837609 0.114878 0.6491286 0.4774269 0.1907515 0.2654795
15 0.1383031 0.1385543 0.2086152 0.179139 0.2005622 0.1151396 0.1220227 0.1397818 0.8229405 0.6318705 0.2528622 0.4127155
16 0.1737331 0.1327385 0.2259302 0.1619956 0.2115151 0.113786 0.101834 0.1333279 0.871069 0.5283121 0.1766018 0.2913509
17 0.1506336 0.1329053 0.2110495 0.1832214 0.21823 0.1338146 0.1323187 0.1314177 0.6071473 0.4535949 0.2006364 0.2755792
18 0.1546085 0.1270447 0.2097538 0.1634391 0.1934681 0.1109538 0.1069932 0.1120284 0.7009147 0.4643089 0.1688428 0.2494957
19 0.1699661 0.1283786 0.2494509 0.1748896 0.2605171 0.1307816 0.1131494 0.1517378 0.6223634 0.4382873 0.168389 0.224949
20 0.1683166 0.1146188 0.2421992 0.1555835 0.2337832 0.1115206 0.0977207 0.1106116 0.6189539 0.5388835 0.1720788 0.2144516
21 0.1650818 0.1173343 0.2376135 0.1587508 0.2150519 0.1021846 0.09120213 0.09743305 0.6440995 0.5759184 0.2745904 0.331385
22 0.1741695 0.1314722 0.2469443 0.1719066 0.2363421 0.1156767 0.1018046 0.1323548 0.5836119 0.7501571 0.2153774 0.2278123
23 0.1609361 0.1348624 0.2251822 0.1665946 0.2067959 0.1062423 0.09767181 0.1297459 0.6639571 0.4701096 0.1800913 0.25829
24 0.1556723 0.1450584 0.2339343 0.1909861 0.23875 0.1395187 0.1445612 0.1358349 0.6428921 0.6061874 0.1943691 0.2940484
25 0.1544213 0.1184567 0.2271074 0.1701015 0.2174733 0.1284159 0.1277129 0.1391356 0.7391137 0.503317 0.1370193 0.1849657
26 0.1786956 0.1702904 0.243551 0.2247844 0.2650011 0.1647461 0.1766237 0.1694416 0.5233457 0.4717155 0.1281501 0.1451005
27 0.1932148 0.1370084 0.2718467 0.1739439 0.3310902 0.1743358 0.1243351 0.2168032 0.8304298 0.5517318 0.2240416 0.3260919
28 0.1616723 0.1478578 0.2318746 0.2009348 0.2424182 0.1584926 0.1439099 0.1881277 0.6654231 0.4656582 0.1588504 0.239737
29 0.1672071 0.1156881 0.2228137 0.1502139 0.19463 0.1026938 0.08700144 0.12232 1.066751 0.4702103 0.1421542 0.2704255
30 0.1525207 0.1277697 0.223942 0.1727507 0.2210514 0.1236696 0.1193432 0.1571521 0.8975168 0.4640775 0.1724242 0.3317222
31 0.165904 0.1186119 0.2488491 0.1665949 0.2469228 0.1207825 0.1104017 0.1384398 0.7724968 0.6333029 0.2430591 0.3320836
32 0.1571417 0.1102147 0.2282301 0.1507491 0.2046465 0.09966783 0.08369958 0.1184067 0.6637332 0.5201066 0.178674 0.2487933
33 0.164403 0.1270947 0.2197849 0.1515473 0.2008477 0.1051763 0.08688842 0.1148918 0.9952199 0.4152623 0.1608795 0.3125827
34 0.1507702 0.1358337 0.2162595 0.1818837 0.203811 0.1262518 0.1229307 0.1208657 0.7213773 0.5971465 0.1788333 0.2298869
35 0.1947801 0.1432372 0.2785677 0.1908365 0.3525656 0.1866777 0.142363 0.2761282 0.7045776 0.5481192 0.2964544 0.4336158
36 0.1566288 0.1066547 0.2184646 0.1431248 0.2014397 0.1058521 0.08392655 0.1265506 0.8845724 0.5892233 0.2208031 0.3180938
37 0.1558017 0.1851605 0.2151999 0.1929095 0.2296712 0.1450901 0.1446866 0.1717082 0.8469171 0.6509384 0.3114711 0.5462261
38 0.1881335 0.1543042 0.2571454 0.1859232 0.2632409 0.1346807 0.1179398 0.1666919 0.6327912 0.6403033 0.248098 0.3365843
39 0.1516073 0.1263982 0.2275757 0.1759887 0.2297416 0.1301252 0.1264042 0.1269188 0.648785 0.4555363 0.145164 0.1825498
40 0.1489687 0.1402266 0.2110653 0.1837629 0.1897438 0.1120988 0.1245659 0.1280295 0.8510309 0.5032374 0.1775185 0.2612773
41 0.152571 0.09357389 0.2219465 0.131895 0.2210847 0.1111289 0.07687142 0.09917228 0.7098066 0.4490563 0.2502874 0.3031459
42 0.1530754 0.1450636 0.2055441 0.1843042 0.1924054 0.1221381 0.1415532 0.1238728 0.7413425 0.4730515 0.129353 0.197374
43 0.1707383 0.1143833 0.2543075 0.1687991 0.2586142 0.1331085 0.1129593 0.1703078 0.6675472 0.4665973 0.2022871 0.2616704
44 0.1516138 0.1289488 0.2110477 0.1631214 0.2006546 0.1105683 0.09719645 0.1220878 0.7904845 0.4605473 0.1769815 0.304468
45 0.1380823 0.1340385 0.2051894 0.1935709 0.202775 0.1349695 0.1402188 0.1613458 0.6639417 0.4521394 0.1891715 0.267319
46 0.1858347 0.07845667 0.2524494 0.1678062 0.2533754 0.1247337 0.1168195 NaN 0.484006 0.3473526 NaN NaN
47 0.1535912 0.1353811 0.2066145 0.1728844 0.1849048 0.1140072 0.107888 0.1478634 0.746256 0.4936493 0.2830788 0.3889
48 0.2014391 0.1500028 0.2633717 0.1861694 0.2723523 0.1377734 0.1234343 0.1761096 0.7187746 0.579685 0.2111771 0.2789238
49 0.1700251 0.1051943 0.2539019 0.1583531 0.2703437 0.1328658 0.1045083 0.1351349 0.7563979 0.4713353 0.1667219 0.2435513
50 0.1436998 0.1545496 0.1993256 0.1896649 0.1825767 0.1143981 0.1254448 0.1106576 0.7995645 0.5753569 0.2510334 0.3459682
51 0.1653368 0.1514651 0.2199896 0.1925243 0.2302408 0.1441675 0.1563051 0.1337526 0.6272437 0.479438 0.131732 0.1601352
52 0.1536582 0.1441144 0.2221465 0.1977072 0.2120635 0.1323246 0.142164 0.1519013 0.6696659 0.5931305 0.2064617 0.2361008
53 0.1556965 0.1025364 0.2345193 0.1433598 0.2255986 0.1095838 0.08271228 0.139033 0.7280431 0.4982228 0.2721875 0.4111208
54 0.1614028 0.1134481 0.2258335 0.1557755 0.2238628 0.1158522 0.119866 0.1136443 0.6592483 0.4779648 0.1256232 0.1726574
55 0.1685198 0.1017391 0.2504542 0.1430623 0.2630458 0.1216827 0.09189669 0.1139324 0.7323844 0.5223779 0.1797622 0.2348823
56 0.1788118 0.1447129 0.2562815 0.1795953 0.2749955 0.1462578 0.1214841 0.1792408 0.7240394 0.6088946 0.1553203 0.2668139
57 0.1647596 0.1422496 0.2048835 0.1661812 0.1743516 0.1053778 0.09802649 0.112798 0.9570163 0.6166906 0.2496405 0.416179
58 0.1817801 0.1142662 0.2514554 0.1500066 0.2490887 0.1069542 0.08814408 0.1069463 0.8784496 0.5840336 0.3373455 0.3610207
59 0.1634819 0.124507 0.2416611 0.1606422 0.251045 0.1216695 0.0955278 0.1366082 0.8534693 0.5424854 0.1628681 0.3034752
60 0.1898833 0.110248 0.2607122 0.1473414 0.2599008 0.1124607 0.08319941 0.1262508 0.6761921 0.4719937 0.1746042 0.2364432
61 0.1637833 0.1195996 0.2346542 0.1599932 0.2454544 0.1312809 0.106642 0.128853 0.7213006 0.4915813 0.211762 0.242339
62 0.1922534 0.1844586 0.275612 0.224684 0.3820455 0.2470434 0.2013249 0.3418249 0.4521179 0.3993819 0.1708791 0.2312151
63 0.1412195 0.127841 0.2165308 0.185454 0.1941016 0.1180119 0.1194712 0.141138 0.6426832 0.4582296 0.1636821 0.2018978
64 0.1888572 0.1328807 0.2652207 0.1609333 0.2918769 0.1337188 0.1035124 0.1337758 0.6471636 0.4930504 0.1771394 0.2661046
65 0.168704 0.1404386 0.2370938 0.1813907 0.2518053 0.1439383 0.1255025 0.1375407 0.5773 0.4688759 0.1743499 0.2297461
66 0.166052 0.1261437 0.2336924 0.1713863 0.2535797 0.1377688 0.1177342 0.1209652 0.5749121 0.5518521 0.1457589 0.1657452
67 0.1550522 0.1201409 0.2225182 0.1496149 0.2088231 0.11036 0.08660451 0.1516195 0.9928769 0.5248594 0.2658689 0.4702091
68 0.1501036 0.1282682 0.2087732 0.1714425 0.1882921 0.1103373 0.1134324 0.1024543 0.5945229 0.4289627 0.1552201 0.175523
69 0.1790883 0.1586066 0.2412463 0.1791016 0.2380811 0.1352791 0.1070798 0.1635566 0.7326713 0.6020008 0.2765177 0.4593073
70 0.1651846 0.1102207 0.2397976 0.1533631 0.230753 0.115312 0.09942714 0.1234857 0.6255104 0.6653659 0.1501259 0.1811463
71 0.1677752 0.1177803 0.2323442 0.152536 0.218464 0.1121819 0.08627477 0.1238422 1.290414 0.4981231 0.1493119 0.3321256
72 0.181311 0.1193719 0.2694977 0.164145 0.2925143 0.1320757 0.1176409 0.1161772 0.4770666 0.4472071 0.1273879 0.1594541
73 0.1571003 0.1144981 0.219313 0.1542463 0.1895771 0.09720641 0.09016206 0.1019339 0.6942102 0.5421488 0.1808345 0.2348463
74 0.177395 0.203818 0.2515416 0.2064601 0.2762157 0.1460977 0.1480754 0.2041525 0.7663476 0.5666636 0.2565208 0.4558902
75 0.1481347 0.1240623 0.2308528 0.1830953 0.2218542 0.1280849 0.1213817 0.1379705 0.5023744 0.4429251 0.2383386 0.2543565
76 0.1467075 0.1131095 0.2127493 0.1553289 0.1995561 0.1077702 0.104388 0.1231563 0.7698921 0.4985517 0.1745811 0.2446419
77 0.1765976 0.1306698 0.2467891 0.1574576 0.2657945 0.1433034 0.09709349 0.1302873 0.9934658 0.5671643 0.2217965 0.4017989
78 0.1838314 0.1112956 0.2545522 0.150359 0.2578922 0.1193166 0.09043294 0.1280591 0.7711289 0.516911 0.1737196 0.2431941
79 0.2092922 0.2418546 0.2773035 0.2007426 0.3037659 0.1961992 0.1232914 0.3110242 1.043077 0.6965148 0.4761074 0.8859142
80 0.2122279 0.1461181 0.2817186 0.1854852 0.3292655 0.1646054 0.1292181 0.1504962 0.5781261 0.472825 0.1144255 0.1350819
81 0.1392946 0.09221062 0.2058074 0.1375558 0.1814504 0.09033665 0.07396352 0.1075637 1.111924 0.6801217 0.2615488 0.4688465
82 0.1485269 0.07979551 0.2068626 0.1515231 0.1740102 0.09102124 0.08919245 0.05631689 NaN NaN NaN NaN
83 0.1557196 0.1059756 0.2338279 0.152633 0.2476546 0.1352083 0.1055987 0.1269275 0.7097689 0.6121982 0.1845424 0.2529189
84 0.1860166 0.1299686 0.2622581 0.176976 0.2870334 0.1621662 0.1153114 0.143081 0.5585024 0.5140164 0.1492171 0.1639046
85 0.1803426 0.1167985 0.2403443 0.1496088 0.2433582 0.1206221 0.09675826 0.118711 0.9086344 0.5073437 0.129679 0.2182463
86 0.1642335 0.1349019 0.2437955 0.1921033 0.2490358 0.1453439 0.140711 0.1631976 0.6278458 0.5541153 0.191416 0.2159399
87 0.1333316 0.1174511 0.2021738 0.171547 0.1742529 0.1015785 0.1060312 0.13123 0.6731868 0.5819941 0.2715806 0.3505895
88 0.1715658 0.1356063 0.2384438 0.1774983 0.2487905 0.1432893 0.1241375 0.1829493 0.7213283 0.5937212 0.1896327 0.271336
89 0.1634794 NaN 0.2459907 NaN NaN NaN 0.1243012 NaN NaN NaN NaN NaN
90 0.1914969 0.1786901 0.2497184 0.1909328 0.2470683 0.1313948 0.1153807 0.1900861 1.072295 0.4477053 0.3837198 0.6119035
91 0.1579683 0.138477 0.2143861 0.1675797 0.1961299 0.1173289 0.1060517 0.1417906 0.8822225 0.4560912 0.212332 0.4030466
92 0.1442653 0.1210682 0.2083575 0.1620943 0.191831 0.1097422 0.1034659 0.1183571 0.8899387 0.6984353 0.1857339 0.292015
93 0.1602222 0.13079 0.2128667 0.1508466 0.1810074 0.09155196 0.07681924 0.1004386 1.107288 0.4834463 0.2639854 0.4371206
94 0.1705918 0.1231161 0.2473979 0.1700662 0.2575022 0.1314043 0.1165694 0.1421286 0.5255754 0.5699387 0.1728477 0.2051001
95 0.172044 0.1008631 0.2430575 0.1391222 0.2322412 0.1013629 0.07839987 0.1222527 0.70188 0.4926033 0.2101048 0.2795138
96 0.1546846 0.1218136 0.2133909 0.1620436 0.2000559 0.1146238 0.1017781 0.1249166 0.7827989 0.6127504 0.1717966 0.2603196
97 0.1527569 0.1067951 0.2198693 0.1480492 0.2144181 0.1140768 0.1019909 0.1129415 0.6670869 0.4861168 0.1626029 0.2520492
98 0.1608785 0.1221384 0.2287807 0.1508796 0.2163849 0.1145609 0.08637029 0.1383211 0.9690903 0.5258426 0.238275 0.4190705
99 0.2144109 0.1583018 0.309491 0.2275289 0.3556075 0.1906364 0.1803509 0.1428218 0.4016082 0.4710642 0.1670324 0.1491079
100 0.1851565 0.1389273 0.24478 0.1665648 0.243984 0.1265887 0.1068789 0.1618422 0.8215594 0.6260804 0.1839813 0.3275191
