1 0.1404767 0.1037143 0.1986379 0.1465869 0.143068 0.07087147 0.07808663 0.0581065 1.779932 0.794925 0.5016093 0.131649 0.1889159
3 0.1223745 0.09445201 0.1825613 0.1347937 0.1150102 0.05954122 0.05943073 0.05415497 1.466148 0.840535 0.4786024 0.1558564 0.236718
4 0.1313566 0.1059018 0.1844295 0.1426579 0.1189907 0.06287799 0.06715662 0.0596229 0.8870741 0.8026132 0.4495761 0.1313767 0.1876754
5 0.1262439 0.1223939 0.1787831 0.1635389 0.1120823 0.07060602 0.08850755 0.06201346 1.401523 0.6001008 0.4250026 0.1204192 0.1555551
6 0.1411453 0.1103769 0.2048528 0.1555993 0.1506628 0.07933933 0.07989464 0.06038223 2.339673 0.927959 0.5026954 0.1352818 0.2362731
7 0.1342615 0.08969368 0.1917229 0.123816 0.13036 0.06172143 0.05223033 0.05357552 1.361268 0.7203417 0.5170638 0.1482287 0.1808493
8 0.1161706 0.08502698 0.166395 0.1223054 0.1040533 0.05312648 0.05033109 0.05760379 1.502791 0.7563387 0.4611079 0.1578837 0.2144778
9 0.1144128 0.09751129 0.1632872 0.1383609 0.09434844 0.05688433 0.07038884 0.05239423 2.142762 0.7212168 0.4264609 0.1492428 0.1952359
11 0.1412593 0.09611495 0.1964435 0.1327379 0.1372261 0.06831578 0.06171225 0.05660336 3.641224 0.7429092 0.4783267 0.1691856 0.2343756
12 0.1408064 0.09547089 0.208769 0.1341376 0.1683078 0.06763243 0.05823411 0.0614016 0.9478586 0.72428 0.4859047 0.1947511 0.277756
14 0.1459732 0.1156823 0.1987628 0.1563665 0.1326307 0.07798609 0.08356474 0.07038843 1.423211 0.7802439 0.4564508 0.1122401 0.1692915
16 0.1377624 0.09003948 0.1940361 0.1187755 0.1296311 0.05718307 0.04585898 0.04675323 1.102804 0.7868914 0.4970461 0.146427 0.2110819
17 0.1276434 0.09872737 0.1819379 0.1367867 0.1164245 0.06245602 0.06328324 0.06360301 1.486018 0.9257863 0.4823924 0.1571935 0.2465683
18 0.1453676 0.09498 0.204716 0.1332612 0.1521279 0.06629298 0.0605054 0.05220908 0.9194227 0.830786 0.5290251 0.1416838 0.1914904
19 0.1259522 0.09284117 0.172738 0.1245602 0.1072561 0.05744828 0.05280946 0.05363458 1.041065 0.6587706 0.5067495 0.1616638 0.2146938
20 0.1254069 0.0936094 0.1682597 0.1238264 0.1000686 0.0533992 0.05179871 0.05439001 1.176291 0.8056281 0.5712924 0.1397688 0.2008495
22 0.1268007 0.1051849 0.1824926 0.1395539 0.1227736 0.0674502 0.0664014 0.07084196 0.9203131 0.6948836 0.488944 0.1400824 0.2067994
23 0.1321473 0.09896403 0.1934575 0.1368946 0.123872 0.06366752 0.06525946 0.05735575 1.346095 0.8323852 0.5246876 0.1549755 0.2168442
24 0.1245713 0.1041046 0.177712 0.1444065 0.1094958 0.06297604 0.07324355 0.05566204 1.464098 0.6694714 0.5532646 0.1335765 0.1475065
25 0.1368727 0.1040386 0.1913915 0.14248 0.1266467 0.07117701 0.0693408 0.06937008 0.8803607 0.5499944 0.3969293 0.1209412 0.1487376
26 0.1476757 0.1012689 0.2072969 0.1396585 0.1424298 0.06903645 0.06541065 0.06420367 1.060231 0.8404569 0.5206941 0.1280071 0.1874681
27 0.1166953 0.08943285 0.1646444 0.1227206 0.09288872 0.04926867 0.04654349 0.05818732 1.204128 0.7616562 0.4781247 0.1480797 0.2091223
28 0.1377199 0.09481243 0.1909707 0.1289466 0.1272215 0.06036308 0.0578448 0.05015459 1.122141 0.8180177 0.4819434 0.1733781 0.2253436
29 0.1450344 0.1343061 0.205045 0.1786092 0.1470391 0.08927713 0.1070941 0.06723252 1.356054 0.7194154 0.4640566 0.1432743 0.2121449
31 0.1410814 0.1031584 0.193262 0.1380179 0.1363479 0.07044257 0.06314195 0.06659046 1.653107 0.6781387 0.4636406 0.1326571 0.166601
32 0.1533779 0.09816114 0.2163342 0.1334347 0.171053 0.07510344 0.06098913 0.06376237 1.807586 0.7127653 0.4508458 0.1166637 0.1619832
34 0.1439656 0.09803131 0.2018448 0.1367373 0.1370948 0.06958595 0.06217629 0.05324646 1.486689 0.4378291 0.4463979 0.1198948 0.1190535
35 0.1458398 0.09087291 0.2103737 0.1277533 0.1516569 0.06874031 0.05522557 0.05398298 0.8653962 0.8404675 0.4722258 0.1328849 0.196522
36 0.1362372 0.09202766 0.195883 0.1303948 0.1342246 0.06444359 0.05615705 0.05399735 1.241636 0.7505583 0.5625842 0.1812679 0.2262812
37 0.1252576 0.1098333 0.1724425 0.1471536 0.1059185 0.064107 0.07333058 0.05915782 2.98265 1.038056 0.4838653 0.1561814 0.2447314
39 0.1311104 0.1167024 0.1845569 0.1648965 0.1242928 0.07935827 0.100213 0.06413843 1.531896 0.6605692 0.4498078 0.1324693 0.1736628
40 0.1486519 0.1146722 0.2053815 0.1493251 0.1446649 0.07575757 0.06884681 0.06489732 2.849456 1.035699 0.6399579 0.1328472 0.23434
41 0.1329627 0.09048986 0.1759702 0.120588 0.1070605 0.05397697 0.04973799 0.05699235 0.7409308 0.6078279 0.5128103 0.1386849 0.1538316
42 0.1258015 0.1140686 0.1804748 0.1588241 0.1117984 0.06863623 0.08391174 0.05780131 1.056416 0.6529607 0.4432904 0.112549 0.1495179
43 0.1418333 0.1026883 0.2107706 0.1415097 0.1484869 0.07438142 0.06851762 0.07367848 1.049115 0.947646 0.5687177 0.1421433 0.2388134
44 0.1570728 0.1173301 0.2120533 0.1540798 0.160904 0.08107036 0.08215443 0.0521612 1.972143 0.7263879 0.5271728 0.1595682 0.2094372
45 0.1222724 0.1107166 0.1746999 0.1503174 0.1063837 0.06506526 0.07997711 0.05593881 1.351368 0.6949 0.5514275 0.1380525 0.1816229
47 0.1347833 0.09724374 0.1922132 0.1384415 0.1402645 0.06650063 0.06357695 0.05210556 3.962027 0.7949441 0.52519 0.2701565 0.3338826
48 0.1403805 0.09709804 0.2074505 0.1438145 0.1430155 0.07174707 0.06430462 0.07022721 0.943737 0.6419772 0.4284048 0.1119046 0.150094
49 0.1396783 0.09908332 0.1987814 0.1377416 0.1348319 0.07072362 0.06329818 0.0596382 1.795045 0.7654429 0.4813769 0.1336413 0.1854527
50 0.1236902 0.09267252 0.1755955 0.1302769 0.1017125 0.0584821 0.05691147 0.05414835 1.708478 0.8545867 0.5277565 0.157678 0.1958291
51 0.1232062 0.09021618 0.1752348 0.1231646 0.1004245 0.05201557 0.04594846 0.05900854 0.8650069 0.7934091 0.5513664 0.125315 0.1756876
53 0.1520577 0.09866842 0.2106135 0.134513 0.1580401 0.06991827 0.05906561 0.04891588 3.354451 0.8159732 0.4880578 0.1605485 0.2036602
54 0.1598091 0.1079027 0.2275463 0.1507517 0.1877492 0.08311734 0.07664139 0.056175 2.452144 0.6473744 0.5024658 0.1423769 0.1832315
55 0.1234576 0.09858317 0.1801257 0.1407975 0.1138144 0.06448424 0.06291042 0.05988811 0.9527972 0.5295106 0.533083 0.1358107 0.1496778
56 0.1428616 0.1060676 0.2032227 0.1489828 0.1437821 0.07645363 0.07702795 0.07633571 3.001411 0.7066891 0.4012579 0.1394711 0.1839019
57 0.155669 0.09979072 0.2178872 0.1336332 0.1560855 0.06815861 0.0588703 0.0479612 1.116927 0.6533873 0.4650069 0.1453709 0.177403
58 0.1207057 0.09130754 0.1707404 0.1268361 0.1015676 0.05379467 0.0553325 0.04780414 0.9637816 0.7460423 0.4494007 0.1359668 0.1820727
59 0.1369056 0.1142503 0.1941598 0.1590824 0.1343738 0.0859456 0.08685718 0.07595217 1.709695 0.7526713 0.4025734 0.1120673 0.1720783
60 0.1224698 0.1032634 0.1700895 0.1350706 0.1015213 0.05753933 0.05898113 0.05979719 0.9216167 0.833386 0.5080628 0.1314416 0.2196712
61 0.137715 0.09876572 0.1852804 0.1286562 0.1127839 0.05480447 0.0522491 0.06455839 0.76665 0.6936196 0.5310707 0.1117327 0.1458265
63 0.1414933 0.1000842 0.1963502 0.1369286 0.1408726 0.07069479 0.06905207 0.06976596 0.7490511 0.5804883 0.4331871 0.102919 0.1358159
64 0.1384503 0.1134573 0.1899012 0.1508085 0.1287619 0.0752024 0.07536647 0.05887229 1.659872 0.6732734 0.4036581 0.1227626 0.1793655
65 0.1463363 0.1096503 0.2037818 0.1464809 0.1449766 0.07112881 0.07132678 0.06454385 1.25507 0.7170363 0.5158924 0.1235051 0.171465
66 0.1201297 0.1001058 0.1659398 0.1345785 0.09958627 0.05845362 0.06005973 0.06564406 0.8098433 0.953938 0.4628542 0.1270858 0.1777463
67 0.1490033 0.1138079 0.2106337 0.1564956 0.1563163 0.0827536 0.07984164 0.06790799 1.308878 0.6643547 0.5404652 0.1460093 0.1989908
68 0.1253863 0.1166476 0.1743381 0.1564028 0.107293 0.07057081 0.08441932 0.06409849 1.538711 0.7568849 0.4909857 0.1423691 0.2131175
69 0.1384646 0.1069769 0.1936298 0.1432716 0.127603 0.06630685 0.06785145 0.05844368 2.134431 0.7890858 0.4637374 0.1390515 0.200465
70 0.1381757 0.1058584 0.1950317 0.1445872 0.1235328 0.06703933 0.07440899 0.06532998 0.8728548 0.7645266 0.6059419 0.1276513 0.1671959
71 0.1307191 0.1118237 0.1881739 0.1581591 0.1232449 0.07940983 0.08982466 0.0558421 1.352929 0.6676987 0.5217759 0.1363829 0.1848738
72 0.1418236 0.1209316 0.1993867 0.1614912 0.1379779 0.08573079 0.0920509 0.05843732 2.21305 0.7899422 0.517963 0.1328635 0.2016234
73 0.1271542 0.1061082 0.1789956 0.1403111 0.111673 0.06362838 0.06344983 0.05335022 2.04728 0.7797518 0.4635185 0.1566316 0.2247987
74 0.1409155 0.118021 0.1962774 0.156937 0.1287471 0.07530552 0.07823031 0.0662949 1.646731 0.6272061 0.4735248 0.1253566 0.151055
75 0.1378511 0.1186825 0.192355 0.1535073 0.1313082 0.07266564 0.07586978 0.06538491 1.170841 0.761518 0.4649799 0.1462147 0.230846
76 0.1506401 0.09819608 0.2117769 0.1349111 0.1564973 0.0711235 0.06187217 0.04486174 1.264551 0.6233726 0.4033806 0.1316487 0.1672549
77 0.1401312 0.09272116 0.2084283 0.1307711 0.148244 0.06638334 0.05636917 0.05972679 0.9556571 0.741363 0.4895232 0.155351 0.1937141
78 0.1490523 0.09129605 0.2089141 0.121997 0.1539935 0.06563044 0.04975544 0.06259373 3.580969 0.8970582 0.4626839 0.1414085 0.232116
79 0.1304911 0.1134613 0.1874356 0.1556657 0.1224569 0.0722758 0.08432881 0.06246367 1.286661 0.6789495 0.4320014 0.1178518 0.1667704
80 0.1333694 0.1000014 0.1976412 0.141183 0.1384992 0.07331374 0.06662622 0.06153157 1.168648 0.7916777 0.4853054 0.1276295 0.1928071
81 0.1303474 0.09296242 0.1902873 0.1322055 0.1248097 0.06450772 0.05776998 0.05386677 1.459565 0.7917582 0.4521814 0.1440266 0.2065769
82 0.1324286 0.08345059 0.1846649 0.116265 0.1300427 0.05475652 0.04435613 0.06185103 0.7997498 0.6657745 0.4914632 0.1390714 0.1746558
83 0.1498395 0.1117137 0.20493 0.1468487 0.1442787 0.0712088 0.07035934 0.06959917 0.8118979 0.7037354 0.5543302 0.1360724 0.164179
84 0.1591247 0.1046017 0.2301589 0.144128 0.1801173 0.08142028 0.06904604 0.05689747 1.502402 0.8330553 0.4766947 0.1414958 0.2041055
85 0.1472122 0.09834052 0.2140408 0.1409064 0.1567359 0.07578913 0.07008616 0.04869596 1.2878 0.8487749 0.5191719 0.1908018 0.2429461
86 0.1252021 0.09448707 0.1777854 0.1316849 0.1123653 0.05994613 0.058739 0.05920074 1.263777 0.8649175 0.4646994 0.1497259 0.1940991
87 0.145413 0.1057228 0.1998558 0.1397168 0.1433469 0.07764075 0.07005991 0.06212463 1.180886 0.8154961 0.4746897 0.1214529 0.2376244
88 0.1403059 0.107102 0.1992301 0.1543782 0.1361934 0.07637486 0.08364997 0.05909821 0.9836353 0.5208613 0.4662667 0.1112511 0.1242431
89 0.141083 0.1100764 0.1977444 0.1492954 0.138437 0.07091567 0.07773775 0.05284491 2.305986 0.7342852 0.4380453 0.1462786 0.2067807
90 0.1301618 0.08727798 0.1847837 0.1206212 0.1203341 0.05561853 0.0476843 0.05177372 1.194737 0.7193485 0.4965522 0.1782997 0.2204802
91 0.1205427 0.1054648 0.1670803 0.1373593 0.1020592 0.05969949 0.06226005 0.06450205 1.183887 0.7639926 0.4449403 0.1333356 0.184252
92 0.1258851 0.1148067 0.1752651 0.1574468 0.1084246 0.06819227 0.08178757 0.06051333 1.090521 0.6407346 0.419907 0.1352248 0.1791729
93 0.1261119 0.1040807 0.1733734 0.1384687 0.1135732 0.06498511 0.06992202 0.05651056 1.024817 0.5806546 0.5360512 0.150384 0.1786865
94 0.1301633 0.1151932 0.1790623 0.1506233 0.1115173 0.06548574 0.07014021 0.06375428 1.636485 0.7977957 0.4660589 0.1463442 0.2090121
95 0.1259882 0.08613413 0.1730936 0.1196211 0.1030029 0.05314238 0.05026457 0.05809978 0.6400463 0.6359712 0.4790714 0.09566131 0.140247
96 0.1556234 0.1024811 0.2187215 0.1430118 0.1636708 0.07776462 0.06865613 0.05793195 3.882421 0.7920386 0.4237892 0.1093775 0.1767865
97 0.1384108 0.1040434 0.1896314 0.1368661 0.1204097 0.06428865 0.0584725 0.05537231 1.284676 0.6259262 0.4706332 0.1229212 0.1480996
98 0.1344999 0.117256 0.1944485 0.166863 0.1279004 0.0789742 0.09195194 0.0585933 2.827194 0.6506387 0.4298972 0.1573531 0.1943977
99 0.1405401 0.09488661 0.1921864 0.129241 0.129221 0.05832777 0.0594747 0.04958797 1.102179 0.7408204 0.5067988 0.1426207 0.1812262
101 0.1548192 0.1100396 0.2124053 0.148959 0.1565229 0.07650775 0.07383697 0.05121537 1.889646 0.8979837 0.541145 0.163704 0.2168887
102 0.1294534 0.09046302 0.1855204 0.1272788 0.1240733 0.0622466 0.05836725 0.05430694 1.783513 0.881672 0.5214504 0.1353266 0.2093408
104 0.1366753 0.0938177 0.2094899 0.1349348 0.147211 0.06960984 0.05952706 0.06866158 1.538607 0.8615107 0.533598 0.1845725 0.2789042
105 0.1443301 0.09623359 0.2044648 0.1312887 0.1502405 0.07030923 0.0600122 0.06342013 1.049384 0.6642234 0.5247183 0.1870013 0.2588566
106 0.1576917 0.1028818 0.2214396 0.1405452 0.1753604 0.07507588 0.06590703 0.06445883 1.256443 0.7757296 0.4726157 0.1254517 0.1856877
107 0.1316389 0.09047801 0.1926163 0.1291578 0.1261409 0.05881476 0.05481154 0.04924029 1.298235 0.8885291 0.5264096 0.1768717 0.2210708
108 0.1387449 0.08987603 0.1935384 0.1236903 0.1277754 0.05787441 0.05032119 0.0533056 2.353013 0.8972391 0.4686495 0.1420479 0.1929466
109 0.1356683 0.102828 0.1915222 0.1408966 0.1298257 0.06894061 0.06649468 0.0681103 2.791085 0.9745156 0.4454616 0.1395171 0.2336376
110 0.1353356 0.09349947 0.1899624 0.119713 0.1266039 0.05645767 0.04697249 0.05236318 3.123783 1.026122 0.6100875 0.2354176 0.3316507
111 0.1341797 0.1041269 0.198728 0.1545622 0.1345827 0.07958014 0.07971706 0.06993151 1.235277 0.5723879 0.4491992 0.1428574 0.1510725
112 0.1639195 0.1177211 0.2278483 0.1589368 0.1793664 0.08893637 0.08317018 0.06944728 1.273931 0.6767571 0.4810946 0.1896429 0.2226305
113 0.1346473 0.113746 0.1885206 0.1506857 0.1262341 0.0738523 0.07953164 0.05533347 1.982295 0.6915426 0.4129505 0.1435199 0.2043656
