1 5.581232 -0.3402241 -0.4200825 -0.7284046 1.006882 0.5204656 0.250374 0.2863904 -1.728571 -0.740379 0.2476212 -0.5010894
3 5.438932 -0.6655428 -0.3930914 -0.4277393 0.950779 0.2775711 0.1352983 0.1864548 -1.70599 -0.955184 0.4334008 -0.7319457
4 5.545246 -0.5858788 -0.3181028 -0.3570625 1.247295 0.470181 0.1861204 0.2550413 -2.68796 -0.7177933 0.4695241 -0.5273107
5 5.176073 -0.3434058 0.2277313 -0.8503861 1.124277 0.2727823 0.2973195 0.453232 -1.002696 -1.516856 0.4733974 -0.8311716
6 5.227289 -0.2750688 -0.09699166 -0.6316718 1.09309 0.4621796 0.1177276 0.2740822 -1.658171 -1.02584 0.2711754 -0.5110781
7 5.638308 -0.4596201 -0.674772 -0.6214873 0.9067697 0.6897452 0.3003249 0.1748373 -1.72902 -1.277418 0.3409699 -0.5698855
8 5.128023 -0.327655 0.2433182 -0.7622276 0.9893067 0.3833643 0.1260611 0.1306811 -1.862516 -0.4915683 0.3345254 -0.6303264
9 5.2627 -0.4497771 0.01935375 -0.3983411 0.8715154 0.1542329 0.1907867 0.3844323 -1.573239 -0.19704 0.3971568 -0.7696925
11 5.177051 -0.2267135 0.003957206 -0.6530027 0.8764177 0.4386938 0.2455795 0.1950871 -0.6852756 -1.21276 0.3968469 -0.916115
12 4.85574 -0.3112447 0.6643295 -0.5708393 1.137698 1.526463 0.3793568 0.1441098 -2.368036 -0.6624266 0.4348572 -0.6190202
14 5.612904 -0.5982428 -0.2505803 -0.7620907 1.27138 0.1423181 0.09941315 0.3691134 -2.064235 -0.9115082 0.3654241 -0.5314151
16 5.536789 -0.3499282 -0.4196003 -0.8202787 0.9084723 0.6588449 0.2235929 0.1239386 -1.547051 -1.376704 0.4692667 -0.7073629
17 5.175574 -0.3307204 -0.1181294 -0.6015568 1.03664 0.3448309 0.2611491 0.2305986 -2.432083 -1.041669 0.4402676 -0.5120285
18 5.34076 -0.327945 -0.3725493 -0.5351262 1.10949 0.7450874 0.1440116 0.1859755 -2.255366 -0.434223 0.2412962 -0.486196
19 5.34484 -0.4777405 -0.02620321 -0.6717657 0.9312525 0.5143647 0.4016 0.3601243 -0.3192211 -1.670437 0.3433786 -0.9980339
20 5.247382 -0.419792 0.2228729 -0.5016364 0.98551 0.2966562 0.1867716 0.1841861 -2.207608 -1.69723 0.2497304 -0.3507396
22 5.153337 -0.5614439 0.2851219 -0.5007571 1.275847 0.4954763 0.3207745 0.2391097 -1.073046 -1.855367 0.4744239 -0.8647792
23 5.251224 -0.1483419 -0.04505027 -0.8771437 1.054812 0.2645079 0.2177728 0.3064596 -1.575491 -1.323097 0.518977 -0.8202886
24 5.510462 -0.3426631 -0.4894988 -0.9393917 0.9813133 0.2059619 0.2619935 0.4986575 -2.174052 -0.7886892 0.2658436 -0.4955496
25 5.51561 -0.4540479 -0.279814 -0.7925155 1.39519 0.8384631 0.5564589 0.4578475 -1.914316 -0.6297573 0.603788 -0.8810972
26 5.332286 -0.1868618 0.07551715 -0.7619463 1.23976 0.3224844 0.2368026 0.23705 -1.624759 -1.144423 0.2350172 -0.5202543
27 5.452888 -0.5510593 -0.2983136 -0.4015214 0.9823024 0.3334725 0.24012 0.197317 -2.015096 -1.291469 0.5293694 -0.7017146
28 5.368486 -0.4734564 -0.1530478 -0.499238 1.036323 0.4416033 0.1665891 0.2017824 -2.103018 -0.6916284 0.5106848 -0.7904594
29 5.430033 -0.5467279 -0.4270181 -0.3178989 1.266517 0.3336019 0.2619709 0.4993515 -2.277786 -1.163107 0.4175053 -0.49984
31 5.379054 -0.2902569 -0.1607253 -0.7454554 1.104598 0.4212656 0.2524833 0.2026423 -1.724249 -1.035969 0.3308467 -0.5401587
32 5.448964 -0.5451236 -0.3086943 -0.5677523 1.150185 0.7117115 0.06426053 0.2216914 -1.890164 -0.9722609 0.2682541 -0.4493303
34 4.970699 -0.505773 0.1198593 -0.4033606 0.9058496 0.6777851 0.5018382 0.3858272 -2.008753 -1.062543 0.2112426 -0.3646885
35 5.365364 -0.4039183 0.09822378 -0.6053977 1.111271 0.7142402 0.1838532 0.1901729 -3.761368 -0.6458118 0.2952497 -0.08491799
36 5.262648 -0.4843067 0.1425882 -0.529792 1.021877 0.604828 0.2104089 0.1448372 -2.351801 -1.130001 0.5135994 -0.7646003
37 5.342864 -0.2917376 0.05138699 -0.7068555 0.9394702 0.1997047 0.1815365 0.2776478 -3.215469 -0.5826529 0.4116016 -0.3411358
39 5.404557 -0.3432842 -0.1355746 -0.6640294 1.109126 0.2909 0.1272591 0.5483105 -1.608753 -1.003384 0.3552845 -0.6086521
40 5.554653 -0.3166566 -0.2023229 -0.9092256 1.043552 0.3598831 0.1685976 0.1928459 -2.351448 -1.943523 0.2997555 -0.3109453
41 5.3339 -0.2642423 -0.08725198 -0.686881 1.248416 0.5592899 0.2825795 0.1711441 -1.988607 -0.9213214 0.1231774 -0.3856695
42 5.561684 -0.4569233 -0.2079124 -0.6779266 1.102237 0.3286177 0.2630395 0.3600117 -1.540087 -0.8289681 0.2337933 -0.4961438
43 5.615182 -0.3377936 -0.4531581 -0.7097609 1.445344 0.4383347 0.2693889 0.255209 -2.33207 -1.048862 0.5588533 -0.7329053
44 5.332838 -0.6078073 0.001581873 -0.213973 0.9492137 0.6515024 0.1149505 0.3497829 -1.91426 -1.466076 0.3902741 -0.6048463
45 5.273356 -0.5085751 -0.002540954 -0.5595646 1.043789 0.4223094 0.2236115 0.4060715 -1.895059 -1.441793 0.2393806 -0.4798073
47 5.184616 -0.5539783 0.04757154 -0.6511858 0.8582462 0.4615238 0.2136271 0.1884916 -2.788239 -0.5405831 0.6483911 -0.8318746
48 5.520292 -0.4754416 -0.5797394 -0.4655793 1.408654 0.5241042 0.2895574 0.2402726 -1.915082 -1.037258 0.421157 -0.5733279
49 5.501273 -0.3407395 -0.435497 -0.5964287 1.012245 0.3842626 0.3280306 0.335152 -1.994701 -0.9105911 0.3346742 -0.5088048
50 5.250117 -0.4512025 0.01235496 -0.4640527 0.8509048 0.3513331 0.3211955 0.3023644 -3.374563 -0.6957579 0.3365971 -0.288384
51 5.50913 -0.4391996 -0.04003344 -0.5416157 1.220709 0.4113327 0.3120194 0.2532745 -2.527147 -1.306975 0.2489502 -0.3299598
53 5.471001 -0.2094463 -0.3619702 -0.8340631 0.8153957 0.690184 0.2652735 0.1841717 -3.182501 -0.2115772 0.3990553 -0.3662512
54 5.480887 -0.51544 -0.07405343 -0.5185765 1.057017 0.7449545 0.1858589 0.2544968 -1.000913 -1.203925 0.2901141 -0.7767383
55 5.207024 -0.222836 -0.514328 -0.7449546 1.143992 0.6455137 0.3815069 0.2502992 -1.226507 -1.997995 0.2985744 -0.5824434
56 5.421331 -0.6167437 -0.2822271 -0.3586174 1.169852 0.2684842 0.1609765 0.2369185 -0.9845452 -0.3352205 0.4523139 -1.009288
57 5.305528 -0.4874284 -0.06424876 -0.4062809 0.9600431 0.7734831 0.3323124 0.1957953 -2.843668 -0.9718816 0.4199609 -0.399283
58 5.296422 -0.190441 0.1801731 -0.8247777 0.9492511 0.2848468 0.2013867 0.2955398 -1.918399 -0.5208209 0.3595945 -0.5907277
59 5.194309 -0.2259349 0.08035779 -0.781811 1.302998 0.2743823 0.1542883 0.2437707 -2.374413 -0.2209313 0.3439472 -0.4312863
60 5.292601 -0.3106972 0.2769179 -0.7992121 1.076117 0.2526425 0.2173319 0.2965095 -1.382392 -1.428354 0.2628214 -0.5321955
61 5.554259 -0.4327531 -0.2687862 -0.6000611 1.263258 0.4100277 0.2980246 0.2612847 -2.39207 -1.629891 0.247607 -0.2605058
63 5.073878 -0.175042 -0.1317558 -0.7590407 1.478752 0.432973 0.2840989 0.3123147 -1.705813 -0.8238085 0.1278916 -0.3741759
64 5.380446 -0.5260266 -0.07448679 -0.4853505 1.0988 0.2307352 0.1181967 0.2650617 -1.027756 -1.313394 0.464953 -0.7986026
65 5.387836 -0.4638604 -0.2544397 -0.6302849 1.218642 0.5848397 0.2455978 0.2238301 -0.8081021 -1.956923 0.3708679 -0.7900896
66 5.356368 -0.4245504 -0.1076833 -0.6074141 1.304195 0.1500618 0.1281759 0.2052884 -3.378624 -0.132872 0.3618497 -0.2988436
67 5.472715 -0.6250066 -0.07802735 -0.4781653 1.288709 0.6512579 0.3440378 0.2852238 -0.6248498 -1.788583 0.2471943 -0.7937958
68 5.491846 -0.6506698 -0.2382891 -0.3861715 1.143134 0.1626011 0.1262224 0.3630928 0.110508 -2.024551 0.4597896 -1.151348
69 5.325928 -0.2226082 -0.2011946 -0.6844772 1.025236 0.3449101 0.2292427 0.2412053 -1.868445 -1.262965 0.5375961 -0.6803852
70 5.473211 -0.4054674 -0.7700434 -0.6417653 1.241405 0.2628595 0.2900563 0.623973 -1.62732 -1.936483 0.3333814 -0.6109728
71 5.590505 -0.5328198 -0.1798245 -0.896472 1.053519 0.2498199 0.08451444 0.4686408 -1.361546 -0.9928966 0.2149357 -0.6022479
72 5.392432 -0.5303493 0.01686259 -0.4152353 1.105853 0.4201856 0.001435771 0.3675478 -0.4483459 -2.2146 0.4019809 -0.861839
73 5.157347 -0.2049611 0.0915554 -0.7516114 0.9302632 0.2987821 0.2037933 0.2389747 -2.009849 -1.322996 0.5704825 -0.6735382
74 5.509335 -0.5050137 -0.1891544 -0.7012063 1.117334 0.3779939 0.3142969 0.3641498 -2.296163 -1.585402 0.4683936 -0.4869848
75 5.337848 -0.5753789 -0.0845817 -0.2769268 1.213218 0.2417469 0.2647577 0.657518 -1.005623 -1.381732 0.502104 -0.9643445
76 5.396409 -0.5543626 -0.1149215 -0.4951696 0.9487838 0.8712728 0.2188483 0.1749827 -1.976291 -0.8663063 0.5137422 -0.6547167
77 5.23415 -0.2292215 0.1392378 -0.7006814 1.258088 0.7227792 0.3187175 0.2147771 -2.839677 -0.6961705 0.4641524 -0.5296407
78 5.374245 -0.3294805 0.1130995 -0.5666877 0.9399265 0.6007304 0.2217961 0.1053481 -1.506206 -0.9957699 0.3284916 -0.5974782
79 5.275646 -0.3551053 -0.1770937 -0.6606128 1.155358 0.2074856 0.1648842 0.4824181 -1.452247 -0.9056664 0.3146085 -0.595405
80 5.374634 -0.3648341 -0.07373276 -0.5346006 1.126572 0.4721051 0.2642814 0.2132087 -1.080023 -1.461574 0.3125792 -0.6418708
81 5.389951 -0.5553109 0.1228672 -0.5245504 0.983264 0.3544004 0.1349176 0.1521867 -1.289727 -1.453974 0.472865 -0.7780653
82 5.179873 -0.370527 0.05732459 -0.6670471 1.143519 1.001065 0.3229347 0.119023 -2.623246 -0.3514131 0.2160409 -0.36416
83 5.30623 -0.2054022 -0.06329876 -0.8290591 1.402308 0.6581749 0.3426198 0.2698668 -2.461396 -1.331607 0.3254876 -0.4287009
84 5.41185 -0.3595447 -0.5042131 -0.3963105 1.102625 0.7611268 0.1317528 0.3170338 -2.380965 -1.338728 0.4538576 -0.4819996
85 5.215513 -0.4411646 -0.1524156 -0.5794409 1.002683 0.6372173 0.1984166 0.4053646 -3.498469 -0.6496293 0.4775526 -0.3907769
86 5.219384 -0.5339681 -0.2867539 -0.3658921 1.160219 0.3352919 0.1094115 0.2563752 -3.254031 -0.4541068 0.4949808 -0.4661835
87 5.466044 -0.5551629 -0.086924 -0.5994737 1.185624 0.5032776 0.1158377 0.2035408 0.2583255 -1.809522 0.322082 -0.9775095
88 5.231687 -0.664484 -0.04124971 -0.3217621 1.178135 0.4006824 0.2892118 0.4329642 -1.706566 -1.252082 0.1712643 -0.4051186
89 5.402636 -0.4588736 -0.08258724 -0.3931342 0.940204 0.4381255 0.2426609 0.3031581 -2.005077 -0.5560511 0.2899648 -0.5021075
90 5.425487 -0.5585761 -0.1313329 -0.488869 0.9468948 0.5660193 0.250507 0.1541751 -1.87286 -1.270427 0.5397046 -0.8045404
91 5.535098 -0.5538084 -0.1148875 -0.5362101 1.064246 0.1755534 0.1764686 0.3044391 -2.08343 -1.213251 0.4528825 -0.5427622
92 4.993898 -0.2586508 0.1768307 -0.688055 1.132822 0.2615032 0.2350806 0.4005108 -1.733154 -0.7259287 0.3955119 -0.6595538
93 5.103284 -0.3936977 0.07987636 -0.6910519 1.05161 0.5392285 0.1653625 0.4250833 -1.483039 -1.561892 0.2572773 -0.5729785
94 5.15034 -0.4938072 0.1832925 -0.6049335 1.041403 0.293665 0.2296497 0.2462533 -2.563389 -1.187057 0.5788675 -0.606592
95 5.470604 -0.454473 -0.3636846 -0.6397414 1.459012 0.22203 0.1720053 0.354504 0.03147683 -1.951749 0.1754433 -0.7321487
96 5.320103 -0.3574551 -0.1068688 -0.4595495 0.9509983 0.4850909 0.1802567 0.1588495 -2.324229 -0.8293336 0.1770192 -0.2155434
97 5.346065 -0.4745981 -0.3143047 -0.3329588 0.9621111 0.5098263 0.362788 0.2977354 -2.482156 -1.011292 0.2328312 -0.2816103
98 5.404502 -0.481797 -0.1635491 -0.4623023 0.9797043 0.2988051 0.3061594 0.4635311 -2.369638 -0.512455 0.5584756 -0.7115889
99 5.360393 -0.4027821 -0.1768176 -0.7180976 0.9348916 0.4533632 0.2396028 0.2664835 -1.611207 -0.7913936 0.2595378 -0.6178255
101 5.483935 -0.4393015 -0.3512224 -0.4224894 1.011054 0.8638543 0.09097263 0.3418041 -3.563593 -0.7321723 0.3411991 -0.236879
102 5.579832 -0.2354237 -0.2791525 -0.9610104 0.9754211 0.427064 0.1058485 0.2088012 -0.4614107 -1.321886 0.3905613 -0.8790251
104 5.266913 -0.4591186 0.000188806 -0.2921111 1.24919 0.3386748 0.24562 0.297087 -1.757394 -1.258165 0.5344773 -0.8807055
105 5.455797 -0.6059983 -0.2014013 -0.3286797 1.156286 0.6380892 0.3233708 0.2230136 -1.257121 -1.744033 0.4641087 -0.8434527
106 5.256004 -0.2289275 0.08546917 -0.8853888 1.211917 0.7653443 0.1718183 0.2061391 -2.420372 -0.7472871 0.2622668 -0.3476646
107 5.357736 -0.3218251 0.1027249 -0.7243259 0.9265054 0.5270547 0.2788889 0.2236368 -2.817112 -0.8465333 0.5106288 -0.5849113
108 5.50133 -0.2193477 -0.2066155 -0.635815 0.8556199 0.4099467 0.2183084 0.1740363 -2.417928 -0.02028598 0.3809507 -0.5547657
109 5.464316 -0.5391782 -0.2846675 -0.2855513 1.07405 0.2651262 0.1480203 0.1845056 -3.146213 -0.2634235 0.3400728 -0.2984908
110 5.344428 -0.2466251 0.1200723 -0.7143593 0.824555 0.3738015 0.1670365 0.1318812 -2.891178 -1.727451 0.5218 -0.478026
111 5.218986 -0.6327977 -0.1248589 -0.2131178 1.308553 0.4305721 0.3296583 0.4378149 -2.961124 -0.09083762 0.3811754 -0.4708755
112 5.280199 -0.5087146 -0.248141 -0.6352991 1.353488 0.4946349 0.2656416 0.4906754 -3.138078 -0.8900718 0.7821833 -0.8423091
113 5.462808 -0.6191717 -0.2764592 -0.4142038 0.9894231 0.226222 0.17713 0.3527655 -1.980118 -0.9267929 0.5570359 -0.7234996
