1 5.542995 -0.3209309 -0.3834899 -0.6953863 0.5079186 0.4611914 0.137853 0.2553713 6.41728 -2.172019 -0.5366983 0.1917112 -0.3421909
3 5.473984 -0.6145298 -0.4467645 -0.4998266 0.4349863 0.3549493 0.02238209 0.2064781 5.571917 -2.46504 -0.6357834 0.2741062 -0.3548084
4 5.4799 -0.5159096 -0.2633063 -0.4280843 0.4869008 0.3236204 0.07397797 0.2125009 4.257691 -3.481142 -0.5630485 0.3173738 -0.1631622
5 5.116896 -0.2285711 0.2210916 -0.8403422 0.510602 0.2750487 0.1282876 0.3202533 5.479803 -1.561795 -1.156933 0.279825 -0.4422903
6 5.305959 -0.2677627 -0.1979031 -0.5989133 0.5631644 0.4661573 0.04815599 0.2922824 8.040488 -2.315058 -0.782979 0.1874352 -0.2751247
7 5.589833 -0.407365 -0.4591953 -0.6969138 0.4592076 0.4162582 0.1493344 0.1491061 5.432814 -2.014876 -1.130183 0.265973 -0.4144787
8 5.299301 -0.3805946 0.06561498 -0.6424554 0.5144819 0.1946865 0.08288371 0.1289314 6.048853 -2.291698 -0.3353698 0.2611363 -0.4379893
9 5.273341 -0.4625935 0.03280246 -0.4043614 0.4758311 0.2014345 0.1440515 0.2247966 7.443358 -2.03223 -0.02720039 0.2466943 -0.4752152
11 5.177232 -0.2068648 0.006146578 -0.6249144 0.5115941 0.452701 0.1559174 0.1962859 9.694375 -1.118302 -1.043754 0.273332 -0.6518579
12 4.916519 -0.2970743 0.3576307 -0.5507544 0.5060342 0.5321128 0.1955428 0.1664837 4.394248 -2.560734 -0.6108781 0.328384 -0.438366
14 5.476782 -0.4504679 -0.1744319 -0.830189 0.5821775 0.3605026 0.02088642 0.286133 5.544089 -2.914866 -0.5337471 0.2543524 -0.2001583
16 5.454561 -0.3663709 -0.2977042 -0.7417635 0.3944253 0.4788115 0.07436122 0.1302362 4.90355 -2.17291 -1.098973 0.3425559 -0.4161162
17 5.109072 -0.2577212 0.009442337 -0.5733339 0.5414522 0.2699016 0.185091 0.1747261 5.753789 -3.136615 -0.8259861 0.3244574 -0.2201344
18 5.257287 -0.2667649 -0.2119823 -0.6822957 0.419467 0.551088 0.02195457 0.2085622 4.2175 -2.711392 -0.2445253 0.1695625 -0.3033583
19 5.232224 -0.5087464 0.1135142 -0.5352945 0.4378836 0.2858201 0.1368926 0.1661222 4.534843 -0.7187598 -1.434833 0.1947822 -0.6824572
20 5.251729 -0.3981153 0.1825393 -0.4844388 0.4805682 0.2194328 0.100766 0.1443692 5.230275 -2.427043 -1.66775 0.2232584 -0.2703373
22 5.176669 -0.5216204 0.1690733 -0.5398113 0.5473147 0.2573847 0.1809912 0.1685305 4.200583 -1.683173 -1.617447 0.3494659 -0.5156194
23 5.251766 -0.2217063 -0.01147866 -0.8436073 0.4764447 0.4044411 0.06299669 0.2114703 5.455593 -2.412225 -0.8468058 0.338306 -0.4202994
24 5.451495 -0.2711449 -0.3640294 -0.8201324 0.5022724 0.2699122 0.1316382 0.2573759 5.98995 -2.42017 -0.5667685 0.1796917 -0.3448816
25 5.447312 -0.3116899 -0.2355634 -0.7060353 0.5389453 0.3282266 0.1430318 0.1842418 4.197746 -2.385371 -0.2712993 0.3120686 -0.3709075
26 5.428616 -0.2539247 -0.04659001 -0.6485079 0.5274315 0.4657139 0.07913509 0.2051834 4.783311 -2.187745 -0.9587456 0.1744364 -0.3244263
27 5.363387 -0.4828537 -0.2480285 -0.5350794 0.4684059 0.2038887 0.1281692 0.1184227 5.111456 -2.579277 -1.076694 0.3886607 -0.3915
28 5.352271 -0.454353 -0.08653099 -0.5160284 0.4292838 0.4357915 0.0343353 0.1890554 5.01259 -2.740674 -0.4453711 0.3364311 -0.4198297
29 5.502208 -0.4100872 -0.5267316 -0.4530993 0.559591 0.4492711 0.06589402 0.4080456 5.444944 -2.708744 -1.02838 0.280997 -0.2378831
31 5.318366 -0.2400775 -0.02541155 -0.7717426 0.5878237 0.3333073 0.1677411 0.1638797 6.317002 -2.030669 -0.8699945 0.2412408 -0.3688497
32 5.433178 -0.5211338 -0.2714509 -0.5183935 0.568976 0.5695069 0.05760549 0.1644144 6.62123 -2.401834 -0.753671 0.1840391 -0.2349716
34 4.989931 -0.4527881 0.1967893 -0.4256312 0.4566195 0.4998682 0.3120211 0.2113573 5.968854 -2.070372 -1.007135 0.1477089 -0.2785965
35 5.183691 -0.322914 0.2233926 -0.7603425 0.4478552 0.559482 0.04202587 0.1671174 4.222905 -3.900345 -0.6122255 0.2740406 -0.03547304
36 5.181027 -0.3491496 0.1666091 -0.6415996 0.469155 0.4498495 0.03512679 0.1797471 5.316506 -2.679653 -1.043124 0.3560261 -0.4724033
37 5.347616 -0.1844899 0.04549175 -0.7967541 0.5503899 0.2210714 0.1096534 0.24949 8.990973 -3.814428 -0.4253848 0.3227106 -0.1214122
39 5.466982 -0.2523895 -0.2562573 -0.7288797 0.5340974 0.30286 0.06192133 0.3588824 5.618017 -1.996236 -0.8210673 0.2254067 -0.3658947
40 5.561825 -0.2939033 -0.2822893 -0.8197854 0.5882782 0.4492755 0.06135826 0.2181707 8.77448 -2.822898 -1.779622 0.2598102 -0.1717639
41 5.469646 -0.258992 -0.2379835 -0.725298 0.4818553 0.2666166 0.145533 0.1362761 3.815538 -2.09256 -0.8981187 0.1187691 -0.3542342
42 5.468452 -0.426322 -0.1436892 -0.6274935 0.4679592 0.3092111 0.06371549 0.321248 4.721543 -1.900658 -0.6521981 0.1710547 -0.3396843
43 5.517594 -0.2358409 -0.3987118 -0.7786875 0.6092322 0.4325451 0.163084 0.1981304 4.722743 -3.03033 -0.5897823 0.390045 -0.3712216
44 5.347143 -0.4532669 -0.04860734 -0.3487561 0.4699799 0.5948734 -0.004743829 0.3046062 6.732653 -2.30283 -1.4244 0.2627149 -0.3517208
45 5.287067 -0.4417135 -0.1842083 -0.5437971 0.4964326 0.2562849 0.1006635 0.2931282 5.546375 -2.239442 -1.320384 0.1511759 -0.2925699
47 5.223407 -0.4885759 0.04024451 -0.6465161 0.4987229 0.4392683 0.1214873 0.2314559 10.64826 -3.073884 -0.3356145 0.4756877 -0.5409439
48 5.441396 -0.390329 -0.4023444 -0.5017701 0.5574744 0.4371352 0.1126904 0.1870855 4.428807 -2.61333 -0.7088147 0.2405941 -0.20719
49 5.525641 -0.3236473 -0.4243252 -0.644114 0.5377405 0.4151539 0.2257623 0.1935435 6.801701 -2.461781 -0.7300484 0.2389003 -0.2972711
50 5.210357 -0.3601427 -0.02483219 -0.588341 0.4686678 0.2835078 0.2236025 0.1848165 6.388387 -3.62484 -0.6522372 0.2866898 -0.1763526
51 5.458196 -0.3510985 -0.04628847 -0.5739169 0.4846056 0.2570655 0.1707849 0.1379397 4.243444 -2.884806 -1.195529 0.1980845 -0.1948134
53 5.468577 -0.1896156 -0.3792995 -0.8387726 0.4653887 0.618436 0.1108241 0.2056623 9.881705 -3.45698 -0.08704082 0.3237325 -0.2308054
54 5.447903 -0.4527653 -0.11874 -0.500701 0.5295028 0.7236988 0.05525736 0.2845006 8.363461 -1.329621 -1.064929 0.2009889 -0.5695598
55 5.266839 -0.1248377 -0.2881303 -0.9327786 0.4857187 0.2977289 0.2089943 0.2116373 4.442022 -1.439093 -1.856189 0.2340758 -0.4527451
56 5.398268 -0.534911 -0.2011164 -0.4352423 0.6282205 0.4009301 0.06246814 0.213015 8.5825 -1.512611 -0.2031046 0.2951318 -0.6164963
57 5.416945 -0.4566767 -0.174449 -0.3801566 0.3944333 0.6543882 0.1344111 0.2060768 4.90653 -3.090105 -0.9443254 0.3146577 -0.2207793
58 5.352019 -0.213406 0.09459412 -0.7368689 0.3805933 0.3090475 0.0703047 0.1893987 4.362474 -2.396766 -0.3154102 0.2400566 -0.3508452
59 5.217498 -0.1863823 -0.1056381 -0.7841277 0.6777466 0.2676805 0.02006609 0.272461 6.599042 -2.995605 -0.02824725 0.2497442 -0.1897595
60 5.314035 -0.333013 0.1816894 -0.7160948 0.4600276 0.2342555 0.08165915 0.1848774 4.116301 -1.798887 -1.286713 0.2031617 -0.3685632
61 5.432725 -0.3142306 -0.17178 -0.7190109 0.4994388 0.3020839 0.1260422 0.1346886 3.782408 -2.708699 -1.54054 0.2033268 -0.1448276
63 5.171018 -0.04399451 -0.1080286 -0.9308616 0.5449692 0.3720356 0.1259783 0.1880642 3.650609 -1.994779 -0.7449849 0.08326666 -0.2499133
64 5.406397 -0.494495 -0.09044523 -0.4994136 0.4877591 0.3787323 -0.04160085 0.2556074 6.170376 -1.66862 -1.128598 0.3062524 -0.4320774
65 5.463864 -0.4758002 -0.311963 -0.5717348 0.5243585 0.4658445 0.05755163 0.2213853 5.166604 -1.636936 -1.519932 0.2307308 -0.4089993
66 5.388329 -0.3568067 -0.1950437 -0.5778669 0.5304324 0.1488447 0.0807822 0.1656336 3.974449 -4.122342 0.0462526 0.3233077 -0.09430206
67 5.397281 -0.5404935 -0.01914831 -0.5350383 0.5967623 0.4843429 0.08145315 0.2820379 5.661421 -0.8898189 -1.63335 0.1585349 -0.594652
68 5.427317 -0.4954852 -0.2897366 -0.5096797 0.5304605 0.2270213 0.02003514 0.2842319 5.917347 -0.6713928 -1.639834 0.2639673 -0.6587564
69 5.250396 -0.1575935 -0.1836114 -0.7001666 0.5234297 0.3890187 0.136186 0.2102185 7.673878 -2.781311 -0.9011431 0.3393038 -0.262903
70 5.349851 -0.2887349 -0.4895476 -0.5993286 0.5122559 0.3656622 0.1320105 0.2407157 4.065468 -2.41561 -1.434835 0.1971966 -0.2668457
71 5.596235 -0.5676997 -0.152868 -0.7801924 0.4866882 0.3640959 0.0243346 0.3380709 5.642546 -1.627794 -0.8345991 0.163671 -0.4737191
72 5.363363 -0.4100065 -0.06490679 -0.4304599 0.5414835 0.435024 -0.1096258 0.3337968 7.858029 -1.225127 -1.851811 0.2524105 -0.4794881
73 5.166381 -0.1077038 0.00229153 -0.807098 0.4859256 0.311925 0.04518803 0.2121045 7.482695 -2.594432 -1.071232 0.36167 -0.3107133
74 5.526791 -0.3667621 -0.279933 -0.7071652 0.555118 0.3696078 0.1754576 0.2748365 6.209727 -2.654003 -1.401764 0.3271938 -0.241244
75 5.350782 -0.414842 -0.1234509 -0.5072692 0.535814 0.3559639 0.0533811 0.2447683 5.048163 -1.627912 -1.213168 0.2789779 -0.4854042
76 5.411664 -0.4756521 -0.1594938 -0.4827175 0.3677998 0.6491474 -0.00375143 0.2038607 5.315998 -2.410484 -0.6648542 0.2877437 -0.2913114
77 5.26383 -0.2358839 -0.08936603 -0.6487606 0.5147123 0.4906153 0.07726028 0.1680445 4.629459 -3.208868 -0.511838 0.3075767 -0.2709413
78 5.332369 -0.2899159 0.1105133 -0.5986894 0.5709939 0.5153867 0.1682263 0.1022412 9.889817 -2.150724 -0.822347 0.2358154 -0.3482708
79 5.316838 -0.2257662 -0.1300922 -0.7784115 0.511969 0.3337405 0.0534012 0.2908423 5.242057 -2.032185 -0.6499532 0.191753 -0.3127746
80 5.45189 -0.3159711 -0.1867114 -0.5129918 0.5103298 0.406494 0.1076918 0.2067445 4.968395 -1.777783 -1.182333 0.2024198 -0.3561168
81 5.433344 -0.4999539 -0.006133013 -0.5390441 0.4502507 0.4030155 -0.01141908 0.190884 5.811783 -2.019233 -1.170237 0.3086056 -0.4032906
82 5.176839 -0.2886865 0.1317489 -0.6531593 0.5132812 0.326953 0.1491817 0.09453001 3.938193 -2.777239 -0.2915426 0.1637653 -0.2679334
83 5.282017 -0.1036023 -0.002837014 -0.8502651 0.5497704 0.4378256 0.1181875 0.236508 3.840935 -2.819662 -1.212867 0.2301229 -0.237327
84 5.366714 -0.2250885 -0.4012051 -0.5829055 0.4969992 0.7213402 -0.02380705 0.2344526 6.043627 -3.099962 -1.132541 0.3187207 -0.1772719
85 5.23422 -0.2891253 -0.06107199 -0.6717966 0.4364389 0.6197762 0.02872575 0.2564883 5.489944 -3.826519 -0.5106403 0.3384914 -0.1666983
86 5.110333 -0.3890259 -0.02327552 -0.535792 0.5110098 0.2723073 0.08228641 0.1697214 5.265943 -3.968817 -0.3031124 0.3658022 -0.1414684
87 5.352945 -0.4088194 -0.03993923 -0.6949433 0.5077988 0.4416271 0.04279011 0.2030356 4.999814 -0.4522537 -1.441091 0.225031 -0.6589507
88 5.205665 -0.4519073 0.2354666 -0.537203 0.4771553 0.4395301 0.07511191 0.3048852 4.416663 -1.951653 -1.184644 0.1147923 -0.2731215
89 5.258234 -0.4076757 0.09776906 -0.4755696 0.4883179 0.4659581 0.1221074 0.292144 7.835948 -2.368844 -0.488573 0.2014507 -0.3149991
90 5.327085 -0.5197481 -0.01619085 -0.4715194 0.4411192 0.3821957 0.1309126 0.1398031 5.165991 -2.230817 -1.1248 0.3778871 -0.5113275
91 5.537178 -0.4137303 -0.1965588 -0.5785786 0.5031537 0.1804704 0.08267244 0.1742872 4.688878 -2.68782 -1.016737 0.3083179 -0.2379068
92 5.056302 -0.2314992 0.09165967 -0.725446 0.4939481 0.2535497 0.08936676 0.2961267 4.777265 -2.162792 -0.596825 0.2719455 -0.3950932
93 5.126569 -0.4377923 0.06321972 -0.5354096 0.4886605 0.2564952 0.1507437 0.2190045 4.581184 -1.701742 -1.428044 0.2006044 -0.4515432
94 5.249588 -0.3376279 0.06516099 -0.7551399 0.5249705 0.2608761 0.1138262 0.2259541 6.133849 -3.242152 -0.910432 0.4049813 -0.2401285
95 5.407909 -0.4513184 -0.30751 -0.5327791 0.4412699 0.2604515 0.0696081 0.1216182 3.37414 -0.8177914 -1.491186 0.1094803 -0.4396221
96 5.307533 -0.3111507 -0.1034777 -0.4712743 0.5343051 0.6406153 0.03972959 0.2378646 10.9174 -2.512999 -0.7905336 0.1615219 -0.1591547
97 5.420999 -0.2571741 -0.3822019 -0.5905387 0.4718152 0.3769764 0.2002889 0.1987916 5.345601 -2.690924 -0.9825205 0.1744121 -0.1698624
98 5.438621 -0.4427931 -0.19295 -0.4088519 0.5239076 0.4058495 0.1283089 0.3754798 9.007054 -2.737112 -0.3029518 0.3398489 -0.364807
99 5.359922 -0.3905742 -0.1464799 -0.7270977 0.4021276 0.4599577 0.09728271 0.2008272 4.676006 -2.068791 -0.5523018 0.1713006 -0.4058187
101 5.503451 -0.4131046 -0.2518809 -0.4940794 0.4831378 0.5991336 0.04111464 0.2951321 7.187893 -3.896894 -0.644484 0.27077 -0.09550985
102 5.483706 -0.1995904 -0.09298459 -1.015632 0.4711199 0.3627154 0.07656389 0.1574982 6.374797 -1.52274 -0.7344911 0.2279107 -0.4639131
104 5.233107 -0.3239575 0.103013 -0.5514209 0.6121864 0.4285676 0.1069397 0.1563628 6.242607 -2.427636 -0.9980304 0.2745356 -0.3913346
105 5.485352 -0.5425192 -0.2038658 -0.4132079 0.5124026 0.4775809 0.1748455 0.1702258 4.544243 -1.601785 -1.530808 0.281268 -0.5177377
106 5.40065 -0.2565843 -0.04869973 -0.8893323 0.5336044 0.6220422 0.06257953 0.2100296 5.127524 -2.831696 -0.6074196 0.1969679 -0.1886723
107 5.346021 -0.2710657 0.1332474 -0.7651531 0.4193913 0.4493686 0.1492329 0.1850192 5.465321 -3.461488 -0.6035992 0.3394993 -0.2573725
108 5.466382 -0.1654451 -0.2246674 -0.6994106 0.4601074 0.4465002 0.1165384 0.1484076 7.600657 -3.06131 0.1604774 0.2878039 -0.3137245
109 5.429541 -0.5024407 -0.2532441 -0.319185 0.6262911 0.3123728 0.06071135 0.1858178 8.628233 -3.603416 -0.1790723 0.2962724 -0.1504209
110 5.411132 -0.3122881 0.05891586 -0.6479646 0.4984783 0.402968 0.08853742 0.1075271 9.246776 -3.176353 -1.6641 0.4645144 -0.353597
111 5.266365 -0.4419986 -0.1960047 -0.3602095 0.6063427 0.339918 0.1554261 0.2598399 5.370202 -3.028931 -0.1019944 0.2392702 -0.2732387
112 5.338507 -0.4820404 -0.2947032 -0.4561049 0.5717209 0.6312009 0.01857438 0.284443 5.213956 -3.277478 -0.4833939 0.4922805 -0.4207467
113 5.421466 -0.5087028 -0.1440784 -0.4556151 0.4959924 0.3569607 0.03385562 0.2752043 7.161813 -2.4608 -0.7245701 0.3868395 -0.3895563
