1 1.568598 1.373489 1.28916 3.041507 1.520801 1.382179
2 4.743146 3.208509 3.041585 7.720294 3.301631 3.316102
3 1.44382 1.110126 1.070832 4.068213 1.127525 1.056169
4 3.399152 2.298015 2.123013 5.343634 2.154326 2.065719
5 6.242702 4.797863 4.809409 8.243689 4.924094 4.961381
6 1.594956 1.907182 1.849204 2.77658 1.894827 1.918249
7 3.905712 1.984302 1.450556 5.05764 2.102961 1.89864
8 1.594499 1.531723 1.548375 2.823995 1.66 1.588945
9 3.948505 3.250571 3.405153 4.945069 3.219569 3.196971
10 1.505513 1.13379 1.093107 2.328677 1.176113 1.175835
11 1.108945 0.8970406 0.8826171 1.847632 0.8846373 0.8215257
12 2.330024 1.858737 1.760719 4.167198 1.749073 1.715087
13 1.600273 1.09389 1.123305 2.986484 1.115088 1.0641
14 2.22807 1.399234 1.365833 3.519974 1.355223 1.324174
15 2.516453 1.967791 2.059703 4.017512 2.163676 2.163823
16 4.416124 3.64344 3.548277 5.469338 3.31373 3.345446
17 2.134824 1.638775 1.511061 2.867035 1.482996 1.468123
18 2.177647 2.115862 2.322311 3.099516 2.09806 2.04485
19 1.131539 0.9398654 1.041593 2.752082 1.130371 1.104601
20 2.334451 1.454665 1.500077 2.842488 1.195916 1.253871
21 0.8432284 0.6741463 0.6435017 1.56424 0.5560919 0.6876623
22 2.157601 1.334875 1.555317 2.763714 1.32849 1.206658
23 2.963226 2.535968 2.44184 3.852025 2.429533 2.557816
24 1.632354 1.216603 1.380471 2.7123 1.259874 1.251683
25 1.727947 1.247285 1.441132 1.439838 1.189462 1.241535
26 5.519028 4.938412 5.003734 6.567835 5.861152 5.590451
27 3.528316 1.958368 1.913646 7.221395 2.002805 1.950728
28 2.591655 1.635932 1.707026 5.545821 1.640005 1.706852
29 1.998909 1.41944 1.532636 2.079091 1.418079 1.386609
30 1.990881 1.531907 1.551232 3.231254 1.388961 1.60839
31 3.602534 2.294912 2.23783 6.353663 2.372572 2.625264
32 4.088659 3.23913 3.357717 5.343568 3.145538 3.190484
33 0.959828 0.8670246 0.9096098 1.199947 0.9045415 0.8944043
34 2.873456 2.369741 2.217431 3.742496 2.228565 2.343439
35 3.063391 1.895083 1.951729 5.160858 2.199753 2.254229
36 2.433257 1.283048 1.370117 3.252697 1.439199 1.557928
37 4.032042 2.719721 2.639804 5.911659 2.936818 2.949531
38 2.89959 2.247731 2.014769 3.631103 1.770288 1.811445
39 1.015003 1.004561 1.02144 1.662392 1.097542 1.046183
40 1.16559 0.8244931 0.9509576 1.098829 0.8233268 0.7673283
41 2.211616 1.394009 1.358263 3.273733 1.318668 1.300398
42 2.85902 2.522437 2.57234 3.760778 2.494504 2.531857
43 2.882234 1.969465 1.976422 5.928917 2.154274 2.230331
44 0.6904699 0.487297 0.5047107 1.812446 0.426943 0.5491673
45 2.833868 2.784502 2.688818 3.973159 2.749778 2.847868
46 2.280609 1.949083 1.853299 5.100118 1.71585 1.869747
47 3.068734 1.9364 2.078502 4.496779 1.993252 2.164987
48 1.469748 1.023532 0.9499274 3.982588 0.9439333 1.038238
49 1.716486 1.514674 1.425627 3.122269 1.657609 1.627056
50 2.338579 2.574812 2.525009 2.857218 2.418631 2.450796
51 2.070937 1.542097 1.233648 2.959582 1.856125 1.724285
52 2.336257 1.353178 1.28566 5.23044 1.343215 1.263986
53 1.374798 1.078156 1.029571 2.804943 1.210859 1.162283
54 1.575678 0.893761 0.9408311 2.049615 1.053211 1.04046
55 1.54483 1.204395 1.293347 2.166043 1.176704 1.216514
56 2.187323 1.548792 1.650705 3.752622 1.863873 1.716779
57 1.286941 0.854945 0.8385195 2.603929 0.8909557 0.8924331
58 3.042147 2.523098 2.509162 4.730842 2.477907 2.586549
59 2.150386 1.383733 1.503302 3.067962 1.550863 1.494963
60 2.587965 2.190229 2.269021 3.762369 2.283239 2.286713
61 2.313306 1.670809 1.651956 2.96954 1.76897 1.623404
62 5.22799 3.277886 3.67846 5.744884 3.208609 3.068537
63 2.484849 2.107404 2.184574 3.49293 1.975186 2.074846
64 1.384489 1.411542 1.295015 2.171594 1.48996 1.446216
65 8.790802 5.675248 5.826143 8.945052 6.243843 6.035537
66 6.039942 3.603311 3.424464 4.867275 3.215559 3.294497
67 1.205027 1.061873 0.9633244 2.471126 0.9549833 1.100726
68 1.659501 1.255186 1.236717 2.008821 1.1896 1.256985
69 1.295361 0.9630934 0.9641524 2.461695 0.7925073 0.8810844
70 6.005632 3.381747 3.139068 4.452989 2.896084 2.784526
71 1.792856 1.580822 1.595242 2.324194 1.619825 1.730469
72 2.251033 1.779263 1.771799 2.519434 1.75298 1.918822
73 1.88501 1.304035 1.270751 2.740693 1.259385 1.294319
74 4.491052 3.662388 3.815162 6.591199 3.43167 3.270044
75 2.57106 1.985327 1.998503 5.090719 1.95518 1.78929
76 3.317394 2.260839 2.349492 5.318766 2.274759 2.322203
77 2.282403 1.767057 1.733897 2.532688 1.890858 1.779769
78 3.017791 2.742978 2.952849 4.777679 2.679481 2.855329
79 1.806289 1.268488 1.398485 3.689195 1.143451 1.319723
80 1.98984 1.528036 1.526765 2.473893 1.519253 1.521973
81 1.462303 0.7256292 0.7869152 3.007209 0.7552758 0.7610547
82 2.87922 2.55231 2.335382 3.660801 2.532604 2.38697
83 3.24842 1.766279 1.785625 4.915678 1.766236 1.672463
84 13.94577 5.445407 5.380617 9.696543 5.975175 6.373283
85 2.564173 2.487976 2.634138 3.093905 2.652627 2.548373
86 4.934375 3.034744 3.489391 5.15263 3.229794 3.111805
87 3.263247 2.741621 2.69687 5.386052 2.589287 2.741324
88 2.304779 1.852229 1.694444 5.168206 1.51171 1.624996
89 2.186808 1.806956 1.814416 4.349407 1.49179 1.480904
90 0.8872051 0.8113863 0.8281996 1.373402 0.8274028 0.7845731
91 1.922799 1.204158 1.146355 2.301771 1.127852 1.14988
92 5.280618 4.215484 4.297762 6.765502 4.507856 4.388105
93 1.564827 1.381294 1.479495 1.840368 1.505527 1.54584
94 0.8090953 0.4819757 0.4545837 2.503295 0.5802156 0.5553527
95 1.326443 1.04369 1.138562 2.769572 1.296331 1.310668
96 4.235541 2.713502 2.977483 6.350344 2.956329 2.926358
97 3.443296 2.130285 1.939818 4.08481 1.981084 1.832468
98 2.340664 1.773761 1.877622 3.648781 1.851394 1.751242
99 1.719065 1.49614 1.380623 3.033824 1.932855 1.887287
100 3.989649 2.789035 2.926311 4.948539 2.436986 2.62815
