1 1100001
3 1100003
4 1100004
5 1100005
6 1100006
7 1100007
8 1100008
9 1100009
11 1100011
12 1100012
14 1100014
16 1100016
17 1100017
18 1100018
19 1100019
20 1100020
22 1100022
23 1100023
24 1100024
25 1100025
26 1100026
27 1100027
28 1100028
29 1100029
31 1100031
32 1100032
34 1100034
35 1100035
36 1100036
37 1100037
39 1100039
40 1100040
41 1100041
42 1100042
43 1100043
44 1100044
45 1100045
47 1100047
48 1100048
49 1100049
50 1100050
51 1100051
53 1100053
54 1100054
55 1100055
56 1100056
57 1100057
58 1100058
59 1100059
60 1100060
61 1100061
63 1100063
64 1100064
65 1100065
66 1100066
67 1100067
68 1100068
69 1100069
70 1100070
71 1100071
72 1100072
73 1100073
74 1100074
75 1100075
76 1100076
77 1100077
78 1100078
79 1100079
80 1100080
81 1100081
82 1100082
83 1100083
84 1100084
85 1100085
86 1100086
87 1100087
88 1100088
89 1100089
90 1100090
91 1100091
92 1100092
93 1100093
94 1100094
95 1100095
96 1100096
97 1100097
98 1100098
99 1100099
101 1100101
102 1100102
104 1100104
105 1100105
106 1100106
107 1100107
108 1100108
109 1100109
110 1100110
111 1100111
112 1100112
113 1100113
