1 938.6942 941.5544 937.5731 968.6229 971.5199 967.4608
2 871.5952 874.6754 874.5084 883.8441 888.3534 888.0722
3 812.9071 810.9493 821.9971 838.6857 837.5749 848.3905
4 891.781 891.047 892.3841 906.1924 904.1901 905.4635
5 888.0007 894.0625 892.8804 938.0165 943.7827 942.5743
6 948.1394 947.9823 953.5871 1017.791 1014.94 1020.467
7 958.7392 961.2835 957.9687 990.9243 992.7055 989.4376
8 907.6847 909.5311 906.1967 950.3426 951.0487 947.6901
9 884.6155 883.2316 887.2893 924.0408 922.2775 926.3002
10 929.6317 928.4417 927.6051 954.8902 954.2465 953.5223
11 844.5778 842.6944 845.2149 876.8575 875.1877 877.7025
12 873.5263 871.6114 876.6492 878.4236 876.8251 881.829
13 910.306 913.3356 911.8249 920.4438 923.3856 921.9766
14 812.3306 812.7695 812.1299 834.7099 834.2104 833.7835
15 979.059 978.4082 974.816 1021.566 1021.643 1017.971
16 895.8025 897.4586 897.6921 905.5231 907.2335 907.464
17 798.4566 804.4618 801.1609 819.421 826.3423 822.7723
18 885.7682 887.6818 890.8947 919.6115 922.1114 925.5127
19 879.0984 877.4414 884.3174 906.4969 904.4505 911.3261
20 863.3567 863.0948 861.6673 878.5875 877.8292 876.6612
21 924.4765 929.1226 926.3261 940.51 945.9586 943.3794
22 879.8443 881.9602 881.1969 920.4318 922.5861 921.7934
23 922.8906 921.5716 918.3826 949.2181 948.3848 945.009
24 865.5795 866.4901 870.7282 905.8008 907.0991 911.5756
25 837.0063 836.0689 839.227 886.0864 884.4416 887.8239
26 900.5145 902.2005 904.0619 991.1865 989.6434 991.4995
27 905.0282 915.2276 935.5602 911.3327 922.5988 943.0105
28 954.9033 956.918 953.0613 996.0214 997.3114 993.513
29 919.1329 917.8694 922.6392 946.9943 945.6683 950.6215
30 884.0515 884.6151 883.0091 911.9471 913.2667 911.8501
31 896.69 895.538 897.6137 920.2757 919.0701 921.1564
32 953.8375 956.0469 952.469 999.9746 1001.723 998.0615
33 888.8074 890.2444 889.5244 926.5657 928.0972 927.083
34 963.2737 964.2387 962.8283 1010.536 1011.454 1010.187
35 885.0806 886.7572 890.365 909.1926 910.7218 914.2547
36 910.6077 911.8811 911.6615 958.4495 959.0165 958.7857
37 891.795 889.9267 891.339 922.7713 920.6919 922.0429
38 934.6948 932.9985 932.3913 1004.991 1002.483 1001.914
39 884.2484 885.3983 882.0044 902.8572 903.3122 899.7114
40 868.0989 866.4628 869.0163 888.4642 886.7763 889.489
41 799.3101 800.5862 801.2551 818.4052 818.8763 819.4728
42 890.1146 889.2399 892.0209 945.203 945.1267 948.0621
43 865.545 866.2238 864.5233 879.3878 880.5572 878.6118
44 947.3689 947.9301 944.9442 1000.568 1002.048 999.1406
45 886.7366 893.6792 890.7212 914.0257 918.0354 915.1081
46 907.1159 905.3758 909.2548 941.7277 939.5692 943.327
47 880.7432 880.842 876.8806 916.7238 916.5603 912.7128
48 900.7275 901.9361 900.7505 931.4433 933.3214 932.2438
49 888.0039 895.5597 895.9068 947.6796 955.0861 955.2299
50 866.8992 866.738 877.4549 892.79 891.9363 902.8137
51 998.1784 996.1908 995.1702 1016.116 1014.194 1013.144
52 917.2287 919.3217 915.4293 992.3394 994.7579 990.6843
53 934.7163 933.6494 931.844 995.173 994.0055 992.2252
54 880.3768 878.9864 883.9366 904.3588 902.436 907.2978
55 923.106 933.2082 931.2469 935.0519 945.2163 943.2833
56 946.5941 946.7361 946.8072 963.4498 963.3417 963.1631
57 912.9489 911.5844 913.7343 941.4437 939.7527 942.0714
58 920.9822 918.9953 922.4647 980.9534 978.9329 982.361
59 887.9552 892.8676 891.3296 911.5697 916.8837 915.4313
60 948.1479 946.2819 947.1013 1042.282 1040.026 1041.257
61 861.042 866.7897 863.3588 877.5737 882.7621 879.1863
62 953.7802 952.2808 955.9957 979.8985 977.9491 981.9579
63 923.1775 922.2015 929.722 961.4338 960.8276 968.3905
64 794.084 796.6368 794.6868 836.1089 838.172 835.9659
65 851.444 854.4396 857.8093 863.1308 867.1274 870.3785
66 887.7854 892.7926 896.6823 905.8522 910.0403 913.788
67 899.2628 898.1 902.98 905.8334 904.3979 909.2657
68 877.8117 880.973 877.5512 908.6749 912.106 908.6938
69 871.1966 871.2931 871.8233 882.4512 882.9836 883.6018
70 922.0794 924.2059 921.4427 927.7487 929.8888 927.2267
71 964.3234 962.922 960.2076 1068.394 1066.63 1064.136
72 865.9256 871.7254 867.7901 917.1037 921.9131 918.1557
73 923.4998 924.2528 921.1182 947.057 947.2725 943.9618
74 941.0585 941.4376 939.1876 985.9558 987.7591 985.5129
75 922.7671 921.9651 919.57 962.7294 961.7349 959.2802
76 893.487 894.9431 892.595 962.328 964.3451 961.8981
77 903.6026 902.5271 902.1682 951.2136 950.4578 950.1354
78 915.0232 922.5733 920.0887 985.6948 994.641 991.9968
79 856.1759 862.1247 858.2946 868.1043 874.7023 871.1181
80 822.0334 822.1726 820.5328 835.7186 836.1742 834.7102
81 935.0993 935.1933 931.2314 1037.171 1038.692 1034.701
82 880.7509 881.3074 879.2159 891.6167 892.0611 890.0303
83 893.8825 909.6772 906.9999 908.9147 922.098 919.5233
84 895.6853 893.7535 892.9161 910.4699 908.5333 907.7842
85 950.7056 951.3214 948.5246 978.8436 980.263 977.2216
86 886.0547 886.1455 888.0714 924.8123 923.5152 925.4257
87 890.7079 889.285 886.4965 946.4965 945.6055 942.8014
88 950.62 951.8637 949.1552 984.1334 983.9356 981.6059
89 817.6514 818.0128 818.8435 828.925 827.7746 828.6502
90 939.7645 939.9335 942.2583 962.2362 961.4015 963.774
91 846.8488 854.9514 855.5557 850.9237 858.2456 858.9323
92 922.0105 928.6895 925.0955 956.1819 959.5064 956.2526
93 906.4377 906.3418 907.0645 925.1339 924.9381 925.444
94 901.6683 899.9407 900.5087 927.7362 925.6931 926.4698
95 870.7018 869.3813 875.259 886.649 885.5334 891.1705
96 912.2202 913.3311 910.5121 922.477 923.033 920.2677
97 943.5827 943.311 940.6323 1020.138 1019.029 1016.465
98 910.2957 914.0429 916.8068 941.355 944.1121 946.7237
99 1013.014 1011.724 1013.112 1028.864 1026.834 1028.514
100 924.6107 928.6897 928.0405 945.213 947.555 947.2104
