1 963.5505 964.4986 956.6933 991.5672 992.5522 984.669
2 896.4515 897.6197 893.6287 906.7884 909.3857 905.2804
3 837.7634 833.8936 841.1173 861.6299 858.6072 865.5987
4 916.6373 913.9913 911.5043 929.1367 925.2224 922.6717
5 912.857 917.0068 912.0006 960.9607 964.815 959.7825
6 972.9957 970.9266 972.7073 1040.736 1035.973 1037.675
7 983.5955 984.2277 977.0889 1013.869 1013.738 1006.646
8 932.541 932.4754 925.3169 973.2869 972.0809 964.8983
9 909.4718 906.1759 906.4095 946.985 943.3098 943.5084
10 954.488 951.3859 946.7253 977.8345 975.2788 970.7305
11 869.4341 865.6387 864.3352 899.8018 896.2199 894.9107
12 898.3826 894.5557 895.7694 901.3678 897.8574 899.0372
13 935.1623 936.2798 930.9451 943.3881 944.4179 939.1848
14 837.1869 835.7138 831.2501 857.6542 855.2426 850.9917
15 1003.915 1001.352 993.9362 1044.51 1042.675 1035.179
16 920.6588 920.4029 916.8123 928.4674 928.2657 924.6723
17 823.3129 827.406 820.2811 842.3653 847.3745 839.9805
18 910.6245 910.6261 910.0149 942.5558 943.1436 942.7209
19 903.9547 900.3856 903.4376 929.4412 925.4827 928.5343
20 888.213 886.0391 880.7875 901.5318 898.8615 893.8694
21 949.3328 952.0669 945.4463 963.4543 966.9909 960.5876
22 904.7006 904.9045 900.3171 943.3761 943.6184 939.0016
23 947.7469 944.5159 937.5028 972.1623 969.417 962.2172
24 890.4358 889.4344 889.8484 928.7451 928.1313 928.7838
25 861.8626 859.0131 858.3473 909.0306 905.4739 905.0321
26 925.3708 925.1448 923.1821 1014.131 1010.676 1008.708
27 929.8844 938.1718 954.6804 934.277 943.631 960.2187
28 979.7596 979.8622 972.1815 1018.966 1018.344 1010.721
29 943.9892 940.8137 941.7594 969.9386 966.7005 967.8297
30 908.9078 907.5594 902.1293 934.8914 934.299 929.0583
31 921.5463 918.4823 916.7339 943.22 940.1023 938.3646
32 978.6938 978.9912 971.5893 1022.919 1022.756 1015.27
33 913.6637 913.1887 908.6447 949.51 949.1295 944.2912
34 988.13 987.1829 981.9485 1033.48 1032.486 1027.395
35 909.9369 909.7015 909.4852 932.1368 931.754 931.4629
36 935.464 934.8254 930.7817 981.3938 980.0488 975.9939
37 916.6513 912.871 910.4592 945.7156 941.7241 939.2511
38 959.5511 955.9428 951.5115 1027.935 1023.515 1019.122
39 909.1047 908.3426 901.1247 925.8014 924.3444 916.9196
40 892.9552 889.4071 888.1366 911.4084 907.8085 906.6972
41 824.1664 823.5304 820.3753 841.3494 839.9086 836.6811
42 914.9709 912.1842 911.1412 968.1472 966.159 965.2703
43 890.4013 889.1681 883.6435 902.3321 901.5895 895.82
44 972.2252 970.8744 964.0644 1023.512 1023.081 1016.349
45 911.5929 916.6235 909.8414 936.97 939.0677 932.3163
46 931.9722 928.3201 928.375 964.672 960.6015 960.5352
47 905.5995 903.7862 896.0009 939.6681 937.5925 929.921
48 925.5838 924.8804 919.8707 954.3876 954.3537 949.452
49 912.8602 918.504 915.027 970.6239 976.1183 972.4381
50 891.7555 889.6822 896.5752 915.7343 912.9686 920.0219
51 1023.035 1019.135 1014.29 1039.06 1035.226 1030.352
52 942.085 942.266 934.5495 1015.284 1015.79 1007.893
53 959.5726 956.5937 950.9642 1018.117 1015.038 1009.433
54 905.2331 901.9307 903.0568 927.3031 923.4683 924.506
55 947.9623 956.1525 950.3671 957.9961 966.2485 960.4915
56 971.4504 969.6804 965.9274 986.3941 984.374 980.3714
57 937.8052 934.5287 932.8546 964.388 960.7849 959.2796
58 945.8385 941.9395 941.5849 1003.898 999.9652 999.5692
59 912.8115 915.8119 910.4499 934.514 937.9159 932.6395
60 973.0042 969.2262 966.2215 1065.226 1061.058 1058.465
61 885.8983 889.734 882.4791 900.518 903.7943 896.3945
62 978.6365 975.2251 975.1159 1002.843 998.9813 999.1661
63 948.0338 945.1458 948.8423 984.3781 981.8599 985.5987
64 818.9403 819.581 813.8071 859.0532 859.2043 853.1741
65 876.3003 877.3839 876.9296 886.075 888.1597 887.5867
66 912.6417 915.7369 915.8025 928.7965 931.0726 930.9962
67 924.1191 921.0442 922.1003 928.7776 925.4301 926.4739
68 902.668 903.9172 896.6714 931.6192 933.1382 925.902
69 896.0529 894.2373 890.9435 905.3955 904.0158 900.81
70 946.9357 947.1502 940.5629 950.693 950.921 944.4349
71 989.1797 985.8663 979.3278 1091.338 1087.662 1081.344
72 890.7819 894.6696 886.9103 940.048 942.9454 935.3639
73 948.3561 947.1971 940.2385 970.0013 968.3048 961.17
74 965.9148 964.3818 958.3078 1008.9 1008.791 1002.721
75 947.6234 944.9094 938.6903 985.6736 982.7672 976.4884
76 918.3433 917.8874 911.7152 985.2723 985.3773 979.1063
77 928.4589 925.4714 921.2884 974.1579 971.4901 967.3436
78 939.8795 945.5176 939.2089 1008.639 1015.673 1009.205
79 881.0322 885.0689 877.4148 891.0486 895.7346 888.3263
80 846.8897 845.1169 839.6531 858.6629 857.2065 851.9184
81 959.9556 958.1376 950.3516 1060.115 1059.724 1051.909
82 905.6072 904.2517 898.3361 914.5609 913.0933 907.2385
83 918.7388 932.6215 926.1201 931.859 943.1303 936.7315
84 920.5416 916.6978 912.0363 933.4141 929.5656 924.9924
85 975.5619 974.2657 967.6449 1001.788 1001.295 994.4298
86 910.911 909.0897 907.1916 947.7566 944.5475 942.6339
87 915.5642 912.2293 905.6168 969.4408 966.6378 960.0096
88 975.4763 974.808 968.2754 1007.078 1004.968 998.8142
89 842.5077 840.957 837.9637 851.8693 848.8069 845.8584
90 964.6208 962.8778 961.3785 985.1805 982.4337 980.9822
91 871.7051 877.8957 874.6759 873.868 879.2779 876.1405
92 946.8668 951.6337 944.2158 979.1261 980.5386 973.4609
93 931.2939 929.2861 926.1847 948.0782 945.9703 942.6522
94 926.5246 922.885 919.6289 950.6805 946.7253 943.678
95 895.5581 892.3256 894.3792 909.5933 906.5657 908.3787
96 937.0765 936.2754 929.6324 945.4213 944.0652 937.4759
97 968.439 966.2553 959.7526 1043.082 1040.061 1033.674
98 935.152 936.9872 935.9271 964.2992 965.1443 963.932
99 1037.87 1034.669 1032.232 1051.808 1047.867 1045.722
100 949.467 951.634 947.1607 968.1573 968.5872 964.4186
