1 0.2
2 0.26
3 0.26
4 0.36
5 0.16
6 0.22
7 0.24
8 0.24
9 0.34
10 0.12
11 0.34
12 0.26
13 0.24
14 0.2
15 0.2
16 0.4
17 0.26
18 0.2
19 0.36
20 0.28
21 0.16
22 0.12
23 0.16
24 0.28
25 0.32
26 0.26
27 0.28
28 0.16
29 0.18
30 0.24
31 0.2
32 0.28
33 0.28
34 0.18
35 0.36
36 0.26
37 0.18
38 0.32
39 0.22
40 0.24
41 0.32
42 0.26
43 0.28
44 0.22
45 0.28
46 0.3
47 0.24
48 0.3
49 0.3
50 0.32
51 0.24
52 0.2
53 0.18
54 0.28
55 0.22
56 0.24
57 0.24
58 0.16
59 0.28
60 0.24
61 0.26
62 0.22
63 0.24
64 0.28
65 0.18
66 0.3
67 0.26
68 0.24
69 0.2
70 0.2
71 0.2
72 0.22
73 0.28
74 0.22
75 0.18
76 0.28
77 0.12
78 0.22
79 0.4
80 0.22
81 0.22
82 0.36
83 0.34
84 0.18
85 0.24
86 0.32
87 0.2
88 0.22
89 0.32
90 0.26
91 0.18
92 0.3
93 0.28
94 0.28
95 0.24
96 0.26
97 0.26
98 0.32
99 0.26
100 0.3
