1 -456.3471 -458.7772 -458.7866 -472.3115 -474.76 -474.7304
2 -422.7976 -425.3377 -427.2542 -429.9221 -433.1767 -435.0361
3 -393.4535 -393.4747 -400.9986 -407.3428 -407.7875 -415.1952
4 -432.8905 -433.5235 -436.192 -441.0962 -441.0951 -443.7318
5 -431.0003 -435.0312 -436.4402 -457.0082 -460.8914 -462.2872
6 -461.0697 -461.9911 -466.7936 -496.8956 -496.4702 -501.2333
7 -466.3696 -468.6417 -468.9843 -483.4621 -485.3528 -485.7188
8 -440.8424 -442.7656 -443.0983 -463.1713 -464.5243 -464.845
9 -429.3077 -429.6158 -433.6446 -450.0204 -450.1388 -454.1501
10 -451.8159 -452.2208 -453.8026 -465.4451 -466.1233 -467.7611
11 -409.2889 -409.3472 -412.6075 -426.4288 -426.5938 -429.8512
12 -423.7631 -423.8057 -428.3246 -427.2118 -427.4126 -431.9145
13 -442.153 -444.6678 -445.9125 -448.2219 -450.6928 -451.9883
14 -393.1653 -394.3847 -396.065 -405.355 -406.1052 -407.8917
15 -476.5295 -477.2041 -477.408 -498.7828 -499.8213 -499.9856
16 -434.9012 -436.7293 -438.846 -440.7615 -442.6167 -444.732
17 -386.2283 -390.2309 -390.5804 -397.7105 -402.1711 -402.3861
18 -429.8841 -431.8409 -435.4473 -447.8057 -450.0557 -453.7563
19 -426.5492 -426.7207 -432.1587 -441.2485 -441.2252 -446.663
20 -418.6784 -419.5474 -420.8337 -427.2937 -427.9146 -429.3306
21 -449.2383 -452.5613 -453.163 -458.255 -461.9793 -462.6897
22 -426.9222 -428.9801 -430.5984 -448.2159 -450.2931 -451.8967
23 -448.4453 -448.7858 -449.1913 -462.609 -463.1924 -463.5045
24 -419.7898 -421.2451 -425.3641 -440.9004 -442.5495 -446.7878
25 -405.5031 -406.0344 -409.6135 -431.0432 -431.2208 -434.9119
26 -437.2573 -439.1003 -442.0309 -483.5932 -483.8217 -486.7497
27 -439.5141 -445.6138 -457.7801 -443.6663 -450.2994 -462.5052
28 -464.4517 -466.459 -466.5306 -486.0107 -487.6557 -487.7565
29 -446.5665 -446.9347 -451.3196 -461.4972 -461.8341 -466.3108
30 -429.0258 -430.3076 -431.5045 -443.9736 -445.6334 -446.9251
31 -435.345 -435.769 -438.8068 -448.1379 -448.535 -451.5782
32 -463.9187 -466.0235 -466.2345 -487.9873 -489.8617 -490.0308
33 -431.4037 -433.1222 -434.7622 -451.2829 -453.0486 -454.5415
34 -468.6368 -470.1193 -471.4141 -493.268 -494.7271 -496.0935
35 -429.5403 -431.3786 -435.1825 -442.5963 -444.3609 -448.1273
36 -442.3039 -443.9405 -445.8308 -467.2247 -468.5083 -470.3929
37 -432.8975 -432.9634 -435.6695 -449.3857 -449.3459 -452.0215
38 -454.3474 -454.4993 -456.1957 -490.4953 -490.2415 -491.957
39 -429.1242 -430.6992 -431.0022 -439.4286 -440.6561 -440.8557
40 -421.0495 -421.2314 -424.5082 -432.2321 -432.3881 -435.7445
41 -386.6551 -388.2931 -390.6275 -397.2026 -398.4382 -400.7364
42 -432.0573 -432.6199 -436.0105 -460.6015 -461.5634 -465.0311
43 -419.7725 -421.1119 -422.2616 -427.6939 -429.2786 -430.3059
44 -460.6845 -461.9651 -462.4721 -488.2839 -490.0242 -490.5703
45 -430.3683 -434.8396 -435.3606 -445.0129 -448.0177 -448.5541
46 -440.558 -440.6879 -444.6274 -458.8638 -458.7846 -462.6635
47 -427.3716 -428.421 -428.4403 -446.3619 -447.2801 -447.3564
48 -437.3637 -438.9681 -440.3753 -453.7217 -455.6607 -457.1219
49 -431.0019 -435.7799 -437.9534 -461.8398 -466.543 -468.6149
50 -420.4496 -421.369 -428.7275 -434.395 -434.9682 -442.4068
51 -486.0892 -486.0954 -487.5851 -496.058 -496.0968 -497.5719
52 -445.6143 -447.6609 -447.7146 -484.1697 -486.379 -486.3422
53 -454.3581 -454.8247 -455.922 -485.5865 -486.0027 -487.1126
54 -427.1884 -427.4932 -431.9683 -440.1794 -440.218 -444.6489
55 -448.553 -454.6041 -455.6234 -455.5259 -461.6081 -462.6416
56 -460.2971 -461.3681 -463.4036 -469.7249 -470.6709 -472.5816
57 -443.4744 -443.7922 -446.8672 -458.7219 -458.8763 -462.0357
58 -447.4911 -447.4976 -451.2324 -478.4767 -478.4665 -482.1805
59 -430.9776 -434.4338 -435.6648 -443.7849 -447.4418 -448.7156
60 -461.074 -461.1409 -463.5507 -509.1409 -509.013 -511.6284
61 -417.521 -421.3949 -421.6794 -426.7868 -430.381 -430.5932
62 -463.8901 -464.1404 -467.9978 -477.9493 -477.9745 -481.9789
63 -448.5887 -449.1007 -454.861 -468.7169 -469.4138 -475.1953
64 -384.042 -386.3184 -387.3434 -406.0545 -408.086 -408.9829
65 -412.722 -415.2198 -418.9047 -419.5654 -422.5637 -426.1892
66 -430.8927 -434.3963 -438.3411 -440.9261 -444.0202 -447.894
67 -436.6314 -437.05 -441.49 -440.9167 -441.1989 -445.6328
68 -425.9059 -428.4865 -428.7756 -442.3374 -445.053 -445.3469
69 -422.5983 -423.6465 -425.9117 -429.2256 -430.4918 -432.8009
70 -448.0397 -450.103 -450.7214 -451.8744 -453.9444 -454.6134
71 -469.1617 -469.461 -470.1038 -522.1969 -522.3151 -523.0679
72 -419.9628 -423.8627 -423.895 -446.5519 -449.9565 -450.0778
73 -448.7499 -450.1264 -450.5591 -461.5285 -462.6363 -462.9809
74 -457.5293 -458.7188 -459.5938 -480.9779 -482.8796 -483.7565
75 -448.3836 -448.9826 -449.785 -469.3647 -469.8675 -470.6401
76 -433.7435 -435.4715 -436.2975 -469.164 -471.1725 -471.9491
77 -438.8013 -439.2636 -441.0841 -463.6068 -464.2289 -466.0677
78 -444.5116 -449.2867 -450.0443 -480.8474 -486.3205 -486.9984
79 -415.088 -419.0623 -419.1473 -422.0521 -426.3512 -426.5591
80 -398.0167 -399.0863 -400.2664 -405.8593 -407.0871 -408.3551
81 -454.5496 -455.5967 -455.6157 -506.5854 -508.3458 -508.3506
82 -427.3755 -428.6537 -429.6079 -433.8083 -435.0305 -436.0151
83 -433.9412 -442.8386 -443.4999 -442.4574 -450.049 -450.7616
84 -434.8427 -434.8767 -436.458 -443.2349 -443.2667 -444.8921
85 -462.3528 -463.6607 -464.2623 -477.4218 -479.1315 -479.6108
86 -430.0274 -431.0727 -434.0357 -450.4061 -450.7576 -453.7129
87 -432.3539 -432.6425 -433.2483 -461.2483 -461.8028 -462.4007
88 -462.31 -463.9319 -464.5776 -480.0667 -480.9678 -481.803
89 -395.8257 -397.0064 -399.4218 -402.4625 -402.8873 -405.3251
90 -456.8823 -457.9667 -461.1292 -469.1181 -469.7007 -472.887
91 -410.4244 -415.4757 -417.7779 -413.4619 -418.1228 -420.4661
92 -448.0053 -452.3447 -452.5478 -466.0909 -468.7532 -469.1263
93 -440.2188 -441.1709 -443.5323 -450.567 -451.469 -453.722
94 -437.8342 -437.9704 -440.2543 -451.8681 -451.8465 -454.2349
95 -422.3509 -422.6907 -427.6295 -431.3245 -431.7667 -436.5853
96 -443.1101 -444.6655 -445.2561 -449.2385 -450.5165 -451.1339
97 -458.7914 -459.6555 -460.3162 -498.0688 -498.5144 -499.2327
98 -442.1479 -445.0214 -448.4034 -458.6775 -461.056 -464.3619
99 -493.5069 -493.8622 -496.5558 -502.4319 -502.4172 -505.257
100 -449.3054 -452.3449 -454.0202 -460.6065 -462.7775 -464.6052
