1 1.476176 1.10728 1.121143 2.216819 1.184026 1.074237
2 0.7845487 0.6055259 0.5798031 1.535392 0.6732317 0.5964938
3 1.011674 1.037386 1.017047 1.707642 1.035296 1.020119
4 0.6504856 0.4433237 0.4555552 1.200064 0.5067758 0.5134719
5 1.349791 1.094266 1.103014 1.785213 1.151969 1.162901
6 1.985511 1.470362 1.468334 2.02063 1.498849 1.433977
7 0.762379 0.6857105 0.7161961 1.414986 0.7077371 0.7532623
8 1.459872 1.234035 1.305847 1.541024 1.265841 1.230654
9 1.085176 0.997562 0.9706307 1.572732 0.9931332 0.9658682
10 0.7416856 0.5076381 0.5759626 1.348681 0.5022645 0.5263307
11 1.290011 1.259618 1.18598 1.795271 1.328986 1.360583
12 1.21965 1.179392 1.173779 1.184431 1.123967 1.10369
13 1.31737 1.086791 1.067646 1.670501 1.071761 1.082921
14 1.612722 1.270645 1.204353 2.016675 1.224839 1.216717
15 0.5347859 0.6001993 0.5788181 0.6057478 0.5503814 0.6525018
16 0.8742282 0.6620091 0.6581499 1.45922 0.6935559 0.6126138
17 0.8618189 0.7943965 0.8096756 1.481679 0.7742671 0.7463615
18 0.9922078 0.779377 0.6998893 1.48557 0.7949947 0.747909
19 1.163924 0.9988336 1.040888 1.622376 1.048694 1.095153
20 0.5917067 0.423993 0.4418677 0.9106808 0.5030603 0.5403098
21 1.424244 0.7807596 0.8418516 1.970835 0.8940341 0.7289189
22 1.039826 0.8486919 0.8306083 1.713649 0.9498218 0.786992
23 0.9161401 0.7677756 0.7733783 1.314729 0.8716965 0.9221648
24 0.9741523 0.8328458 0.7995879 1.595391 0.8288322 0.7686724
25 1.400331 1.242399 1.303369 1.649787 1.361582 1.33472
26 1.368467 1.039621 0.9587227 2.241459 0.9080049 0.9367298
27 1.340819 0.5476281 0.5498851 1.838786 0.5640313 0.6311264
28 1.520437 1.099653 1.085266 1.991152 1.084572 1.062905
29 0.6896412 0.7668375 0.8022778 1.065147 0.8336053 0.8563456
30 0.5596098 0.5963533 0.6458096 1.131616 0.6492366 0.5550367
31 0.7774135 0.8218757 0.8196893 0.8764877 0.8282264 0.8244237
32 1.56138 1.189679 1.196673 1.809904 1.110449 1.157294
33 0.7643716 0.782671 0.7519655 1.098055 0.8441008 0.8322303
34 1.385599 1.083218 1.070633 1.845414 1.088554 0.9687248
35 1.684117 1.398321 1.366106 2.399407 1.454077 1.463195
36 1.159369 0.9190666 0.8473379 1.660804 0.8400399 0.9179969
37 0.8186911 0.7423751 0.6941375 0.8157114 0.8013203 0.8759334
38 0.8261122 0.7395103 0.7453504 1.706917 0.8483129 0.8294904
39 1.275604 1.106696 1.122029 1.895711 1.052806 1.068612
40 1.367733 1.245336 1.227905 1.607174 1.165602 1.239484
41 1.012024 0.8330703 0.8338649 1.450146 0.9000471 0.9147589
42 1.368638 1.20171 1.269108 2.497273 1.190663 1.294903
43 0.924749 0.9205682 0.9141522 1.185934 0.9135367 0.9372927
44 0.9929481 1.079751 1.023077 1.482387 1.006387 0.9747253
45 1.292825 0.8637965 0.851103 1.687143 0.765282 0.7756142
46 0.767229 0.828949 0.8558131 0.9991403 0.8896331 0.8704236
47 2.18222 1.8579 2.00936 2.201434 2.022633 1.973744
48 0.9125585 0.7317283 0.7142338 1.315927 0.8230078 0.7689097
49 1.195052 0.8575774 0.9481936 1.1908 0.7649714 0.7936612
50 1.632452 1.442932 1.511704 1.900418 1.446907 1.505114
51 0.9981693 1.069051 0.9865626 1.080317 1.137223 1.120444
52 0.7596969 0.8315292 0.8521428 1.249974 0.7004904 0.823586
53 1.057885 0.96281 0.9318145 1.62291 0.9384028 0.8701166
54 1.000632 1.014434 1.000352 1.037701 0.907672 0.9916667
55 1.688119 1.15385 1.132447 2.232206 1.185002 1.129705
56 1.266577 0.9673419 0.9904811 2.006489 1.006883 1.034631
57 1.003244 1.04337 0.9889673 1.497004 1.052495 1.072692
58 1.827216 1.894557 1.891158 1.821359 1.928261 1.795322
59 1.507565 0.945738 0.9114857 2.144616 0.878096 0.8964522
60 0.6702795 0.6899438 0.7102279 1.222138 0.7465587 0.7223271
61 1.587546 0.8246238 0.8095599 2.279176 0.8420693 0.8577504
62 1.16931 1.024572 1.034203 1.127117 0.9799549 1.060363
63 0.8478477 0.808372 0.8156945 1.316856 0.8175735 0.8534012
64 0.821544 0.757413 0.6997012 1.396719 0.754295 0.7502895
65 0.7439767 0.6147116 0.6247457 1.095022 0.7430843 0.6784383
66 1.550653 1.083596 1.120428 2.171558 1.078734 1.113499
67 1.408675 1.297295 1.301406 1.646325 1.401813 1.374292
68 1.03045 0.836798 0.9108793 1.685049 0.8497633 0.8186511
69 1.497928 1.291233 1.287611 1.941024 1.267332 1.324448
70 0.7658846 0.6713697 0.6113798 1.037406 0.6736252 0.6477834
71 0.8852571 0.8942583 0.9235358 1.576697 1.038521 1.063354
72 1.509541 1.383137 1.48129 1.737195 1.417269 1.413776
73 1.564352 1.405207 1.398914 2.010596 1.39237 1.435774
74 1.115353 1.239716 1.191006 1.286658 1.276013 1.245437
75 0.9960825 0.8845984 0.8854055 1.654817 0.8282525 0.857791
76 1.118401 1.037099 1.006056 2.018106 0.9889591 0.9165941
77 1.176289 1.170899 1.142039 1.387456 1.244992 1.183221
78 1.825941 1.304661 1.293247 2.753656 1.260099 1.294267
79 0.9798613 0.7716006 0.7453483 1.254822 0.7822484 0.7826079
80 0.7249285 0.9800803 0.979751 0.8682199 0.945563 0.8967029
81 1.231181 0.9420627 0.7866494 1.572375 0.8260762 0.7997386
82 1.135172 1.06164 1.061199 1.243196 0.983337 1.029337
83 1.700562 1.080528 1.045614 2.062456 0.973034 0.9821137
84 1.054617 0.9497504 1.054166 1.072191 0.9780184 1.005302
85 0.6452814 0.4599345 0.4626041 1.05962 0.608962 0.6284666
86 1.056327 0.9125979 0.9378686 1.588579 0.8342165 0.8277851
87 1.135901 1.043464 0.88977 1.605111 1.054691 1.047002
88 1.398411 1.378222 1.369121 1.684203 1.415248 1.41595
89 1.28734 1.218595 1.155402 1.635839 1.171253 1.149575
90 1.179445 0.9787823 0.9656735 1.859082 0.9646959 1.014742
91 1.305489 0.9827471 0.9081368 1.45235 0.9524552 0.9738681
92 1.139593 0.9628684 0.9164382 1.324362 1.008622 1.076458
93 1.278416 1.156605 1.176417 1.906088 1.29523 1.314848
94 1.179381 1.110791 1.164239 1.37769 1.164717 1.177074
95 1.158171 1.159558 1.226915 1.112398 1.185784 1.140894
96 0.9689143 0.7651812 0.8529998 1.295995 0.8065045 0.785947
97 1.132276 1.102795 1.139978 1.629454 1.077426 1.072512
98 1.854139 1.404806 1.448799 2.41579 1.435272 1.474776
99 1.065139 0.9741671 0.9126251 1.312745 1.047075 1.124854
100 1.435723 1.012998 1.001454 1.943615 0.9611322 0.9165574
