1 0.3231504 0.2505349 0.2641979 0.4500037 0.2927966 0.2608701
2 0.2296962 0.2401859 0.2357646 0.3417145 0.2608371 0.2380359
3 0.2099702 0.2199475 0.2161787 0.3160091 0.2132683 0.2115838
4 0.1325691 0.09656793 0.09494589 0.239979 0.1058953 0.1088039
5 0.6217437 0.8132321 0.7938824 0.78626 1.047907 1.115761
6 6.556596 8.35194 9.109356 3.619194 9.056853 9.522094
7 0.4061507 0.2726765 0.2372625 0.536091 0.2588462 0.2353794
8 0.6027822 0.533865 0.5202281 0.565987 0.4839641 0.5067428
9 0.1803911 0.1676584 0.1676533 0.270962 0.162445 0.1568128
10 0.142266 0.09409975 0.1097838 0.2639495 0.09747959 0.1019327
11 0.2526677 0.2484251 0.2330514 0.3420691 0.2578518 0.2636464
12 0.2973298 0.2913083 0.2873891 0.2883483 0.2989245 0.2757112
13 0.4078772 0.4711144 0.4460073 0.480745 0.4756293 0.4625065
14 0.2853876 0.2250387 0.2125984 0.3599063 0.2165709 0.2143234
15 0.1454838 0.1762318 0.1713644 0.1654222 0.1467001 0.1862702
16 0.1790466 0.1373809 0.133429 0.2987529 0.1422216 0.124226
17 0.1957731 0.3177599 0.3527978 0.3337911 0.3267438 0.3443136
18 0.252498 0.190658 0.1755065 0.3615393 0.1971782 0.1888166
19 0.1753615 0.1494282 0.1544522 0.2501322 0.1543731 0.1619924
20 0.135929 0.09172533 0.09846922 0.208029 0.1065241 0.117548
21 0.3384385 0.1772018 0.19301 0.4679143 0.2054188 0.157285
22 0.183555 0.1749761 0.1723926 0.3464189 0.2245162 0.1841251
23 0.1974962 0.1678178 0.1607468 0.2548545 0.1743176 0.1931845
24 0.2148097 0.189316 0.1777062 0.3433364 0.1783549 0.1678855
25 0.2500673 0.2286371 0.2390651 0.2782445 0.2529269 0.2425558
26 0.2109944 0.1634008 0.1571861 0.3866322 0.1480668 0.1526507
27 0.2715655 0.1068323 0.1030112 0.3817583 0.1087719 0.1221055
28 0.3146216 0.2245427 0.2235372 0.4027811 0.2262676 0.2258864
29 0.1221903 0.1575191 0.1939242 0.2176396 0.2276747 0.2598152
30 0.1904037 0.2174 0.2381768 0.2686456 0.2275917 0.2014429
31 0.1573322 0.1717235 0.1655469 0.178835 0.1786503 0.1826895
32 0.5732924 0.5146716 0.5548979 0.5543431 0.4614436 0.5385254
33 0.7370254 0.9786339 1.118365 0.8484092 1.161578 1.212104
34 0.2922504 0.2153345 0.2140567 0.3812928 0.2127838 0.174843
35 0.2884336 0.242316 0.2418304 0.4401727 0.2604731 0.2578854
36 0.2335447 0.1755991 0.1587959 0.3247541 0.1529624 0.1694699
37 0.1811824 0.1647109 0.1563841 0.173154 0.1834762 0.200619
38 0.1825667 0.1650441 0.1656259 0.3416643 0.184568 0.1778167
39 0.3016157 0.2497745 0.2538112 0.44676 0.2247278 0.2290339
40 0.2432489 0.2251655 0.2191983 0.277899 0.2058166 0.2198
41 0.2297933 0.2031524 0.1997014 0.3158722 0.2179095 0.2252384
42 0.2350494 0.2113146 0.2263418 0.4456748 0.1997101 0.2121614
43 0.2752187 0.29569 0.2939112 0.3231277 0.2888436 0.2973486
44 0.3157317 0.3808629 0.3522003 0.3650877 0.3446424 0.323341
45 0.3500856 0.2348438 0.2217005 0.4065862 0.1983529 0.2112428
46 0.1661953 0.1885012 0.1924216 0.1950196 0.2015957 0.2008541
47 0.3487313 0.3083752 0.3323971 0.3745851 0.3335111 0.3188896
48 0.2001238 0.1662723 0.1661916 0.265858 0.1955465 0.1741294
49 0.2916496 0.2154521 0.2369906 0.2910739 0.1933073 0.2052191
50 0.3628579 0.3505705 0.3615625 0.3990881 0.3563162 0.3592154
51 0.230573 0.2392777 0.2260904 0.241981 0.2587015 0.2577287
52 0.1694432 0.1947033 0.2025735 0.2781883 0.1582814 0.1872113
53 0.1767964 0.1621027 0.1534163 0.2958545 0.1617861 0.1458289
54 0.2830917 0.2717476 0.2676897 0.3185497 0.2532699 0.2638281
55 0.3681966 0.3487184 0.3311028 0.4668385 0.3781091 0.371933
56 0.2116505 0.1910654 0.1892156 0.3696849 0.2245899 0.2259295
57 0.1899242 0.2135857 0.2050488 0.2780394 0.216653 0.2245677
58 0.210502 0.2222961 0.2263691 0.2144147 0.2341882 0.2078838
59 0.3072206 0.1746009 0.1656903 0.465108 0.1488848 0.1464864
60 0.1432146 0.1505155 0.1548612 0.2540125 0.1666363 0.1591395
61 0.4015807 0.1916785 0.1839519 0.5922392 0.1781475 0.2033135
62 48.29892 50.11089 50.60269 41.06855 48.37623 48.73772
63 0.362795 0.4315913 0.4291539 0.4067046 0.4492396 0.4268761
64 0.1774798 0.1772126 0.16037 0.2948403 0.1804781 0.179271
65 0.2529212 0.4556108 0.4562387 0.4335578 0.5391001 0.4893214
66 0.312127 0.231289 0.2361947 0.4222977 0.2300408 0.242626
67 0.63126 0.6232336 0.620095 0.6372131 0.670683 0.6547873
68 0.2333627 0.1966332 0.2181271 0.3811795 0.1974506 0.1949336
69 0.3171132 0.2962858 0.2918947 0.3727785 0.2885763 0.2999901
70 0.1809279 0.2122664 0.203557 0.2544202 0.2220127 0.206385
71 0.2143314 0.2383117 0.2340814 0.310037 0.2827783 0.3078478
72 0.3582071 0.3702141 0.4072746 0.4233835 0.4019268 0.3897073
73 0.3202752 0.3029881 0.3032377 0.403156 0.2983598 0.3065038
74 0.3588276 0.4339955 0.4294539 0.2989152 0.4351296 0.4334293
75 0.2079729 0.1834846 0.1835959 0.3483257 0.173704 0.1773809
76 0.2291532 0.2282689 0.2181839 0.4113011 0.2201676 0.205472
77 0.2933499 0.2717892 0.2672456 0.3842406 0.2802521 0.2693693
78 0.569976 0.3855559 0.3677901 0.7445841 0.3635832 0.3872484
79 0.3114396 0.23815 0.2246193 0.3944941 0.2343379 0.2310684
80 0.1717585 0.2415881 0.2416306 0.1897199 0.238198 0.2242431
81 0.2792322 0.2012644 0.1648928 0.3342299 0.1668722 0.1655779
82 0.2696878 0.2670197 0.2650796 0.2758335 0.2483193 0.2636985
83 0.4881088 0.4308945 0.4358532 0.532612 0.4040973 0.4094737
84 0.1861717 0.1707576 0.1926455 0.1897591 0.172234 0.1787568
85 0.1691185 0.1191252 0.1156096 0.2636991 0.1777205 0.1690145
86 0.2126611 0.1925846 0.1982342 0.3319866 0.1773787 0.172056
87 0.7597839 1.017238 0.8253141 0.8977633 1.034865 0.9936494
88 0.8884199 1.657481 1.464831 0.9633796 1.597202 1.787364
89 0.2328702 0.2285052 0.2193629 0.2918752 0.2196406 0.2132852
90 0.2307402 0.2350671 0.2234469 0.339306 0.2372157 0.2399422
91 0.4058269 0.3081786 0.2870141 0.4431812 0.2903757 0.3198441
92 0.3111259 0.4172657 0.3683669 0.2909669 0.4614636 0.4931233
93 0.2804487 0.28941 0.2896466 0.3663778 0.3246417 0.3408783
94 0.2528988 0.2474438 0.2591477 0.264013 0.2499262 0.2530658
95 0.5730741 0.5914747 0.6356456 0.5151141 0.5936918 0.5644938
96 0.2036108 0.1677539 0.1860206 0.2899436 0.1801527 0.1754988
97 0.2599974 0.2550274 0.263813 0.3705815 0.25766 0.252655
98 0.3347939 0.2802128 0.3065979 0.4253734 0.2994063 0.297124
99 0.2694399 0.2910638 0.2768547 0.3075183 0.3247643 0.3368121
100 0.2740745 0.1971084 0.192995 0.3879758 0.1863407 0.1685739
