1 0.2700037 0.1959836 0.3544399 0.256038 0.3431738 0.1849001 0.1620658 0.2119083 0.7339954 0.6576021 0.1369649
2 0.226418 0.1346846 0.3388981 0.1927016 0.3175232 0.1452873 0.1055524 0.1591465 0.6843994 0.674925 0.1270039
3 0.2048714 0.1583068 0.3044058 0.2221036 0.2817167 0.1670267 0.1324556 0.1833968 1.15442 0.7895122 0.2048732
4 0.217252 0.1439011 0.3364829 0.2278513 0.3314286 0.1786141 0.1476926 0.176784 0.7513606 0.5180449 0.1243891
5 0.2408923 0.151579 0.3103595 0.1936775 0.274109 0.1359141 0.1099176 0.1324364 0.6761238 0.7451971 0.1601029
6 0.2799934 0.2531344 0.3725618 0.3283326 0.4162434 0.2799606 0.2590603 0.2667359 0.8350824 0.7002483 0.1351402
7 0.2517476 0.1653252 0.3638062 0.2405352 0.3821292 0.1899155 0.1526953 0.194097 0.7311025 0.605883 0.1233325
8 0.1938847 0.1778934 0.2979921 0.2670277 0.267459 0.1663675 0.189515 0.1607891 0.6439336 0.6289207 0.1324547
9 0.2301959 0.1687122 0.3373965 0.2368853 0.32238 0.1625142 0.1658393 0.1870273 0.7415309 0.5680824 0.1306163
10 0.2291024 0.138007 0.3450508 0.2064009 0.3453038 0.1542265 0.1273026 0.1313055 1.159245 1.097505 0.2123475
11 0.2142284 0.1556064 0.3155853 0.2364571 0.3286348 0.1996053 0.1611854 0.1906635 0.7804576 0.5142771 0.1510055
12 0.1931852 0.1662057 0.2822012 0.2311231 0.2556512 0.1497687 0.1521472 0.128583 0.7513253 0.7860696 0.1497616
13 0.2681597 0.1745146 0.3452093 0.219279 0.3265702 0.1535792 0.1300343 0.1577624 0.5988027 0.6068802 0.1261884
14 0.2068174 0.1697672 0.2805478 0.226866 0.2292287 0.1440556 0.1361968 0.1500471 0.8540596 0.7173938 0.1611267
15 0.2679806 0.1524576 0.3787215 0.2145305 0.4138338 0.1830123 0.139778 0.1694314 0.7697938 0.6670589 0.140655
16 0.2124986 0.1532683 0.3616553 0.2464241 0.3669299 0.2062532 0.1785367 0.2037489 0.5418001 0.5770506 0.1045371
17 0.1992292 0.1234627 0.3224279 0.1955887 0.2761912 0.1300144 0.0970784 0.15033 0.7020806 0.6392298 0.1312368
18 0.2135375 0.1354128 0.3128035 0.1907951 0.27947 0.1334557 0.1001886 0.1383133 0.719014 1.051159 0.1569521
19 0.2069089 0.1509855 0.3330199 0.235066 0.3301864 0.18847 0.1588305 0.1844888 0.8426372 0.5953991 0.1437159
20 0.2047852 0.16605 0.2680355 0.2142472 0.2293051 0.1395289 0.1202459 0.1319487 0.8493036 0.5683948 0.1532995
21 0.2122798 0.1876674 0.2827977 0.2484659 0.231902 0.1398389 0.1543564 0.1385256 0.8084259 0.7596222 0.1467453
22 0.2021174 0.1627903 0.2845619 0.2248388 0.2397317 0.1441465 0.1307277 0.1592235 0.8689416 1.090837 0.1850496
23 0.1795152 0.1719893 0.2644672 0.2546369 0.2157448 0.1440229 0.1655621 0.1450953 0.9005348 0.7433171 0.1761489
24 0.2037269 0.1768387 0.285411 0.2382458 0.2668893 0.1636362 0.1539225 0.1600163 0.7232004 0.6657444 0.1459052
25 0.3052057 0.1705507 0.3857351 0.2086023 0.3846744 0.1637056 0.1088045 0.1746043 0.7273605 0.5295063 0.1310711
26 0.3106298 0.2979731 0.4067058 0.3854108 0.4868893 0.3405577 0.372256 0.3416626 0.6945469 0.6100771 0.09976933
27 0.2307872 0.1782554 0.3155636 0.2266511 0.2967083 0.1573955 0.1376697 0.1726461 0.6076576 1.763328 0.1219436
28 0.2511609 0.1952996 0.3479946 0.2656152 0.3491477 0.1911449 0.1794612 0.178308 0.7437063 0.7260134 0.148513
29 0.2594944 0.1929144 0.3276184 0.2356388 0.2822308 0.1479703 0.1372903 0.1730526 1.028358 0.8417817 0.1760202
30 0.2318984 0.1732061 0.3265179 0.240293 0.3194244 0.1648807 0.1580045 0.1500772 0.6969855 0.6368434 0.120567
31 0.2313047 0.1491472 0.3191052 0.1988701 0.2931438 0.1382095 0.1150522 0.1358757 0.9340759 0.7161791 0.1598322
32 0.2765793 0.1973214 0.36971 0.2649145 0.4156236 0.2218716 0.1962951 0.189754 0.6468855 0.573993 0.1122073
33 0.2544441 0.1351117 0.3664558 0.190211 0.3628418 0.1421675 0.108301 0.1533655 0.6646209 0.6243926 0.1132371
34 0.216603 0.1557068 0.3250048 0.2290317 0.3217094 0.1737689 0.1497227 0.1778104 0.8221589 0.8158066 0.1597024
35 0.2728686 0.1788625 0.3694528 0.2303634 0.3834058 0.1870466 0.1319878 0.2154425 0.6361907 0.5203805 0.1261836
36 0.2816455 0.2040738 0.3685254 0.2604629 0.3729981 0.1939624 0.1601196 0.2052402 0.7126996 0.589809 0.1236459
37 0.2377779 0.1446307 0.3344586 0.1964224 0.306698 0.1493667 0.1043502 0.161616 1.019084 0.8279176 0.1884941
38 0.2446798 0.1679943 0.3693071 0.2544641 0.3801939 0.2048842 0.1602264 0.2490828 0.7281207 0.5292903 0.1334693
39 0.2144074 0.1337468 0.3157233 0.1964455 0.271802 0.1279522 0.1022141 0.1446407 0.7266078 0.6549815 0.1447799
40 0.2315177 0.2017716 0.3068648 0.2570476 0.2687038 0.1538594 0.1547988 0.1483301 0.8405094 0.6317517 0.1547148
41 0.1634773 0.147887 0.256458 0.2247497 0.2035096 0.1313362 0.1284069 0.1442132 0.7921653 0.5659656 0.1464115
42 0.2757303 0.1991085 0.3550172 0.2484429 0.3520551 0.1900417 0.1605311 0.2122299 0.9357843 0.5798914 0.1606919
43 0.1766681 0.1360076 0.2800921 0.2192215 0.225667 0.1286457 0.1212229 0.1199732 0.7724772 0.5596761 0.1402934
44 0.2650634 0.2264442 0.3253696 0.2760766 0.2851914 0.1750268 0.1753964 0.1844714 0.7738817 0.626961 0.1397083
45 0.2327658 0.1410032 0.3351683 0.1984289 0.3185201 0.1560493 0.1262516 0.1808273 0.5889161 0.5749811 0.1248278
46 0.2309123 0.1686524 0.3189434 0.2266967 0.3016958 0.1630911 0.1519656 0.1775818 0.7474392 0.6143171 0.1303197
47 0.2420897 0.1549804 0.3648402 0.2348973 0.3531694 0.1771897 0.1733049 0.1304072 0.6321982 0.6059981 0.1331703
48 0.2230745 0.1527655 0.3429695 0.2299789 0.3372593 0.1686863 0.1450396 0.1675752 0.6530586 0.6088655 0.118657
49 0.5082678 0.1615639 0.6447431 0.201146 1.040605 0.4366869 0.1238915 0.1730125 0.5304378 0.5467849 0.1056765
50 0.2605944 0.1879003 0.3510157 0.2328111 0.3724716 0.188839 0.1367125 0.1842944 0.6293162 0.6702975 0.1108125
51 0.2486262 0.1623985 0.3735515 0.2392901 0.3817162 0.1943855 0.1551305 0.2140975 0.802243 0.6467434 0.1349784
52 0.247178 0.2580121 0.3367446 0.3523331 0.3206579 0.2367174 0.3131323 0.216943 0.7020207 0.652682 0.1302365
53 0.2804026 0.1402364 0.4044891 0.2026505 0.439125 0.1766642 0.1189729 0.1934076 0.8957756 0.7114756 0.1393626
54 0.2289605 0.1419508 0.343699 0.2031313 0.3379896 0.1598575 0.1192359 0.1597923 0.9184442 0.6232569 0.1558748
55 0.2167262 0.1472292 0.3247511 0.2120943 0.3242626 0.1706049 0.1345472 0.1674595 0.6205702 0.6999449 0.125287
56 0.2839795 0.2150863 0.3783571 0.2796663 0.4035732 0.2242733 0.1909835 0.2217044 0.7315989 0.6101882 0.1161704
57 0.2338074 0.1491286 0.3428404 0.2139297 0.3323869 0.1682936 0.1294799 0.1852595 0.9241876 0.6855316 0.1639834
58 0.2862625 0.1476229 0.4780589 0.2524036 0.5652754 0.2619236 0.1564867 0.2422776 1.141081 0.7920822 0.1566168
59 0.2105035 0.1754654 0.3143866 0.2472006 0.3005497 0.1803284 0.1506554 0.180632 0.6053809 0.6051113 0.1213759
60 0.2826514 0.2123044 0.3907396 0.2895883 0.4181923 0.2247505 0.2103727 0.2390341 0.7214532 0.6286483 0.1379154
61 0.1975912 0.1560049 0.2984562 0.2397646 0.2648263 0.150468 0.151033 0.1491295 0.6946998 0.5916237 0.1252038
62 0.2588715 0.1842343 0.3519336 0.2460745 0.345463 0.1711058 0.1760525 0.1680179 1.008388 0.6815652 0.1555406
63 0.2391324 0.1783246 0.3425202 0.2418311 0.360657 0.1898864 0.1736964 0.185082 0.6850884 1.044044 0.1236891
64 0.1930064 0.1404074 0.2975752 0.2136393 0.2483798 0.1337371 0.1129656 0.1447018 0.7462967 0.5960673 0.1318905
65 0.2371252 0.1210401 0.3338669 0.1609203 0.3339885 0.1512388 0.08903364 0.1155563 0.7421134 1.057048 0.1596702
66 0.210091 0.14958 0.3371658 0.2219622 0.3303531 0.1726036 0.1396092 0.1727681 0.6369835 0.775135 0.1183341
67 0.230418 0.1487086 0.3176612 0.1990494 0.289808 0.1362186 0.1048707 0.1433312 0.9267314 0.6248769 0.1632883
68 0.2014435 0.13322 0.3189022 0.2165901 0.289944 0.1466927 0.12192 0.1422502 0.7265768 0.6043335 0.1358274
69 0.2184295 0.1510199 0.3075403 0.2076951 0.2929628 0.1491233 0.12648 0.1331198 0.89412 0.7095845 0.1619959
70 0.1931429 0.1524729 0.2971763 0.2338817 0.2788174 0.1603041 0.1564351 0.13691 0.7686627 0.7070423 0.1454184
71 0.2613505 0.1942338 0.3765836 0.2770851 0.4071271 0.2178485 0.2046166 0.2390619 0.7096319 0.6594045 0.1357307
72 0.2121736 0.1439552 0.3271164 0.2202914 0.3138014 0.1709073 0.1501658 0.1667412 0.6840714 0.6213231 0.1350673
73 0.2416517 0.1785181 0.3396188 0.2424657 0.3338518 0.1753464 0.1638425 0.1990172 0.6127784 0.5568738 0.1214545
74 0.2016838 0.1619525 0.3110248 0.2480401 0.2789671 0.1658461 0.1576302 0.1802685 0.7505233 0.6903521 0.1562228
75 0.2851149 0.1767381 0.3678812 0.2268442 0.348958 0.1593215 0.1267132 0.1720326 0.8163231 0.6838451 0.1584875
76 0.2268018 0.2374911 0.3189731 0.3299672 0.3214478 0.2200979 0.258597 0.2305179 0.5839487 0.5774658 0.1038544
77 0.2232832 0.1674294 0.3031672 0.2241152 0.3017545 0.1698435 0.1512292 0.1499977 1.616759 0.8779439 0.266103
78 0.2294974 0.2081442 0.3169868 0.2817531 0.3311739 0.2054439 0.2101878 0.1980704 0.639615 0.6506744 0.1253547
79 0.1804608 0.1749315 0.2496598 0.2371048 0.198476 0.1297436 0.1459989 0.1323417 0.5288255 0.4759653 0.1130691
80 0.200058 0.1345337 0.2882955 0.1934316 0.2324499 0.1158027 0.09742501 0.1348454 0.8747657 0.644915 0.1607475
81 0.2473682 0.1929671 0.4142193 0.3358858 0.4595284 0.2467112 0.4031886 0.271153 0.6164726 0.6554307 0.1258171
82 0.1964851 0.1671517 0.2955565 0.2489645 0.2880012 0.1732499 0.1715439 0.137588 0.593106 0.5037874 0.1090623
83 0.2010723 0.1484804 0.3320394 0.2318017 0.3146148 0.1764731 0.172641 0.187659 0.4903584 0.553983 0.1034551
84 0.1725539 0.1655909 0.2589894 0.2468792 0.2070532 0.1414658 0.1565883 0.1455161 1.115574 0.7420337 0.1934879
85 0.2231144 0.1611502 0.3441577 0.2469452 0.3600529 0.1929604 0.161879 0.1877615 0.7054688 0.6283822 0.1375216
86 0.2209892 0.180534 0.3173764 0.2521689 0.2949912 0.1635491 0.1608783 0.1969023 0.7220489 0.5821124 0.1293067
87 0.1974168 0.1916502 0.2842714 0.2738876 0.2762246 0.1834411 0.1953497 0.1655636 0.8372437 0.6594371 0.1646412
88 0.2716821 0.2159187 0.3497311 0.2759579 0.3480345 0.2154374 0.2041179 0.224953 0.7227453 0.6228013 0.1374209
89 0.1729152 0.1549065 0.2650168 0.228561 0.2092819 0.1270552 0.1412209 0.15195 0.6983887 0.5937874 0.1304182
90 0.2427712 0.1652441 0.3407204 0.2244183 0.3311789 0.1823242 0.1374265 0.2042376 0.7865872 0.6939644 0.1468229
91 0.2056309 0.1376431 0.2837455 0.1803933 0.2496461 0.126296 0.0958257 0.1096868 0.8255149 0.8185596 0.159179
92 0.2606848 0.1552474 0.3673854 0.2110698 0.418449 0.2090999 0.1470231 0.1863626 0.5620682 0.5343156 0.1118834
93 0.1878379 0.1991158 0.2951786 0.3073254 0.2657753 0.1962229 0.2204272 0.2038134 0.7520553 0.6111414 0.13481
94 0.2985416 0.208768 0.3846039 0.2621273 0.4026806 0.2116906 0.1658549 0.2423348 0.7220907 0.5632613 0.1388361
95 0.2084082 0.1736801 0.2820806 0.2278485 0.260589 0.159767 0.1458689 0.1109483 0.7469863 0.7852801 0.1468111
96 0.2561328 0.1610353 0.342437 0.2169719 0.3611996 0.1838224 0.1437113 0.148957 0.7597967 0.5817931 0.132781
97 0.3016301 0.2766814 0.3933485 0.3499085 0.4525196 0.2824495 0.290199 0.3184066 0.624253 0.5774549 0.1110865
98 0.2424317 0.1825265 0.3703636 0.2601068 0.389442 0.2054765 0.2015129 0.2283328 0.5559541 0.6548836 0.1036698
99 0.2475061 0.1776439 0.347854 0.2439497 0.346084 0.1875512 0.1616202 0.2143822 0.6587383 0.6781405 0.1258331
100 0.2747912 0.1648458 0.3722628 0.214309 0.4090866 0.1993754 0.1505599 0.1847424 0.5708925 0.5644199 0.116127
