1 4.931476 -0.3047506 0.273307 -0.4826286 0.4011482 0.4015899 0.04244069 0.2598158 6.136804 -3.070754 -0.6743081 0.05060449
2 5.749746 -0.613805 -0.3729965 -0.4967321 0.4779587 0.3303621 -0.04823322 0.1918303 4.11329 -2.888164 -1.834655 0.1248158
3 5.59649 -0.1555201 -0.3285765 -0.8656735 0.5338001 0.4068511 -0.09082575 0.2682148 4.736818 -3.723346 0.2764892 0.04070695
4 5.434704 -0.57584 0.01804586 -0.4580713 0.4485815 0.3208385 0.1709864 0.1752976 3.227291 -2.748053 -1.36277 -0.05850564
5 5.414486 -0.4192111 -0.2412308 -0.676571 0.4437232 0.641824 0.008309521 0.3049442 5.006002 -3.049063 -0.5558789 0.1014546
6 5.67647 -0.3824029 -0.3419084 -0.5810094 0.4749141 0.2083011 0.1141944 0.2390276 9.408719 -3.259289 -0.3573408 0.08774494
7 5.366147 -0.3902751 -0.09571626 -0.7685196 0.4434462 0.211475 0.118129 0.1357221 7.926111 -4.207655 -0.8323749 0.3255498
11 5.330305 -0.3889128 -0.4321189 -0.4326382 0.5124772 0.5222517 0.1109836 0.06336153 5.009529 -2.887664 -1.332286 0.09321363
15 5.396838 -0.5078023 -0.1458588 -0.4661589 0.5097287 0.6559183 0.006496515 0.3233038 11.21946 -2.843359 -2.818216 0.1920631
16 5.538462 -0.4863575 -0.321151 -0.381747 0.4805146 0.6770799 0.1604408 0.1850045 5.162137 -3.364367 -0.1264487 0.06098701
17 5.562157 -0.2072343 -0.02252907 -0.9031892 0.4467615 0.3380643 0.08835084 0.2582796 4.63949 -4.343054 -1.63559 0.2482626
18 5.387755 -0.3138497 -0.0833063 -0.7090514 0.5221629 0.3501288 -0.02615529 0.1703166 4.752719 -3.117887 -1.124462 0.1797992
19 5.76356 -0.220374 -0.5862066 -0.590471 0.5361772 0.3482924 0.01316989 0.3693855 6.817218 -3.75708 -0.1187475 0.2082046
20 5.461509 -0.3695486 -0.4263535 -0.5999143 0.3834319 0.4533424 0.03473917 0.0918595 4.193867 -3.072478 -0.7182467 0.2002894
21 5.306783 -0.4322122 0.2504192 -0.4411759 0.5120982 0.3640735 0.009215463 0.2930345 5.087604 -2.572434 -0.8666472 0.03404689
22 4.949324 -0.2157875 0.6207076 -0.5955697 0.6413845 0.7630319 0.2531952 0.2013182 11.64473 -3.39617 0.007011499 0.1205424
23 5.076184 -0.5077131 0.219023 -0.4647537 0.57532 0.5321662 0.1905469 0.1649675 7.166049 -3.834149 -0.3919463 0.3540303
24 5.62249 -0.2572199 -0.7004881 -0.5076767 0.4813994 0.2874388 0.06432282 0.1551493 5.344808 -4.250558 -1.031837 0.2712639
25 5.523183 0.04123363 -0.3973933 -1.054996 0.4852619 0.4419022 0.05327887 0.1308082 10.12823 -3.590231 -1.169738 0.2415504
26 5.241349 -0.3453185 -0.03470222 -0.4140151 0.443041 0.467793 0.03297359 0.230661 4.564521 -3.999851 -1.826168 0.3837789
27 5.624595 -0.4506388 -0.3435264 -0.5186236 0.4834011 0.4796089 -0.002040672 0.3942722 5.278754 -4.276748 0.1814004 0.3005367
28 5.436375 -0.3547551 -0.1786148 -0.5905836 0.4427754 0.5356603 0.0215104 0.255997 3.962438 -3.390908 -0.1897657 0.07764153
32 5.488612 -0.4135155 -0.6187315 -0.5202002 0.5224654 0.4181201 -0.05120867 0.3165223 7.886149 -3.718839 -0.2710747 0.1907097
33 5.398259 -0.3801843 -0.1823132 -0.5010102 0.4011395 0.4733879 0.0926706 0.1279544 4.607421 -2.592765 -2.461507 0.1774466
34 5.47667 -0.1422225 0.1784777 -0.7284923 0.3758794 0.358023 0.07090816 0.2061562 2.910281 -2.430128 -1.371571 0.06237747
35 5.402928 -0.272952 -0.1392833 -0.9062882 0.4287313 0.4528537 0.0772203 0.2195452 9.705493 -4.146625 -1.430392 0.3420955
36 5.483244 -0.4206423 -0.31244 -0.5074402 0.5622357 0.4920197 0.2044861 0.4239346 5.666882 -3.050301 -0.6842844 0.1225038
38 5.447495 -0.3060739 0.3466926 -0.4546778 0.5672588 0.2779569 0.2000873 0.2445453 7.098629 -3.274893 -1.613278 0.144497
39 5.420014 -0.6367106 -0.3134255 -0.2658597 0.5505383 0.4860342 0.07244693 0.2491068 4.85441 -3.072974 -0.5030355 0.1327562
41 5.077379 -0.1598324 0.07697311 -0.8317952 0.6604238 0.5009264 0.0330527 0.10714 7.390551 -2.924707 -0.05269344 0.01453005
42 5.186565 -0.5755981 -0.04650551 -0.345367 0.6148962 0.3990228 0.1739952 0.1504875 17.56109 -2.62439 -0.8399659 0.05503331
43 5.185105 -0.2717581 0.2961592 -0.6295066 0.5274019 0.3634709 0.06884703 0.08490858 4.358763 -3.265922 -0.3489163 0.08037759
44 5.619566 -0.5963279 -0.4707578 -0.5750555 0.4743271 0.3441882 0.003923758 0.5495557 3.8813 -2.365866 -1.382023 0.05566381
45 4.964789 -0.3538103 0.4780257 -0.4716585 0.6913543 0.4141081 0.006140149 0.1684478 5.207984 -4.051337 -0.7233523 0.2946474
46 5.088273 -0.1892672 0.2085765 -0.7608163 0.4850591 0.1140769 0.07305605 0.09309679 3.311257 -3.228754 -0.6166691 0.1394236
48 5.68576 -0.2181673 -0.2831761 -0.9236588 0.4729379 0.6024069 0.03160736 0.1609961 3.976561 -2.877467 -1.753258 0.09687259
49 5.121284 -0.2495894 0.2716118 -0.8174642 0.4196497 0.1432929 0.07787902 0.1900186 4.625599 -4.234862 0.5601058 0.2004962
50 5.87361 -0.426704 -0.8661901 -0.4906063 0.3631106 0.4659857 0.2174458 0.1347571 3.013723 -3.024022 -0.4852046 0.1171795
51 5.400741 -0.1421185 -0.3468442 -0.8340675 0.5996255 0.5628667 0.2045363 0.1556615 7.195464 -2.730368 -1.679854 0.04235606
52 5.364082 -0.2539872 -0.632927 -0.5708026 0.5854216 0.6349293 0.09313917 0.08947248 4.146953 -3.875725 -0.5154966 0.2463712
53 5.724001 -0.2527849 -0.5001286 -0.7529016 0.6332346 0.3010338 0.1571085 0.2444973 7.216249 -4.023496 0.7385337 0.1032957
54 5.710282 -0.1423327 -0.4451195 -0.7937848 0.4999165 0.6452783 -0.07523349 0.1460823 5.902788 -3.823 -0.1122961 0.1823985
56 5.418285 -0.5495642 -0.01341631 -0.5847139 0.5602208 0.339889 0.09676672 0.1912873 8.877285 -3.616858 0.2942545 0.06991302
58 5.511341 -0.2676454 -0.6552758 -0.7326293 0.4494377 0.4341278 0.2281629 0.1884496 4.967072 -3.616942 -0.7003795 0.2265981
59 5.320311 -0.08388386 -0.1195325 -0.7455627 0.4532647 0.3770259 0.1127858 0.2512313 4.858597 -4.352933 -0.213843 0.2976699
62 5.358082 -0.2914459 -0.02131392 -0.6164055 0.4389785 0.2338523 0.09025237 0.08907455 4.213408 -4.679394 -1.025008 0.3485166
63 5.563486 -0.1150565 -0.5000632 -0.7054689 0.5471511 0.4921712 0.08141689 0.2188652 6.581962 -4.894173 0.7221793 0.3709028
64 5.327847 -0.3826972 -0.3465786 -0.5870935 0.5301112 0.4267551 0.289267 0.3066337 5.674199 -3.134304 -0.6213729 0.1158557
65 5.352336 -0.4193748 -0.2413816 -0.2707055 0.3999558 0.218423 0.1576602 0.1866849 3.609277 -4.077755 -0.2160844 0.282019
66 5.383026 -0.1529577 -0.1459439 -0.9691991 0.4961995 0.2770324 0.1175786 0.08388171 3.638195 -3.889942 0.1222073 0.1365428
68 5.767422 -0.3734205 -0.6327356 -0.6230001 0.4994951 0.2201485 0.1617607 0.1735114 4.752098 -4.154861 -0.9738804 0.2245051
69 5.249606 -0.374925 -0.5099364 -0.6232976 0.5479005 0.255779 0.1002699 0.1446628 6.540293 -3.136523 -1.422652 0.1033712
70 5.28115 -0.454607 0.1893144 -0.6523017 0.454047 0.54784 0.1065809 0.184993 3.540087 -2.78209 -0.9813675 -0.1623225
71 5.578305 -0.4542608 -0.2284507 -0.614027 0.4927971 0.2943902 0.2096626 0.2253968 6.151555 -3.98002 -0.2689852 0.1920089
72 5.211496 -0.5018984 -0.01111673 -0.3998618 0.4346592 0.4480748 -0.08325991 0.3622697 6.505249 -3.928914 -0.6190021 0.2439984
73 5.132857 -0.3375495 0.1812695 -0.6926205 0.5272483 0.5098257 -0.0215413 0.2265549 6.099421 -3.178889 -0.1818463 0.02250332
75 5.331909 -0.2842762 -0.2171188 -0.83613 0.5191462 0.3061956 0.1276192 0.1330415 7.940795 -4.61688 0.1415205 0.3207822
76 5.22828 -0.5812687 0.05124129 -0.3155992 0.4742071 0.5197804 -0.03613653 0.1393645 4.608358 -3.30124 -0.4429692 0.2346471
78 5.495075 -0.1417716 -0.1887064 -0.6399777 0.5122696 0.3566075 0.1573841 0.2003807 6.977495 -4.410317 -0.02496025 0.3326327
79 5.241657 -0.302064 -0.1061658 -0.8624661 0.3745337 0.3312836 0.1151226 0.3026959 4.73148 -3.1762 -0.4701128 0.09935524
80 5.022627 -0.3090664 0.2222752 -0.3394642 0.5342768 0.7024353 -0.001286771 0.2483747 8.113166 -3.257336 -0.7513689 0.1599159
81 5.070766 -0.06593488 -0.01189635 -0.6118687 0.4856449 0.7828444 -0.02123835 0.1147338 5.090564 -4.334283 -0.7629493 0.3067572
82 5.290035 -0.3878184 -0.1102645 -0.4991859 0.3317071 0.3301955 0.02849669 0.2382043 3.797713 -3.552786 0.07806794 0.1073742
83 5.309283 -0.3204401 0.2357849 -0.9256138 0.5157489 0.4022328 0.1825069 0.1870253 3.876706 -3.708653 0.2333349 0.1791589
84 5.140274 -0.3157457 0.6829419 -0.964916 0.7275913 0.5308122 -0.07370315 0.3671248 9.306627 -2.920953 -0.4707544 0.1184899
85 5.535903 -0.1837246 -0.3118744 -0.6280586 0.4461454 0.4002766 0.1387875 0.2774739 6.556897 -4.085275 -0.147961 0.2415215
86 5.21663 -0.3612964 -0.02518214 -0.6411312 0.4255062 0.503873 -0.007826925 0.2915979 3.597296 -2.675163 -1.615465 0.1435182
87 5.205716 -0.270896 -0.4385991 -0.660939 0.4069491 0.3506049 0.09181099 0.1198431 5.657723 -3.644688 -0.04967078 0.1717752
88 5.57356 -0.1510151 0.1549562 -0.9004601 0.4828249 0.3781008 0.1658144 0.1690375 8.484608 -4.954074 -1.190552 0.4184004
90 5.219893 -0.3902083 -0.01420644 -0.3820783 0.6451239 0.3865046 0.1168268 0.2129682 8.005545 -3.812316 -1.418636 0.3189754
91 4.779614 0.0220758 0.3936561 -1.033967 0.4094437 0.8559021 -0.009822074 0.06110701 7.052517 -2.649105 -1.009431 0.1542347
92 5.441805 0.2118099 -0.03901818 -1.233326 0.4906855 0.4153235 0.01465323 0.3081683 5.248433 -3.156931 -1.023543 0.08284032
93 5.174948 -0.3787086 0.08747139 -0.6887587 0.5798733 0.2959455 -0.01414571 0.07775622 9.417347 -3.214849 -0.3506618 0.2212631
94 5.292744 -0.183874 -0.07430529 -0.6845476 0.4185714 0.3561597 0.129588 0.1452113 3.501918 -3.910308 -0.7003965 0.1947215
98 5.572383 -0.4320236 -0.3959042 -0.3251704 0.6039871 0.3039089 0.1439354 0.1919546 15.14858 -2.705758 -0.7825421 0.04751638
99 5.659557 -0.4291055 -0.5023832 -0.4179823 0.5007807 0.5055852 0.1226653 0.2846258 15.03766 -3.538649 -0.3022331 0.1401077
101 5.251268 -0.4487547 -0.435772 -0.3774895 0.4744621 0.7387862 -0.07166438 0.2740082 4.793346 -4.766116 0.9392851 0.209803
102 5.377945 -0.3297607 -0.2879043 -0.3654444 0.5659303 0.1603844 0.04809709 0.5712914 4.894737 -2.326126 -1.404454 -0.03631397
103 5.409638 -0.2684406 -0.1800633 -0.6812979 0.4131632 0.2957044 0.05418228 0.1372527 3.174187 -2.971089 -0.5249648 0.1181473
104 5.329433 -0.147617 -0.1814228 -0.859692 0.4950189 0.9424701 -0.05741906 0.1190765 5.321417 -3.072979 -2.051769 0.2273655
105 5.311197 -0.1894731 0.04251881 -0.8378281 0.3444027 0.2489278 -0.03670318 0.344358 4.11292 -2.889159 -1.284391 0.09375716
106 5.644162 -0.2546662 -0.7002575 -0.7407957 0.5197719 0.4347818 0.1321822 0.2101549 4.222768 -2.89799 -0.8135048 0.05908492
107 5.282061 -0.234553 -0.2187759 -0.7480581 0.5950266 0.6649161 0.3423949 0.2930856 7.513923 -2.594817 -0.8408225 -0.03586253
109 5.30358 -0.2516525 -0.08657338 -0.7261043 0.4444217 0.7323478 -0.05285659 0.2919705 4.771173 -4.548576 -0.6372157 0.3456836
110 5.434692 -0.2878811 -0.7006827 -0.4540906 0.5675437 0.6283443 0.3175989 0.2589233 7.89075 -2.780086 -0.3245955 0.05175762
111 5.289674 -0.5417601 0.1541966 -0.360723 0.4163295 0.3708948 -0.008811141 0.213001 6.79107 -3.865591 -0.8803758 0.2146466
112 5.321985 -0.4159935 -0.6064763 -0.4725854 0.5507735 0.387896 0.1279112 0.1969464 5.032813 -3.133689 -0.2112706 0.008900421
116 5.466451 -0.2745668 -0.2843781 -0.5786089 0.423322 0.6125193 0.09760238 0.1766962 5.919147 -3.085101 -0.8417705 0.1530408
118 5.428368 -0.2023801 -0.5493925 -0.6175655 0.4035382 0.2406422 0.101633 0.1057418 4.819343 -4.495953 -0.5151105 0.3817527
119 5.164628 -0.5319661 0.3417318 -0.6092848 0.3316874 0.4871677 -0.036777 0.1499347 3.656801 -2.980487 -1.586383 0.08702339
120 5.414172 -0.3292005 0.2827951 -0.7551096 0.46109 0.6220093 0.05825318 0.07651088 4.652879 -3.527603 0.09877973 0.1371863
121 5.49446 -0.2432748 -0.3051203 -0.7298638 0.4787843 0.6809946 0.1769821 0.1906032 10.23365 -4.329327 -1.051369 0.3791744
123 5.526843 -0.4675668 0.01586422 -0.5731363 0.5864283 0.5856213 0.1274806 0.4954863 16.8019 -2.656297 -0.6780489 -0.003413982
124 5.20219 -0.3425013 0.07687302 -0.7498635 0.4752008 0.4505553 0.05035065 0.1910497 5.922393 -2.802136 -2.319847 0.0476663
125 5.475421 -0.4856536 -0.0580181 -0.36164 0.4613246 0.261638 0.1554 0.2980458 5.035299 -2.98779 -0.7394499 -0.02743946
126 5.201662 -0.3919607 0.06563182 -0.518983 0.4208759 0.8002313 -0.07171938 0.3419378 8.348352 -4.110199 -0.7985318 0.3618533
127 5.269185 -0.4337069 -0.1246374 -0.495904 0.5352018 0.2499244 0.2051604 0.3446021 9.514485 -4.073431 0.1988179 0.2643975
129 5.008842 -0.08119406 0.1006233 -0.9537084 0.4685391 0.5140594 0.06025104 0.1415911 6.851625 -3.378725 -0.104085 0.1059674
130 5.46999 -0.3168757 -0.2893025 -0.671022 0.4888573 0.6064925 0.1276678 0.06899673 5.560937 -4.483342 0.6661003 0.1988806
131 5.155585 -0.2450155 0.37628 -0.6744974 0.7090059 0.4233949 0.1926879 0.4293216 14.36525 -3.45503 -0.321864 0.1311245
