1 0.1890756 0.1502056 0.2621382 0.2004877 0.1656658 0.09068827 0.09778467 0.06562479 2.256441 0.7016564 0.6417823 0.1465212
2 0.1954727 0.1406011 0.2631801 0.1922331 0.1726685 0.09507385 0.08891497 0.0846605 1.245309 0.6903372 0.7871069 0.1333748
3 0.2077649 0.1504591 0.2856543 0.2117304 0.1910633 0.112315 0.1048579 0.08887169 1.424803 0.8651267 0.698475 0.1522296
4 0.1802757 0.1254062 0.2587447 0.1792727 0.154822 0.08192113 0.08240432 0.07927912 0.8092942 0.6421445 0.8147848 0.1424833
5 0.2167548 0.1583131 0.3051446 0.2198081 0.2427595 0.1152743 0.1126478 0.07853363 1.853621 0.6585744 0.5891118 0.1238203
6 0.1691311 0.1488783 0.2313978 0.200626 0.1395683 0.08720315 0.09622141 0.07447506 5.210246 0.7596872 0.6118747 0.1388037
7 0.1625861 0.1233066 0.2258022 0.1703012 0.1305895 0.07176805 0.06884482 0.07354709 3.808032 1.011454 0.7134261 0.1876171
11 0.2079717 0.1155467 0.2960265 0.1548504 0.232848 0.09053015 0.05697927 0.08875712 1.834654 0.6734686 0.6741835 0.1326362
15 0.2213378 0.1758306 0.3095698 0.2281574 0.2376145 0.1186041 0.1175564 0.07418971 5.567376 0.677303 1.02638 0.1339513
16 0.2254378 0.1369349 0.316947 0.1893533 0.2538617 0.09989965 0.07990925 0.07896841 1.618465 0.7403283 0.6313124 0.1351603
17 0.1879542 0.1447201 0.2572995 0.1993886 0.1686622 0.09153346 0.09516482 0.07241071 1.392966 1.061995 1.075884 0.1722804
18 0.1987454 0.157668 0.2726757 0.20087 0.1748465 0.0973488 0.08831539 0.08817318 1.424733 0.6906595 0.6033265 0.129158
19 0.2003287 0.1850288 0.2705977 0.2472765 0.1793554 0.1154923 0.1341013 0.09234072 2.830846 0.8461624 0.5795886 0.140102
20 0.2003839 0.1142247 0.2770405 0.1554159 0.1751701 0.07954878 0.06949517 0.07214044 1.358736 0.6668716 0.5271152 0.127588
21 0.2014063 0.1727126 0.277183 0.2286423 0.1827781 0.1077238 0.1168977 0.08759789 1.689645 0.5685822 0.5625934 0.1187996
22 0.2357802 0.1477439 0.3378422 0.2085324 0.284166 0.1174608 0.1045413 0.09743795 6.754054 0.6572508 0.5504375 0.1169843
23 0.2148274 0.1410534 0.3032235 0.2014813 0.2367651 0.1074583 0.09181031 0.09303397 2.92286 0.6863377 0.4926852 0.1297326
24 0.1750339 0.1240243 0.2495553 0.1789461 0.1521333 0.0768254 0.07491205 0.07759147 1.731265 1.136629 0.8483092 0.1958906
25 0.1957121 0.1249433 0.2740446 0.1702129 0.1796959 0.08269143 0.06620796 0.07636942 5.131789 0.8693125 0.6995566 0.1466566
26 0.1996052 0.1464792 0.2829938 0.202134 0.1984244 0.0976622 0.09394169 0.0744458 1.335787 0.9433143 0.7817882 0.1844388
27 0.2060801 0.1780732 0.2890927 0.2450154 0.2094529 0.125787 0.141116 0.08520643 1.868974 0.8765526 0.565898 0.1467068
28 0.214233 0.1486211 0.2907012 0.2047555 0.2187294 0.100055 0.1028175 0.07808053 1.159861 0.7341512 0.6257646 0.1387848
32 0.1878232 0.1547948 0.2797858 0.224874 0.1853732 0.115419 0.1178346 0.08268976 3.341378 0.8183163 0.6177658 0.1487207
33 0.1927903 0.1218604 0.2755948 0.1732199 0.1862722 0.07918576 0.06425957 0.0702342 1.449894 0.560021 0.771282 0.1098092
34 0.1918737 0.1431966 0.2569325 0.1887511 0.159797 0.08593725 0.08904606 0.07090288 0.7539861 0.5362151 0.5889424 0.1004857
35 0.1860048 0.1304211 0.2683688 0.1872754 0.1724223 0.0854907 0.0828685 0.06264831 4.269085 1.023492 0.7988549 0.1863333
36 0.2152085 0.1783409 0.2992444 0.2524276 0.2196988 0.1318528 0.1446863 0.09615255 2.091052 0.6265075 0.5734893 0.1090117
38 0.1897749 0.151633 0.2608752 0.2077509 0.1669074 0.0944462 0.1110434 0.086365 2.67194 0.7868562 0.7922711 0.1481979
39 0.2244174 0.1715936 0.301144 0.2235317 0.2152396 0.1151139 0.1056496 0.09776243 1.602913 0.6552103 0.5527229 0.1221192
41 0.2161826 0.1333242 0.3088472 0.1857716 0.2301616 0.1063411 0.07853188 0.1143082 3.434677 0.6364488 0.5562178 0.1242895
42 0.1984575 0.1366997 0.281152 0.1873651 0.2191224 0.1011821 0.09221691 0.08868606 15.40168 0.5747448 0.5555806 0.122407
43 0.1842711 0.1136771 0.2740535 0.1666223 0.1802317 0.08060805 0.06025075 0.09283932 1.315955 0.7147658 0.60039 0.1370698
44 0.1999586 0.2181337 0.2681494 0.2822082 0.1785231 0.1262415 0.1943708 0.09355814 1.284095 0.508217 0.5899655 0.09648971
45 0.2128048 0.1443679 0.301711 0.2018236 0.2293827 0.1170671 0.09880341 0.1131944 1.734414 0.856157 0.6299874 0.156677
46 0.1560047 0.121464 0.2185533 0.1670587 0.13606 0.07407012 0.06979113 0.09535498 1.003435 0.6940425 0.5761968 0.1298046
48 0.217658 0.1442309 0.3107221 0.1901331 0.2287973 0.09486748 0.07803579 0.08550147 1.138398 0.6766299 0.792414 0.1218613
49 0.1448866 0.1239474 0.2162532 0.1803055 0.1133863 0.06870666 0.08225525 0.07048256 1.408111 0.8579043 0.6068601 0.15247
50 0.1831402 0.1181931 0.2765442 0.1686163 0.1939307 0.08360366 0.07263417 0.07368705 0.8576479 0.6414274 0.5491056 0.1072771
51 0.2195541 0.1392532 0.3069939 0.1885252 0.2433801 0.1013559 0.08312379 0.0971271 3.076203 0.6452567 0.796888 0.1213635
52 0.2306464 0.1357759 0.3260054 0.1786552 0.264362 0.09990282 0.07351769 0.1104022 1.30706 0.8447922 0.6484168 0.1471379
53 0.1898577 0.1496788 0.274513 0.2138454 0.182901 0.1011081 0.1074521 0.1053491 3.180244 0.8993047 0.6761365 0.1435142
54 0.2158483 0.1282609 0.3137677 0.1806285 0.2444711 0.1122841 0.07497004 0.07735829 1.895475 0.8895435 0.6367132 0.1462391
56 0.1855667 0.1311381 0.2680084 0.1925364 0.1757926 0.09351007 0.08658347 0.08792507 4.236727 0.7719902 0.624711 0.1443219
58 0.1974802 0.1398986 0.275716 0.1952081 0.1797042 0.09008083 0.08492095 0.0835178 1.808762 0.7899694 0.6303139 0.1445143
59 0.1750198 0.14022 0.2637957 0.2036029 0.1727446 0.09374892 0.100588 0.07830256 1.643171 0.9420504 0.6121525 0.1566287
62 0.1640559 0.1139687 0.2366155 0.1540877 0.136529 0.07017656 0.06049174 0.07783208 1.349556 1.113541 0.838116 0.1948894
63 0.2183501 0.1481727 0.2992915 0.2051587 0.2091645 0.108419 0.102269 0.08907081 2.537752 1.031238 0.5986275 0.1590592
64 0.2154376 0.1719945 0.2884698 0.2269067 0.21258 0.1185079 0.1262118 0.0871041 2.068284 0.6611478 0.591949 0.1237273
65 0.1589719 0.1252026 0.2252526 0.1835942 0.1300283 0.07283878 0.08628555 0.0718047 1.049476 0.7699238 0.5644822 0.1280687
66 0.1867368 0.1182543 0.2523127 0.1633704 0.1695136 0.08093219 0.06562172 0.09030026 1.073909 0.8734647 0.6671963 0.1498039
68 0.1686064 0.1413079 0.2383207 0.1853618 0.1536413 0.08293542 0.09095748 0.08427434 1.646138 1.036068 0.8509376 0.1783228
69 0.1812048 0.1369251 0.2541304 0.1847182 0.1630186 0.08866132 0.08025629 0.08631605 2.355506 0.7790059 0.816923 0.1544792
70 0.2227228 0.1369779 0.3017941 0.1832262 0.2107639 0.09308549 0.08210089 0.07692649 0.914006 0.5413695 0.8481397 0.1166213
71 0.1746769 0.1427196 0.2514098 0.1960008 0.1652545 0.09171278 0.09480107 0.07428353 2.068103 0.8778538 0.6819745 0.148973
72 0.1816951 0.1557259 0.2772337 0.2249346 0.1739368 0.1091393 0.1265773 0.0692972 2.421263 0.8502334 0.6419136 0.1604157
73 0.2143464 0.1505268 0.2944609 0.2042767 0.2175901 0.1110487 0.09504206 0.08132031 2.025207 0.6959993 0.6198948 0.1409301
75 0.175501 0.1244358 0.2568413 0.1763117 0.16459 0.0783633 0.07271058 0.08111897 3.348794 1.033971 0.6536958 0.1766884
76 0.2069782 0.1334997 0.2968552 0.1870599 0.2098917 0.1046918 0.08319669 0.08674872 1.513839 0.6720398 0.5048057 0.1328471
78 0.1852408 0.1376785 0.2665927 0.1987857 0.1889302 0.09955799 0.09050862 0.0767787 2.474168 0.9736992 0.5757226 0.1613896
79 0.160457 0.1495165 0.2480263 0.2130593 0.1540372 0.09075327 0.1137957 0.06228369 1.512027 0.6203047 0.5869756 0.1064725
80 0.2301446 0.1532253 0.3257077 0.2078644 0.2585574 0.11828 0.09856026 0.0824286 3.649469 0.6539616 0.5739258 0.1287457
81 0.2329094 0.1232217 0.3322009 0.1675582 0.2699569 0.1000877 0.06641859 0.08069596 1.67916 1.00705 0.7072594 0.1820302
82 0.1720397 0.126402 0.245225 0.1907817 0.1429169 0.08041388 0.09070688 0.06013541 1.138844 0.7468195 0.6002856 0.1332391
83 0.1973288 0.1366578 0.2827321 0.1995953 0.1911482 0.09722625 0.08732617 0.09247226 1.107072 0.6593767 0.5356802 0.1110729
84 0.2397402 0.1922555 0.3219114 0.253756 0.2539858 0.1653908 0.1532663 0.1149515 4.183004 0.6001814 0.5112528 0.11255
85 0.1917493 0.148805 0.2644041 0.2062237 0.1781137 0.09916398 0.1041123 0.06879408 2.457961 0.9148557 0.6254083 0.1543703
86 0.1851362 0.1590178 0.2974848 0.2214626 0.2016468 0.1095349 0.1160558 0.07905631 1.019056 0.5507144 0.6638102 0.09847448
87 0.1773397 0.1131882 0.2534796 0.163753 0.1537233 0.07485063 0.06353915 0.06710334 1.85597 0.8035106 0.5908701 0.150717
88 0.1912717 0.1280068 0.2640737 0.1758015 0.167756 0.08026991 0.0736402 0.06886538 3.145942 1.248523 0.8156494 0.2038751
90 0.2087552 0.1485536 0.2949542 0.2094816 0.2043507 0.1151493 0.1031903 0.1103671 3.976514 0.8314255 0.6770478 0.161969
91 0.232142 0.1072873 0.3366955 0.1504704 0.2655769 0.09262836 0.04948077 0.06705157 2.68693 0.5901047 0.5088412 0.1180131
92 0.2055234 0.1633772 0.2774835 0.2222676 0.1845219 0.1034477 0.1079963 0.08517371 1.830255 0.7628345 0.7071435 0.1297512
93 0.1915045 0.1275684 0.2654354 0.1737672 0.1724845 0.09086397 0.07151928 0.09469529 4.527089 0.6862922 0.4913702 0.1346111
94 0.1868733 0.1276906 0.2577107 0.1699224 0.1642237 0.07364027 0.06866992 0.07579007 0.9916199 0.9125066 0.7291588 0.1680171
98 0.1821092 0.139246 0.2617275 0.1941754 0.1715921 0.09325356 0.09360657 0.0891831 9.456102 0.6331954 0.5685413 0.1229367
99 0.1987868 0.1425559 0.2820341 0.2097935 0.1966555 0.1068952 0.1092665 0.06930385 9.901801 0.7946457 0.6122561 0.1406535
101 0.2223554 0.1405322 0.3282596 0.2128125 0.2749269 0.1317174 0.1085097 0.0808185 1.577807 0.9704767 0.7345922 0.1570439
102 0.1776731 0.2239275 0.2444145 0.2874726 0.1409636 0.1195263 0.1992937 0.09452594 1.496474 0.5166306 0.6703703 0.1115246
103 0.185251 0.135949 0.2478726 0.1785487 0.1498338 0.07633565 0.06971736 0.07490093 0.8202237 0.6182403 0.5402204 0.1202413
104 0.2589978 0.1295118 0.3626888 0.176893 0.3421401 0.1255052 0.07677898 0.08723985 2.081567 0.7317671 0.7793448 0.1327337
105 0.1682495 0.1729496 0.2249156 0.2218 0.1256726 0.0912426 0.1179119 0.05884466 1.213463 0.673937 0.6821473 0.1270043
106 0.1961813 0.1339242 0.2874519 0.2022983 0.2033713 0.1062504 0.0937467 0.09227894 1.298717 0.6786162 0.6341417 0.1253073
107 0.2488512 0.1725306 0.3278625 0.2260276 0.2624061 0.1265764 0.1180245 0.09458527 3.13671 0.5894876 0.6338312 0.116865
109 0.2186512 0.1495823 0.3265412 0.2127715 0.247509 0.115193 0.1104241 0.07361793 1.379991 0.799923 0.6609307 0.1327036
110 0.2157899 0.1587739 0.3179309 0.2197987 0.2557839 0.1180311 0.1098988 0.08963601 3.153838 0.5921718 0.536669 0.1077334
111 0.1850937 0.1344475 0.2541083 0.1836809 0.1562329 0.08260364 0.07830625 0.06438902 2.684238 0.8983953 0.702483 0.1755362
112 0.1907767 0.1387587 0.2815289 0.1960617 0.1895547 0.09025667 0.09668589 0.09239384 1.665348 0.6943753 0.6301684 0.1400137
116 0.2087183 0.1297492 0.3013841 0.1821583 0.2159194 0.09479383 0.08179284 0.07160729 2.28118 0.6481039 0.5574418 0.118623
118 0.1692363 0.1133791 0.2333733 0.1581766 0.134118 0.06529454 0.06203626 0.06973992 1.59178 1.041778 0.6474091 0.1785287
119 0.2009497 0.1315876 0.272589 0.1707403 0.173971 0.07846248 0.06364525 0.05717725 0.9554039 0.6733711 0.7925885 0.1403058
120 0.2293695 0.1111007 0.3116737 0.1548957 0.2298274 0.084524 0.05635268 0.07691548 1.419885 0.7206269 0.5624522 0.1204105
121 0.2107082 0.1326465 0.3095581 0.1884807 0.256163 0.1056151 0.08655278 0.07182704 5.408563 0.9500331 0.6852217 0.1600355
123 0.2251867 0.1853943 0.3053614 0.2512463 0.2334187 0.1328109 0.1574477 0.08258589 12.97412 0.5749481 0.5744516 0.1124
124 0.1977008 0.1297667 0.2792249 0.1857647 0.190446 0.09691468 0.08358929 0.07702075 2.137711 0.7273467 1.049655 0.1525593
125 0.1726554 0.1558762 0.2412885 0.2159825 0.1575288 0.09114663 0.1059306 0.07676817 1.671714 0.6932567 0.7190067 0.1397663
126 0.219687 0.1512654 0.3259507 0.2207863 0.2528191 0.1287263 0.1169801 0.06699589 3.864844 0.7862021 0.5713816 0.1405872
127 0.1723073 0.1600264 0.2488971 0.2285851 0.1601778 0.1046707 0.1392807 0.07818437 4.812295 0.8191344 0.5647027 0.1446943
129 0.1946326 0.1188302 0.2870266 0.1705809 0.2054415 0.09138749 0.06968943 0.07166452 2.779657 0.7372928 0.5867817 0.1405848
130 0.2265136 0.1116022 0.3059701 0.1545493 0.233735 0.08329899 0.05662338 0.08001188 1.910021 0.9942322 0.6874552 0.1646268
131 0.2102652 0.1865371 0.2949701 0.2569728 0.2200304 0.1329326 0.1631344 0.10667 10.07913 0.7200407 0.6018265 0.1323831
