1 4.902753 -0.2715499 0.254812 -0.5881611 0.8523638 0.3465179 0.08718463 0.3569577 -3.070754 -0.6743081 0.05060449
2 5.749507 -0.6086795 -0.41007 -0.5161075 1.202767 0.3970454 -0.0742695 0.2546584 -2.888164 -1.834655 0.1248158
3 5.665635 -0.3229577 -0.3522973 -0.6605594 1.299849 0.1773673 0.1702216 0.2920267 -3.723346 0.2764892 0.04070695
4 5.55048 -0.7375632 0.1667756 -0.6571731 1.498723 0.2458517 -0.01823829 0.7495313 -2.748053 -1.36277 -0.05850564
5 5.508833 -0.5299235 -0.4641999 -0.6220864 1.055486 0.9481374 0.06350465 0.320214 -3.049063 -0.5558789 0.1014546
6 5.58034 -0.3826349 -0.268471 -0.5219268 0.7661146 0.1745454 0.1700682 0.2667692 -3.259289 -0.3573408 0.08774494
7 5.30647 -0.3956078 -0.1219494 -0.7668241 0.7419649 0.2754001 0.1698987 0.1394833 -4.207655 -0.8323749 0.3255498
11 5.326425 -0.3675463 -0.2018633 -0.4638098 0.969639 0.7959498 0.1987864 0.07577027 -2.887664 -1.332286 0.09321363
15 5.461704 -0.635538 -0.3066783 -0.3199763 0.9421724 0.6741332 0.1098683 0.3105984 -2.843359 -2.818216 0.1920631
16 5.601434 -0.4324738 -0.7673047 -0.264932 1.157675 1.205612 0.05095543 0.2182827 -3.364367 -0.1264487 0.06098701
17 5.562031 -0.1339792 -0.1001669 -0.8494572 0.9896375 0.4009031 0.1797591 0.4494992 -4.343054 -1.63559 0.2482626
18 5.464553 -0.3811151 -0.1551397 -0.4901229 1.277943 0.2560596 0.06159588 0.1419071 -3.117887 -1.124462 0.1797992
19 5.842102 -0.3087609 -0.6153722 -0.4881996 1.070086 0.261661 0.1407193 0.2861012 -3.75708 -0.1187475 0.2082046
20 5.453533 -0.4801836 -0.2618758 -0.6004392 0.9350447 0.4175473 0.1395 0.07952592 -3.072478 -0.7182467 0.2002894
21 5.090135 -0.4305416 0.6537094 -0.4440904 1.14071 0.6069508 0.04717138 0.2609209 -2.572434 -0.8666472 0.03404689
22 4.985274 -0.2425756 0.6435752 -0.5796878 1.040288 0.7820833 0.3716562 0.2332682 -3.39617 0.007011499 0.1205424
23 5.081716 -0.5769915 0.3581875 -0.456995 1.054915 0.7921806 0.2670535 0.1389549 -3.834149 -0.3919463 0.3540303
24 5.716855 -0.2644497 -0.7936129 -0.5492926 1.039051 0.3527718 0.08434365 0.1597547 -4.250558 -1.031837 0.2712639
25 5.567471 0.05508088 -0.3587741 -1.088368 0.8270842 0.34896 0.1254718 0.094539 -3.590231 -1.169738 0.2415504
26 4.789244 -0.2218059 0.3827167 -0.6540067 1.204211 0.7358351 0.1532752 0.2274793 -3.999851 -1.826168 0.3837789
27 5.697075 -0.5470765 -0.3270407 -0.5777257 1.118895 0.265001 0.1798807 0.4816946 -4.276748 0.1814004 0.3005367
28 5.329886 -0.398075 -0.06451566 -0.5978904 1.301397 0.4419924 0.1416604 0.3762317 -3.390908 -0.1897657 0.07764153
32 5.528821 -0.4955336 -0.6231088 -0.3629631 0.9841095 0.269404 0.1306973 0.3189204 -3.718839 -0.2710747 0.1907097
33 5.310335 -0.3935699 0.0059255 -0.3507566 0.9972723 1.020707 0.4187297 0.2296097 -2.592765 -2.461507 0.1774466
34 5.658429 -0.4484145 -0.2571621 -0.4860849 1.235811 0.6655343 0.2404908 0.4433205 -2.410757 -1.523642 0.05802425
35 5.402191 -0.2619169 -0.2284388 -0.8710238 0.7533258 0.3916241 0.2135713 0.1973126 -4.146625 -1.430392 0.3420955
36 5.605298 -0.4063856 -0.4932776 -0.5051554 1.155888 0.4918094 0.4224903 0.5298141 -3.050301 -0.6842844 0.1225038
38 5.556029 -0.4908178 0.243391 -0.2949668 1.00078 0.2091266 0.2497138 0.4013563 -3.274893 -1.613278 0.144497
39 5.425637 -0.5486734 -0.6324201 -0.2371536 1.324995 0.634115 0.05803491 0.3263393 -3.072974 -0.5030355 0.1327562
41 5.078305 -0.1714617 0.1361836 -0.8602465 1.16674 0.5385294 0.1259026 0.06710244 -2.924707 -0.05269344 0.01453005
42 5.146054 -0.5710403 0.04614584 -0.3466852 0.8894217 0.4484376 0.2125557 0.1395908 -2.62439 -0.8399659 0.05503331
43 5.028731 -0.1636823 0.4879439 -0.6889224 1.387779 0.5942842 0.06260621 0.1205301 -3.265922 -0.3489163 0.08037759
44 5.523656 -0.5288736 -0.2754749 -0.4867822 1.292334 0.4526924 0.2114665 0.7187748 -2.365866 -1.382023 0.05566381
45 5.052218 -0.3730034 0.2628733 -0.3789674 1.447931 0.419075 0.11046 0.1336687 -4.051337 -0.7233523 0.2946474
46 5.160009 -0.1467709 0.2453277 -0.8222224 1.38397 0.2989668 0.09360091 0.1200967 -3.228754 -0.6166691 0.1394236
48 5.877714 -0.3893604 -0.2852604 -0.6951395 1.408414 0.9605093 -0.3042559 0.6356217 -2.877467 -1.753258 0.09687259
49 5.068571 -0.2014748 0.3703385 -0.8408304 0.9509427 0.06348849 0.08874941 0.3281427 -4.234862 0.5601058 0.2004962
50 5.702421 -0.1571632 -0.5561188 -0.9159435 1.048485 0.6555914 0.4642772 0.4350157 -3.024022 -0.4852046 0.1171795
51 5.3901 -0.1891337 -0.3148349 -0.8482208 1.044702 0.8601564 0.3072879 0.1406484 -2.730368 -1.679854 0.04235606
52 5.192103 -0.08732381 -0.4419973 -0.7404738 1.401152 0.808078 0.1884229 0.07765245 -3.875725 -0.5154966 0.2463712
53 5.774049 -0.1998038 -0.6826206 -0.7565426 1.128332 0.2169836 0.1866799 0.2886168 -4.023496 0.7385337 0.1032957
54 5.83333 -0.2415276 -0.6152365 -0.7146864 1.143071 0.7330188 0.00360018 0.09069222 -3.823 -0.1122961 0.1823985
56 5.435665 -0.5127929 -0.03578118 -0.6261536 0.9475699 0.2820221 0.1976654 0.2089272 -3.616858 0.2942545 0.06991302
58 5.485354 -0.4584167 -0.7191089 -0.4954099 0.9485886 0.5113116 0.367482 0.31286 -3.616942 -0.7003795 0.2265981
59 5.259535 -0.05388373 0.1246386 -0.8470684 1.043356 0.5578204 0.1496975 0.2815668 -4.352933 -0.213843 0.2976699
62 5.453676 -0.4418815 -0.1595574 -0.4263519 1.006029 0.3776027 0.07778864 0.1385611 -4.679394 -1.025008 0.3485166
63 5.267457 -0.04365306 -0.1837298 -0.7993364 1.077332 0.4656396 0.2382889 0.2184339 -4.894173 0.7221793 0.3709028
64 5.252524 -0.4866309 -0.2602594 -0.3795445 1.076613 0.3845404 0.3802781 0.4873171 -3.134304 -0.6213729 0.1158557
65 5.51767 -0.3683341 -0.3492548 -0.3709412 0.9250984 0.6203961 0.4126752 0.3348505 -4.077755 -0.2160844 0.282019
66 5.601214 -0.3106319 -0.2650715 -0.8372349 1.24444 0.4433973 0.1931853 0.1390793 -3.889942 0.1222073 0.1365428
68 5.752785 -0.4187005 -0.5359099 -0.5455284 1.012296 0.3864988 0.2410565 0.2054861 -4.154861 -0.9738804 0.2245051
69 5.246594 -0.3502226 -0.4201539 -0.7697125 1.059178 0.2214435 0.1279355 0.2050014 -3.140765 -1.435864 0.1042532
70 5.233588 -0.7053972 0.2216889 -0.3174704 1.163231 0.8671698 0.958888 1.166949 -2.78209 -0.9813675 -0.1623225
71 5.736661 -0.5606826 -0.3887947 -0.5539727 1.069926 0.4877011 0.2330417 0.2122889 -3.98002 -0.2689852 0.1920089
72 5.155949 -0.346931 0.09019051 -0.4322147 0.9182558 0.2616349 -0.007437358 0.5108553 -3.928914 -0.6190021 0.2439984
73 5.153114 -0.3979561 0.3067173 -0.6313321 1.18985 0.7122512 -0.01069512 0.1831193 -3.178889 -0.1818463 0.02250332
75 5.365375 -0.2727411 -0.2130515 -0.820362 0.8994695 0.3357274 0.1711879 0.1259546 -4.61688 0.1415205 0.3207822
76 5.255032 -0.6391846 -0.00272752 -0.3064976 1.154655 0.519601 0.03726392 0.1448151 -3.30124 -0.4429692 0.2346471
78 5.64509 -0.1805146 -0.4732801 -0.6399683 0.9148862 0.6407541 0.4595145 0.4234568 -4.410317 -0.02496025 0.3326327
79 5.233374 -0.1169883 0.1508967 -0.961803 0.8414293 0.5477246 0.4744751 0.5714865 -3.1762 -0.4701128 0.09935524
80 4.935336 -0.34057 0.4661588 -0.3046651 0.9837376 0.7916263 0.2235651 0.2025476 -3.257336 -0.7513689 0.1599159
81 4.97235 -0.04786519 0.06580145 -0.608903 1.09718 0.9205292 0.1028491 0.06859777 -4.334283 -0.7629493 0.3067572
82 5.488848 -0.4019033 -0.4258964 -0.4007053 0.8485527 0.3570554 0.2704061 0.3453588 -3.552786 0.07806794 0.1073742
83 5.363591 -0.3857299 0.4107793 -0.7896593 1.365377 0.691373 0.3060893 0.3014953 -3.708653 0.2333349 0.1791589
84 5.25086 -0.3610357 0.5913695 -0.9142152 1.326972 0.2885029 0.1364573 0.2852403 -2.920953 -0.4707544 0.1184899
85 5.426412 -0.2018902 -0.2769515 -0.6556 0.8896941 0.4665709 0.2210742 0.3553211 -4.085275 -0.147961 0.2415215
86 5.154729 -0.1150076 -0.4588611 -0.9500133 1.309271 0.7151415 0.3476338 0.5206757 -2.675159 -1.615436 0.1435173
87 5.193994 -0.2854655 -0.4348945 -0.5779726 0.8480387 0.3414835 0.1917463 0.1443814 -3.644688 -0.04967078 0.1717752
88 5.538761 -0.1958062 0.1140911 -0.798543 0.8648501 0.3273743 0.2359368 0.2261944 -4.954074 -1.190552 0.4184004
90 5.156355 -0.4311512 0.148173 -0.3473388 1.132363 0.3093246 0.2077605 0.2331456 -3.812316 -1.418636 0.3189754
91 4.726731 0.008198048 0.5144455 -1.013843 0.8160465 0.8322699 0.1559966 0.06619171 -2.649105 -1.009431 0.1542347
92 5.72373 0.01474522 -0.2753948 -0.9932149 1.135625 0.5099804 0.06143641 0.3370594 -3.156931 -1.023543 0.08284032
93 5.18272 -0.3732829 0.03469304 -0.6281865 0.9445255 0.1747977 0.05230783 0.06544942 -3.214849 -0.3506618 0.2212631
94 5.178013 -0.3067298 -0.04684474 -0.5474975 1.142427 0.6130267 0.2109012 0.2182838 -3.910308 -0.7003965 0.1947215
98 5.576756 -0.4069177 -0.4096433 -0.3584874 0.9163342 0.3106686 0.1865776 0.1577674 -2.705758 -0.7825421 0.04751638
99 5.662866 -0.4284551 -0.5312778 -0.3570287 0.7994204 0.3767317 0.2387214 0.2887212 -3.538649 -0.3022331 0.1401077
101 5.37645 -0.4573805 -0.4763569 -0.5147355 1.173862 1.096376 -0.02217638 0.3046661 -4.766116 0.9392851 0.209803
102 5.355896 -0.6459766 -0.2134927 -0.06106378 1.213313 0.04313269 -0.01263603 1.310026 -2.326126 -1.404454 -0.03631397
103 5.367173 -0.6468231 -0.3920268 -0.3018777 1.18978 0.360724 0.5092009 1.096334 -2.971089 -0.5249648 0.1181473
104 5.458959 -0.1680919 -0.3991177 -0.773117 1.05309 1.200092 0.07021214 0.0762924 -3.072979 -2.051769 0.2273655
105 5.44484 -0.3397225 -0.3156179 -0.6278663 0.94012 0.2970823 -0.03324362 0.5952204 -2.889159 -1.284391 0.09375716
106 5.430397 -0.1571037 -0.6319337 -0.7139011 1.339495 0.6893268 0.03635835 0.3282959 -2.89799 -0.8135048 0.05908492
107 5.347812 -0.1838896 -0.4031474 -0.7552088 1.088768 0.8075998 0.426943 0.2714788 -2.594817 -0.8408225 -0.03586253
109 5.243502 -0.1950302 0.1765911 -0.7223332 1.296633 0.9095035 0.2119917 0.2125993 -4.548576 -0.6372157 0.3456836
110 5.442217 -0.272622 -0.8544141 -0.5520614 1.037897 0.8007596 0.4415781 0.2970343 -2.780086 -0.3245955 0.05175762
111 5.233052 -0.4854968 0.2346446 -0.3537285 0.7954584 0.3363354 0.1432342 0.1818464 -3.865591 -0.8803758 0.2146466
112 5.277508 -0.4226306 -0.5608688 -0.4280124 1.171838 0.3564403 0.2693794 0.3174493 -3.133689 -0.2112706 0.008900421
116 5.412129 -0.3450994 -0.09134409 -0.4653742 0.8944512 0.6704719 0.2643051 0.2067622 -3.085101 -0.8417705 0.1530408
118 5.4735 -0.1950193 -0.5541703 -0.6438908 0.8324446 0.2453788 0.2020703 0.2245774 -4.495953 -0.5151105 0.3817527
119 5.26267 -0.6787021 0.2240327 -0.3712564 1.062205 0.9110201 0.09511704 0.1512157 -2.980487 -1.586383 0.08702339
120 5.493308 -0.2537037 0.2075277 -0.9067083 1.032525 0.5897782 0.272163 0.1906466 -3.527603 0.09877973 0.1371863
121 5.480218 -0.2077839 -0.2564122 -0.7581014 0.7960016 0.8701465 0.271539 0.1402549 -4.329327 -1.051369 0.3791744
123 5.552689 -0.4508727 -0.05650394 -0.5945947 0.9618233 0.4306661 0.2535862 0.47799 -2.656297 -0.6780489 -0.003413982
124 5.240369 -0.3641754 0.008893355 -0.727457 0.9746358 0.4424623 0.1691313 0.1834342 -2.802136 -2.319847 0.0476663
125 5.427632 -0.5229819 0.105342 -0.2781174 0.9521136 0.5225975 0.3604786 0.3006867 -2.98779 -0.7394499 -0.02743946
126 5.337374 -0.4347881 0.0728332 -0.481595 0.8528964 0.7488929 0.1535647 0.2804266 -4.110199 -0.7985318 0.3618533
127 5.26212 -0.4911147 -0.05878256 -0.4363428 0.8516109 0.2521493 0.2854226 0.4504236 -4.073431 0.1988179 0.2643975
129 5.037302 -0.1171903 0.1069528 -0.9955027 0.8666233 0.6131421 0.170655 0.1394044 -3.378725 -0.104085 0.1059674
130 5.572981 -0.3272783 -0.3443301 -0.6784855 0.9907806 0.9154882 0.1540744 0.04700293 -4.483342 0.6661003 0.1988806
131 5.150488 -0.2485877 0.3474355 -0.6927531 1.116268 0.3066813 0.2987986 0.4832062 -3.45503 -0.321864 0.1311245
