1 5.104094 -0.3290563 0.6715067 -0.6116603 1.247607 0.547914 0.1481864 0.3138868 -3.273364
2 5.512539 -0.2778889 -0.07831795 -0.5183648 1.025154 0.6019 0.1223384 0.06566917 -2.96448
3 5.478373 -0.3963113 0.08636639 -0.7098548 0.9604553 0.3762008 0.006813371 0.2106315 -2.940382
4 5.510196 -0.2325311 -0.4122171 -0.6060771 1.037957 0.5475806 0.2445473 0.1709767 -2.606796
5 5.105725 -0.3635349 0.3842553 -0.7857797 0.9659143 0.4070814 0.1766394 0.1210351 -3.565998
6 5.372542 -0.1741924 0.1032373 -0.7192375 1.387761 0.6182253 0.08491691 0.7191143 -3.185601
7 5.581909 -0.3171208 -0.3912203 -0.3359624 1.226558 0.6895514 0.3299793 0.2501005 -3.094823
8 5.047928 -0.3775876 0.09883264 -0.6840428 1.02758 0.2756403 0.2891271 0.4624964 -3.094823
9 5.630401 -0.5069123 -1.011233 -0.1520071 1.039871 0.5914112 0.3167607 0.2545427 -2.68424
10 5.619063 -0.4612308 -0.6433446 -0.4222332 0.979171 0.7147561 0.3413769 0.1980862 -3.853539
11 4.831883 -0.3329249 0.3020564 -0.8697461 1.187874 0.2804341 0.152672 0.1605471 -2.617825
12 5.045665 -0.3670789 -0.004877357 -0.7103657 0.8633978 0.3094146 0.2726341 0.3042839 -2.984127
13 5.22725 -0.3663154 -0.1775678 -0.5502504 1.029112 0.6208377 0.266014 0.1637358 -3.071921
14 5.244653 -0.0850355 -0.0326883 -0.8837875 0.7364051 0.3988211 -0.05975935 0.3408115 -3.277145
15 5.799715 -0.8522749 -0.641561 -0.229334 1.195757 0.8611135 0.3188465 0.1629702 -3.328626
16 5.326524 -0.3075299 0.3405041 -0.7552039 1.194187 0.5145315 0.2470958 0.179627 -2.455306
17 5.524802 -0.2151876 -0.4643509 -0.864935 0.7685971 0.6068587 0.09285059 0.1346752 -2.956512
18 5.122367 -0.3944574 0.03203366 -0.5871321 0.9301498 0.4966704 0.1863766 0.1291531 -3.314186
19 5.627314 -0.3441447 -0.2251746 -0.5414917 1.069331 0.4539552 0.2396171 0.1975966 -2.606796
20 5.11348 -0.1397834 -0.1606875 -0.5488464 0.9109957 0.1606668 0.1286979 0.1827334 -2.910019
21 5.758513 -0.2589732 -0.8160529 -0.4238707 0.9344833 0.2613104 0.245429 0.4226357 -3.555341
22 5.072495 -0.2421864 0.1604538 -0.5434548 1.055022 0.1935561 0.04693127 0.2613854 -3.832135
23 5.238845 -0.4365758 -0.01948038 -0.3519459 0.9779663 0.1069055 0.1205868 0.4492736 -3.555341
24 5.284957 -0.5973351 0.08167589 -0.393952 1.073555 0.171558 0.1557289 0.2543913 -2.898277
25 5.254451 -0.2614631 0.1557467 -0.8628793 0.9990725 0.9490459 0.1720674 0.0812496 -2.72458
26 5.79789 -0.2191444 -0.7062013 -0.5106065 1.187818 1.068481 -0.388699 1.220118 -2.999571
27 5.398989 -0.2958814 -0.208101 -0.7436286 1.138859 0.3415919 0.1783321 0.1646341 -2.917771
28 5.210125 -0.3316879 -0.1199299 -0.783985 1.129243 0.6417236 0.4378894 0.4753338 -3.540954
29 5.79685 -0.4062534 -0.7043038 -0.5631593 1.106968 0.3908506 0.1658356 0.210386 -3.408576
30 5.57334 -0.1982364 -0.4616523 -0.6556139 0.9907585 0.5563955 0.3716729 0.3031065 -3.060271
31 5.410182 -0.3398009 -0.2017736 -0.6687457 0.9379073 0.5382971 0.2344873 0.1463283 -3.299534
32 5.275839 -0.2918645 -0.07537035 -0.4683908 1.28053 0.6744702 0.4405269 0.3529249 -2.917771
33 5.653377 -0.08783056 -0.3630873 -0.8489268 0.9261495 0.940616 0.2429423 0.1022653 -2.933097
34 5.288177 -0.3036352 -0.01894654 -0.5316282 1.317839 0.2819004 0.1765034 0.1979508 -3.430395
35 5.033385 -0.2802501 0.2727667 -0.8495888 1.186782 0.7393256 0.1538558 0.126976 -2.586092
36 5.393405 -0.220262 0.2466067 -0.8337443 1.129397 0.7494764 0.2807433 0.3406925 -2.991879
37 5.485682 -0.3466756 -0.2919239 -0.623614 1.007103 0.6117719 -0.004660011 0.1302086 -3.415902
38 5.349654 -0.4336195 -0.3717359 -0.3828845 1.575319 0.4278395 0.06342938 0.1780986 -2.760801
39 5.089631 -0.2098355 0.08032498 -1.070357 0.8686689 0.5566564 0.187552 0.1575386 -3.193092
40 4.962045 -0.1084727 0.2966435 -0.8333672 0.8830395 0.4538937 0.3367988 0.3890258 -3.064169
41 5.419518 -0.3390571 0.008224676 -0.6856792 0.7760574 0.1715373 0.05319737 0.2651736 -2.732743
42 5.570498 -0.4024252 -0.2064044 -0.5175885 1.22814 0.5346133 0.2270326 0.2232097 -2.972385
43 5.490154 -0.5035292 -0.09157716 -0.5331795 0.7484973 0.3474576 0.2586881 0.2743577 -2.936892
44 5.674702 -0.5578084 -0.6868246 -0.1812743 1.244615 0.2122255 0.180702 0.3912875 -3.207907
45 5.187499 -0.4088339 0.04945688 -0.5654151 0.9367256 0.6658235 0.1066254 0.137146 -2.933097
46 5.518856 -0.1871945 -0.1567871 -0.8996164 1.113132 0.3844383 0.2088864 0.2002781 -2.841026
47 5.163188 -0.3882241 -0.3907737 -0.6949643 0.7607238 1.045423 0.5545072 0.3798762 -3.10608
48 5.54258 -0.326073 -0.4102182 -0.545917 1.079055 0.5789011 0.2947188 0.2058287 -2.825339
49 5.549875 -0.425632 -0.5599842 -0.4121177 1.003174 4.16936 0.1370602 0.02250616 -2.821379
50 5.632726 -0.2999063 -0.6600342 -0.6740345 1.144115 0.6128954 0.2278124 0.1321389 -2.712208
51 6.007441 -0.6756527 -0.8565905 -0.2172977 1.228144 0.7655437 0.06443052 0.2742806 -3.131864
52 5.523151 -0.348741 -0.119931 -0.7218924 1.033049 0.597216 -0.1298549 1.149057 -3.317816
53 5.56404 -0.3313807 -0.5097702 -0.4584225 1.289967 1.042404 0.1172211 0.06143933 -3.408576
54 5.307662 -0.07666138 0.06069141 -1.111688 1.033478 0.638724 0.1889644 0.0941722 -2.894332
55 5.705411 -0.3264044 -0.5561035 -0.6302562 1.135095 0.4062953 0.1795361 0.1284947 -3.181835
56 5.625816 -0.5386712 -0.07633792 -0.4650647 1.106097 0.8945953 0.3705716 0.4877752 -3.075775
57 5.457326 -0.244211 -0.1193924 -0.7034767 1.124382 0.57804 0.1564008 0.148249 -3.083438
58 5.560236 -0.2720785 -0.2579324 -0.907106 1.196725 1.697912 -0.1110087 0.2810647 -3.526356
59 4.992786 -0.1816843 0.625821 -0.6887835 1.038748 0.3923624 0.218309 0.3237701 -2.894332
60 4.918399 -0.7008155 0.2037873 -0.2861499 1.301282 0.892849 0.194203 0.5735342 -3.124565
61 5.566949 -0.4062408 -0.4599919 -0.8879359 0.8890152 0.3912249 0.3003157 0.31558 -2.96844
62 5.852321 -0.3451754 -0.8943129 -0.564014 1.073252 0.6992746 0.4309341 0.3482317 -3.204224
63 5.581135 -0.1250217 -0.1355746 -0.7815855 1.275766 0.4585737 0.2768298 0.2301533 -3.071921
64 5.497767 -0.3252496 -0.3353911 -0.5891747 0.6762232 0.5425714 0.09619022 0.2827382 -2.917771
65 5.41546 -0.5479394 -0.4540948 -0.3452562 0.8214352 0.7553127 0.08199064 0.02400613 -3.404893
66 5.375172 -0.3309623 -0.1581477 -0.4213286 1.047327 0.5100095 0.2392788 0.1704825 -2.817403
67 5.29117 -0.3892002 0.1471105 -0.6040599 0.9127301 0.5387256 0.2095816 0.1406303 -3.011
68 5.357712 -0.2859917 0.1086626 -0.7215405 0.9298807 0.4881489 0.2582996 0.1889271 -3.087247
69 5.245559 -0.2369757 -0.03467577 -0.8605233 0.9280029 0.4576111 0.2472671 0.1727618 -3.258096
70 5.33274 -0.3660028 -0.06863718 -0.5163202 0.9663201 0.3228996 0.2763716 0.3034683 -3.292126
71 5.16428 -0.6413438 0.1687089 -0.1244189 1.596388 0.5344392 0.3275279 0.3802902 -3.303217
72 5.171764 -0.2950674 0.3743522 -0.944743 1.027918 0.5001457 0.2530504 0.1944666 -3.166625
73 4.941117 -0.2464224 0.5114902 -0.8603971 1.198214 0.489957 0.2585548 0.2393685 -2.890372
74 5.168175 -0.5289029 0.2431134 -0.6391133 1.194143 0.2454365 0.1665985 0.3168978 -3.207907
75 4.991323 -0.470491 0.278065 -0.4281599 1.037401 0.8091781 0.2495765 0.2316642 -3.415902
76 5.524687 -0.3620964 0.06357579 -0.7687636 1.321655 0.2165099 0.2439269 0.7204736 -2.874371
77 5.332364 -0.1956114 -0.1180869 -0.9738634 1.12451 0.2663883 0.2065946 0.2280349 -3.832135
78 5.696147 -0.4210808 -0.5282505 -0.5273237 1.337949 0.1914663 0.2174957 0.4400641 -3.178054
79 4.838695 -0.2499819 -0.1257954 -0.8380632 0.8251497 0.121427 0.1431643 0.330167 -2.517696
80 5.2565 -0.2124805 0.01949558 -0.5123641 0.78889 0.4182203 0.1441651 0.1544187 -3.151181
81 5.199172 -0.314497 -0.619938 -0.8802825 1.501748 0.7767824 0.6011188 0.5840395 -3.166625
82 5.314864 -0.4451806 0.1677972 -0.4049473 0.8533698 0.398867 0.3555352 0.3784723 -2.623057
83 5.605964 -0.3596011 -0.2181536 -0.7513832 1.011569 0.4672993 0.22993 0.1937124 -2.696216
84 5.670219 -0.5692528 -0.3028133 -0.271841 0.9539496 0.08441384 0.06224226 0.3951819 -3.404893
85 5.078273 -0.3052842 -0.06856546 -0.5421649 1.255867 0.4594953 0.2800365 0.2525298 -3.083438
86 5.466489 -0.3524197 -0.8055881 -0.5361735 1.107443 0.3667303 0.2130034 0.3042537 -2.744864
87 5.302627 -0.5167756 -0.03622767 -0.4645201 1.097193 0.1479445 0.1948719 0.4823847 -3.277145
88 4.978762 -0.1522239 0.35637 -0.8181705 1.189175 0.5363315 0.06009026 0.4457851 -3.196816
89 5.576517 -0.3644327 -0.1206689 -0.3501617 0.7394977 0.2632542 0.1785028 0.3036401 -2.7368
90 5.533639 -0.3526691 -0.5786333 -0.653033 1.257304 0.4669426 -0.05715289 0.1667589 -3.01478
91 5.367109 -0.1465077 -0.01043857 -0.7923098 0.7867745 0.390661 0.1777311 0.1121791 -3.401196
92 5.073324 -0.06090172 0.5484276 -0.9104828 1.252614 0.7010629 0.1605866 0.06692889 -2.829284
93 5.337665 -0.4277889 0.003844465 -0.3010758 1.110955 0.1581468 -0.01896593 0.6274356 -2.894332
94 5.657101 -0.9674711 -0.7512823 0.1024224 1.142556 0.8590318 -0.01925223 0.3076718 -2.886396
95 5.3139 -0.4205932 0.1944797 -0.4544772 0.7564599 0.3916357 0.3319275 0.3326258 -3.109805
96 5.455206 -0.3483363 -0.3248601 -0.510851 0.9941553 0.6605616 0.3055406 0.1774607 -2.98801
97 5.357522 -0.1742701 0.2059366 -1.03911 1.498061 0.6818883 0.1021267 0.7624781 -2.980228
98 4.848103 -0.04142304 0.5896323 -0.7247495 1.222657 0.7079121 0.3622273 0.3153709 -2.728669
99 5.203475 -0.2973812 0.0535722 -0.772507 1.397564 0.4223265 0.1458967 0.2251786 -3.037169
100 5.581152 -0.5446355 -0.4381141 -0.1746541 1.161324 0.8044544 0.2196444 0.09853254 -2.829284
