1 0.2539324 0.1632202 0.3338744 0.2092456 0.2517807 0.1138519 0.09799653 0.09742952 1.374682 0.3221612
2 0.211882 0.1202436 0.3064936 0.1681759 0.231974 0.09348747 0.06721645 0.09496714 3.766848 0.284414
3 0.177813 0.1276325 0.2650568 0.1832243 0.1831219 0.09679245 0.08098556 0.07720495 2.078508 0.2845841
4 0.1976321 0.128982 0.3097306 0.2120519 0.2313413 0.1168013 0.09706489 0.09413623 4.851248 0.2442415
5 0.2116347 0.1401503 0.2691814 0.1772484 0.1634525 0.07872731 0.06998846 0.06608658 1.83554 0.3585145
6 0.1996741 0.1739058 0.2543438 0.2294302 0.1555049 0.09694604 0.1237209 0.09083105 0.8894873 0.3076824
7 0.2030666 0.140876 0.303859 0.2238418 0.2326325 0.1131415 0.1074439 0.09446357 1.537237 0.2951388
8 0.167749 0.127997 0.2764732 0.2058814 0.1631331 0.08981541 0.1014013 0.07666597 1.430365 0.2951388
9 0.2078142 0.134656 0.2985366 0.1875134 0.2043298 0.09234886 0.08219312 0.07666112 1.51972 0.2506783
10 0.1805189 0.1045828 0.2848257 0.1671072 0.1965081 0.08234619 0.06861695 0.08501447 1.984663 0.4125239
11 0.1871164 0.1369457 0.2646921 0.2031618 0.1707952 0.09643377 0.08939318 0.09685893 1.986013 0.2512277
12 0.1832844 0.1587788 0.2679679 0.2205382 0.181901 0.1072876 0.1171029 0.08758061 29.73917 0.2842783
13 0.2408887 0.1629567 0.3156753 0.206479 0.2389198 0.1070915 0.0937132 0.09624604 5.426111 0.2952869
14 0.1956294 0.1559054 0.257937 0.2054836 0.1666068 0.1054178 0.1073409 0.05598972 5.248594 0.3221391
15 0.2287527 0.1401592 0.3002573 0.1860404 0.2123029 0.09481001 0.07856277 0.08872287 1.400828 0.321845
16 0.1931226 0.1316067 0.3364345 0.2161748 0.2551932 0.118245 0.1055586 0.1172583 5.548826 0.2330061
17 0.188295 0.1083044 0.3105492 0.1821878 0.2218085 0.09481904 0.07414963 0.0609252 3.470038 0.2844698
18 0.1878757 0.1097237 0.2808242 0.15596 0.1945204 0.07466497 0.05292684 0.07344541 1.916015 0.321926
19 0.1756382 0.1237897 0.2794305 0.1935736 0.1894091 0.09832257 0.09299854 0.09012626 1.296377 0.2442415
20 0.2135772 0.160187 0.2649834 0.1999156 0.1519778 0.08944625 0.08167196 0.08285433 3.290162 0.2744442
21 0.1880742 0.161403 0.2503631 0.2171435 0.15709 0.09622542 0.1156134 0.08066465 3.74041 0.3585674
22 0.1852864 0.1268409 0.2569356 0.1722387 0.1546608 0.08122033 0.07016215 0.0786141 1.672995 0.4126218
23 0.1700466 0.1451876 0.2461163 0.2020502 0.1365612 0.08445031 0.1026154 0.07969593 1.984307 0.3585674
24 0.1761309 0.1442896 0.2510007 0.2018339 0.1464243 0.08742425 0.1009749 0.08388348 2.000262 0.2745279
25 0.2240416 0.1214397 0.2971439 0.1547795 0.2137266 0.08195774 0.0534185 0.07069221 1.158692 0.2580666
26 0.2278722 0.1714818 0.3067543 0.2220461 0.231699 0.1215369 0.1211523 0.06378104 0.8666422 0.2841734
27 0.2084364 0.1613286 0.2915284 0.2086082 0.213718 0.1076001 0.1022967 0.1108129 8.374863 0.2743895
28 0.1900811 0.1631138 0.2677919 0.2215781 0.190208 0.1065468 0.1212636 0.08676359 1.94807 0.3586398
29 0.2226223 0.1625704 0.2898113 0.2024759 0.190812 0.09479853 0.09394437 0.08820688 1.699394 0.338803
30 0.1796932 0.1404074 0.2633751 0.2086414 0.1630824 0.09179297 0.0945825 0.08320815 1.71354 0.2953635
31 0.1909822 0.1292738 0.2778979 0.1783474 0.1924024 0.08749403 0.07202371 0.07787081 2.315167 0.3220093
32 0.2307351 0.1570951 0.3165374 0.2133266 0.2311829 0.1197523 0.1106091 0.0909013 1.445631 0.2743895
33 0.1948509 0.1185871 0.2759154 0.1677453 0.1923973 0.07872137 0.06776415 0.06939305 1.776175 0.2742824
34 0.1795105 0.1342063 0.2772093 0.1988236 0.1767804 0.09603358 0.09102301 0.09138085 1.468994 0.3386858
35 0.2257524 0.1536073 0.3241886 0.20424 0.2732043 0.1158945 0.08813072 0.09838967 1.925891 0.244417
36 0.229332 0.1825246 0.2923408 0.2350173 0.1944443 0.1064196 0.1158382 0.07664009 1.309959 0.2842254
37 0.2203488 0.1394908 0.2982342 0.1865702 0.2172531 0.1054485 0.07600157 0.07626265 2.312078 0.3387634
38 0.1893297 0.1214393 0.2800809 0.1884086 0.1870763 0.0860036 0.07851648 0.09410102 1.175286 0.257784
39 0.1966966 0.1241824 0.2905839 0.1876984 0.2153995 0.09078075 0.0815601 0.07213126 3.634932 0.3076368
40 0.2213959 0.1710121 0.2865511 0.2177193 0.1986635 0.1042531 0.1093114 0.07241248 3.341308 0.2953377
41 0.1506245 0.1372136 0.2494075 0.2121483 0.1458618 0.09525306 0.1043904 0.06524733 3.682631 0.258002
42 0.2032119 0.1591196 0.2836072 0.2082931 0.1943879 0.09896341 0.1037745 0.07875983 1.133869 0.2843591
43 0.168046 0.1260003 0.2554165 0.1943584 0.1581515 0.08459284 0.08852108 0.06702226 3.627627 0.2742562
44 0.2321917 0.162636 0.2961539 0.198361 0.1865528 0.09248032 0.08442178 0.08191041 1.060222 0.3075477
45 0.212131 0.1265327 0.3044429 0.1808016 0.2210204 0.1009627 0.08218861 0.0743126 2.569568 0.2742824
46 0.2029733 0.1336152 0.2892022 0.1838043 0.1982333 0.09197697 0.07497479 0.08746276 1.614551 0.265627
47 0.1880564 0.1310153 0.279446 0.1899308 0.1890706 0.09111342 0.08856032 0.06256043 2.052284 0.2950672
48 0.1989423 0.1374849 0.2980098 0.2098053 0.2157435 0.1038528 0.09628216 0.0820701 2.345709 0.2657428
49 0.2271474 0.1283703 0.3147935 0.158221 0.2632249 0.08478084 0.05413249 0.08071814 0.8707019 0.2657723
50 0.2051827 0.16833 0.2703149 0.2112508 0.1885152 0.1008468 0.09489941 0.09946472 2.207242 0.2581654
51 0.2271518 0.1544972 0.3370017 0.2270133 0.2748564 0.1413452 0.1288305 0.1034567 3.767727 0.2949062
52 0.1918654 0.1554958 0.2624263 0.2059828 0.1583649 0.08654295 0.1089452 0.06301819 1.135469 0.3219055
53 0.2232162 0.1222267 0.3096027 0.1697031 0.2386218 0.09484264 0.06647796 0.08966298 1.27795 0.338803
54 0.2152176 0.124952 0.3302293 0.1756194 0.2601784 0.1005115 0.0733381 0.08424229 2.562587 0.2745563
55 0.2102931 0.135956 0.3084519 0.1967804 0.2292249 0.1115907 0.09077643 0.104086 5.71335 0.3077055
56 0.286989 0.2034289 0.3777365 0.2652914 0.3443537 0.1844738 0.1657013 0.09169058 6.030981 0.2952617
57 0.1969228 0.1224712 0.3037396 0.1780674 0.2117577 0.09819546 0.0745345 0.09033988 1.447571 0.295212
58 0.1857381 0.1237947 0.3097699 0.2301013 0.2264982 0.1066453 0.1004597 0.07998999 1.081103 0.3587142
59 0.1863135 0.1417471 0.2753321 0.2054238 0.1954322 0.0994957 0.09699731 0.08598973 2.212851 0.2745563
60 0.1788634 0.1431367 0.2437308 0.1835937 0.1480773 0.07520147 0.07475039 0.07104978 0.7497455 0.2949514
61 0.1813574 0.1332938 0.2703504 0.2059259 0.1770904 0.09631344 0.1012959 0.0811394 2.960582 0.2843864
62 0.2432484 0.1350825 0.3328506 0.182441 0.27001 0.1066853 0.09029625 0.09018711 2.276782 0.3075697
63 0.1833123 0.1265858 0.2677761 0.1716352 0.1863258 0.0832456 0.08422819 0.09547205 1.137682 0.2952869
64 0.1930865 0.1404693 0.2706389 0.1924759 0.1722457 0.08872074 0.0853636 0.04603987 1.833754 0.2743895
65 0.2092481 0.09783083 0.3025659 0.1391402 0.2308617 0.08402256 0.04736823 0.07895156 3.040089 0.338823
66 0.184271 0.1332582 0.276105 0.1941 0.2075524 0.1024851 0.08598496 0.09699019 2.35288 0.2658021
67 0.2271422 0.1431258 0.3107251 0.1913855 0.2455442 0.1072525 0.0849282 0.0830724 33.05906 0.2840967
68 0.1540387 0.09647405 0.2806796 0.1708393 0.1816224 0.08445043 0.06777084 0.07402238 1.584811 0.2951874
69 0.1923734 0.1236805 0.2778798 0.1827758 0.1912851 0.08861516 0.08103213 0.08840874 4.223212 0.3222517
70 0.1780415 0.1411057 0.2767419 0.2134947 0.1938746 0.1111879 0.1193665 0.09145927 16.72873 0.3220519
71 0.1895021 0.1328017 0.2935542 0.1948738 0.1970531 0.09478201 0.08998835 0.08087775 0.9025412 0.3219883
72 0.1628226 0.1001902 0.263098 0.173638 0.1575657 0.07508222 0.0694248 0.0749768 1.094301 0.3077995
73 0.2250498 0.1520708 0.3131617 0.2057255 0.2257771 0.1120234 0.09985133 0.1022927 1.900278 0.2745848
74 0.16661 0.1196148 0.2706566 0.1820745 0.1703001 0.08701304 0.08115891 0.08748773 1.56266 0.3075477
75 0.2315387 0.1499251 0.2940533 0.1882352 0.2098985 0.08742619 0.07531148 0.07684176 1.482896 0.3387634
76 0.2206564 0.1634876 0.3054239 0.2120476 0.2091825 0.1058474 0.1054644 0.08001583 1.324648 0.2747013
77 0.170042 0.1157626 0.2284847 0.1549394 0.1445396 0.07230581 0.06694524 0.08143857 0.9062224 0.4126218
78 0.1789862 0.1318993 0.2488739 0.1759077 0.154606 0.07967015 0.07244517 0.08968428 0.9968421 0.3077287
79 0.1776797 0.1547508 0.2407358 0.2048374 0.1417633 0.08397848 0.1062757 0.07657582 5.612558 0.2324484
80 0.1852067 0.1204935 0.2696737 0.1784176 0.1822551 0.08475347 0.07872384 0.0663061 5.667934 0.3078963
81 0.1574885 0.104585 0.25549 0.1712798 0.1424133 0.07224968 0.06895361 0.0849424 0.580444 0.3077995
82 0.1753703 0.1573562 0.2731565 0.2341537 0.1814997 0.1162744 0.1315205 0.07809673 7.136489 0.2441062
83 0.1923654 0.1409475 0.3074107 0.2210908 0.2298697 0.126316 0.1228167 0.0910339 5.114196 0.2505829
84 0.1630195 0.1613143 0.245896 0.2327882 0.1426228 0.1005702 0.1303056 0.085772 2.978125 0.338823
85 0.1832635 0.1238416 0.314866 0.2156902 0.2096509 0.1093549 0.1011105 0.1029799 2.160345 0.295212
86 0.1896649 0.151098 0.2682142 0.2048379 0.1612231 0.08902916 0.09035977 0.08512735 1.61468 0.2579071
87 0.1369918 0.1523186 0.2114649 0.2300028 0.1202273 0.08620712 0.1196719 0.07765595 1.297074 0.3221391
88 0.2264001 0.1761879 0.2890189 0.2259103 0.1960141 0.1143316 0.1193469 0.09105394 1.745306 0.3076143
89 0.164621 0.1575058 0.2505143 0.2378416 0.1690187 0.1042763 0.1335121 0.06339121 18.44536 0.2579701
90 0.2113203 0.1432003 0.3008359 0.1910569 0.224577 0.11262 0.08806403 0.1071357 2.086662 0.2840716
91 0.1956803 0.1290101 0.2712105 0.16873 0.1937363 0.08860327 0.0694355 0.07049689 91.43302 0.3388432
92 0.2188293 0.14299 0.2977356 0.1880229 0.2064219 0.1008236 0.07704192 0.1043818 1.493278 0.2657135
93 0.1840622 0.1843991 0.2800887 0.2745592 0.1921592 0.1429524 0.1692894 0.09255655 3.832022 0.2745563
94 0.2965166 0.2071505 0.366035 0.2476017 0.2969408 0.1546834 0.1211384 0.08790307 3.324997 0.2746136
95 0.190149 0.1493387 0.2507714 0.1919401 0.1614436 0.09039767 0.09368437 0.06701134 3.205493 0.2950437
96 0.2305975 0.1467991 0.3084113 0.1949161 0.2449008 0.1139537 0.09029558 0.09644783 5.092237 0.2842517
97 0.2313353 0.1915368 0.2881742 0.2456069 0.1795597 0.1168959 0.1459743 0.08540444 0.929399 0.284305
98 0.2224434 0.1719796 0.3310886 0.2378697 0.2587093 0.1316608 0.1442214 0.09120225 1.211639 0.2580342
99 0.2366129 0.1746862 0.3232422 0.2300107 0.2647639 0.1345859 0.124738 0.1209755 3.234506 0.2839245
100 0.2242091 0.1436302 0.3146359 0.1966556 0.2466106 0.1177895 0.0910422 0.1041992 2.462458 0.2657135
