1 0.2026668 0.1732382 0.285046 0.2366146 0.2374576 0.1442818 0.1397859 0.1536145 0.3076824
2 0.2357297 0.1784631 0.3292777 0.2406018 0.3151545 0.1837199 0.1479188 0.2009194 0.2841993
3 0.2175419 0.1735057 0.308503 0.2458716 0.3276696 0.2027492 0.1811328 0.179168 0.3387634
4 0.238003 0.2280506 0.3351232 0.3174151 0.3393611 0.2392574 0.2657712 0.2433464 0.3385919
5 0.2683678 0.1778151 0.3787548 0.2473316 0.399425 0.197977 0.1620702 0.2297885 0.2744719
6 0.1779826 0.1568851 0.2501136 0.2153971 0.2102389 0.1321656 0.1254229 0.1205086 0.2953122
7 0.1859374 0.13311 0.2614877 0.1828455 0.2206143 0.1195409 0.1065762 0.1044752 0.3076596
11 0.2503855 0.1420673 0.3523232 0.1885593 0.3763994 0.1780931 0.1145775 0.1427015 0.2840466
15 0.24195 0.1871713 0.3383042 0.2438545 0.3152369 0.1621392 0.1448207 0.1909696 0.2656845
16 0.290606 0.1614755 0.4108193 0.2278706 0.4494912 0.19524 0.1368303 0.2141799 0.3076824
17 0.2177825 0.185805 0.3061351 0.2546308 0.2704125 0.1634146 0.164592 0.1640274 0.3826713
18 0.2277799 0.1694118 0.3190465 0.2280602 0.3166958 0.1923887 0.1661693 0.2152138 0.2657723
19 0.2113776 0.1753347 0.2987197 0.2451539 0.2698575 0.1648902 0.1587944 0.188128 0.2746719
20 0.2168887 0.1466653 0.304566 0.1990079 0.2967019 0.1625111 0.1337208 0.1533061 0.2443813
21 0.2482422 0.1840298 0.3484136 0.2477362 0.3762698 0.2270212 0.1754792 0.230833 0.2658021
22 0.2536511 0.1641192 0.3585389 0.2320231 0.3596553 0.1665734 0.143473 0.1701918 0.2745848
23 0.2566193 0.1593532 0.3624445 0.2233737 0.3739451 0.1761128 0.1366225 0.1915209 0.2383604
24 0.2171359 0.1500207 0.3052354 0.2069587 0.2616068 0.1380505 0.1122891 0.1638716 0.338823
25 0.2019058 0.135286 0.2832744 0.1813784 0.2309605 0.115085 0.08926683 0.1251317 0.2743089
26 0.2606225 0.1757453 0.366793 0.2370018 0.3754911 0.1811098 0.1451352 0.215684 0.2842783
27 0.2167934 0.2056593 0.304986 0.2840325 0.2862404 0.184245 0.199874 0.2044313 0.274761
28 0.2427901 0.1911715 0.3426851 0.2651153 0.3334785 0.1927088 0.1869914 0.2183114 0.3076824
32 0.2057241 0.1745949 0.28988 0.239466 0.2445615 0.1463742 0.1468529 0.1668073 0.295212
33 0.271362 0.1825046 0.3802289 0.237003 0.394408 0.1710751 0.1370706 0.1764388 0.2442073
34 0.2622732 0.2178602 0.36723 0.2870181 0.4306912 0.2706645 0.2661343 0.2845823 0.2504897
35 0.1991127 0.1442493 0.2799511 0.1969255 0.2183965 0.1095445 0.09976892 0.1159651 0.2950204
36 0.2382025 0.2083234 0.3352496 0.2875389 0.340635 0.2045185 0.2056101 0.1937618 0.2656556
38 0.2011819 0.1854453 0.2823951 0.2547173 0.2714648 0.1707206 0.2098203 0.1488832 0.3076824
39 0.2630986 0.2024354 0.3689814 0.2699639 0.3906469 0.211929 0.1769526 0.2618558 0.2659543
41 0.2427101 0.1451772 0.3423782 0.2028467 0.3433966 0.1663346 0.1223667 0.1740971 0.2745279
42 0.2151475 0.14302 0.303384 0.1993801 0.2914879 0.1587214 0.1291155 0.1390658 0.2577238
43 0.2592985 0.1579372 0.3664345 0.221973 0.3710166 0.1824741 0.1325365 0.2131484 0.2950909
44 0.2471097 0.2434887 0.3461608 0.328349 0.3553251 0.2309008 0.2691411 0.2682602 0.2506462
45 0.2507166 0.1669714 0.3529189 0.2311607 0.3653934 0.1953938 0.1452611 0.2192734 0.2951388
46 0.2373279 0.1633899 0.3336032 0.2247209 0.3254563 0.1756311 0.13768 0.200321 0.2743355
48 0.2922194 0.2313331 0.4092866 0.3130273 0.4892337 0.3044788 0.2700387 0.3130078 0.2953377
49 0.1783301 0.1596769 0.2537003 0.2330203 0.228254 0.149654 0.1490686 0.1301882 0.2949742
50 0.2453973 0.1955902 0.3459032 0.2688642 0.3457337 0.1886713 0.1820269 0.1830231 0.2579071
51 0.2601467 0.1508153 0.3662382 0.2063297 0.389725 0.1696324 0.135005 0.1508328 0.2950204
52 0.277057 0.1603945 0.3904654 0.2204563 0.4602253 0.2263357 0.1618678 0.2041071 0.2953635
53 0.2106194 0.1691659 0.297627 0.2417921 0.2780437 0.1665891 0.1581305 0.1682574 0.3076824
54 0.2561888 0.1444205 0.3611148 0.2039072 0.3585455 0.1716271 0.1131502 0.1890846 0.2953122
56 0.2010051 0.1465618 0.2850979 0.211675 0.2570346 0.1428615 0.1238281 0.1350175 0.3076143
58 0.2265569 0.171991 0.3190335 0.2382988 0.3202546 0.1693032 0.1597432 0.1398662 0.2842783
59 0.2352126 0.1705474 0.3316696 0.2342611 0.3100815 0.1625004 0.1428552 0.1878515 0.295163
62 0.217462 0.1480437 0.3053208 0.2014382 0.2855346 0.1707508 0.1301935 0.1658413 0.3587332
63 0.2289807 0.1562581 0.325148 0.2294492 0.3178347 0.1715062 0.148869 0.1797848 0.2656556
64 0.2245562 0.210632 0.3147185 0.2783962 0.3144384 0.1931962 0.1975391 0.1638266 0.2842783
65 0.2330429 0.1728943 0.3287353 0.239951 0.3230981 0.1720157 0.1612145 0.1477053 0.2743089
66 0.2382491 0.1601242 0.3368348 0.2210919 0.3641455 0.2093148 0.1624871 0.183248 0.3221836
68 0.2171957 0.157046 0.3058229 0.2141962 0.285499 0.1467197 0.1320675 0.1406782 0.3586398
69 0.2066212 0.1650299 0.2899406 0.2225265 0.2489966 0.141822 0.1263239 0.1601388 0.3222517
70 0.266766 0.2625296 0.3761138 0.3651588 0.4140825 0.2742769 0.7088644 0.2175368 0.3826883
71 0.2308574 0.1587958 0.325803 0.2209211 0.3063698 0.1585131 0.1328292 0.1697001 0.3220306
72 0.1998429 0.1934061 0.281245 0.266983 0.2329138 0.157354 0.1778766 0.1676048 0.3077287
73 0.2561826 0.1579333 0.3626906 0.2234395 0.3650326 0.1863643 0.132249 0.2044021 0.3077055
75 0.2039759 0.1383773 0.2886311 0.1946697 0.2629037 0.1346564 0.1099192 0.1277429 0.3077287
76 0.241721 0.1638135 0.3411045 0.231121 0.3505149 0.197983 0.1613292 0.2316124 0.2445626
78 0.2346883 0.185412 0.3314084 0.2601263 0.3165279 0.1760731 0.1652021 0.1557023 0.2746426
79 0.2214817 0.1991618 0.3127671 0.2808583 0.2750767 0.1692226 0.1947967 0.1503893 0.2843591
80 0.2517157 0.1586834 0.3547021 0.2166149 0.3408617 0.154162 0.1250438 0.1756619 0.2742562
81 0.2672558 0.1382078 0.3771232 0.1917292 0.3788991 0.1543457 0.1029122 0.1744409 0.3220735
82 0.2025316 0.1677597 0.2864508 0.2369832 0.2519466 0.1597043 0.1490669 0.1469054 0.295212
83 0.2668169 0.1840237 0.377594 0.2637579 0.3983154 0.2009883 0.173606 0.2361623 0.2657135
84 0.2343202 0.1940827 0.3291799 0.2631998 0.3389761 0.2124402 0.1845932 0.2273242 0.2508424
85 0.2161412 0.1700871 0.3051212 0.2393801 0.2614465 0.146352 0.1438678 0.1570772 0.2951148
86 0.2679892 0.2263408 0.3751053 0.3013779 0.4012915 0.2239722 0.2191118 0.2564664 0.2507106
87 0.2014366 0.1401957 0.2842898 0.1954401 0.262921 0.1436272 0.1194064 0.1221626 0.2841476
88 0.2008367 0.1514702 0.2825177 0.2075212 0.2483525 0.1344197 0.1240954 0.1214177 0.3219055
90 0.2214164 0.1762788 0.3101317 0.2381218 0.303246 0.1744543 0.1493059 0.1716888 0.2842783
91 0.2458556 0.1413639 0.3454433 0.1846064 0.3265891 0.1364912 0.08727618 0.1423345 0.2328506
92 0.2384202 0.1838689 0.3350497 0.2499171 0.3189798 0.1786653 0.1559196 0.1977802 0.3076143
93 0.1948266 0.1418971 0.2735216 0.1934638 0.2357865 0.1385359 0.1108331 0.1500201 0.2384719
94 0.2458573 0.1650761 0.3462188 0.225108 0.3289364 0.1591596 0.1316533 0.1805692 0.3387831
98 0.2041204 0.1521798 0.2875522 0.205779 0.2631793 0.1406961 0.1244957 0.1341008 0.2655425
99 0.2013199 0.1612208 0.2836147 0.2224597 0.2349114 0.1312254 0.1251251 0.1332867 0.295163
101 0.2834829 0.1706519 0.4020157 0.2439176 0.4563104 0.2370774 0.1784767 0.2436237 0.3388635
102 0.2041452 0.2871678 0.2847886 0.3883776 0.2977167 0.2810133 0.4503027 0.1992076 0.2842254
103 0.2306204 0.2678116 0.3243611 0.3673222 0.3286371 0.2495103 0.3656954 0.2187101 0.2577538
104 0.2881241 0.1582598 0.4036484 0.2050444 0.450444 0.1960469 0.1160846 0.2004051 0.2661128
105 0.2061994 0.2081743 0.2896648 0.2840436 0.2517015 0.1755262 0.2015395 0.1883094 0.2841993
106 0.2662212 0.1920211 0.3746004 0.2648843 0.4094804 0.2324247 0.1800538 0.2591589 0.2841993
107 0.2593179 0.172105 0.3651555 0.2364836 0.4039176 0.1995556 0.1662025 0.160322 0.2951874
109 0.2780384 0.169441 0.3926434 0.2346343 0.4146701 0.187018 0.1571732 0.2201316 0.3076143
110 0.2574534 0.1837747 0.3625834 0.2483343 0.3740625 0.1806191 0.1683663 0.165915 0.2579071
111 0.1959684 0.1388276 0.2760622 0.1923928 0.2138869 0.1108345 0.09975296 0.1263599 0.321865
112 0.226059 0.174758 0.3190495 0.2459823 0.3044233 0.1682309 0.1625771 0.1754241 0.3075697
116 0.2355777 0.1535521 0.3319801 0.210588 0.2997351 0.1397217 0.1126013 0.1520327 0.2575775
118 0.1916285 0.1555575 0.2691969 0.2115092 0.2487012 0.1460112 0.1307059 0.1234657 0.2842254
119 0.2645885 0.1520445 0.3734682 0.2083858 0.3833253 0.1764706 0.1233501 0.1902646 0.3076824
120 0.2370843 0.1566975 0.3354302 0.2203111 0.3256153 0.1603589 0.1321788 0.1659816 0.2745279
121 0.2455771 0.1425155 0.3459083 0.1956723 0.3402726 0.1613277 0.1050892 0.1427327 0.284414
123 0.2185959 0.187809 0.3077507 0.2594387 0.272198 0.1615356 0.1705284 0.1667901 0.274053
124 0.2219749 0.1564595 0.3109767 0.2097816 0.2811897 0.1484002 0.1163957 0.1557069 0.3220306
125 0.225056 0.1648098 0.3177149 0.2302477 0.3161738 0.1670813 0.147998 0.1369713 0.338823
126 0.2400967 0.1663002 0.3379596 0.2276279 0.3219432 0.1626044 0.1384385 0.1825172 0.265627
127 0.1929064 0.1832001 0.2734872 0.2601267 0.2467609 0.170054 0.1845203 0.1434833 0.2745848
129 0.2273921 0.1368456 0.3219899 0.1921271 0.2884654 0.1339304 0.09975206 0.1433575 0.2839728
130 0.2591401 0.1242985 0.3668113 0.1778434 0.388681 0.1659858 0.1031686 0.1396581 0.3220306
131 0.2184483 0.1965757 0.3084372 0.2771056 0.2878258 0.1784829 0.1984067 0.1824825 0.2953122
