1 5.07861 -0.2226066 0.420242 -0.7257422 0.5020739 0.6724605 -0.04839624 0.2325748 4.031355 -3.273364
2 5.415328 -0.2285755 -0.09044428 -0.5800835 0.6001972 0.5492961 0.03342965 0.07308412 8.377859 -2.96448
3 5.475519 -0.3564312 0.1576623 -0.6879082 0.4599085 0.3643485 0.009607587 0.1575276 5.65765 -2.940382
4 5.368592 -0.221387 -0.1660817 -0.7176666 0.6298018 0.4674497 0.1485271 0.1697479 9.814131 -2.606796
5 5.18979 -0.3889688 0.3496474 -0.7405648 0.4307685 0.3937586 0.07090721 0.1637937 5.693703 -3.565998
6 5.146038 -0.2956407 0.2328251 -0.6049094 0.5214013 0.2228229 0.03219718 0.3359726 3.364288 -3.185601
7 5.584479 -0.4134671 -0.02158025 -0.4273455 0.5304589 0.5367927 0.08759662 0.2733819 4.639336 -3.094823
8 5.131797 -0.4712457 0.126614 -0.5477816 0.4525695 0.3685465 0.1044119 0.2456065 4.563631 -3.094823
9 5.670067 -0.4949524 -0.9130975 -0.1502404 0.4365315 0.5661051 0.1753952 0.1761105 4.743228 -2.68424
10 5.531818 -0.4607301 -0.4608501 -0.4277582 0.5354194 0.4182511 0.1588296 0.1030026 5.615867 -3.853539
11 4.956948 -0.2545956 0.1912421 -0.8813174 0.5498455 0.2949132 0.05449362 0.1599762 5.607386 -2.617825
12 5.054048 -0.3647763 -0.01108002 -0.6813125 0.6025509 0.3587805 0.236689 0.3022516 27.24585 -2.984127
13 5.310807 -0.3572072 -0.1892049 -0.5654836 0.6327872 0.5801378 0.1640159 0.1888544 10.3097 -3.071921
14 5.280531 -0.06320388 0.04023764 -0.9937846 0.3916434 0.4207971 -0.03010683 0.2934523 10.61812 -3.277145
15 5.767871 -0.6124645 -0.4706564 -0.4367285 0.5319286 0.5019574 0.1256874 0.1620279 4.674021 -3.328626
16 5.347488 -0.2652709 0.3653637 -0.8074666 0.7504836 0.5012533 0.134224 0.1342156 10.37486 -2.455306
17 5.519341 -0.2752083 -0.3954842 -0.7440148 0.3992223 0.651076 -0.06231914 0.1533962 8.024391 -2.956512
18 5.208944 -0.3696316 0.1059629 -0.6084875 0.4399121 0.4747745 0.0940108 0.09337747 5.522048 -3.314186
19 5.540169 -0.2495593 -0.01271451 -0.6558966 0.4533161 0.3985837 0.05915146 0.1776593 3.814333 -2.606796
20 5.228791 -0.220856 -0.2520198 -0.4532721 0.5143668 0.2666039 0.03872283 0.1773032 7.583022 -2.910019
21 5.702011 -0.253085 -0.7356333 -0.4766477 0.5504885 0.254009 0.1531383 0.3185512 8.446822 -3.555341
22 4.916403 -0.1851863 0.3808533 -0.6336881 0.4889402 0.295783 0.02337957 0.1423073 5.27062 -3.832135
23 5.066447 -0.224107 0.2191017 -0.6261194 0.5003859 0.2225794 0.06252925 0.2539489 5.737223 -3.555341
24 5.325083 -0.5895601 -0.1032194 -0.3196349 0.4774265 0.2514691 0.06120127 0.223561 5.60957 -2.898277
25 5.131991 -0.3312029 0.2689169 -0.7699449 0.3925487 0.566925 0.07868799 0.07252357 3.911343 -2.72458
26 5.630992 -0.4902949 -0.4043277 -0.4480878 0.3463436 0.653571 -0.1491758 0.3412651 3.250284 -2.999571
27 5.390326 -0.2909638 -0.2376076 -0.7313673 0.7365601 0.3779188 0.1157079 0.179302 13.13147 -2.917771
28 5.212624 -0.515372 0.02088496 -0.5942164 0.5766316 0.3288595 0.1756009 0.3143938 5.833569 -3.540954
29 5.671523 -0.2843368 -0.6799928 -0.6299073 0.4984491 0.46043 0.03758589 0.215502 4.836945 -3.408576
30 5.500384 -0.2238572 -0.3016068 -0.5977749 0.4711173 0.3469332 0.08054753 0.2299051 5.107782 -3.060271
31 5.397975 -0.3617305 -0.1908585 -0.7102469 0.4907517 0.4405638 0.1168073 0.1479323 6.388453 -3.299534
32 5.143181 -0.3435049 0.1869931 -0.4770375 0.5523517 0.5647101 0.2900993 0.2579547 4.665749 -2.917771
33 5.577839 -0.04917554 -0.1821221 -0.9431618 0.4446703 0.4690891 0.1701489 0.1232188 5.548162 -2.933097
34 5.346491 -0.423889 0.03207066 -0.3681166 0.5677473 0.3363709 0.05592712 0.2054615 4.950436 -3.430395
35 5.155493 -0.2932284 0.167032 -0.809803 0.5513353 0.6539104 0.0248326 0.1762485 5.446896 -2.586092
36 5.537561 -0.2287862 -0.1216606 -0.750575 0.4424231 0.4482193 0.1561121 0.3312034 4.293393 -2.991879
37 5.693202 -0.450813 -0.5361972 -0.4212986 0.4895719 0.5453534 -0.1104059 0.1791208 6.382802 -3.415902
38 5.226204 -0.4051041 -0.1026147 -0.5701284 0.5243878 0.3902288 0.07910606 0.1390505 4.0062 -2.760801
39 5.099544 -0.2260242 0.15423 -1.032643 0.46213 0.5581927 0.05342615 0.1965932 8.098396 -3.193092
40 5.044589 -0.08269507 0.2933859 -0.8019069 0.4891719 0.4716644 0.2107041 0.2743519 8.217879 -3.064169
41 5.429044 -0.3663298 -0.04121315 -0.6038438 0.4009855 0.3005055 -0.03223658 0.2794892 8.233803 -2.732743
42 5.479339 -0.1927621 0.01294961 -0.8200188 0.4159754 0.4861397 0.06138859 0.2393032 3.788783 -2.972385
43 5.540646 -0.5593788 -0.1556096 -0.3276163 0.4246959 0.3589845 0.1638253 0.2140435 7.830419 -2.936892
44 5.677675 -0.524155 -0.6663649 -0.3232016 0.4610074 0.462405 -0.02233497 0.1895715 3.762688 -3.207907
45 5.243963 -0.4773931 0.08945807 -0.5338727 0.4710476 0.6160818 0.02772958 0.1746568 6.747273 -2.933097
46 5.635918 -0.2891919 -0.3309223 -0.7141791 0.5170783 0.4502647 0.03427281 0.1450183 5.08225 -2.841026
47 5.240559 -0.4509361 -0.1403635 -0.5108101 0.4141739 0.4953116 0.1479175 0.2291397 6.110186 -3.10608
48 5.465189 -0.2596188 -0.3474886 -0.4899605 0.5035657 0.5376511 0.169647 0.2271297 6.491292 -2.825339
49 5.53539 -0.5309007 -0.1728084 -0.368428 0.4231589 0.7036221 0.1191828 0.05454724 3.151089 -2.821379
50 5.469144 -0.2677586 -0.5156911 -0.7054402 0.6001813 0.2828774 0.1462751 0.1623325 6.159198 -2.712208
51 5.807126 -0.6101312 -0.5615619 -0.3177677 0.6787782 0.6516448 -0.02738167 0.3078257 8.195451 -3.131864
52 5.745888 -0.6583313 -0.2409672 -0.2618195 0.3794227 0.4039778 0.0903288 0.2977047 4.046289 -3.317816
53 5.2569 -0.2940864 -0.2264064 -0.5506795 0.5300564 0.5888059 -0.05661624 0.1066 4.400524 -3.408576
54 5.379645 0.01033899 -0.1468948 -1.169768 0.5171072 0.7064342 0.07100773 0.1130228 6.834401 -2.894332
55 5.652764 -0.3198921 -0.5126258 -0.6913077 0.7095368 0.4861813 0.1007602 0.148066 11.44041 -3.181835
56 5.548348 -0.5598399 -0.03826666 -0.4758672 0.6002305 1.064142 0.06938365 0.5032318 10.87203 -3.075775
57 5.484319 -0.3138912 -0.05989295 -0.6327143 0.4875337 0.5314916 0.01441218 0.1393111 4.297405 -3.083438
58 5.320633 -0.2302103 0.1238352 -0.9266945 0.4502777 0.5750081 -0.09327679 0.2677969 3.755379 -3.526356
59 5.198844 -0.3210119 0.3422631 -0.4337451 0.5376999 0.3456752 0.1094515 0.2103378 5.888325 -2.894332
60 5.267023 -0.5471942 -0.04163873 -0.4580009 0.3748058 0.3256789 0.1405968 0.1846349 2.894549 -3.124565
61 5.441482 -0.4648471 -0.3243031 -0.778424 0.5106614 0.3571552 0.1547242 0.2163575 7.08206 -2.96844
62 5.73845 -0.3072181 -0.7721559 -0.6303927 0.5991223 0.7079257 0.2470411 0.1424044 6.285533 -3.204224
63 5.575484 -0.1059763 -0.2854281 -0.657314 0.5273666 0.3277785 0.149475 0.1029315 3.768141 -3.071921
64 5.650308 -0.4675972 -0.5557985 -0.3795673 0.2682624 0.5242232 -0.07277356 0.2539692 5.349932 -2.917771
65 5.57358 -0.5574149 -0.5885224 -0.2953751 0.4773252 0.598018 0.05751774 0.03643617 6.873141 -3.404893
66 5.368227 -0.4218765 -0.1512025 -0.4334587 0.5605139 0.3605484 0.09822361 0.1603483 5.847307 -2.817403
67 5.331344 -0.389889 0.1036386 -0.6035646 0.6260637 0.6411121 0.1599627 0.1816901 31.05839 -3.011
68 5.436567 -0.2828048 -0.07306767 -0.7202576 0.4642188 0.3349564 0.1489339 0.1000067 4.819487 -3.087247
69 5.14903 -0.2129437 0.08891202 -0.9576145 0.5725922 0.3786828 0.1598215 0.1337648 8.863097 -3.258096
70 5.350736 -0.3485732 -0.14015 -0.5454807 0.6878176 0.311545 0.2108673 0.2617072 19.44495 -3.292126
71 5.283258 -0.4693845 -0.188705 -0.4325741 0.4601837 0.4911285 0.1344833 0.206382 3.469143 -3.303217
72 5.315516 -0.2451334 0.0127473 -1.030243 0.4210847 0.3252526 0.1433925 0.1190364 3.811432 -3.166625
73 5.104241 -0.2565907 0.3373421 -0.8647751 0.5538964 0.5596384 0.09329361 0.2102348 5.068856 -2.890372
74 5.031087 -0.396339 0.2202502 -0.5392513 0.5476069 0.3001472 0.05897198 0.1470713 4.949681 -3.207907
75 5.239585 -0.3035126 -0.09998875 -0.6730201 0.4674944 0.4783912 0.1752115 0.1633883 4.70752 -3.415902
76 5.377633 -0.3355773 0.04758922 -0.7891717 0.4713113 0.5612396 0.05653465 0.2330089 4.553596 -2.874371
77 5.431622 -0.2755243 -0.156478 -0.7381221 0.454757 0.1810163 0.1080984 0.09237039 3.253949 -3.832135
78 5.696011 -0.5921556 -0.3360383 -0.3996013 0.512757 0.221549 0.1076854 0.117868 3.640091 -3.178054
79 4.903858 -0.227503 -0.2283755 -0.7999743 0.4933519 0.2340498 0.08696083 0.2426846 10.98517 -2.517696
80 5.220343 -0.200327 0.03260199 -0.5362139 0.4660235 0.4427937 0.08242709 0.1620882 11.052 -3.151181
81 5.224363 -0.1469138 -0.3401933 -1.019845 0.4092981 0.2744136 0.1371793 0.1172247 2.380894 -3.166625
82 5.242626 -0.4958178 0.3195853 -0.3645827 0.5376465 0.3541751 0.2851638 0.3701611 12.91361 -2.623057
83 5.601185 -0.3165886 -0.2692555 -0.8114714 0.6052482 0.5079885 0.03643683 0.2613546 10.0846 -2.696216
84 5.634351 -0.4727935 -0.2671054 -0.4111482 0.5216366 0.2256656 -0.02351325 0.3570911 6.957812 -3.404893
85 5.038676 -0.2748688 0.1685488 -0.7086699 0.6397118 0.4201414 0.1680315 0.192937 6.075908 -3.083438
86 5.43028 -0.5338666 -0.5589914 -0.4215524 0.4809529 0.341738 0.08541798 0.2115904 4.906771 -2.744864
87 5.323237 -0.4196927 -0.1263007 -0.3877793 0.4614555 0.0998067 0.05777093 0.3428955 4.268304 -3.277145
88 5.177645 -0.2984904 0.06947187 -0.5705493 0.5504322 0.3978913 0.04076215 0.2948599 5.134304 -3.196816
89 5.604455 -0.3772149 -0.1630347 -0.3639421 0.4626249 0.3401314 0.06080846 0.4020969 21.21626 -2.7368
90 5.416903 -0.3079923 -0.3674361 -0.7692509 0.6342998 0.4387285 -0.07379612 0.1435409 5.390361 -3.01478
91 5.376028 -0.1545021 -0.01987266 -0.7941798 0.5965979 0.4240839 0.1653937 0.1179715 61.20932 -3.401196
92 5.240141 -0.1451572 0.1723829 -0.7976787 0.5828795 0.4351312 0.09283338 0.1227554 4.569465 -2.829284
93 5.345583 -0.4593614 0.002228611 -0.3376811 0.5822651 0.3713014 -0.1081647 0.5328875 8.559421 -2.894332
94 5.509634 -0.8195578 -0.4271973 -0.06704381 0.5876703 0.7876058 -0.1050582 0.2607299 7.847839 -2.886396
95 5.250691 -0.3616624 0.1918494 -0.5100799 0.4543155 0.3118876 0.2300164 0.2163566 7.589071 -3.109805
96 5.441053 -0.375794 -0.2547677 -0.5012303 0.6247262 0.5412583 0.2286992 0.1661727 9.578119 -2.98801
97 5.13062 -0.1183986 0.3867539 -1.238756 0.4721942 0.3994888 0.05197292 0.3595385 3.463326 -2.980228
98 5.126859 -0.1764277 0.2796564 -0.6165853 0.453222 0.7116128 0.04571219 0.3597373 3.735862 -2.728669
99 5.258288 -0.4158734 0.0955371 -0.6658772 0.7691129 0.5233302 0.004426043 0.2727681 7.500492 -3.037169
100 5.542471 -0.4567615 -0.4054082 -0.3221146 0.6289013 0.5556934 0.08877879 0.1460367 6.340118 -2.829284
