1 0.2744234 0.2124208 0.3599984 0.2671754 0.3641837 0.2046196 0.1863378 0.25896 1.098961 0.715512 0.2304454 0.4526566
2 0.2315899 0.1457586 0.3468421 0.2031829 0.3416095 0.1610679 0.1194798 0.1834387 1.298465 0.7806233 0.2748919 0.4171524
3 0.2130182 0.2044455 0.3076971 0.2463378 0.3824831 0.2140686 0.1520246 0.3340714 1.575241 1.33195 0.5677946 0.9198923
4 0.2162043 0.1259247 0.335466 0.2315298 0.3159501 0.1891621 0.1641097 0.1260059 0.7434427 0.3532869 NaN NaN
5 0.2405045 0.1578071 0.3095637 0.1995847 0.2776074 0.1384089 0.1146169 0.1394787 1.105666 1.017725 0.2322114 0.3326072
6 0.2820158 0.2631519 0.3750341 0.3330075 0.4405043 0.2998772 0.2761137 0.3035623 1.097129 0.8271742 0.2459025 0.3913085
7 0.2549096 0.183301 0.3696548 0.2473646 0.416793 0.22116 0.1672691 0.2523703 0.9952805 0.7194967 0.3460929 0.4996999
8 0.1956734 0.1937887 0.3005901 0.2759112 0.2749344 0.1746458 0.2028381 0.1767809 0.9380554 0.852273 0.2697784 0.379466
9 0.2322493 0.180388 0.3401147 0.2383123 0.3422452 0.1706165 0.1646474 0.2120309 0.8863312 0.603954 0.2852932 0.3650743
10 0.2296422 0.1518867 0.3462829 0.2113348 0.343127 0.1529965 0.1263638 0.1516006 1.424945 1.532062 0.6317957 0.8239505
11 0.2141205 0.1693391 0.3157958 0.2387765 0.3872306 0.2356643 0.1792763 0.2483398 1.044601 0.5923226 0.2215515 0.3273244
12 0.1927126 0.1780117 0.2812346 0.2377183 0.250902 0.14546 0.1474353 0.1299035 1.278144 0.8280181 0.1911769 0.3371229
13 0.2687126 0.1877775 0.3455741 0.2293898 0.3262988 0.1604155 0.1441083 0.1678142 1.04981 0.7601922 0.1787972 0.2848184
14 0.2112341 0.1864762 0.2861173 0.2368947 0.2415649 0.1509366 0.1418217 0.178587 1.544396 0.9010229 0.4337556 0.6956172
15 0.268344 0.1525874 0.3796148 0.2144287 0.4137707 0.1843723 0.140532 0.1732257 0.8066315 0.6753826 0.2100268 0.2375762
16 0.217871 0.1779144 0.3704651 0.2574138 0.4109641 0.2454542 0.2126246 0.2356636 0.7061751 0.6086126 0.1947793 0.2786329
17 0.2005383 0.1544567 0.3239303 0.2096242 0.3071734 0.1792714 0.1162843 0.2474411 1.415993 1.408262 0.4508038 0.7451737
18 0.2146393 0.1428295 0.3142445 0.1962938 0.2964859 0.1452901 0.1074309 0.1531303 1.001023 1.281179 0.2643116 0.3874007
19 0.2095089 0.1789628 0.3371999 0.2441083 0.3358436 0.1915097 0.1555577 0.2085872 1.236915 0.734626 0.268512 0.4107983
20 0.2085308 0.1753214 0.2728951 0.2174031 0.2419748 0.1460387 0.1205846 0.1441742 1.253519 0.6314453 0.2891868 0.4419533
21 0.2136729 0.2005159 0.2842636 0.255849 0.2431122 0.1495658 0.163805 0.166324 1.202732 0.8569801 0.3409991 0.533219
22 0.2051717 0.1662489 0.2888812 0.2269185 0.2449418 0.1494295 0.1332352 0.1651498 1.362807 1.069972 0.3197025 0.5056144
23 0.1813903 0.1786618 0.2652926 0.253813 0.2179395 0.14562 0.1668444 0.1474022 1.233295 0.7481096 0.2737561 0.4398845
24 0.2084301 0.2078522 0.2928933 0.2531962 0.2949233 0.1843636 0.1673969 0.2034748 0.9245497 0.7987534 0.3601484 0.5326115
25 0.3111984 0.1816607 0.392637 0.2147166 0.3982095 0.1703594 0.111168 0.182556 1.003296 0.6676039 0.2482926 0.3441847
26 0.2889225 NaN 0.4057966 0.3423759 NaN NaN 0.2248307 NaN 0.8570383 0.1922726 NaN NaN
27 0.2329036 0.1920475 0.3184694 0.2429978 0.3123044 0.1692845 0.1563858 0.1856618 1.365946 959.9344 0.2855944 0.4452257
28 0.251194 0.2018642 0.3480685 0.2731244 0.3547752 0.1966813 0.1934103 0.1953128 0.8156127 0.8445673 0.3568752 0.4172274
29 0.2616321 0.2081626 0.3303637 0.2442298 0.288436 0.1520033 0.1426123 0.1785965 1.620842 0.989189 0.2722764 0.4626362
30 0.2335674 0.2104202 0.3282265 0.2558058 0.3360687 0.1812965 0.1780771 0.1874735 1.009847 0.8910779 0.380474 0.5195057
31 0.2321777 0.152508 0.3207789 0.1988997 0.299825 0.1415166 0.1146055 0.142764 1.24072 0.8165023 0.3243273 0.423672
32 0.2796778 0.2048313 0.3745013 0.2701076 0.4240595 0.2253057 0.2022288 0.1936144 0.8249331 0.602913 0.1721838 0.2337687
33 0.2596401 0.2554886 0.3690676 0.2268555 0.3970321 0.162211 0.1159176 0.2996631 1.355476 1.245023 0.9243966 1.332334
34 0.2179763 0.1595136 0.3269687 0.2312005 0.3327704 0.18224 0.1570882 0.1910617 1.163798 0.9162374 0.2471677 0.3238517
35 0.2766133 0.1175015 0.3739475 0.2250598 0.309909 0.109481 0.1311209 NaN 0.6277376 0.2543221 NaN NaN
36 0.2896437 0.2109257 0.3785163 0.2667299 0.3922354 0.2023649 0.1659075 0.2136316 0.8675942 0.6689781 0.2207795 0.2822125
37 0.23839 0.1866879 0.3352784 0.2154804 0.3110997 0.1574502 0.1096947 0.1765547 3.561558 1.334643 0.3417147 1.001273
38 NaN NaN 0.3563773 0.2563871 NaN NaN NaN NaN NaN NaN NaN NaN
39 0.21535 0.1486737 0.3164545 0.2067505 0.2823888 0.1356823 0.109743 0.1660831 1.036484 0.8466796 0.2705195 0.4282632
40 0.2336794 0.2259178 0.3086001 0.2624889 0.270828 0.1597805 0.1619403 0.1670438 1.13105 0.701444 0.3812101 0.5425051
41 0.1575499 NaN 0.2276496 0.1744314 NaN NaN 0.1158177 NaN NaN NaN NaN NaN
42 0.2772396 0.2141553 0.3565622 0.2598918 0.3745052 0.2070571 0.1825387 0.2537597 1.000591 0.6941433 0.3240342 0.386608
43 0.1777712 0.1367012 0.2816996 0.2169911 0.2346418 0.1319986 0.1216136 0.1253679 0.9394219 0.5872632 0.2801282 0.269763
44 0.2671281 0.2362315 0.3279415 0.2871611 0.3074755 0.1926497 0.1991808 0.2063163 1.065959 0.7222188 0.2565832 0.3225189
45 0.2377225 0.1560717 0.3417311 0.2103947 0.3263188 0.164155 0.1332231 0.2120893 1.052263 0.6478463 0.3042789 0.4961933
46 0.2313889 0.2025304 0.318659 0.2422951 0.3026818 0.1617438 0.1483447 0.1987341 1.501277 0.8056526 0.2442485 0.466949
47 0.2433877 0.1585728 0.3668578 0.238656 0.359987 0.1844736 0.1906272 0.1411491 0.7236214 0.6543481 0.1883743 0.195833
48 0.2233832 0.1656071 0.3430314 0.2388249 0.3425477 0.1739511 0.1580298 0.1811845 0.8087461 0.6833028 0.1958526 0.2314161
49 0.5148318 0.1597251 0.6532331 0.1981395 1.091267 0.4699287 0.1247762 0.1812151 0.6855146 0.6315186 0.1863541 0.211035
50 0.2601521 0.2303846 0.350276 0.2620592 0.374254 0.1903575 0.1473534 0.2046461 1.248738 0.8441855 0.2223586 0.4105509
51 0.2487182 0.1661826 0.373412 0.2385681 0.3813781 0.1951219 0.1554992 0.2123387 1.403984 0.705737 0.162151 0.3093036
52 0.2500254 0.26737 0.3398419 0.3623859 0.3356425 0.2492018 0.3337718 0.2520736 0.8781873 0.7624433 0.2633362 0.2908531
53 0.2812532 0.1449416 0.4058197 0.2035138 0.4488234 0.1822246 0.1207799 0.2121914 1.465856 0.8185829 0.2673044 0.4681644
54 0.2294968 0.02310497 0.3445696 0.1758682 0.3413467 0.1458531 0.1198046 0.1645316 NaN 0.1870035 0.06137847 NaN
55 0.2217543 0.1595447 0.3325798 0.2243856 0.3500152 0.1877281 0.1527871 0.1855817 1.633559 1.231918 0.2633885 0.5770979
56 0.277611 NaN 0.3751595 0.2815924 0.198023 0.02726937 0.2007344 NaN 0.8208755 0.2202337 NaN NaN
57 0.2363869 0.1614172 0.3466184 0.2181309 0.3712762 0.1995089 0.1485041 0.2389606 1.421183 0.8727308 0.315051 0.5294093
58 0.2872806 0.1510327 0.4796899 0.2548919 0.5734103 0.2852888 0.1600025 0.2428646 1.518614 0.9410553 0.3280748 0.4588392
59 0.2172056 NaN 0.3126744 NaN NaN NaN 0.1369715 NaN 0.8658296 NaN NaN NaN
60 0.2853929 0.2189139 0.3942446 0.2933232 0.4250599 0.2285964 0.2151254 0.2528718 0.7317964 0.6311971 0.3083599 0.3385436
61 0.2022729 0.1723756 0.3056992 0.2590785 0.2949018 0.1808274 0.1829643 0.1931725 0.982997 0.9131559 0.3751306 0.5708417
62 0.2604391 0.1898376 0.3534897 0.2466475 0.3559228 0.1741786 0.1802164 0.183309 1.184348 0.7105868 0.2444007 0.3213378
63 0.2396936 0.1963077 0.3422562 0.255347 0.3552548 0.1879963 0.17967 0.1934838 0.9623976 1.079186 0.2315372 0.3161972
64 0.1911105 0.155242 0.2944389 0.2272017 0.2635043 0.1472698 0.1312679 0.1926504 1.067205 0.6341348 0.3740822 0.5315906
65 0.2410588 0.1210102 0.3394165 0.1600669 0.3437875 0.1519644 0.08613409 0.1192633 1.287615 1.188348 0.2980398 0.4869295
66 0.2157433 0.1605779 0.3466378 0.2297262 0.3768556 0.2002219 0.1558928 0.1963492 0.9379748 0.8524328 0.3018919 0.4606299
67 0.2313438 0.1535878 0.3184541 0.2011366 0.2893549 0.1391864 0.1082415 0.1538971 1.083014 0.6325221 0.3231908 0.3764127
68 0.2031077 0.1446804 0.321538 0.2217814 0.3212811 0.1679678 0.1369078 0.1722769 0.9152506 0.6787439 0.3182207 0.4098432
69 0.2219725 0.1595397 0.3125105 0.2127869 0.3028807 0.154486 0.1323603 0.1492716 1.375206 0.8817468 0.3362285 0.488425
70 0.1926663 0.1752613 0.2952383 0.2415656 0.2911044 0.1647272 0.180999 0.1653497 0.8670631 0.7153694 0.4978191 0.6469765
71 0.2651842 0.2111275 0.3821347 0.2827329 0.4243845 0.231143 0.2182612 0.2854154 0.7297161 0.674365 0.3385378 0.4712422
72 0.2129223 0.1577678 0.3276882 0.2349691 0.3343024 0.1958223 0.1827178 0.1993912 0.8587654 0.7505512 0.2403068 0.3686136
73 0.244486 0.1923024 0.3447634 0.2515871 0.3436517 0.1844638 0.1766784 0.2209383 0.8482814 0.611687 0.2186806 0.3095012
74 0.2041187 0.1686873 0.3141303 0.254689 0.2919128 0.1748563 0.1661969 0.1932595 0.8536454 0.8286922 0.2526499 0.2731957
75 0.286064 0.1912421 0.3690242 0.2313846 0.3587832 0.166127 0.1327693 0.199528 0.8386782 0.7060951 0.4892769 0.6417952
76 0.2336629 0.2604401 0.3282813 0.3433595 0.3474357 0.2506543 0.284492 0.2490456 0.8283874 0.6208651 0.2054097 0.3112765
77 0.2232776 0.1696111 0.302685 0.2245382 0.2956161 0.1613853 0.1454519 0.1540749 3.653207 1.123309 0.2360741 0.6054252
78 0.2317852 0.223973 0.3201364 0.2987372 0.3601376 0.2302934 0.2502797 0.207207 0.9142572 0.9026027 0.2876595 0.3348247
79 0.1818825 0.1880997 0.2511724 0.2505464 0.2107126 0.1411983 0.1668056 0.1531622 0.7412504 0.5579357 0.1692957 0.2157953
80 0.2046075 0.1443214 0.2945377 0.1979575 0.2528266 0.1322247 0.1064409 0.1621468 1.239672 0.7702766 0.4098785 0.6076861
81 0.2455342 0.2021608 0.4107558 0.3529101 0.4482285 0.2502465 0.4454742 0.2663272 0.7149274 0.7510924 0.1543479 0.1584911
82 0.1984737 0.1662623 0.2987072 0.2473768 0.3012238 0.1803325 0.1722376 0.1431484 0.763095 0.5222605 0.1976041 0.2356895
83 0.1966278 0.1780993 0.3238529 0.2728292 0.3064535 0.187993 0.2243535 0.2283622 1.058581 0.7613582 0.172139 0.295932
84 0.1733647 0.1948579 0.2603893 0.2509884 0.2091591 0.1426761 0.1579976 0.1476487 2.710093 0.8836463 0.378163 0.8585172
85 0.2307857 0.219328 0.366746 0.2490425 0.4144623 0.3362304 0.1762226 0.3107024 1.210651 1.290401 0.5633011 0.8775893
86 0.2220968 0.2032852 0.317862 0.2632602 0.3109234 0.1740857 0.1781584 0.2369861 0.963118 0.7119307 0.2881419 0.4182307
87 0.198802 0.1911039 0.2867423 0.271082 0.278424 0.1897167 0.1920592 0.1650552 1.009514 0.7095099 0.2202303 0.2280871
88 0.2669388 0.1824766 0.3478212 0.2712602 0.287971 0.1585334 0.1999888 NaN 0.7449187 0.5787732 NaN NaN
89 0.1725637 NaN 0.2671029 0.2135405 NaN NaN 0.1594025 NaN NaN NaN NaN NaN
90 0.2469365 0.1663366 0.3469585 0.2224135 0.3515478 0.1903793 0.1386486 0.2409543 1.262179 0.8071606 0.2498593 0.3806415
91 0.2058132 0.143786 0.2835744 0.1877052 0.2729336 0.1414848 0.111274 0.1218362 1.791624 1.184762 0.3626622 0.5149263
92 0.2622541 0.1698874 0.3698882 0.2228064 0.4218143 0.2111525 0.1573127 0.2231355 1.103396 0.6079438 0.1616279 0.3168503
93 0.1894769 0.2188283 0.2979789 0.3114947 0.2910244 0.2149742 0.2285256 0.2490416 0.9953761 0.6394534 0.3599329 0.5288047
94 0.2983793 0.2169914 0.3839664 0.2665217 0.4140956 0.2225317 0.1753251 0.2721285 0.8870343 0.5687994 0.2173684 0.3168668
95 0.2081436 0.177263 0.281502 0.2272561 0.2560072 0.1597075 0.1422833 0.1125148 1.082843 0.7980493 0.2415003 0.3484367
96 0.2604767 0.1630408 0.3479519 0.2200547 0.3720916 0.1880448 0.1438849 0.163138 1.013044 0.6910709 0.287403 0.4225389
97 0.3050611 0.2840888 0.3994362 0.3474112 0.4593978 0.2944028 0.2933135 0.3443697 0.8096909 0.6628869 0.214967 0.2820768
98 0.2495431 0.2148032 0.3808775 0.2831364 0.4282973 0.2537634 0.2454153 0.3081668 0.7123516 0.6852227 0.338758 0.4187661
99 0.2502392 0.1840731 0.3502889 0.2430306 0.3622415 0.1957651 0.165342 0.238031 1.112223 0.7272495 0.1868403 0.3337683
100 0.2784522 0.185799 0.3768143 0.2238192 0.4150133 0.2046638 0.1671623 0.2266716 1.316864 0.7998052 0.1801837 0.3906501
