1 0.2562889 0.1687819 0.3372391 0.2162555 0.2592342 0.1195929 0.1071964 0.100357 1.46366 1.035659 0.6793525 0.1834801 0.2567956
2 0.2141806 0.1267259 0.3089191 0.1738242 0.2386431 0.09634174 0.07101246 0.09774985 4.345149 1.257401 0.7235577 0.1981223 0.3204945
3 0.1777923 0.1367105 0.2650171 0.1884688 0.1831674 0.09629288 0.08175262 0.07771828 2.098123 1.919879 0.9086657 0.304918 0.5331672
4 0.1987043 0.136255 0.3107307 0.2102348 0.2332731 0.1190654 0.1002277 0.09640335 4.946513 1.113043 0.5986117 0.2353613 0.3455492
5 0.2124534 0.1452384 0.2695107 0.1825641 0.1637072 0.08064738 0.07445038 0.06697264 1.886645 1.061343 0.9103211 0.2124501 0.2737303
6 0.2008043 0.1792776 0.2544155 0.234122 0.1565584 0.1007372 0.128365 0.09346531 0.8914895 1.046296 0.7433219 0.178951 0.2514471
7 0.2024463 0.1413153 0.3022867 0.2224697 0.2314631 0.11307 0.1066123 0.09763634 1.56376 0.9693776 0.6488493 0.1947698 0.2419929
8 0.1696337 0.1324338 0.2779336 0.210417 0.1692292 0.09391959 0.1081522 0.07955621 1.523677 0.8897445 0.7441963 0.2057152 0.2562504
9 0.2076407 0.1376015 0.2985581 0.1871406 0.2051389 0.09345896 0.08087633 0.07920316 1.545657 0.9665784 0.5888932 0.1710958 0.2263636
10 0.1788655 0.1039652 0.282354 0.1654983 0.1888135 0.08001859 0.06615146 0.08649547 1.985232 1.540115 1.192872 0.3091801 0.3809174
11 0.1860355 0.138663 0.2639234 0.2048299 0.1703824 0.09655061 0.08959259 0.09835899 2.019022 1.098411 0.5401178 0.1692311 0.2469866
12 0.1814112 0.1677935 0.2651107 0.2243489 0.1756705 0.1042104 0.1107358 0.08966583 33.03693 1.226611 0.8195988 0.1798226 0.3014526
13 0.2415618 0.1683523 0.3161771 0.2111626 0.2411944 0.111722 0.1027297 0.09754943 6.285207 1.022903 0.7193202 0.1618071 0.2430186
14 0.197302 0.1594838 0.2604522 0.2072241 0.1710056 0.1061828 0.1083904 0.05678582 5.535045 1.427069 0.8172957 0.2727766 0.4122594
15 0.2297896 0.1415227 0.3014948 0.1866616 0.2133137 0.09543895 0.07981665 0.08873428 1.416333 0.8485905 0.6721004 0.1743387 0.1949757
16 0.1941687 0.1470983 0.336618 0.2221363 0.2597135 0.1267554 0.1166361 0.1230135 6.986459 0.7936216 0.6020553 0.1467991 0.2269321
17 0.189884 0.1173002 0.3119816 0.1880297 0.2278103 0.09934985 0.08189588 0.06397349 4.233372 1.203212 0.8901767 0.2664538 0.3802699
18 0.1876665 0.1098946 0.2796332 0.155655 0.1956812 0.07616044 0.05345942 0.07581732 1.987468 1.020886 1.153066 0.2251082 0.3050282
19 0.1760665 0.1251047 0.28057 0.1941848 0.189868 0.09738006 0.09202405 0.08951614 1.316327 1.130424 0.636923 0.1893221 0.2522919
20 0.2138876 0.159367 0.2658013 0.1971044 0.1529002 0.08869922 0.07897068 0.08497317 3.488964 1.202954 0.6018675 0.2118478 0.2953882
21 0.1895791 0.1667313 0.2517672 0.2222846 0.1599152 0.09925061 0.1205557 0.08250386 3.908302 1.128065 0.8100023 0.2512951 0.3257235
22 0.1862788 0.1290261 0.2583824 0.1738005 0.1590136 0.08302847 0.07176629 0.07974361 1.73252 1.396382 1.105495 0.2586713 0.3844578
23 0.1709768 0.1485569 0.2463243 0.2042668 0.1366379 0.08527584 0.1040943 0.08002875 2.030064 1.231539 0.7458599 0.2130698 0.2886928
24 0.1778806 0.1554271 0.2525735 0.2081039 0.1502863 0.08874798 0.1043912 0.08503184 2.050979 1.043221 0.7059401 0.2092097 0.3150334
25 0.2263571 0.1192464 0.3001483 0.1515969 0.2187804 0.08333511 0.05326603 0.07141064 1.168945 1.104989 0.6192571 0.1968822 0.2973671
26 0.229505 0.171207 0.3085016 0.2201927 0.2364377 0.1235071 0.1182336 0.06605797 0.8760012 0.8891053 0.6315714 0.2536463 0.3059092
27 0.2124411 0.1871283 0.2949577 0.2327017 0.2222368 0.1167606 0.1204458 0.1180531 13.24357 1.331717 1365.539 0.2458527 0.4327617
28 0.190493 0.1686491 0.2681682 0.2267626 0.1913214 0.1095733 0.1265736 0.08805377 1.987672 0.8378513 0.8191561 0.2836214 0.3136672
29 0.2233039 0.1642513 0.2903194 0.2038168 0.1925104 0.0951262 0.09546065 0.08783445 1.719644 1.429404 0.917113 0.2150306 0.2861657
30 0.1795957 0.1435138 0.2626507 0.2102518 0.1629287 0.09362361 0.09806007 0.08375937 1.761649 0.9956765 0.7075671 0.18726 0.2347598
31 0.1918064 0.1306847 0.278627 0.1781185 0.1926678 0.08728154 0.07236935 0.07954484 2.351882 1.200568 0.7703439 0.258196 0.3177523
32 0.2307081 0.1581353 0.3161511 0.2160798 0.2342774 0.1224179 0.1125813 0.09383026 1.464572 0.8126863 0.5900001 0.1516429 0.1878889
33 0.1963938 0.1222316 0.2773215 0.1702023 0.1952554 0.08029819 0.06874401 0.07081033 1.844024 0.9128412 0.6805397 0.1928891 0.2509934
34 0.1795051 0.1333792 0.27698 0.198366 0.1772729 0.09648553 0.09216678 0.0929288 1.488587 1.15214 0.8581687 0.2095205 0.2542419
35 0.227935 0.157656 0.3255748 0.2067289 0.2811707 0.1167262 0.09034375 0.1014325 2.073247 0.8773758 0.6158055 0.1955512 0.2683246
36 0.234798 0.1858653 0.2991062 0.2382926 0.2131774 0.1124617 0.1208956 0.07794885 1.374618 0.9013097 0.6352419 0.1989534 0.2595669
37 0.221253 0.1404021 0.299286 0.1867345 0.2167822 0.1056771 0.07601914 0.07588471 2.2877 1.630583 0.8961576 0.214175 0.3332738
38 0.1901398 0.1236422 0.2806817 0.1911138 0.1875822 0.08670091 0.07854415 0.09526226 1.179624 1.047727 0.5586529 0.1452179 0.2051503
39 0.1973751 0.1276044 0.2914149 0.1914038 0.2171203 0.09281495 0.08512791 0.07322227 3.817697 1.037385 0.7652163 0.1937594 0.2768741
40 0.2230312 0.1772038 0.2884043 0.2223586 0.2034403 0.1065561 0.1113699 0.07278415 3.416484 1.148205 0.6564529 0.2203334 0.3063095
41 0.1521783 0.1450564 0.2503831 0.2164555 0.1501531 0.09974449 0.1094968 0.06720976 4.121633 1.222168 0.6804913 0.2494276 0.3554819
42 0.2036103 0.1645457 0.283546 0.2118363 0.194612 0.1011425 0.1111665 0.07974224 1.152819 1.190642 0.6290493 0.2361907 0.3085444
43 0.1679247 0.1265214 0.2547911 0.1921994 0.1589315 0.08502648 0.08669481 0.06822499 3.728172 0.946105 0.5807085 0.2283841 0.2477968
44 0.2312663 0.1664048 0.2949542 0.200382 0.1862979 0.09331388 0.08692388 0.08379755 1.081862 1.11863 0.6817313 0.1947943 0.2599644
45 0.2140679 0.1318813 0.3073162 0.1867121 0.2337475 0.1081923 0.09238828 0.07762836 2.929039 1.026484 0.6262005 0.2200307 0.336148
46 0.2031098 0.138965 0.2895924 0.18626 0.1993009 0.09536704 0.07678616 0.08776289 1.624292 1.214819 0.6923346 0.1730686 0.2872831
47 0.1886865 0.1326589 0.2803072 0.1918027 0.1930914 0.09447154 0.09295014 0.06326851 2.135128 0.7048908 0.6498103 0.1915515 0.184111
48 0.1999342 0.1409561 0.2996367 0.213976 0.2173262 0.1055569 0.1023293 0.08299697 2.457213 0.8261395 0.6512304 0.159509 0.183527
49 0.229759 0.1269861 0.3175734 0.1556642 0.2728959 0.08804407 0.05483589 0.08199983 0.8991349 0.7080273 0.6221051 0.1833209 0.1692301
50 0.2053332 0.181145 0.2701595 0.2219528 0.1905468 0.1046254 0.100676 0.1019167 2.334961 1.136513 0.772451 0.1626317 0.2814369
51 0.2276736 0.1550072 0.336465 0.2257799 0.2750322 0.1409535 0.1300263 0.1029909 3.814062 1.286014 0.6913966 0.1495864 0.2558308
52 0.1925876 0.1599345 0.263502 0.2112468 0.1609454 0.08921866 0.1141676 0.06348901 1.160868 0.873466 0.7061991 0.1918697 0.2037189
53 0.2235604 0.1234999 0.3099427 0.1700357 0.238919 0.09535221 0.06631812 0.09130478 1.273224 1.221756 0.7517192 0.2088768 0.2913252
54 0.2152093 0.1271979 0.3300271 0.1736953 0.2616562 0.1011566 0.07178242 0.08475509 2.537618 1.528506 0.6895874 0.1658126 0.2835741
55 0.2103944 0.1416766 0.3089302 0.2017971 0.233017 0.1158236 0.09964596 0.1093014 7.105516 1.352309 0.9912801 0.208703 0.3814786
56 0.2866331 0.2080331 0.3773176 0.2680891 0.344588 0.1877198 0.170417 0.09386966 6.380278 0.8861282 0.6239043 0.2557994 0.3113737
57 0.1967031 0.1251621 0.3031903 0.176914 0.2109707 0.09679338 0.07235347 0.09142525 1.452367 1.474162 0.7433034 0.2195876 0.3592785
58 0.1855394 0.1237687 0.30935 0.232137 0.2267717 0.1076674 0.1008636 0.07968 1.078863 1.343034 0.8692179 0.2568267 0.3269512
59 0.1910897 0.1414048 0.2816863 0.2051372 0.2088267 0.1042051 0.1007865 0.08897549 2.489843 0.8176713 0.6527695 0.2177517 0.2480817
60 0.1793345 0.1454245 0.243947 0.1856207 0.1496579 0.07589908 0.07566359 0.07052971 0.7543076 0.8210647 0.6298766 0.1829913 0.2122752
61 0.1841533 0.1402128 0.2755059 0.2163069 0.1873252 0.1070918 0.1165564 0.0860035 3.815189 0.9814422 0.7275293 0.2853248 0.4103456
62 0.2427615 0.1363296 0.332092 0.1811779 0.2697368 0.1070972 0.09020797 0.09109085 2.317469 1.220604 0.7117559 0.2091594 0.2713248
63 0.1836537 0.1329602 0.267798 0.1752516 0.1851269 0.08375019 0.08853926 0.09727891 1.154964 1.064236 1.087166 0.1655546 0.2470794
64 0.1931147 0.1440128 0.2707535 0.1981015 0.1735938 0.09185724 0.09133874 0.04690538 1.880793 1.068188 0.6193404 0.249917 0.3305332
65 0.2123781 0.09752151 0.3057232 0.135632 0.2403644 0.08066862 0.04269865 0.08376853 3.489271 1.261356 1.162301 0.2437533 0.382016
66 0.1861091 0.139781 0.2780247 0.1955577 0.2185792 0.1041288 0.08483662 0.1052925 2.539513 1.009223 0.8082368 0.2273401 0.3644758
67 0.2267546 0.1455615 0.3102838 0.1918286 0.2432411 0.1070955 0.08398715 0.08531226 36.36885 1.109728 0.6383209 0.2736702 0.3303879
68 0.153797 0.09771621 0.2792685 0.1733159 0.1812285 0.08620925 0.07191894 0.07690839 1.669074 0.9501162 0.6419035 0.222936 0.2760455
69 0.1920559 0.1258257 0.2778238 0.1812282 0.1889734 0.08800601 0.07904041 0.09238551 4.588454 1.377969 0.8378335 0.2938971 0.4220424
70 0.1747352 0.1459274 0.2718986 0.2166032 0.1830895 0.1094997 0.1228008 0.09620987 20.25922 0.8714969 0.7116047 0.278646 0.3378177
71 0.1905862 0.1354576 0.2949098 0.1967824 0.2014651 0.09687463 0.09560473 0.0819694 0.9150049 0.9082658 0.6641662 0.1799354 0.2509317
72 0.1632724 0.1050553 0.2632756 0.1793479 0.161382 0.08043205 0.08094815 0.0781609 1.176992 0.8723593 0.6939475 0.2085776 0.2780424
73 0.2270301 0.1572153 0.3156112 0.2083102 0.2306273 0.1158621 0.1055395 0.1035507 1.978825 0.8603891 0.5847555 0.1623387 0.2234151
74 0.1680226 0.1223091 0.2713945 0.1841594 0.1726788 0.08820427 0.08363237 0.08780985 1.616083 0.8968555 0.7461772 0.1966165 0.2186432
75 0.2316644 0.1538296 0.2942057 0.1914037 0.2102703 0.08799828 0.07706478 0.07646494 1.492991 0.9528098 0.6900452 0.2354602 0.2923589
76 0.2223425 0.1624973 0.3073711 0.209298 0.2126759 0.1057485 0.1056274 0.08008046 1.334525 0.7595851 0.5878743 0.1396715 0.1654665
77 0.1660043 0.1175701 0.2232541 0.1567869 0.1287503 0.06998978 0.07173371 0.08259925 0.9123831 2.945043 1.061819 0.272403 0.5365769
78 0.1774465 0.133924 0.2467833 0.1791795 0.1568983 0.08357339 0.08059917 0.09252065 1.038341 0.8422481 0.7920275 0.2129384 0.2423788
79 0.1778252 0.1668009 0.2416701 0.2173886 0.1417113 0.08781369 0.1190511 0.07753653 6.376973 0.719446 0.5328483 0.1468157 0.1770475
80 0.1857131 0.121744 0.2702912 0.1787046 0.1835279 0.08519559 0.0776552 0.06759341 5.747813 1.341899 0.7037277 0.2731225 0.4083412
81 0.158387 0.106264 0.2560226 0.1745701 0.146412 0.07474987 0.07304615 0.08591508 0.5901794 0.6731645 0.715767 0.1546144 0.1309473
82 0.1745624 0.1558924 0.2723634 0.2316038 0.177364 0.1128668 0.1278272 0.08206623 7.536306 0.7793802 0.5171913 0.1731945 0.2150398
83 0.1924468 0.1725984 0.307928 0.2581077 0.2321937 0.1463353 0.1927536 0.09267269 8.23207 0.9555523 0.7042976 0.1550225 0.2364754
84 0.1626934 0.1635729 0.2457131 0.2328076 0.1428678 0.1001182 0.1289805 0.08536308 2.947245 1.70322 0.7832414 0.2360103 0.3823877
85 0.1840221 0.1246904 0.3158113 0.2141848 0.2163963 0.1113929 0.1014621 0.1045142 2.231746 0.9785827 0.7040432 0.2072143 0.2565742
86 0.1893058 0.1503239 0.267602 0.2043588 0.1620806 0.09100959 0.09366908 0.08659222 1.637667 0.9723219 0.6365093 0.1745745 0.2295154
87 0.1371294 0.1513972 0.2114474 0.227542 0.1188676 0.08562222 0.1171122 0.07790386 1.308226 1.071478 0.6835777 0.195702 0.229385
88 0.226364 0.1770053 0.2884994 0.2258689 0.1975878 0.1149507 0.1216866 0.09521092 1.835347 0.9078495 0.665983 0.2044688 0.2727807
89 0.1652409 0.1612313 0.2509985 0.2389991 0.1702001 0.1081604 0.1411495 0.06373556 20.99362 1.174313 0.6288168 0.2110555 0.3167499
90 0.213378 0.1414268 0.3029321 0.1870972 0.231571 0.1132104 0.08529792 0.108774 2.139422 1.296159 0.7946748 0.1961253 0.3047447
91 0.1935962 0.1347888 0.2677891 0.1742155 0.1969067 0.0925735 0.07584464 0.07738336 120.6782 1.78293 1.176743 0.3453912 0.548952
92 0.2164793 0.14784 0.2954657 0.1929305 0.2001 0.1027314 0.0816431 0.1145261 1.696122 0.9409118 0.5760938 0.1499515 0.2261237
93 0.1837291 0.1855425 0.2796404 0.274072 0.1913377 0.1416744 0.169 0.09472944 3.936053 0.9670047 0.6137064 0.2048776 0.2503529
94 0.2965755 0.2109089 0.3663487 0.250553 0.2982425 0.1530086 0.1212116 0.0882028 3.342816 0.9664262 0.5681369 0.1605889 0.2251535
95 0.1882166 0.1527024 0.2484329 0.1937322 0.1541144 0.08806578 0.09137438 0.06777884 3.181743 1.083705 0.7940122 0.2001501 0.2852271
96 0.2316083 0.1452867 0.3101175 0.1922093 0.2490313 0.114292 0.08710188 0.09997205 5.701331 1.020512 0.6341659 0.2163989 0.3005398
97 0.231901 0.1913704 0.2888226 0.2443749 0.1820134 0.1143715 0.1405911 0.0864574 0.931026 0.8133153 0.6128533 0.1463482 0.1772282
98 0.2252044 0.1785885 0.3348572 0.2440103 0.2732386 0.1388044 0.1605622 0.09647202 1.33013 0.6802194 0.664557 0.2123383 0.2476231
99 0.236118 0.175952 0.3224035 0.2287836 0.2651567 0.1338897 0.1235004 0.1230708 3.262959 1.066957 0.7158343 0.160262 0.2656726
100 0.2280873 0.151408 0.3189688 0.2038946 0.25842 0.1251033 0.09999156 0.1059948 2.768987 1.05019 0.6680475 0.153007 0.2446633
