1 5.076562 -0.261202 0.4344823 -0.719101 0.5141094 0.6949258 -0.05297077 0.2597941 4.152393 -1.62707 -0.1015385 0.122282 -0.5233139
2 5.396487 -0.2991995 -0.07134658 -0.5316656 0.6210623 0.5625713 0.04989313 0.08088432 9.053567 -0.6331715 -1.537306 0.2502079 -0.6608279
3 5.470355 -0.3721426 0.1619322 -0.6763646 0.460383 0.3657992 0.006763438 0.1604065 5.680295 -4.377925 -1.581872 0.5414515 -0.1297265
4 5.383515 -0.2561566 -0.1861517 -0.7198102 0.6370357 0.4662589 0.1417067 0.1733174 9.91449 -3.207458 0.2060372 0.3997379 -0.2821982
5 5.214427 -0.4292978 0.3295731 -0.716097 0.4355988 0.3918649 0.08064872 0.1814841 5.776897 -0.0260726 -1.867493 -0.08385188 -0.6875428
6 5.145098 -0.3387827 0.2357075 -0.5718237 0.5333471 0.2134567 0.01351661 0.3459387 3.359733 -3.102569 -1.46915 0.440407 -0.3392719
7 5.588171 -0.4454356 -0.01681846 -0.4336855 0.5428443 0.5209398 0.1100206 0.2685587 4.646507 -2.237636 0.1329173 0.2266911 -0.4470334
8 5.134718 -0.5103017 0.1305834 -0.5310839 0.4668928 0.380568 0.1176026 0.2628957 4.73041 -1.904146 -0.8881674 0.2135703 -0.4452165
9 5.681752 -0.5261944 -0.9214975 -0.1301089 0.4442529 0.5630464 0.1761895 0.1731541 4.8018 -3.126009 -0.7074779 0.346417 -0.1732061
10 5.534336 -0.4714798 -0.4674636 -0.421094 0.541484 0.3966914 0.1702426 0.09545579 5.616529 -3.527487 -1.49465 0.323989 -0.2979679
11 4.954683 -0.2615086 0.1924554 -0.8873377 0.549869 0.2905478 0.05674125 0.1598481 5.617004 -3.885995 0.2446461 0.3659593 -0.06986561
12 5.049776 -0.3769542 -0.00937012 -0.6703713 0.6156337 0.3326595 0.2553903 0.2882277 29.19306 -3.057965 -1.657571 0.2272486 -0.07273349
13 5.310925 -0.4198999 -0.1928932 -0.5369474 0.6451784 0.5842215 0.179165 0.2145473 11.13644 -0.3721344 -1.531965 -0.009543071 -0.5149045
14 5.288265 -0.1112944 0.02878993 -0.9665507 0.3951358 0.4359914 -0.02289824 0.2996355 10.88161 -1.541344 -1.536538 0.2986678 -0.5464164
15 5.770077 -0.626382 -0.4635312 -0.4366038 0.536858 0.5042695 0.127213 0.1646738 4.724983 -3.018837 0.2799136 0.1108991 -0.2293239
16 5.335397 -0.3332816 0.3717533 -0.7676759 0.7643502 0.5071784 0.1604306 0.1381761 11.25869 -1.484178 -1.125507 0.2178801 -0.3546318
17 5.505918 -0.3282686 -0.3899776 -0.741863 0.4145167 0.6636978 -0.04175599 0.1783478 8.982565 -0.4129454 -1.537212 0.3154906 -0.809317
18 5.22138 -0.4138372 0.09462642 -0.5685444 0.4538151 0.4639592 0.1083774 0.09032809 5.658412 -1.272053 -2.718315 0.2200803 -0.5568683
19 5.546462 -0.2716598 -0.01708923 -0.6412137 0.4536332 0.405741 0.05877282 0.1743818 3.845872 -3.66788 -0.7943268 0.4145858 -0.13632
20 5.226282 -0.2647831 -0.2491469 -0.4359718 0.5227337 0.2670851 0.05569914 0.1690795 7.837181 -2.344068 -0.5118308 0.3367979 -0.3997824
21 5.713631 -0.2973224 -0.7390912 -0.4539777 0.563448 0.2523663 0.1671292 0.33612 8.685369 -1.105336 -1.421325 0.2325288 -0.683937
22 4.914966 -0.226163 0.3740938 -0.6000071 0.4953461 0.3059781 0.03986736 0.146931 5.363423 -0.9673684 -2.037893 0.1442097 -0.6894498
23 5.073247 -0.2373617 0.2112896 -0.617848 0.5015475 0.2236939 0.06240711 0.2593298 5.801339 -3.23018 -0.3951748 0.191871 -0.2198341
24 5.335082 -0.6489498 -0.1186542 -0.2797752 0.4870353 0.2536096 0.07129194 0.2324508 5.695671 -1.892479 -1.679594 0.3261515 -0.429578
25 5.120463 -0.3515908 0.2760462 -0.7625749 0.3952442 0.5842096 0.08055614 0.07120541 3.919416 -2.516062 -1.050934 0.3410604 -0.250078
26 5.645544 -0.5300934 -0.4174747 -0.4245402 0.3565109 0.6634717 -0.1591709 0.3349023 3.267613 -2.882397 -0.9293062 0.4700444 -0.4087373
27 5.44545 -0.5213181 -0.2866417 -0.5029554 0.7843087 0.3802399 0.1517709 0.2234361 16.88299 1.293855 -19.13025 0.2911433 -1.058302
28 5.217425 -0.5527772 0.0316532 -0.5801253 0.5816608 0.3278113 0.1691854 0.3313515 5.882243 -2.33253 -0.6671749 0.2181227 -0.4795445
29 5.672773 -0.3133854 -0.6861792 -0.6025983 0.4968853 0.4651015 0.04028845 0.2204727 4.858492 -2.779724 -1.937036 0.2870196 -0.2383796
30 5.495485 -0.2568788 -0.2953802 -0.5908716 0.4754859 0.3459082 0.08528961 0.2398609 5.209333 -2.170001 -1.036538 0.249901 -0.3453289
31 5.395158 -0.3805634 -0.1872789 -0.6946964 0.4972227 0.4399928 0.1198158 0.1450144 6.464631 -3.595982 -1.058422 0.4215776 -0.2578455
32 5.142657 -0.376774 0.1951306 -0.4788994 0.566035 0.5598274 0.3178392 0.2583304 4.678022 -2.144356 0.2137738 0.1409818 -0.3616881
33 5.590117 -0.08596158 -0.2018822 -0.9167859 0.4512204 0.4745784 0.1736243 0.132529 5.659411 -1.753663 -1.289572 0.2749638 -0.4134104
34 5.355117 -0.4578067 0.02886705 -0.3453725 0.5772073 0.3294895 0.06608259 0.2034631 4.97806 -2.011632 -1.366407 0.212925 -0.4456959
35 5.155529 -0.3689294 0.1712353 -0.7719045 0.5671105 0.660869 0.04358977 0.1797366 5.584339 -1.706057 -1.419493 0.3851175 -0.4545482
36 5.529987 -0.2909301 -0.1024977 -0.7082004 0.4529588 0.4919163 0.1720642 0.345534 4.425227 -2.005224 -1.144821 0.3076731 -0.4095935
37 5.695772 -0.460825 -0.5404675 -0.4110504 0.4880269 0.5520486 -0.1144635 0.1799455 6.375845 -3.524853 -1.320239 0.2600018 -0.1144959
38 5.22988 -0.4172548 -0.1101439 -0.5662162 0.5255971 0.3947862 0.07902428 0.1393896 4.021276 -3.378249 0.05798189 0.2554195 -0.1066529
39 5.10521 -0.2493367 0.1485122 -1.035311 0.4682557 0.5609976 0.0547142 0.2080341 8.303125 -1.845112 -0.8938893 0.1906775 -0.4443039
40 5.042103 -0.1192175 0.2948338 -0.7715028 0.4924014 0.4825867 0.2160463 0.2832875 8.310608 -3.13944 -1.125914 0.3253741 -0.1751891
41 5.426931 -0.4278086 -0.0257976 -0.5770178 0.4156423 0.3036316 -0.04564327 0.2968667 8.709487 -2.121898 -0.8507372 0.440186 -0.5210369
42 5.485357 -0.2238783 0.005664709 -0.8027889 0.4216904 0.4824407 0.05431965 0.2496158 3.842786 -3.458189 -0.7089461 0.44936 -0.2633606
43 5.545812 -0.5774169 -0.1430946 -0.3413694 0.4301121 0.3527952 0.1745484 0.2103359 7.915001 -3.017785 0.3603648 0.331011 -0.3526417
44 5.682462 -0.5503577 -0.6652813 -0.3123607 0.4683393 0.4562508 -0.01941623 0.1931782 3.804243 -2.034665 -0.7640015 0.1903552 -0.3667214
45 5.262895 -0.5379429 0.07678335 -0.5099371 0.4885726 0.6421567 0.03548521 0.1997362 7.120532 -0.09403802 -1.065086 0.1444998 -0.7958873
46 5.64094 -0.3083356 -0.3373225 -0.7022305 0.5214449 0.4491769 0.0283621 0.1476949 5.091943 -2.888765 -1.150884 0.2643065 -0.1393311
47 5.242535 -0.4676191 -0.1458553 -0.5106802 0.4191583 0.49985 0.1554267 0.2404224 6.214155 -2.335762 -0.3787124 0.1177057 -0.27317
48 5.478692 -0.3049758 -0.3688126 -0.4719 0.5065692 0.5459997 0.16704 0.2468062 6.676708 -2.061866 -1.005076 0.2406163 -0.3292758
49 5.520545 -0.5648972 -0.1539865 -0.3490617 0.4346187 0.725582 0.1379087 0.05430576 3.217968 -1.020134 -1.593459 0.1768801 -0.4275166
50 5.473396 -0.3401759 -0.5230362 -0.6443139 0.6127463 0.2757789 0.1460826 0.1751113 6.344584 -1.634098 -2.200486 0.2699425 -0.3093654
51 5.806769 -0.607782 -0.564825 -0.3159426 0.678336 0.6501016 -0.02493783 0.3103039 8.212258 -3.971661 -0.2913568 0.1868063 0.02924464
52 5.758932 -0.6790171 -0.2476008 -0.2596791 0.381945 0.4129346 0.0829594 0.3175838 4.107067 -2.011758 -0.5532465 0.1209922 -0.3804228
53 5.257569 -0.3064214 -0.2229449 -0.5522907 0.5361693 0.5842654 -0.05731189 0.1036747 4.389571 -3.641279 -0.151157 0.3216535 -0.2513044
54 5.377971 0.035842 -0.1526394 -1.182398 0.5203564 0.7033481 0.08358162 0.107293 6.760938 -5.230979 -0.2666226 0.308876 0.2091185
55 5.658255 -0.4292257 -0.5114673 -0.6121931 0.7410647 0.4811718 0.15988 0.1689515 12.82711 1.4509 -2.62067 0.08177017 -1.040815
56 5.550774 -0.6066065 -0.02839375 -0.4512799 0.6116185 1.055328 0.06513714 0.5137942 11.20137 -3.046536 -0.7419242 0.4085967 -0.3445781
57 5.489445 -0.3330421 -0.06581568 -0.6225734 0.4950538 0.5254609 0.023691 0.130555 4.327404 -3.273398 -1.013381 0.357061 -0.2315215
58 5.321356 -0.2301571 0.1221067 -0.921392 0.449307 0.5749361 -0.09443742 0.2681267 3.749908 -6.026469 1.270758 0.3871278 0.02613683
59 5.17798 -0.411697 0.3849569 -0.374734 0.5610239 0.3752541 0.1633754 0.2170856 6.306871 -1.156153 -1.20149 0.3225757 -0.6442617
60 5.262968 -0.5592716 -0.03783705 -0.448114 0.374087 0.3295293 0.1378222 0.1859722 2.904116 -3.513751 -0.7945908 0.2647963 -0.07400263
61 5.443396 -0.5188271 -0.3321144 -0.8108021 0.538319 0.3726795 0.1844704 0.2489256 7.894213 -1.578378 -0.5637613 0.3925026 -0.7433012
62 5.746437 -0.3200075 -0.7785485 -0.6257823 0.6031833 0.7007467 0.2420165 0.1374424 6.312338 -4.247854 -0.4494062 0.4444864 -0.1786564
63 5.572013 -0.1296742 -0.2828013 -0.6357653 0.5324167 0.3245891 0.1542793 0.1043742 3.783507 -2.09812 -2.678964 0.1666856 -0.2035578
64 5.657959 -0.5075062 -0.5620628 -0.3637979 0.2759542 0.5207926 -0.07898708 0.2709113 5.46331 -2.082354 -0.5202069 0.4116791 -0.5667921
65 5.574479 -0.6029506 -0.5870762 -0.2596431 0.4993547 0.6139955 0.09411175 0.01897649 7.381257 -0.2124045 -3.04381 0.1454128 -0.7323656
66 5.37533 -0.5139399 -0.1452675 -0.3594107 0.5913252 0.3575992 0.1307066 0.1472829 6.002914 -1.230209 -1.953796 0.4066588 -0.675468
67 5.331007 -0.4239892 0.1134204 -0.5855611 0.6326163 0.6342463 0.1525217 0.1793349 32.66161 -3.66196 -0.9683994 0.5021049 -0.2737439
68 5.436602 -0.3043039 -0.07601327 -0.7377076 0.4765552 0.3282059 0.1577037 0.1070582 4.944273 -2.020721 -0.2421831 0.3069916 -0.5435589
69 5.140586 -0.2518276 0.09010737 -0.9376858 0.5886024 0.3681551 0.1866505 0.1258748 9.161876 -2.712514 -1.193117 0.4536106 -0.484057
70 5.356213 -0.3947342 -0.1400874 -0.5296156 0.7084944 0.263733 0.2309856 0.2699164 21.1731 -2.338309 -0.6938263 0.3643791 -0.5568499
71 5.277975 -0.4820275 -0.1790297 -0.4251294 0.463572 0.5007357 0.1331031 0.2114499 3.494979 -3.232181 -0.4138901 0.1951848 -0.1614413
72 5.297636 -0.2765656 0.03962468 -1.041325 0.439941 0.3240398 0.154664 0.1403009 3.949831 -1.497573 -0.4889946 0.2279942 -0.6368923
73 5.098447 -0.3051449 0.353213 -0.8416079 0.5623978 0.5750009 0.1003208 0.2247225 5.209972 -1.87393 -0.6043606 0.1579211 -0.335798
74 5.042265 -0.4240913 0.2093145 -0.5271467 0.5514118 0.3053775 0.05755186 0.1558769 5.057286 -2.41977 -0.9265353 0.2297852 -0.3522445
75 5.241463 -0.3268481 -0.1031813 -0.6574853 0.4674827 0.4801134 0.1709199 0.1691806 4.742379 -2.971788 -0.710795 0.2465352 -0.2612313
76 5.383254 -0.3780978 0.0391339 -0.7679664 0.4717963 0.5740645 0.07824835 0.2319071 4.556842 -1.896056 -0.8358156 0.15665 -0.2918606
77 5.445448 -0.265735 -0.1718591 -0.7422272 0.458633 0.1487514 0.117031 0.0993715 3.259288 -7.199389 0.577164 0.365881 0.3059915
78 5.691995 -0.635423 -0.3406369 -0.3788247 0.5282584 0.2111779 0.1214595 0.1354171 3.714229 -0.9294563 -1.6176 0.1863037 -0.5965795
79 4.901756 -0.2966693 -0.199131 -0.7807751 0.5026462 0.2298385 0.08862061 0.2832901 11.84296 -0.8454922 -0.7483471 0.08781678 -0.4593785
80 5.217825 -0.2369343 0.02422276 -0.5272886 0.4744334 0.4424361 0.09465882 0.1561848 11.18543 -2.167841 -0.766567 0.3846729 -0.5311668
81 5.222961 -0.1600142 -0.3444113 -1.019388 0.4148704 0.2809386 0.1438415 0.1274759 2.406347 -2.546161 -0.2670615 0.07786669 -0.2103475
82 5.252757 -0.5388556 0.3253732 -0.3568222 0.5530351 0.3322003 0.3104138 0.3512458 13.0163 -2.27661 -0.3368689 0.2793455 -0.3209063
83 5.641578 -0.4776866 -0.267519 -0.746747 0.6171177 0.5177316 -0.002751943 0.4568283 12.53645 1.361114 -1.670831 -0.00832028 -0.9054394
84 5.63273 -0.4784472 -0.2642618 -0.4089079 0.5197223 0.2262615 -0.0249525 0.355896 6.938346 -4.265043 -0.345303 0.3132992 -0.0899671
85 5.048098 -0.304907 0.1459135 -0.7125644 0.6477987 0.4292889 0.1870627 0.1901025 6.142417 -2.41055 -0.6386114 0.2715781 -0.3782536
86 5.429073 -0.5808038 -0.5640266 -0.3922068 0.4885406 0.3385224 0.07862141 0.217629 4.927579 -2.4755 -0.8895014 0.3360885 -0.3125873
87 5.328708 -0.4374369 -0.1302393 -0.3846237 0.4614093 0.1019478 0.06620264 0.3373115 4.306074 -3.167897 -0.4010641 0.2025624 -0.1776862
88 5.195331 -0.3473051 0.06253243 -0.548821 0.5693978 0.3879947 0.0703087 0.2986431 5.251163 -1.789551 -0.9572728 0.2179812 -0.4486321
89 5.610746 -0.4445534 -0.1635599 -0.3268853 0.4671638 0.339581 0.07466349 0.4160395 21.97528 -1.685937 -1.085742 0.3280789 -0.4662693
90 5.431636 -0.3623136 -0.3817293 -0.7228799 0.6473205 0.4514398 -0.06625975 0.1329098 5.469248 -1.648991 -1.724263 0.2568744 -0.4300342
91 5.362422 -0.2568091 0.009418824 -0.711401 0.6281724 0.3791567 0.1929131 0.1260089 66.2153 1.095921 -2.970615 0.3955363 -1.291124
92 5.229513 -0.22085 0.2113205 -0.7652443 0.6303529 0.3944528 0.142493 0.1264084 4.855031 -0.06706948 -0.7226504 0.0391774 -0.647901
93 5.35361 -0.5111602 -0.002166465 -0.3122723 0.5907599 0.3618536 -0.1042767 0.5305846 8.603522 -3.01526 -0.5752543 0.3952973 -0.3268905
94 5.508703 -0.8433775 -0.4254215 -0.04980394 0.5879012 0.7892205 -0.1091028 0.2652723 7.913119 -2.890944 -0.7757976 0.2353483 -0.121512
95 5.258486 -0.3866538 0.1860081 -0.4875309 0.4577435 0.2939968 0.2385529 0.2128873 7.598426 -2.678496 -1.953006 0.2479831 -0.1751972
96 5.454058 -0.419008 -0.2709184 -0.5004046 0.6462614 0.5431101 0.2744422 0.1574629 10.14104 -2.238163 -0.316117 0.3168366 -0.4663288
97 5.130495 -0.1545306 0.391173 -1.215603 0.4729615 0.4089894 0.05961903 0.355999 3.462187 -2.078168 -0.8309779 0.1174269 -0.2184135
98 5.118815 -0.2918854 0.3064734 -0.5178027 0.4735714 0.7437929 0.0915654 0.3885004 3.8879 -1.688715 -1.578731 0.3937547 -0.5181914
99 5.277834 -0.4555477 0.08013839 -0.634782 0.7772416 0.5147073 0.01160258 0.2670335 7.478097 -2.251264 -1.438602 0.1614345 -0.2128973
100 5.551953 -0.5387316 -0.4066187 -0.2736295 0.6423747 0.5918235 0.08398412 0.1744158 6.744729 -0.2752701 -1.532501 0.07629966 -0.5425341
