1 4.878519 -0.3852163 0.3065202 -0.5210238 0.8764654 0.3697155 0.1257716 0.3672452 -1.061336 -1.249344 0.3824913 -0.8530365
2 5.727753 -0.7283161 -0.3821779 -0.419702 1.258034 0.3859334 -0.03991281 0.2253924 0.04756497 -2.696783 0.2007227 -0.7602029
3 5.673814 -0.3575212 -0.3529909 -0.6679241 1.313953 0.1531281 0.1791044 0.3093175 -2.357753 0.01272704 0.1493915 -0.4165544
4 5.572586 -0.7866256 0.1501036 -0.6193133 1.5048 0.2393381 -0.009786923 0.7430782 -1.896919 -1.6635 0.01865347 -0.275061
5 5.534043 -0.6857753 -0.5050669 -0.5475148 1.130686 0.895659 0.1304367 0.3438663 -1.538084 -1.360282 0.5784887 -0.9173457
6 5.569718 -0.4848536 -0.2573946 -0.4816883 0.7744369 0.2226201 0.2161866 0.2864575 -1.313322 -0.834951 0.4162379 -0.787462
7 5.306885 -0.4415145 -0.1175972 -0.7352797 0.7507435 0.256417 0.1765209 0.12774 -3.07128 -1.242964 0.5077789 -0.4382464
11 5.345764 -0.4785236 -0.2011567 -0.3837561 1.012083 0.795329 0.2147733 0.07595628 -0.7582332 -1.985455 0.3602274 -0.7736292
15 5.506284 -0.8183314 -0.3459599 -0.1464466 0.9854891 0.6602148 0.1416209 0.2975378 -1.397969 -3.111842 0.4835224 -0.6728836
16 5.619413 -0.5408557 -0.7946014 -0.2485688 1.242158 1.121612 0.1275879 0.2378317 -1.271897 -1.05833 0.6136081 -1.159047
17 5.567409 -0.1073322 -0.109334 -0.8717045 0.9904986 0.3859432 0.1791722 0.4511455 -5.032199 -1.527824 0.1494816 0.206374
18 5.460649 -0.5379932 -0.1410917 -0.3903272 1.373559 0.2181304 0.05420893 0.1734098 -0.04241814 -1.737372 0.369266 -0.9440594
19 5.834816 -0.4325515 -0.6125239 -0.4520129 1.104752 0.2583339 0.1652044 0.329771 -1.761561 -0.6232043 0.4877463 -0.7319215
20 5.455682 -0.5399839 -0.2552859 -0.5755828 0.9431926 0.3947681 0.1416651 0.0822618 -1.830071 -1.034469 0.2639683 -0.3354455
21 5.090694 -0.5489249 0.6664565 -0.3716016 1.153565 0.6680061 0.08949468 0.244556 -0.9748178 -0.8525483 0.1734594 -0.5403922
22 4.959371 -0.3789929 0.6608191 -0.5832856 1.122244 0.7639948 0.4269523 0.2976309 -1.939459 -0.1671046 0.691627 -1.070635
23 5.109392 -0.7021629 0.3137529 -0.4194744 1.121751 0.7591819 0.2608967 0.1463424 -2.63802 -0.5326785 0.6313571 -0.6358592
24 5.715712 -0.1986038 -0.8010201 -0.5919489 1.053139 0.3469513 0.104398 0.1640336 -7.553801 -0.3128392 0.1794999 0.6498978
25 5.585698 -0.03892157 -0.3665805 -1.016931 0.8640662 0.3341134 0.1215482 0.09949054 -1.408704 -2.120567 0.5116361 -0.684076
26 4.809154 -0.3597542 0.3364863 -0.5387641 1.263571 0.6681377 0.1447056 0.2476228 -2.894079 -2.224298 0.7106519 -0.6333692
27 5.672721 -0.6269592 -0.3067727 -0.5667904 1.131862 0.3257297 0.2248974 0.4442868 -3.291153 -0.1295987 0.4806152 -0.3974654
28 5.314647 -0.4610299 -0.04655546 -0.5775039 1.31447 0.4489317 0.1256659 0.4140874 -2.10091 -0.5524948 0.228535 -0.4563234
32 5.521189 -0.5691541 -0.6064122 -0.3299876 1.012961 0.2500836 0.1286227 0.3317551 -2.444425 -0.6606013 0.4091425 -0.5232211
33 5.338248 -0.715868 -0.01452182 -0.07184295 1.104212 0.9709687 0.452585 0.2668677 0.114645 -3.291312 0.7359983 -1.304117
34 5.702318 -0.5499923 -0.2578709 -0.3926483 1.244269 0.720518 0.1596876 0.5213438 -1.463505 -1.568031 0.1431156 -0.2827265
35 5.409342 -0.2818097 -0.2336085 -0.8558894 0.7553509 0.3936786 0.2126859 0.1974986 -3.708185 -1.566288 0.4078566 -0.1529914
36 5.622767 -0.5203928 -0.517077 -0.4468529 1.171703 0.5149876 0.4333673 0.5545928 -2.001026 -1.043214 0.3249511 -0.4323336
38 5.558772 -0.5326018 0.2370607 -0.265391 0.9993217 0.1952873 0.2602388 0.4125495 -2.356847 -1.658323 0.2077805 -0.2569271
39 5.34698 -0.738103 -0.5279103 -0.1472709 1.416267 0.6448729 0.1588819 0.3258832 -1.219006 -1.098604 0.4886773 -0.8928067
41 5.046014 -0.2564447 0.1954392 -0.8664689 1.223646 0.5512135 0.157593 0.08530883 -0.2482041 -0.9389742 0.1929516 -0.8229628
42 5.194739 -0.6912174 -0.01889707 -0.278105 0.9203609 0.4477766 0.2353112 0.1533757 -0.6728536 -1.173284 0.2962866 -0.7806805
43 5.035061 -0.2722515 0.491715 -0.6551897 1.464397 0.5550166 0.1008572 0.1480239 -1.536249 -0.6105696 0.5069969 -0.9355919
44 5.571 -0.8365777 -0.3082661 -0.2608028 1.399437 0.3496668 0.2382745 0.8190286 -0.735771 -1.874013 0.41619 -0.8648701
45 5.05296 -0.3831795 0.2622614 -0.3751624 1.457315 0.423801 0.1068114 0.1344834 -3.767301 -0.7471774 0.3204993 -0.08894656
46 5.150764 -0.2904764 0.2912704 -0.7753037 1.508963 0.2987418 0.1204448 0.135495 0.622923 -1.607205 0.3256145 -1.206313
48 5.834692 -0.5191909 -0.2489632 -0.5899843 1.446893 1.048039 -0.3340336 0.6809661 -0.7244896 -2.385555 0.2224403 -0.5920249
49 5.103122 -0.2541036 0.3425457 -0.8793475 0.9901486 0.04608623 0.09840851 0.3259142 -1.9138 -0.1490213 0.457621 -0.822019
50 5.734256 -0.3053733 -0.5864575 -0.8523661 1.087866 0.6568056 0.4837727 0.4828272 -1.748678 -1.185425 0.471705 -0.6311359
51 5.41669 -0.2676899 -0.3323549 -0.7925531 1.062335 0.8445138 0.331485 0.1503504 -1.293039 -2.265522 0.2452036 -0.5073314
52 5.193203 -0.08011669 -0.444787 -0.7406119 1.385704 0.8007974 0.2006265 0.06911981 -4.076843 -0.4532293 0.226645 0.05625903
53 5.750943 -0.258041 -0.643306 -0.7974447 1.168774 0.2321881 0.2091152 0.3129425 -1.415692 -0.4231525 0.3496542 -0.7874779
54 5.824424 -0.2881315 -0.6096958 -0.6995817 1.16377 0.7389124 0.01486044 0.08801283 -1.699422 -0.9407383 0.2670323 -0.4889935
56 5.455269 -0.5588068 -0.05289202 -0.644049 0.9577623 0.2914624 0.2137299 0.2247832 -1.821331 -0.235546 0.2706158 -0.6287252
58 5.489642 -0.5068872 -0.7290609 -0.4698078 0.954906 0.4986552 0.3821397 0.3033185 -2.927538 -0.9090424 0.3527608 -0.2767803
59 5.261387 -0.175574 0.143767 -0.8044891 1.125752 0.5085651 0.1590889 0.2988584 -2.009681 -1.325586 0.7766618 -1.02238
62 5.459128 -0.4277642 -0.1694399 -0.4342999 1.006088 0.3838518 0.08031111 0.1400421 -5.433705 -0.9286328 0.3074073 0.1889265
63 5.299038 -0.1279862 -0.2305663 -0.8225877 1.135332 0.4673424 0.2457369 0.206265 -3.56158 0.06953924 0.8181598 -0.7627254
64 5.197754 -0.721238 -0.1500453 -0.2195833 1.137571 0.4089831 0.4327629 0.5492515 -2.158136 -1.009552 0.6909574 -0.9517642
65 5.549347 -0.4607736 -0.3617103 -0.3381886 0.9768528 0.6068215 0.3996959 0.3094464 -3.017506 -0.5278436 0.6395208 -0.6248384
66 5.594716 -0.3300339 -0.2628531 -0.8366969 1.250628 0.4257167 0.196857 0.141281 -2.991272 -0.148987 0.1764554 -0.2191443
68 5.753605 -0.4441861 -0.5307384 -0.5283459 1.018635 0.3731706 0.2422718 0.202112 -3.420633 -1.189336 0.3279896 -0.2490089
69 5.222234 -0.4887948 -0.4156666 -0.6679087 1.090259 0.2531214 0.1731477 0.2303406 -0.5115518 -2.86957 0.46281 -1.04885
70 5.233108 -0.755884 0.2220365 -0.2760377 1.158419 0.8323334 0.9704844 1.260757 -2.475422 -0.9158504 -0.01812585 -0.2218346
71 5.732839 -0.6247164 -0.3770273 -0.5313001 1.10331 0.446721 0.2237001 0.2342331 -2.618828 -0.7025174 0.4593224 -0.6020469
72 5.156576 -0.3348338 0.09107797 -0.4413625 0.9193446 0.2591005 -0.007336145 0.5164597 -4.124359 -0.5953454 0.220405 0.06195299
73 5.176494 -0.4973522 0.2631321 -0.603969 1.249676 0.7208266 0.04275836 0.1845303 -0.01666317 -0.7858676 0.1622151 -0.9931
75 5.362806 -0.2692701 -0.2110701 -0.8238074 0.897154 0.3241692 0.1781831 0.1213284 -4.59868 0.136478 0.3212675 -0.004060102
76 5.27363 -0.7921686 -0.05114406 -0.2371521 1.2332 0.4563198 0.09426042 0.1445383 -1.146429 -1.04651 0.4608581 -0.8086689
78 5.644583 -0.2749479 -0.4655715 -0.6214739 0.9517347 0.6044139 0.4450802 0.4300801 -3.397655 -0.461423 0.6654041 -0.5474915
79 5.257612 -0.2779331 0.1147248 -0.9120046 0.8802008 0.5944748 0.5463121 0.6748194 -1.438729 -1.318733 0.622168 -0.9413983
80 4.962991 -0.4438927 0.4682295 -0.2505611 1.019997 0.7792533 0.2342408 0.1990491 -2.24243 -0.7393821 0.526066 -0.6519085
81 4.972543 -0.1060256 0.05189047 -0.571825 1.12541 0.8883696 0.1086309 0.07227974 -2.784979 -1.276703 0.6093085 -0.6511834
82 5.490155 -0.4711589 -0.4280646 -0.4038767 0.8743769 0.3348586 0.2652006 0.3755264 -1.889318 -0.3646441 0.3949931 -0.6876795
83 5.381375 -0.4846491 0.4100258 -0.8127367 1.441028 0.7056104 0.3147442 0.3054666 -2.488452 -0.202188 0.499685 -0.6244896
84 5.225903 -0.5702909 0.6486861 -0.842436 1.443727 0.297982 0.2120152 0.3065141 -0.7035794 -1.20519 0.4792914 -0.9902308
85 5.4326 -0.2946348 -0.2847752 -0.6274027 0.9227237 0.4570728 0.226106 0.3805938 -2.873954 -0.7320674 0.7335662 -0.7948497
86 5.196036 -0.4124188 -0.5066691 -0.7187204 1.424384 0.6371839 0.3443579 0.6063163 -1.543485 -2.685017 0.6475413 -0.8124117
87 5.188837 -0.3355005 -0.4200077 -0.5734472 0.8612382 0.3367908 0.2105594 0.135895 -2.120869 -0.5531042 0.3801749 -0.5625149
88 5.53738 -0.1843347 0.1143362 -0.806133 0.8621706 0.3179981 0.2410752 0.228901 -5.4893 -1.043654 0.348463 0.1595245
90 5.18128 -0.6006669 0.1135457 -0.2201815 1.214162 0.2247497 0.1796142 0.2756951 -2.169208 -1.526411 0.7047102 -0.8745185
91 4.739303 -0.1902771 0.4925477 -0.8832161 0.873631 0.9451095 0.1949323 0.07677779 -0.4059099 -1.98921 0.6923509 -1.080942
92 5.718812 -0.1089704 -0.2475246 -0.9113153 1.186518 0.4915404 0.117748 0.3216978 -0.4602702 -2.105886 0.3400203 -0.7976257
93 5.14959 -0.5111162 0.08324331 -0.5891591 1.046164 0.1508809 0.06121735 0.08941145 0.5399886 -1.334554 0.435606 -1.195603
94 5.168049 -0.3592415 -0.01565531 -0.5217693 1.160874 0.6066183 0.2053651 0.2286324 -2.958558 -0.9358536 0.4224823 -0.4586117
98 5.60764 -0.5282028 -0.4150952 -0.2985533 0.9566107 0.2924408 0.2074378 0.1784577 0.3830953 -1.803453 0.2151785 -0.8558961
99 5.655777 -0.5331603 -0.5140983 -0.3113418 0.8283737 0.3963914 0.2595744 0.3195629 -1.443887 -1.173834 0.5534006 -0.8870278
101 5.373686 -0.4810159 -0.4783612 -0.5289233 1.191691 1.087043 -0.01846268 0.3069794 -3.81732 0.6085355 0.3673082 -0.3708999
102 5.381779 -0.8281302 -0.222124 0.07813308 1.232891 0.04070393 -0.05464868 1.484128 -1.411032 -1.384603 0.1861791 -0.4854094
103 5.380016 -0.7482479 -0.3879597 -0.2463824 1.209763 0.3448619 0.4655609 1.129662 -2.546251 -0.6133071 0.2742843 -0.2646347
104 5.393796 -0.3884934 -0.3373743 -0.5861095 1.141621 1.196323 0.1044917 0.08698191 0.001262488 -3.464451 0.6952582 -1.18802
105 5.479414 -0.517389 -0.3444561 -0.4989872 0.9888131 0.2345174 -0.001823463 0.6497151 -0.9828297 -1.948251 0.4805162 -0.8670551
106 5.474732 -0.3242058 -0.6727674 -0.6313636 1.429009 0.61155 0.1184068 0.337364 -0.4544196 -2.339854 0.4251792 -0.9284504
107 5.359867 -0.3037154 -0.3999405 -0.6860644 1.122742 0.788721 0.4697545 0.3117273 -0.8625837 -1.562313 0.2206483 -0.6676975
109 5.242724 -0.2000966 0.1745778 -0.7167497 1.301665 0.9168786 0.2112444 0.214962 -4.453122 -0.649244 0.3630643 -0.03592159
110 5.401146 -0.4347216 -0.7749718 -0.4809796 1.086809 0.827939 0.4952802 0.3438044 -1.644146 -1.02344 0.5169547 -0.7590782
111 5.277305 -0.5809691 0.2076893 -0.3011116 0.8506747 0.2983838 0.142658 0.1844288 -1.05525 -1.229266 0.6540964 -1.250647
112 5.291515 -0.467113 -0.5580058 -0.4190787 1.183132 0.353308 0.2693114 0.3178423 -1.971857 -0.6013595 0.09987994 -0.3484447
116 5.442867 -0.4314306 -0.1157907 -0.4155129 0.9155581 0.6765163 0.2584729 0.2160805 -1.853278 -1.157884 0.3957135 -0.5105969
118 5.470318 -0.2354753 -0.5433623 -0.6277039 0.8429602 0.230871 0.2072976 0.2151211 -3.705933 -0.8030551 0.5808516 -0.3575281
119 5.291712 -0.7646548 0.1736596 -0.3010851 1.085506 0.9203954 0.08272072 0.1862243 -1.557259 -1.699117 0.2630151 -0.560701
120 5.49851 -0.3192284 0.2021382 -0.9023007 1.055214 0.5965211 0.2784542 0.2002737 -2.142339 -0.3810459 0.3304309 -0.4736672
121 5.478403 -0.2303087 -0.2597181 -0.7444877 0.7995391 0.8578131 0.2643741 0.1389153 -3.842038 -1.204634 0.4708165 -0.1838333
123 5.623039 -0.5872392 -0.08240427 -0.5220573 1.025444 0.3694974 0.2587824 0.5165523 -1.346912 -1.019397 0.4748056 -0.8787024
124 5.239362 -0.4944139 0.01983101 -0.6126893 1.004346 0.4985193 0.188825 0.1906634 0.4546261 -3.679342 0.2563619 -1.006567
125 5.446901 -0.5916484 0.07819996 -0.250248 0.9572763 0.5179451 0.397069 0.3374361 -1.48104 -0.8225767 0.2283038 -0.6446933
126 5.336228 -0.4159568 0.06747767 -0.4896301 0.8543562 0.748275 0.1568636 0.2891902 -4.412387 -0.7807114 0.2977454 0.12297
127 5.271807 -0.5497088 -0.07707156 -0.4464332 0.8627393 0.2536261 0.2889749 0.4523211 -3.075074 -0.09057663 0.4667215 -0.4385708
129 5.043658 -0.1706249 0.1152206 -0.9885785 0.8924637 0.5761653 0.1687968 0.1515699 -1.688921 -0.7708336 0.329554 -0.6079298
130 5.579727 -0.3537529 -0.339169 -0.6982123 1.008288 0.8944786 0.1631272 0.04305344 -2.928189 0.1716459 0.396147 -0.5334903
131 5.157864 -0.355638 0.3296803 -0.6699885 1.156717 0.2920666 0.3022661 0.524196 -2.38151 -0.6348253 0.4834632 -0.6287677
