1 1.694908 1.069418 1.268124 2.021508 0.9863328 0.9646779
2 7.291715 5.029648 5.540907 8.716024 4.66714 4.536177
3 1.173295 0.7396068 0.7603852 2.243216 0.6339724 0.5925492
4 1.254724 0.8104321 0.5910036 2.21549 1.414045 0.8861685
5 0.9847618 0.7727207 0.7489098 3.251724 0.7230093 0.7408785
6 1.559482 1.588397 1.50642 1.356906 1.556638 1.555714
7 1.270092 1.111682 1.034634 1.433342 1.114629 1.162912
11 4.034531 2.408222 2.236583 5.308747 2.270018 2.083952
15 1.70004 1.267942 1.386319 3.616589 1.342695 1.450833
16 2.291401 1.130289 0.9013074 5.415637 0.9740047 0.8321829
17 3.491336 4.002292 4.049488 2.454385 3.457365 3.467669
18 7.163326 3.640142 3.484236 7.553081 3.303447 3.414639
19 2.182416 1.288721 1.304612 3.524192 1.265185 1.313591
20 1.501258 1.454336 1.531621 2.064791 1.732788 1.789823
21 8.771804 6.910858 6.562859 9.741307 6.626403 6.666872
22 0.9769882 0.6496906 0.4773341 3.08551 0.4691692 0.5140757
23 4.594538 3.73998 3.968778 7.012109 3.985038 4.393465
24 0.7517552 0.5279065 0.5032202 0.9751938 0.4801559 0.4304188
25 1.412633 1.280764 1.199429 1.703448 1.289987 1.399874
26 1.084626 0.8316275 0.8056297 3.100663 0.7037684 0.8751781
27 0.74855 0.7588045 0.729585 1.434148 0.8049948 0.8612061
28 0.8222075 0.7813395 0.7134245 2.211164 0.7950608 0.961714
32 1.314584 0.8322752 0.8821456 2.525036 0.8743536 0.9448007
33 1.853195 1.51076 1.514803 5.139207 1.487371 1.467552
34 2.245181 1.639939 1.53974 1.999091 1.733199 1.54012
35 0.907867 0.8926519 0.8321899 1.022085 0.8328478 0.8958315
36 1.693015 1.145191 1.208783 2.622137 1.13498 1.176892
38 4.646263 3.272281 3.027739 4.088562 3.540589 3.316344
39 3.980446 2.934456 2.858526 8.010428 2.772865 2.855195
41 3.350556 3.244714 3.28883 4.356855 3.037573 2.957035
42 1.528699 0.7695818 0.8579864 2.307041 0.9150672 0.7480311
43 1.362998 1.20988 0.9797817 3.390554 1.103693 1.137176
44 2.392688 1.734402 1.60012 6.074409 1.662624 1.396285
45 1.018126 1.046454 1.068728 1.218649 1.129061 1.016402
46 2.140348 1.555024 1.746655 6.65323 1.471182 1.718042
48 2.890972 1.750968 1.946807 3.830633 2.23921 2.249155
49 1.851109 1.29373 1.407666 3.193338 1.467944 1.387295
50 4.684197 3.547301 3.403202 6.608214 3.490232 3.480925
51 1.047375 0.83983 0.7440213 2.205691 0.8289791 0.872212
52 0.9783259 0.9914702 1.111096 1.162223 1.282186 1.03147
53 0.5908708 0.6120651 0.6183806 1.554782 0.7859677 0.6993989
54 0.4406099 0.4573823 0.4092042 0.9986255 0.597486 0.5306208
56 1.502758 1.106435 1.071363 2.421525 0.9775606 1.041262
58 2.930479 2.954195 2.711827 3.669913 2.905205 2.957943
59 1.313591 1.013892 0.8246187 3.594331 1.059192 1.189601
62 1.588926 1.173399 1.214597 1.226751 1.485434 1.499286
63 1.01673 0.9724968 1.012153 2.469548 1.045129 0.9125135
64 3.866372 1.90891 1.838446 8.345272 1.697068 1.742987
65 4.548217 3.360537 2.533499 4.945862 2.819941 2.825853
66 0.8958257 0.854666 0.8233997 1.265588 0.8400977 0.8315958
68 0.4469895 0.4553719 0.3643276 0.5939365 0.4343164 0.4576897
69 3.094109 1.999214 1.946338 5.96947 1.928845 1.892697
70 4.237467 0.3539939 0.516704 2.66597 1.932153 1.904018
71 1.978369 1.510344 1.763431 3.847943 1.834148 1.771588
72 1.394349 1.457004 1.549958 1.429363 1.433254 1.62801
73 1.5096 1.036667 0.9991987 3.668292 1.005733 0.9308505
75 1.635762 1.455487 1.631147 1.569772 1.540329 1.597915
76 3.331191 2.108604 2.436301 5.963703 2.357328 2.375497
78 0.8519648 0.5890413 0.6323626 1.782024 0.5535119 0.673742
79 1.131057 0.726228 0.6640911 3.075191 0.5908177 0.5551678
80 1.877673 1.095402 1.15726 2.911732 1.176432 1.087407
81 1.812114 1.356922 1.404419 3.582239 1.46882 1.60015
82 3.206492 1.714091 1.749942 3.680751 1.704352 1.680991
83 0.8622525 0.9123764 0.8887015 2.302219 0.8801757 0.801171
84 1.384901 0.7469424 0.7488634 4.465478 0.8710061 0.788142
85 1.477258 0.9551801 0.8863881 3.21452 0.9214455 1.023174
86 1.567692 0.9679082 1.05595 4.867907 1.189306 0.9956387
87 1.991537 1.821733 1.719018 2.63983 1.747096 1.810004
88 0.6875228 0.5852177 0.8323845 0.7243029 0.7458553 0.6813733
90 4.823145 3.770531 4.170789 9.672643 4.5486 4.494462
91 1.36868 1.353775 1.258435 2.184162 1.213573 1.258581
92 1.19703 1.175864 1.319191 2.254582 1.241981 1.095571
93 1.739591 1.122529 1.082967 3.451651 1.049473 1.132724
94 1.966366 1.901918 1.765433 4.272884 2.175452 1.803098
98 1.068994 0.7227906 0.6851125 1.787253 0.7226516 0.7571648
99 1.715734 0.8966162 0.9861919 2.637025 0.9513401 1.072437
101 3.782173 3.303502 2.810453 5.342734 3.142545 3.480703
102 9.231268 6.332183 5.182316 10.13805 6.148219 5.669256
103 9.933797 4.42106 4.474617 8.805935 7.035671 7.128633
104 2.130031 1.317698 1.107746 4.39118 1.054533 1.197853
105 1.436657 1.055699 0.9803933 4.323515 1.150716 0.9292017
106 3.658922 1.818488 1.765207 7.03216 1.284295 1.229266
107 3.307385 2.424424 2.312144 5.340907 2.218501 1.899968
109 0.7835173 0.6950677 0.733382 0.8739545 0.8822245 0.9044008
110 2.398944 1.76592 1.588226 4.063733 1.610565 1.575399
111 4.795249 2.574257 2.824859 6.572423 2.831684 2.952844
112 0.5543012 0.6234052 0.6177269 0.9933347 0.704295 0.7195575
116 2.116961 1.963899 2.081938 2.891403 1.854855 2.002303
118 3.009087 2.83948 2.838033 3.630042 2.846995 3.000941
119 1.895318 0.8886125 0.9017836 2.169729 1.204512 1.163475
120 1.953186 1.568849 1.558507 3.209104 1.649582 1.588284
121 1.63318 1.646753 1.750345 1.551612 1.658133 1.569626
123 2.61362 1.781508 1.699667 4.616105 1.777071 1.840713
124 5.512332 3.731535 3.818075 7.134046 3.584647 3.726213
125 1.580394 0.7681087 0.7361066 2.31331 0.8907412 0.683655
126 0.674177 0.6983377 0.660822 0.630739 0.7877906 0.7221117
127 2.352312 1.833301 1.708996 2.772835 1.703873 1.802206
129 4.167045 3.308596 3.470218 6.145596 3.634849 3.518657
130 1.754156 1.392003 1.364309 3.658432 1.427387 1.483776
131 2.083638 1.17364 1.199997 4.218097 1.200648 0.99031
