1 1050001
2 1050002
3 1050003
4 1050004
5 1050005
6 1050006
7 1050007
11 1050011
15 1050015
16 1050016
17 1050017
18 1050018
19 1050019
20 1050020
21 1050021
22 1050022
23 1050023
24 1050024
25 1050025
26 1050026
27 1050027
28 1050028
32 1050032
33 1050033
34 1050034
35 1050035
36 1050036
38 1050038
39 1050039
41 1050041
42 1050042
43 1050043
44 1050044
45 1050045
46 1050046
48 1050048
49 1050049
50 1050050
51 1050051
52 1050052
53 1050053
54 1050054
56 1050056
58 1050058
59 1050059
62 1050062
63 1050063
64 1050064
65 1050065
66 1050066
68 1050068
69 1050069
70 1050070
71 1050071
72 1050072
73 1050073
75 1050075
76 1050076
78 1050078
79 1050079
80 1050080
81 1050081
82 1050082
83 1050083
84 1050084
85 1050085
86 1050086
87 1050087
88 1050088
90 1050090
91 1050091
92 1050092
93 1050093
94 1050094
98 1050098
99 1050099
101 1050101
102 1050102
103 1050103
104 1050104
105 1050105
106 1050106
107 1050107
109 1050109
110 1050110
111 1050111
112 1050112
116 1050116
118 1050118
119 1050119
120 1050120
121 1050121
123 1050123
124 1050124
125 1050125
126 1050126
127 1050127
129 1050129
130 1050130
131 1050131
