1 5531.66 5601.428 5702.84 5756.701 5806.486 5908.407
2 5235.47 5324.375 5428.796 5435.143 5531.799 5636.284
3 5538.61 5586.662 5662.497 5829.412 5882.631 5958.305
4 5458.808 5516.171 5617.433 5647.718 5693.456 5795.458
5 5412.997 5484.814 5570.447 5641.174 5705.39 5791.321
6 5562.561 5614.071 5691.741 5833.453 5873.346 5949.228
7 5312.738 5387.175 5464.351 5518.367 5591.827 5669.329
8 5718.059 5774.373 5871.975 5988.205 6035.779 6133.349
9 5049.367 5132.411 5247.876 5230.35 5300.193 5416.564
10 5511.49 5582.672 5667.063 5701.522 5759.229 5843.986
11 5671.948 5744.137 5819.676 5981.015 6035.232 6111.664
12 5463.967 5521.92 5622.967 5680.436 5724.183 5824.77
13 5772.1 5849.149 5926.065 6011.05 6080.337 6156.978
14 5270.661 5349.214 5447.577 5469.168 5537.086 5636.338
15 5327.757 5382.768 5495.32 5588.787 5630.192 5742.65
16 5626.088 5688.919 5766.417 5862.002 5916.953 5994.285
17 5740.759 5800.837 5884.522 5944.144 5999.527 6083.183
18 5539.311 5604.52 5686.331 5733.852 5792.228 5874.302
19 5550.196 5613.777 5706.893 5813.486 5865.604 5959.936
20 5353.538 5387.166 5505.346 5589.551 5618.899 5737.073
21 5353.721 5397.713 5499.292 5609.209 5636.202 5739.078
22 5766.165 5848.62 5919.573 6052.319 6137.267 6207.258
23 5570.877 5647.249 5729.543 5793.92 5860.387 5941.786
24 5703.496 5766.83 5845.367 6001.973 6073.737 6151.784
25 5560.116 5632.901 5713.216 5796.097 5848.159 5928.642
26 5511.414 5580.88 5658.75 5751.844 5809.856 5887.057
27 5334.329 5415.782 5511.428 5461.904 5537.176 5632.955
28 5423.425 5505.856 5618.69 5594.598 5664.549 5777.133
29 5498.081 5570.804 5645.553 5773.399 5853.276 5927.796
30 5214.923 5302.815 5411.468 5453.182 5544.485 5653.624
31 5401.168 5457.697 5545.534 5617.178 5668.177 5756.344
32 5625.778 5681.744 5782.002 5906.16 5955.765 6056.845
33 5500.099 5559.441 5660.255 5682.997 5752.63 5854.453
34 5713.166 5773.045 5857.153 6036.14 6094.059 6177.349
35 5386.781 5454.753 5560.805 5569.16 5622.307 5728.682
36 5307.8 5359.194 5468.515 5539.331 5585.983 5695.154
37 5587.248 5643.13 5739.057 5929.195 5965.232 6061.53
38 5566.449 5622.489 5712.495 5889.253 5918.446 6009.572
39 5640.117 5687.785 5783.01 5862.061 5893.195 5988.052
40 5731.753 5794.033 5868.921 6048.9 6107.954 6181.594
41 5422.671 5474.719 5593.335 5619.001 5660.002 5778.033
42 5455.289 5526.098 5617.573 5625.897 5690.404 5782.256
43 5297.621 5361.689 5448.984 5547.671 5604.299 5691.413
44 5624.396 5692.544 5779.998 5841.332 5896.318 5983.747
45 5338.751 5404.542 5526.287 5569.246 5629.261 5750.518
46 5695.464 5772.022 5848.409 5882.049 5943.97 6021.095
47 5550.549 5612.914 5723.994 5773.268 5825.056 5936.155
48 5609.129 5655.136 5729.205 5825.373 5867.887 5942.235
49 5911.453 5967.027 6045.661 6157.592 6197.651 6276.03
50 5509.965 5593.047 5667.386 5663.978 5732.712 5805.599
51 5391.256 5452.309 5550.701 5581.096 5626.919 5726.268
52 5519.081 5570.995 5651.972 5874.211 5918.345 5999.221
53 5231.223 5307.401 5394.535 5458.692 5527.037 5612.921
54 5445.228 5514.81 5608.824 5690.4 5751.587 5845.79
55 5459.046 5529.284 5624.046 5692.755 5759.017 5854.249
56 5441.176 5512.623 5606.055 5616.335 5676.003 5769.716
57 5433.443 5493.559 5573.71 5719.542 5780.262 5859.54
58 5557.267 5622.037 5710.754 5763.76 5824.261 5912.972
59 5644.15 5701.905 5783.622 5968.485 6024.274 6106.839
60 5595.999 5651.082 5744.925 5834.8 5883.639 5976.402
61 5690.135 5750.482 5832.915 5903.765 5948.149 6031.422
62 5439.97 5504.506 5601.194 5771.411 5841.966 5939.418
63 5472.296 5510.933 5614.282 5701.188 5729.513 5832.991
64 5274.534 5318.892 5429.32 5562.423 5598.851 5710.476
65 5523.873 5572.357 5665.677 5789.242 5839.233 5932.871
66 5418.45 5475.86 5564.517 5703.836 5758.843 5845.895
67 5496.301 5581.849 5680.731 5717.219 5795.043 5895.634
68 5360.035 5456.48 5529.261 5612.408 5702.277 5775.837
69 5620.38 5682.267 5767.588 5913.207 5961.108 6046.416
70 5613.399 5671.414 5769.859 5820.62 5861.36 5960.7
71 5680.8 5746.971 5819.149 5962.05 6019.554 6091.986
72 5542.829 5591.383 5683.345 5795.177 5829.449 5920.111
73 5714.344 5771.261 5848.83 5936.264 5993.345 6071.383
74 5400.374 5477.996 5547.602 5640.956 5720.473 5789.122
75 5438.163 5497.632 5599.224 5687.288 5739.763 5841.295
76 5446.611 5530.236 5616.177 5748.11 5829.93 5916.616
77 5513.603 5573.839 5656.931 5789.307 5830.557 5913.114
78 5576.169 5639.985 5713.041 5808.09 5868.534 5941.981
79 5706.22 5779.676 5831.554 6077.564 6129.184 6181.23
80 5518.927 5582.193 5661.651 5792.06 5853.703 5934.838
81 5230.021 5323.25 5425.611 5395.507 5476.219 5578.839
82 5486.326 5542.925 5624.974 5738.14 5783.499 5866.379
83 5442.706 5525.559 5626.041 5734.587 5819.867 5919.694
84 5571.474 5634.649 5704.745 5925.928 5982.596 6053.886
85 5431.099 5489.244 5591.849 5652.865 5692.758 5795.899
86 5640.574 5698.511 5822.95 5840.785 5898.3 6024.227
87 5467.171 5550.712 5628.893 5676.801 5747.533 5825.184
88 5337.848 5370.843 5506.783 5641.829 5687.614 5822.248
89 5521.032 5584.899 5655.517 5933.919 5974.702 6046.369
90 5467.314 5544.793 5611.578 5779.923 5845.109 5912.137
91 5403.439 5463.709 5594.312 5568.842 5610.763 5740.653
92 5541.846 5600.579 5686.776 5798.88 5834.397 5920.983
93 5541.686 5612.155 5689.468 5722.35 5772.589 5850.34
94 5445.999 5512.401 5611.441 5700.51 5764.962 5864.314
95 5393.001 5437.188 5529.123 5601.402 5628.015 5722.401
96 5214.261 5271.086 5386.082 5512.034 5572.824 5687.514
97 5474.928 5550.694 5658.326 5651.599 5718.577 5824.7
98 5447.17 5500.692 5600.863 5694.661 5749.236 5849.881
99 5492.888 5549.894 5641.915 5689.252 5722.987 5815.404
100 5528.57 5598.676 5699.372 5729.673 5788.151 5889.057
