1 5583.549 5649.326 5742.755 5804.598 5850.392 5944.33
2 5287.359 5372.273 5468.711 5483.041 5575.705 5672.207
3 5590.499 5634.56 5702.411 5877.31 5926.537 5994.228
4 5510.697 5564.069 5657.348 5695.616 5737.363 5831.381
5 5464.886 5532.712 5610.361 5689.071 5749.297 5827.245
6 5614.45 5661.968 5731.656 5881.35 5917.252 5985.152
7 5364.627 5435.072 5504.266 5566.265 5635.733 5705.252
8 5769.948 5822.27 5911.89 6036.102 6079.685 6169.272
9 5101.256 5180.308 5287.791 5278.248 5344.099 5452.488
10 5563.379 5630.569 5706.978 5749.419 5803.135 5879.909
11 5723.837 5792.034 5859.59 6028.913 6079.138 6147.587
12 5515.856 5569.818 5662.882 5728.334 5768.089 5860.693
13 5823.989 5897.046 5965.979 6058.947 6124.243 6192.901
14 5322.55 5397.112 5487.492 5517.065 5580.992 5672.261
15 5379.646 5430.665 5535.235 5636.684 5674.098 5778.573
16 5677.978 5736.816 5806.332 5909.9 5960.86 6030.209
17 5792.648 5848.734 5924.436 5992.042 6043.433 6119.107
18 5591.2 5652.417 5726.246 5781.75 5836.134 5910.225
19 5602.085 5661.674 5746.808 5861.383 5909.51 5995.859
20 5405.428 5435.064 5545.26 5637.448 5662.805 5772.997
21 5405.61 5445.61 5539.207 5657.107 5680.108 5775.001
22 5818.054 5896.518 5959.488 6100.217 6181.173 6243.181
23 5622.766 5695.147 5769.458 5841.817 5904.293 5977.709
24 5755.385 5814.728 5885.281 6049.87 6117.644 6187.707
25 5612.005 5680.799 5753.13 5843.994 5892.066 5964.566
26 5563.303 5628.778 5698.665 5799.742 5853.762 5922.98
27 5386.218 5463.68 5551.342 5509.802 5581.082 5668.878
28 5475.314 5553.753 5658.604 5642.495 5708.455 5813.056
29 5549.97 5618.702 5685.468 5821.297 5897.182 5963.72
30 5266.812 5350.712 5451.383 5501.079 5588.391 5689.547
31 5453.057 5505.594 5585.449 5665.075 5712.084 5792.267
32 5677.667 5729.641 5821.916 5954.057 5999.671 6092.768
33 5551.988 5607.338 5700.169 5730.895 5796.536 5890.376
34 5765.055 5820.942 5897.068 6084.038 6137.965 6213.272
35 5438.67 5502.651 5600.72 5617.058 5666.214 5764.605
36 5359.689 5407.092 5508.43 5587.228 5629.889 5731.077
37 5639.137 5691.028 5778.972 5977.092 6009.138 6097.453
38 5618.338 5670.387 5752.41 5937.15 5962.352 6045.495
39 5692.006 5735.683 5822.925 5909.959 5937.101 6023.975
40 5783.643 5841.931 5908.836 6096.797 6151.86 6217.517
41 5474.56 5522.617 5633.249 5666.898 5703.908 5813.956
42 5507.178 5573.995 5657.488 5673.795 5734.31 5818.179
43 5349.511 5409.586 5488.899 5595.569 5648.205 5727.336
44 5676.285 5740.442 5819.913 5889.229 5940.225 6019.671
45 5390.64 5452.44 5566.202 5617.144 5673.168 5786.441
46 5747.353 5819.919 5888.324 5929.947 5987.876 6057.019
47 5602.438 5660.811 5763.909 5821.166 5868.962 5972.078
48 5661.018 5703.034 5769.12 5873.27 5911.794 5978.158
49 5963.342 6014.924 6085.576 6205.49 6241.557 6311.953
50 5561.854 5640.945 5707.3 5711.876 5776.618 5841.522
51 5443.145 5500.207 5590.615 5628.994 5670.825 5762.191
52 5570.97 5618.893 5691.887 5922.108 5962.251 6035.144
53 5283.112 5355.298 5434.449 5506.59 5570.943 5648.844
54 5497.117 5562.707 5648.738 5738.298 5795.493 5881.713
55 5510.935 5577.182 5663.961 5740.652 5802.923 5890.172
56 5493.065 5560.52 5645.969 5664.233 5719.909 5805.639
57 5485.332 5541.456 5613.624 5767.44 5824.168 5895.463
58 5609.156 5669.935 5750.669 5811.658 5868.167 5948.895
59 5696.039 5749.802 5823.537 6016.383 6068.18 6142.762
60 5647.888 5698.979 5784.84 5882.698 5927.545 6012.325
61 5742.024 5798.38 5872.829 5951.662 5992.055 6067.345
62 5491.859 5552.404 5641.109 5819.308 5885.872 5975.342
63 5524.185 5558.831 5654.197 5749.086 5773.419 5868.914
64 5326.423 5366.79 5469.235 5610.321 5642.757 5746.399
65 5575.762 5620.254 5705.591 5837.139 5883.139 5968.794
66 5470.339 5523.758 5604.432 5751.733 5802.749 5881.818
67 5548.19 5629.746 5720.645 5765.117 5838.949 5931.557
68 5411.924 5504.378 5569.176 5660.305 5746.183 5811.76
69 5672.269 5730.165 5807.503 5961.104 6005.014 6082.339
70 5665.288 5719.311 5809.774 5868.518 5905.267 5996.623
71 5732.689 5794.869 5859.064 6009.948 6063.46 6127.91
72 5594.718 5639.281 5723.26 5843.075 5873.355 5956.034
73 5766.233 5819.159 5888.745 5984.161 6037.251 6107.306
74 5452.263 5525.894 5587.516 5688.854 5764.379 5825.045
75 5490.052 5545.529 5639.139 5735.185 5783.669 5877.218
76 5498.5 5578.134 5656.091 5796.007 5873.836 5952.539
77 5565.492 5621.737 5696.846 5837.204 5874.463 5949.037
78 5628.058 5687.882 5752.956 5855.988 5912.44 5977.904
79 5758.109 5827.574 5871.469 6125.462 6173.09 6217.153
80 5570.816 5630.09 5701.566 5839.958 5897.609 5970.762
81 5281.91 5371.147 5465.526 5443.404 5520.125 5614.762
82 5538.215 5590.823 5664.888 5786.038 5827.405 5902.302
83 5494.596 5573.456 5665.956 5782.484 5863.773 5955.617
84 5623.363 5682.547 5744.66 5973.825 6026.502 6089.81
85 5482.988 5537.141 5631.764 5700.762 5736.664 5831.822
86 5692.463 5746.408 5862.865 5888.682 5942.207 6060.15
87 5519.06 5598.61 5668.808 5724.699 5791.44 5861.107
88 5389.737 5418.74 5546.698 5689.727 5731.52 5858.171
89 5572.921 5632.796 5695.431 5981.816 6018.608 6082.292
90 5519.203 5592.69 5651.493 5827.821 5889.015 5948.06
91 5455.328 5511.607 5634.227 5616.74 5654.669 5776.576
92 5593.735 5648.476 5726.691 5846.777 5878.303 5956.906
93 5593.575 5660.053 5729.382 5770.247 5816.495 5886.263
94 5497.888 5560.299 5651.356 5748.407 5808.868 5900.237
95 5444.89 5485.086 5569.038 5649.3 5671.921 5758.324
96 5266.15 5318.983 5425.997 5559.931 5616.73 5723.438
97 5526.817 5598.591 5698.241 5699.496 5762.483 5860.623
98 5499.059 5548.589 5640.778 5742.559 5793.143 5885.804
99 5544.777 5597.791 5681.83 5737.15 5766.893 5851.327
100 5580.459 5646.573 5739.286 5777.571 5832.057 5924.981
