1 0.72
2 0.7625
3 0.765
4 0.7675
5 0.7575
6 0.74
7 0.7575
8 0.7625
9 0.76
10 0.765
11 0.76
12 0.705
13 0.735
14 0.7725
15 0.7725
16 0.715
17 0.7325
18 0.74
19 0.6925
20 0.74
21 0.7675
22 0.745
23 0.7375
24 0.735
25 0.75
26 0.78
27 0.7725
28 0.75
29 0.775
30 0.785
31 0.7475
32 0.71
33 0.745
34 0.7275
35 0.7675
36 0.75
37 0.765
38 0.74
39 0.765
40 0.7375
41 0.7075
42 0.75
43 0.7775
44 0.7425
45 0.725
46 0.7425
47 0.7225
48 0.725
49 0.73
50 0.765
51 0.75
52 0.77
53 0.775
54 0.7575
55 0.7225
56 0.77
57 0.76
58 0.7575
59 0.7175
60 0.725
61 0.745
62 0.7425
63 0.7775
64 0.79
65 0.7325
66 0.775
67 0.775
68 0.77
69 0.7475
70 0.7275
71 0.75
72 0.7775
73 0.7175
74 0.775
75 0.785
76 0.76
77 0.7225
78 0.7675
79 0.795
80 0.7575
81 0.7775
82 0.7175
83 0.755
84 0.755
85 0.76
86 0.775
87 0.77
88 0.745
89 0.775
90 0.7725
91 0.7325
92 0.735
93 0.75
94 0.745
95 0.77
96 0.7775
97 0.745
98 0.75
99 0.745
100 0.7425
