1 -2752.83 -2788.714 -2841.42 -2866.35 -2892.243 -2945.204
2 -2604.735 -2650.188 -2704.398 -2705.572 -2754.899 -2809.142
3 -2756.305 -2781.331 -2821.248 -2902.706 -2930.315 -2970.152
4 -2716.404 -2746.086 -2798.717 -2811.859 -2835.728 -2888.729
5 -2693.498 -2730.407 -2775.223 -2808.587 -2841.695 -2886.661
6 -2768.28 -2795.035 -2835.871 -2904.726 -2925.673 -2965.614
7 -2643.369 -2681.587 -2722.176 -2747.184 -2784.914 -2825.665
8 -2846.029 -2875.186 -2925.988 -2982.102 -3006.89 -3057.675
9 -2511.683 -2554.205 -2613.938 -2603.175 -2639.096 -2699.282
10 -2742.745 -2779.336 -2823.531 -2838.761 -2868.615 -2912.993
11 -2822.974 -2860.068 -2899.838 -2978.508 -3006.616 -3046.832
12 -2718.983 -2748.96 -2801.484 -2828.218 -2851.091 -2903.385
13 -2873.05 -2912.574 -2953.032 -2993.525 -3029.169 -3069.489
14 -2622.331 -2662.607 -2713.789 -2722.584 -2757.543 -2809.169
15 -2650.879 -2679.384 -2737.66 -2782.393 -2804.096 -2862.325
16 -2800.044 -2832.459 -2873.209 -2919.001 -2947.477 -2988.143
17 -2857.379 -2888.418 -2932.261 -2960.072 -2988.764 -3032.592
18 -2756.656 -2790.26 -2833.166 -2854.926 -2885.114 -2928.151
19 -2762.098 -2794.888 -2843.447 -2894.743 -2921.802 -2970.968
20 -2663.769 -2681.583 -2742.673 -2782.775 -2798.449 -2859.537
21 -2663.86 -2686.856 -2739.646 -2792.605 -2807.101 -2860.539
22 -2870.082 -2912.31 -2949.787 -3014.16 -3057.634 -3094.629
23 -2772.438 -2811.625 -2854.772 -2884.96 -2919.193 -2961.893
24 -2838.748 -2871.415 -2912.683 -2988.986 -3025.869 -3066.892
25 -2767.058 -2804.45 -2846.608 -2886.048 -2913.08 -2955.321
26 -2742.707 -2778.44 -2819.375 -2863.922 -2893.928 -2934.529
27 -2654.164 -2695.891 -2745.714 -2718.952 -2757.588 -2807.478
28 -2698.712 -2740.928 -2799.345 -2785.299 -2821.274 -2879.567
29 -2736.041 -2773.402 -2812.777 -2874.7 -2915.638 -2954.898
30 -2594.462 -2639.407 -2695.734 -2714.591 -2761.243 -2817.812
31 -2687.584 -2716.848 -2762.767 -2796.589 -2823.089 -2869.172
32 -2799.889 -2828.872 -2881.001 -2941.08 -2966.883 -3019.423
33 -2737.049 -2767.72 -2820.127 -2829.499 -2865.315 -2918.226
34 -2843.583 -2874.522 -2918.577 -3006.07 -3036.03 -3079.674
35 -2680.39 -2715.377 -2770.403 -2772.58 -2800.154 -2855.341
36 -2640.9 -2667.597 -2724.258 -2757.665 -2781.992 -2838.577
37 -2780.624 -2809.565 -2859.529 -2952.597 -2971.616 -3021.765
38 -2770.224 -2799.245 -2846.248 -2932.626 -2948.223 -2995.786
39 -2807.059 -2831.893 -2881.505 -2919.03 -2935.598 -2985.026
40 -2852.877 -2885.017 -2924.461 -3012.45 -3042.977 -3081.797
41 -2698.335 -2725.359 -2786.667 -2797.5 -2819.001 -2880.016
42 -2714.645 -2751.049 -2798.787 -2800.948 -2834.202 -2882.128
43 -2635.811 -2668.844 -2714.492 -2761.836 -2791.15 -2836.706
44 -2799.198 -2834.272 -2879.999 -2908.666 -2937.159 -2982.874
45 -2656.376 -2690.271 -2753.144 -2772.623 -2803.631 -2866.259
46 -2834.732 -2874.011 -2914.205 -2929.025 -2960.985 -3001.548
47 -2762.274 -2794.457 -2851.997 -2874.634 -2901.528 -2959.077
48 -2791.564 -2815.568 -2854.603 -2900.686 -2922.944 -2962.117
49 -2942.726 -2971.513 -3012.831 -3066.796 -3087.825 -3129.015
50 -2741.982 -2784.524 -2823.693 -2819.989 -2855.356 -2893.799
51 -2682.628 -2714.155 -2765.35 -2778.548 -2802.459 -2854.134
52 -2746.54 -2773.498 -2815.986 -2925.105 -2948.173 -2990.61
53 -2602.611 -2641.7 -2687.267 -2717.346 -2752.519 -2797.461
54 -2709.614 -2745.405 -2794.412 -2833.2 -2864.794 -2913.895
55 -2716.523 -2752.642 -2802.023 -2834.377 -2868.508 -2918.124
56 -2707.588 -2744.311 -2793.027 -2796.168 -2827.002 -2875.858
57 -2703.722 -2734.779 -2776.855 -2847.771 -2879.131 -2920.77
58 -2765.633 -2799.019 -2845.377 -2869.88 -2901.131 -2947.486
59 -2809.075 -2838.952 -2881.811 -2972.243 -3001.137 -3044.42
60 -2784.999 -2813.541 -2862.463 -2905.4 -2930.819 -2979.201
61 -2832.068 -2863.241 -2906.457 -2939.882 -2963.074 -3006.711
62 -2706.985 -2740.253 -2790.597 -2873.705 -2909.983 -2960.709
63 -2723.148 -2743.467 -2797.141 -2838.594 -2853.756 -2907.496
64 -2624.267 -2647.446 -2704.66 -2769.212 -2788.425 -2846.238
65 -2748.937 -2774.178 -2822.838 -2882.621 -2908.616 -2957.435
66 -2696.225 -2725.93 -2772.258 -2839.918 -2868.421 -2913.947
67 -2735.15 -2778.924 -2830.365 -2846.61 -2886.522 -2938.817
68 -2667.017 -2716.24 -2754.631 -2794.204 -2840.139 -2878.918
69 -2797.19 -2829.134 -2873.794 -2944.603 -2969.554 -3014.208
70 -2793.7 -2823.707 -2874.929 -2898.31 -2919.68 -2971.35
71 -2827.4 -2861.486 -2899.575 -2969.025 -2998.777 -3036.993
72 -2758.415 -2783.692 -2831.673 -2885.589 -2903.724 -2951.056
73 -2844.172 -2873.631 -2914.415 -2956.132 -2985.673 -3026.691
74 -2687.187 -2726.998 -2763.801 -2808.478 -2849.236 -2885.561
75 -2706.082 -2736.816 -2789.612 -2831.644 -2858.881 -2911.647
76 -2710.305 -2753.118 -2798.088 -2862.055 -2903.965 -2949.308
77 -2743.802 -2774.92 -2818.466 -2882.653 -2904.279 -2947.557
78 -2775.084 -2807.992 -2846.52 -2892.045 -2923.267 -2961.99
79 -2840.11 -2877.838 -2905.777 -3026.782 -3053.592 -3081.615
80 -2746.463 -2779.096 -2820.826 -2884.03 -2915.851 -2958.419
81 -2602.011 -2649.625 -2702.806 -2685.753 -2727.109 -2780.42
82 -2730.163 -2759.463 -2802.487 -2857.07 -2880.75 -2924.19
83 -2708.353 -2750.779 -2803.021 -2855.293 -2898.933 -2950.847
84 -2772.737 -2805.325 -2842.372 -2950.964 -2980.298 -3017.943
85 -2702.549 -2732.622 -2785.925 -2814.432 -2835.379 -2888.95
86 -2807.287 -2837.255 -2901.475 -2908.392 -2938.15 -3003.113
87 -2720.585 -2763.356 -2804.447 -2826.401 -2862.767 -2903.592
88 -2655.924 -2673.421 -2743.391 -2808.915 -2832.807 -2902.124
89 -2747.516 -2780.449 -2817.758 -2954.959 -2976.351 -3014.185
90 -2720.657 -2760.396 -2795.789 -2877.961 -2911.555 -2947.068
91 -2688.72 -2719.855 -2787.156 -2772.421 -2794.381 -2861.327
92 -2757.923 -2788.289 -2833.388 -2887.44 -2906.199 -2951.492
93 -2757.843 -2794.078 -2834.734 -2849.175 -2875.294 -2916.17
94 -2709.999 -2744.201 -2795.72 -2838.255 -2871.481 -2923.157
95 -2683.501 -2706.594 -2754.562 -2788.701 -2803.008 -2852.2
96 -2594.131 -2623.543 -2683.041 -2744.017 -2775.412 -2834.757
97 -2724.464 -2763.347 -2819.163 -2813.799 -2848.289 -2903.35
98 -2710.585 -2738.346 -2790.432 -2835.33 -2863.618 -2915.94
99 -2733.444 -2762.947 -2810.958 -2832.626 -2850.494 -2898.702
100 -2751.285 -2787.338 -2839.686 -2852.837 -2883.076 -2935.529
