1 1.233871 1.032869 1.019159 2.153736 1.054995 1.037127
2 1.203721 0.9241057 0.9348133 2.221886 0.976498 0.9451301
3 1.104873 0.9507556 0.9547294 2.170085 1.004945 0.9921705
4 1.10985 0.8753378 0.8815371 2.111587 0.908245 0.9066672
5 1.193895 0.9792571 0.9791595 2.125254 0.9928136 0.9780811
6 1.196675 0.9919281 0.9933194 2.340596 0.9967878 1.010191
7 1.110767 0.8887698 0.8810023 2.10444 0.9081785 0.9086826
8 1.21244 1.002521 1.013364 2.3346 1.023466 1.018902
9 1.225881 0.878101 0.8729087 2.168641 0.8977382 0.9062242
10 1.138174 0.9507784 0.9475251 2.232981 0.9331714 0.9339745
11 1.088005 0.8801946 0.8980445 2.460912 0.9012177 0.893609
12 1.146316 0.9651987 0.9648715 2.072635 0.9655962 0.9686683
13 1.258136 1.013695 1.013506 2.365856 1.026169 1.039926
14 1.222437 0.9144478 0.9212671 2.363141 0.9135476 0.9183032
15 1.086124 0.9528962 0.9468027 2.229763 0.9374796 0.9392464
16 1.258935 0.9430248 0.9454588 2.339261 0.9619181 0.9540452
17 1.219265 1.019338 1.001599 2.291498 1.042869 1.017368
18 1.24583 0.9670201 0.9807129 2.165046 1.000701 1.001977
19 1.141913 0.9060493 0.9128676 2.131109 0.9361718 0.9376175
20 1.053741 0.9252837 0.936235 1.978416 0.9652817 0.9602917
21 1.059463 0.9031969 0.9056204 2.123165 0.9241114 0.9429579
22 1.162787 0.8808712 0.8823512 2.319132 0.9053596 0.8913102
23 1.155379 0.9670709 0.945662 2.228799 0.9759835 0.9491045
24 1.089695 0.9029127 0.9133357 2.311335 0.9211093 0.944101
25 1.162048 0.9547156 0.9496538 2.18454 0.9479981 0.9488926
26 1.193902 0.9579643 0.9518334 2.350605 0.980898 0.9786059
27 1.1745 0.8518369 0.8566186 2.017849 0.8900626 0.8901824
28 1.203261 0.9001129 0.9108986 2.146026 0.9447597 0.9224715
29 1.194458 0.9839348 0.9880296 2.409647 0.9999272 1.006378
30 1.198522 0.9167623 0.9177603 2.35432 0.9199513 0.9296269
31 1.093005 0.9233292 0.9280761 2.023802 0.9358364 0.9173623
32 1.203744 1.008755 0.9998587 2.286925 1.016264 1.011465
33 1.075629 0.9048952 0.8936499 2.119672 0.9447305 0.9333563
34 1.118772 0.896139 0.886223 2.337136 0.916922 0.9195528
35 1.1227 0.8975047 0.8905551 2.153203 0.8993883 0.8873937
36 1.061184 0.8857332 0.8888401 1.91969 0.917313 0.8804772
37 1.113914 0.8955494 0.8735843 2.364317 0.8899495 0.8841379
38 1.089222 0.9284505 0.9146022 2.112915 0.8915446 0.8729412
39 1.07644 0.9169217 0.9312755 1.94641 0.9256241 0.9153038
40 1.036693 0.8494188 0.8509025 2.108556 0.8768253 0.8783858
41 1.086879 0.9186574 0.930858 1.820144 0.9154431 0.9164593
42 1.25429 0.958453 0.9542556 2.295026 0.9801768 0.9805116
43 1.106393 0.9520908 0.9369936 2.157328 0.9368299 0.9390674
44 1.122516 0.9265365 0.9193622 2.066731 0.9617409 0.9375257
45 1.223061 1.025013 1.014384 2.179032 1.028507 1.024262
46 1.162995 0.9098581 0.9283992 2.180995 0.9301411 0.9303899
47 1.229082 1.011463 1.029359 2.265297 1.025781 1.030878
48 1.18148 1.010221 1.010632 2.230142 1.05212 1.039075
49 1.058927 0.9013607 0.8921085 2.124807 0.887709 0.8929097
50 1.205733 0.8652682 0.8860837 2.138461 0.8820859 0.890874
51 1.131182 0.9506162 0.9702173 1.955505 0.9608551 0.9723459
52 1.151874 0.9517363 0.9486091 2.419911 0.9721291 0.9579552
53 1.172574 0.9557616 0.957531 2.146638 0.9781747 0.972668
54 1.126921 0.9187145 0.9239341 2.241829 0.9494568 0.9157893
55 1.149957 0.9133283 0.9172798 2.264508 0.9259595 0.9242971
56 1.188008 0.9582596 0.963526 2.150591 0.9821584 0.9685365
57 1.1055 0.9386145 0.9457957 2.368944 0.9428673 0.9736895
58 1.142035 0.9196873 0.9190295 2.112993 0.948759 0.9314765
59 1.032198 0.8735857 0.8885659 2.180216 0.8930305 0.8957383
60 1.186283 0.9723877 0.9631443 2.526157 0.9964943 0.999289
61 1.243019 1.060803 1.054709 2.232914 1.073364 1.064172
62 1.089773 0.8840881 0.8939335 2.286212 0.8965139 0.9172659
63 1.103229 0.9590639 0.9600946 2.018115 0.9899073 0.9925927
64 1.143073 1.003805 1.000833 2.398452 1.044544 1.035606
65 1.072841 0.8899936 0.9035588 2.034003 0.920725 0.9151008
66 1.208819 0.9394277 0.9458265 2.646316 0.9542167 0.9430613
67 1.168812 0.9078392 0.930226 2.279364 0.9465881 0.9326329
68 1.084863 0.879423 0.8683399 2.027763 0.8531381 0.8599055
69 1.157117 0.9664103 0.9675409 2.269492 0.9812997 0.9868574
70 1.189054 0.9564199 0.9600273 2.115375 0.9364992 0.9574696
71 1.213384 0.9978798 1.011756 2.306198 1.033305 1.015604
72 1.076147 0.9310624 0.9365913 2.141743 0.9428544 0.9637234
73 1.076008 0.8936525 0.8972216 2.024349 0.9078257 0.9105059
74 1.255605 1.004352 0.9976864 2.409825 1.021603 1.019954
75 1.170559 0.9767467 0.9758581 2.113069 0.9749561 1.001185
76 1.195672 0.9011116 0.9054875 2.443675 0.9278942 0.9341551
77 1.114912 0.9182581 0.9222946 2.250635 0.9053593 0.9244463
78 1.108435 0.9172437 0.9240138 2.128273 0.93545 0.9549549
79 1.255111 1.064896 1.070422 2.373083 1.111857 1.08949
80 1.129001 0.9567478 0.9489917 2.252059 0.9588195 0.9583062
81 1.305904 0.947052 0.9391444 2.299215 0.9317707 0.9487012
82 1.093635 0.9160485 0.9357647 1.961336 0.9239444 0.9464214
83 1.091561 0.8927136 0.9045119 2.155304 0.9192494 0.8916637
84 1.255815 1.017677 1.02107 2.454595 1.028238 1.016157
85 1.223748 0.9807426 0.9868225 2.264038 1.003661 1.024857
86 1.28009 1.011646 1.01314 2.49388 1.03383 1.028431
87 1.17464 0.8665339 0.8756155 2.284969 0.8904621 0.8664015
88 1.049033 0.9149352 0.9228639 2.305902 0.9672069 0.9663655
89 1.187274 0.9890522 0.9812178 2.42253 0.9945365 1.007068
90 1.145623 0.9255583 0.9261628 2.350602 0.9435621 0.9579177
91 1.180031 0.8998474 0.915041 2.085216 0.9099434 0.9119532
92 1.207865 0.9748955 0.9725605 2.274657 0.9624141 0.9714072
93 1.090004 0.8437634 0.8504045 2.049857 0.8773821 0.8645572
94 1.131794 0.921856 0.9259165 2.288252 0.9568106 0.9772208
95 1.079359 0.9133613 0.9263822 2.013654 0.9362848 0.937013
96 1.196481 0.9639025 0.9719416 2.323504 1.011202 1.014166
97 1.2108 0.9308048 0.939738 2.169164 0.9319872 0.9562733
98 1.134423 0.947059 0.9384928 2.269804 0.9569192 0.9700037
99 1.064441 0.8575034 0.8521614 2.059533 0.8325443 0.8599901
100 1.157532 0.8664025 0.8625406 2.290847 0.875213 0.8843522
