1 0.4020304 0.3897841 0.3807073 0.5179031 0.4158677 0.4176453
2 0.3754061 0.3768046 0.3817865 0.5598857 0.3808163 0.3725109
3 0.3336185 0.2734055 0.2662064 0.5565657 0.303341 0.2720831
4 0.4340923 0.4051723 0.4040974 0.6500156 0.4023837 0.3988219
5 0.4364505 0.3921072 0.3858228 0.5825004 0.429115 0.4113858
6 0.3210875 0.3152129 0.3189651 0.5210946 0.3216809 0.3220736
7 0.3146119 0.2632127 0.2498608 0.5330849 0.2613468 0.2615594
8 0.2960021 0.2580747 0.2601792 0.5166002 0.2617324 0.257331
9 0.5505619 0.5245091 0.5055528 0.6413249 0.5576515 0.5430312
10 0.2949507 0.3404463 0.339975 0.5292091 0.388484 0.3880256
11 0.4976173 0.4643118 0.5229338 0.9904569 0.4882837 0.4607234
12 0.2991685 0.2507887 0.2527368 0.5097512 0.2456052 0.2540229
13 0.3376256 0.3240448 0.323741 0.5995057 0.3530325 0.3584802
14 0.5434793 0.3631095 0.2838234 0.8319677 0.3730044 0.434551
15 0.3122308 0.3096328 0.3105874 0.5277953 0.3122314 0.3078998
16 0.2816865 0.2136523 0.2121472 0.502795 0.2149808 0.2161291
17 0.3188769 0.2932296 0.3030898 0.5263219 0.3079606 0.3046486
18 0.3160073 0.3142465 0.3270818 0.5488352 0.3249367 0.3285555
19 0.3454985 0.3562501 0.3468157 0.540304 0.3605055 0.3943164
20 0.2403876 0.2336114 0.2353562 0.4219453 0.2350419 0.2387
21 0.2501442 0.2427996 0.2537834 0.4956373 0.2707581 0.2765307
22 0.3116025 0.2803615 0.2800596 0.5474491 0.2900474 0.2884517
23 0.422611 0.4293066 0.4381198 0.5946418 0.4620031 0.4576595
24 0.2672407 0.2416691 0.2441156 0.5261673 0.2491399 0.253094
25 0.2959419 0.2849692 0.2898061 0.5143401 0.3028581 0.2930692
26 0.2864734 0.2559301 0.2571131 0.4992151 0.2632328 0.266225
27 0.3581605 0.3817347 0.3959068 0.52149 0.4034176 0.4192098
28 0.2758782 0.2199563 0.2246013 0.4769467 0.233075 0.2268464
29 0.5727953 0.7151256 0.6736338 0.5550606 0.7204995 0.6463007
30 0.2747219 0.2426834 0.2449949 0.535981 0.2466723 0.2466001
31 0.6022961 0.692892 0.704696 0.7529703 0.7742076 0.7834876
32 0.4447947 0.486948 0.4802036 0.587243 0.4823387 0.4988195
33 0.3141159 0.5137459 0.4810653 0.6501894 0.5141314 0.5078651
34 0.3534326 0.3231656 0.3176825 0.5753241 0.3445033 0.3395811
35 0.2944214 0.2782682 0.2797943 0.4937859 0.2954097 0.291392
36 0.3450141 0.3579023 0.3421131 0.475845 0.3536698 0.3372751
37 0.2432324 0.2005991 0.1949919 0.5105506 0.2060237 0.2038714
38 0.4601701 0.3723494 0.3377261 0.6526544 0.3535869 0.3262337
39 0.2806675 0.2576401 0.2665504 0.4574293 0.2612877 0.2590141
40 0.3200088 0.290327 0.2863085 0.5892087 0.2797616 0.2925548
41 0.2729456 0.243688 0.2495409 0.4076068 0.2395248 0.2455312
42 0.3380747 0.2819473 0.2860652 0.558425 0.2843545 0.2804496
43 0.5987525 0.3538765 0.3728312 0.6947553 0.290511 0.2797878
44 0.3302584 0.2883665 0.2729975 0.5158339 0.3109135 0.3094845
45 0.3804744 0.3796898 0.365032 0.5385632 0.3893687 0.3903849
46 0.2790853 0.2584786 0.2631554 0.4810026 0.267105 0.272728
47 0.282057 0.2743542 0.2923323 0.4924076 0.2968627 0.2991441
48 0.3137206 0.2920178 0.2906459 0.5111958 0.3138121 0.3014459
49 0.25716 0.2688581 0.2634473 0.5213016 0.2637977 0.2825064
50 0.4569516 0.2191001 0.2399776 0.6538919 0.3466014 0.3353668
51 0.5387051 1.214676 1.159881 0.4866201 1.450074 1.301826
52 0.2966827 0.2512461 0.2549527 0.5983925 0.2574273 0.2583385
53 0.4084579 0.4980512 0.4833211 0.6008336 0.5053089 0.5224263
54 0.291785 0.3003439 0.3077406 0.5467125 0.3520017 0.3344854
55 0.2748262 0.2486252 0.2450073 0.5129347 0.2486753 0.2525674
56 0.2686548 0.2480128 0.2485545 0.4594162 0.2561965 0.255166
57 0.2975468 0.2664741 0.2683463 0.5584307 0.2621963 0.2731681
58 0.416209 0.4074595 0.4149609 0.5431276 0.425936 0.4096582
59 0.2409924 0.2125583 0.2195413 0.483329 0.2208707 0.2190525
60 0.3225649 0.2897477 0.2692394 0.5993096 0.2982199 0.3016516
61 0.3453747 0.3069914 0.300622 0.5929386 0.3143788 0.3138315
62 0.3122207 0.3138535 0.3254076 0.5151071 0.3215755 0.3347694
63 0.2807223 0.2728051 0.2679042 0.4498534 0.2817221 0.2828711
64 0.2758221 0.2720249 0.2738666 0.5136849 0.2785426 0.2735075
65 0.3270097 0.3083367 0.3108412 0.4824657 0.3240101 0.3202841
66 0.3267591 0.294046 0.2910258 0.5935546 0.2909851 0.2943364
67 0.4263944 0.427343 0.4390391 0.6186729 0.4788585 0.4490875
68 0.2760737 0.2580463 0.2534239 0.4727586 0.2558027 0.2648269
69 0.2646932 0.2588865 0.2582534 0.4866642 0.2643933 0.2702541
70 0.2878338 0.2242257 0.2252621 0.4715811 0.2119985 0.2126488
71 0.317106 0.6192564 0.6106959 0.691898 0.7397638 0.7452676
72 0.245488 0.22674 0.2274231 0.4712184 0.2302789 0.2314331
73 0.2467131 0.2504046 0.2510153 0.4499478 0.26092 0.2572557
74 0.4184812 0.3877796 0.3767137 0.632229 0.3914636 0.388974
75 0.5606435 0.637621 0.6374542 0.563076 0.6596592 0.6878279
76 0.3020769 0.2722275 0.2778092 0.5568803 0.3048074 0.300415
77 0.352037 0.3805682 0.3611033 0.5349382 0.3557118 0.3566268
78 0.3238116 0.2761522 0.2806168 0.5692444 0.2845773 0.2790118
79 6.10715 7.799358 7.399361 2.577515 9.477518 8.29669
80 0.3210675 0.3302617 0.3387619 0.5527611 0.358806 0.3618779
81 0.3143581 0.2713519 0.263843 0.510592 0.273812 0.2778438
82 0.3715697 0.3801507 0.3830613 0.5480746 0.3853415 0.3852623
83 0.2794817 0.247695 0.247619 0.4988185 0.2615203 0.2530445
84 0.3944255 0.390609 0.3813909 0.581698 0.3787418 0.3957552
85 0.3175793 0.2915487 0.2917438 0.5022063 0.3026623 0.3102504
86 0.2817672 0.2566121 0.2534876 0.5376459 0.2658558 0.2721578
87 0.3819249 0.4126235 0.4043868 0.5615955 0.4455457 0.4174621
88 0.4385029 0.4430358 0.447477 0.5572631 0.4423454 0.4522587
89 0.9895566 1.192963 1.292769 0.6683147 1.185925 1.190424
90 0.273942 0.2510812 0.247458 0.5319567 0.2717917 0.2784594
91 0.3298642 0.2984892 0.3054399 0.4779965 0.3042162 0.3045578
92 0.4209126 0.3632066 0.3649055 0.5979584 0.3879493 0.3940753
93 0.3062224 0.2562399 0.2572386 0.5161613 0.267092 0.2682267
94 0.391236 0.3898013 0.3953024 0.6264396 0.4221258 0.4182851
95 0.3110005 0.3760524 0.3459447 0.4585937 0.376967 0.4272288
96 0.2866976 0.2458934 0.249761 0.4963127 0.2589779 0.2641468
97 0.2648308 0.2389207 0.2393991 0.4784969 0.2398523 0.2476587
98 0.3193062 0.2891596 0.2799733 0.5617048 0.2849682 0.2917077
99 0.2510226 0.2373346 0.2316867 0.4516266 0.2383974 0.2426906
100 0.2651549 0.2316721 0.232078 0.5037626 0.252404 0.2512399
