1 5.334347 -0.3937522 -0.03632588 -0.6313963 0.4321538 0.589329 0.07759157 0.2222513 5.781544 -2.243563 -0.6323652 0.2445753
2 5.355366 -0.463743 0.009374581 -0.4224217 0.4747637 0.3597209 0.08545732 0.1622025 4.998762 -1.963012 -0.8038124 0.2379697
3 5.402571 -0.4010292 -0.1097159 -0.6740204 0.4482222 0.3591467 -0.02268163 0.2321551 4.081021 -2.214103 -0.3458788 0.2321711
4 5.409038 -0.4143042 -0.2240692 -0.4966801 0.5368153 0.366565 0.1222843 0.2279022 5.903059 -2.019565 -0.6759817 0.2371134
5 5.319415 -0.5099198 -0.1504717 -0.4862257 0.4663311 0.4750354 0.09609656 0.1778293 4.960834 -2.006883 -0.601453 0.2217423
6 5.393458 -0.4876241 -0.1132165 -0.6156592 0.4698271 0.3927665 0.05966857 0.2880661 4.363599 -2.216172 -0.3457015 0.2288731
7 5.427348 -0.4757534 -0.1738175 -0.5259942 0.4694751 0.3321309 0.08553887 0.1574774 5.213203 -2.153212 -0.424585 0.2326278
8 5.384603 -0.5658198 -0.2653523 -0.2930162 0.5210413 0.4617402 0.1667209 0.226196 4.926059 -1.97758 -0.6674788 0.2213274
9 5.470606 -0.4178114 -0.3184955 -0.5370763 0.4480125 0.442653 0.06709527 0.2410176 6.242587 -2.110627 -0.6499743 0.2644088
10 5.308723 -0.3029899 -0.008703496 -0.7342937 0.4912128 0.485505 0.0667593 0.26153 6.003082 -2.10774 -0.5390801 0.2283439
11 5.375952 -0.4986543 -0.04901525 -0.6153461 0.5193051 0.4372864 0.1033757 0.292603 4.55643 -2.098696 -0.4171802 0.2153589
12 5.404079 -0.5180798 -0.206167 -0.4379302 0.4434962 0.5651716 0.1440745 0.2173002 6.26811 -2.228699 -0.6413767 0.2567442
13 5.329345 -0.3755318 -0.1515971 -0.606168 0.5783945 0.3878484 0.1630724 0.2656501 5.350258 -2.026789 -0.5793458 0.2018515
14 5.433915 -0.5150125 -0.1233068 -0.5635167 0.5109828 0.4556224 0.09753304 0.2367422 6.152005 -1.966105 -0.6412585 0.2369301
15 5.387131 -0.4265072 -0.1198408 -0.573911 0.3995199 0.55686 0.06354176 0.2124992 4.379269 -2.155241 -0.596242 0.2690032
16 5.466705 -0.5166726 -0.2834805 -0.5146123 0.5066038 0.3858277 0.1459594 0.1873327 4.787735 -2.1487 -0.5174707 0.2192942
17 5.554209 -0.5127174 -0.3157328 -0.466276 0.5308109 0.4632432 0.0641351 0.1996774 5.703999 -2.261514 -0.4647492 0.2336458
18 5.373919 -0.3888286 -0.1738241 -0.7243363 0.5130701 0.4053916 0.1286116 0.1610866 5.949756 -2.033621 -0.595111 0.215961
19 5.364275 -0.2900341 -0.03728306 -0.7913869 0.4492161 0.382777 0.09605158 0.168545 4.901145 -2.268536 -0.6324113 0.2407587
20 5.408247 -0.3467326 -0.04041693 -0.6031876 0.4567304 0.2906088 0.09823139 0.1572761 4.170464 -2.590794 -0.3499565 0.3156007
21 5.333378 -0.4749783 -0.09079181 -0.524165 0.4476489 0.4773016 0.05500646 0.1938031 4.641059 -2.426847 -0.2543533 0.285825
22 5.437483 -0.4445933 -0.1331929 -0.6410189 0.5941464 0.3956443 0.1264444 0.1725372 5.37414 -1.914448 -0.5974741 0.1812649
23 5.348501 -0.402766 -0.08189805 -0.5461555 0.5214662 0.3407013 0.08019005 0.1728632 5.075378 -2.173431 -0.539605 0.2292259
24 5.343229 -0.3905379 -0.04800805 -0.6532591 0.4556656 0.4552475 0.0494868 0.2012139 4.283696 -2.192822 -0.4717198 0.2289152
25 5.3658 -0.3878865 -0.1258013 -0.6738516 0.4597163 0.3783572 0.1202187 0.2217279 4.905398 -2.185022 -0.4302395 0.2309398
26 5.404278 -0.3689629 -0.08428633 -0.7055694 0.5176862 0.4655752 0.1284222 0.1285683 5.084168 -2.055889 -0.4643033 0.2179545
27 5.33962 -0.3960381 -0.1542609 -0.6415684 0.5262165 0.3455205 0.07702705 0.228764 7.43789 -2.232984 -0.4333198 0.2680614
28 5.418829 -0.4235371 -0.09092683 -0.5915752 0.5065864 0.4206992 0.1435751 0.2726046 6.919559 -2.060873 -0.82646 0.2414609
29 5.377907 -0.4059247 -0.06852332 -0.5630951 0.4568654 0.4874836 -0.01339937 0.3335228 5.118387 -2.117468 -0.406076 0.2203772
30 5.297884 -0.3980557 -0.07683277 -0.5849594 0.4580073 0.377234 0.1394201 0.1499641 4.503291 -2.020883 -0.6515811 0.25881
31 5.424693 -0.4548236 -0.1282239 -0.7395428 0.4516559 0.3918987 0.1157912 0.1648031 4.820446 -2.239072 -0.4374182 0.2457362
32 5.399036 -0.5023263 -0.09001992 -0.5393995 0.4844604 0.4987421 0.09476784 0.1549317 4.27212 -2.160251 -0.679577 0.2405321
33 5.323042 -0.3197679 -0.08452901 -0.7881342 0.5483498 0.39036 0.007108956 0.2598898 5.813963 -2.061254 -0.6976173 0.2379906
34 5.230079 -0.4259003 0.06322201 -0.681321 0.4763758 0.4691374 0.0113058 0.2283048 4.10727 -1.998748 -0.6940001 0.2084587
35 5.428658 -0.5783455 -0.1210222 -0.4759708 0.4970744 0.4641871 0.0758566 0.2823991 6.550548 -2.114018 -0.6168714 0.2527382
36 5.292327 -0.3917418 -0.05914176 -0.6226676 0.4324124 0.436504 0.07317796 0.2240197 6.003181 -2.196059 -0.6337278 0.2637726
37 5.28139 -0.3499367 0.1139867 -0.6169245 0.4821199 0.4158405 0.08507715 0.2425819 4.496703 -2.120393 -0.6019409 0.2428159
38 5.348212 -0.4916274 -0.1523171 -0.461595 0.4429042 0.4218074 0.07400591 0.2263764 4.298791 -2.10423 -0.5908516 0.2336289
39 5.332222 -0.3764345 0.01047388 -0.6020597 0.4990427 0.4635291 0.1480929 0.2335722 5.640751 -2.145438 -0.5889099 0.2379199
40 5.460896 -0.3295198 -0.2405596 -0.7344012 0.5113924 0.3533333 0.1573943 0.1787141 5.090587 -2.076717 -0.5039079 0.2123905
41 5.410884 -0.4989418 -0.1448685 -0.4265802 0.4860167 0.3295051 0.1505963 0.1573012 5.765571 -2.226122 -0.7926159 0.276023
42 5.456416 -0.5046186 -0.1904239 -0.5957663 0.5213465 0.4590722 0.1110856 0.2034699 5.831827 -2.046099 -0.6141647 0.2314325
43 5.372999 -0.4661774 -0.1901952 -0.4906471 0.4410395 0.3478922 0.06302105 0.20316 5.31405 -2.153323 -0.4581459 0.2418553
44 5.502452 -0.3964721 -0.1977613 -0.6451614 0.4754222 0.407049 0.08136546 0.1975695 5.403472 -2.121373 -0.5911721 0.2265382
45 5.296005 -0.3731454 0.09668609 -0.6471083 0.453878 0.4169828 0.1485806 0.2432064 4.933997 -2.083128 -0.8228531 0.2468823
46 5.347206 -0.5957964 0.04228349 -0.4427165 0.5219125 0.5354997 0.1456557 0.1912266 6.091111 -2.000704 -0.6400791 0.1990993
47 5.257189 -0.5298653 -0.002429136 -0.5011823 0.4709435 0.4707918 0.07702236 0.2042007 5.374327 -1.918555 -0.9630259 0.2305008
48 5.347516 -0.376364 -0.1994954 -0.654502 0.4717463 0.5139677 -0.03623186 0.2538181 5.472715 -2.353875 -0.2830787 0.2476735
49 5.307363 -0.3512148 0.01074793 -0.6814008 0.5411841 0.4470973 0.1363221 0.2010175 5.23797 -2.141808 -0.5345356 0.2159423
50 5.271063 -0.3469366 -0.0501945 -0.7354542 0.5577016 0.3129226 0.1076467 0.2924518 7.00053 -2.06637 -0.4757215 0.2167059
51 5.348218 -0.4234669 -0.1727075 -0.5900788 0.4906492 0.4431177 0.09041454 0.1891424 5.668262 -2.259653 -0.5058609 0.2639845
52 5.361885 -0.4795423 -0.1284411 -0.6721972 0.5312987 0.2876626 0.1515445 0.2366357 4.564662 -2.114289 -0.3908168 0.2262761
53 5.259564 -0.3816412 -0.08020245 -0.6293993 0.4145848 0.3659292 0.02724095 0.2100303 4.881634 -2.156755 -0.4296536 0.2484069
54 5.291327 -0.4617895 -0.02998622 -0.5742637 0.4693151 0.3726434 0.1190814 0.2208529 4.492848 -2.006053 -0.6414237 0.2330524
55 5.332107 -0.4132391 -0.02164718 -0.5799981 0.4662142 0.3731818 0.08165845 0.1465127 4.82967 -2.159715 -0.6907746 0.2345225
56 5.292586 -0.2977671 -0.100335 -0.5894508 0.4950108 0.3860181 0.1016275 0.1639751 5.988764 -2.132981 -0.6009378 0.2449578
57 5.34211 -0.3877729 -0.1248628 -0.6483257 0.4652272 0.4334727 0.0928803 0.136292 4.254583 -2.05737 -0.5271358 0.2207859
58 5.490705 -0.4609815 -0.1403605 -0.5845129 0.5077155 0.3718309 0.0976557 0.1984989 5.177909 -2.008308 -0.6445109 0.2196185
59 5.345856 -0.4051508 -0.1219299 -0.6364458 0.413323 0.3927569 0.06936584 0.2174241 3.817592 -2.235984 -0.4597567 0.2329687
60 5.304989 -0.4356925 -0.08205614 -0.5492118 0.4827247 0.4032091 0.04435979 0.1663073 4.538624 -2.208101 -0.5740373 0.2499464
61 5.411974 -0.4130695 -0.1681882 -0.5230989 0.5222292 0.5105212 0.1160315 0.3025384 5.784397 -2.076404 -0.5525381 0.2144559
62 5.415869 -0.4374913 -0.1630129 -0.6364223 0.4530106 0.4519617 0.09667414 0.1138449 4.402119 -2.091709 -0.6233009 0.2372085
63 5.343565 -0.4652461 -0.07593022 -0.510949 0.5291911 0.362318 0.1676814 0.1876916 5.175181 -2.193803 -0.5277113 0.2645224
64 5.453024 -0.4315561 -0.2702513 -0.4571494 0.4140106 0.5318937 0.03445996 0.2756838 4.912861 -2.209774 -0.4823533 0.2679149
65 5.450816 -0.4492666 -0.1634891 -0.4972942 0.5014894 0.2787956 0.09598622 0.1615377 4.27935 -2.189833 -0.588602 0.2455038
66 5.431289 -0.5324887 -0.09643884 -0.4724701 0.4996375 0.5407821 0.003315727 0.2260332 4.463319 -2.095597 -0.4590739 0.2400099
67 5.422478 -0.418786 -0.06052237 -0.5995577 0.5087294 0.4786464 0.1316667 0.2745115 5.247605 -1.996166 -0.6866124 0.2264323
68 5.278166 -0.3624142 0.003723525 -0.6967442 0.4433872 0.289856 0.1039312 0.1814523 5.070197 -1.957623 -0.5546668 0.2033903
69 5.409958 -0.4160282 -0.1945635 -0.5583445 0.4497947 0.4764769 0.06854256 0.1657662 4.670217 -2.073523 -0.6188441 0.2148982
70 5.39394 -0.340695 -0.1475461 -0.6844641 0.4972019 0.4023546 0.1558015 0.2324653 5.716397 -2.138401 -0.6963731 0.2355278
71 5.456748 -0.426965 -0.2736246 -0.5891315 0.4813954 0.4502306 0.05831296 0.2640442 4.450166 -2.005735 -0.5176516 0.1985446
72 5.268026 -0.4055074 0.01984366 -0.6101946 0.4581369 0.3806776 0.1043575 0.1761402 4.70771 -2.208645 -0.4693723 0.2538652
73 5.398038 -0.4347169 -0.1719709 -0.5419707 0.4791839 0.341167 0.1606864 0.1929616 4.772079 -2.208332 -0.5176363 0.2231487
74 5.342686 -0.4425154 -0.1419517 -0.6357003 0.4744814 0.5177776 -0.00143563 0.2283342 5.110547 -1.957797 -0.4677104 0.2053103
75 5.49279 -0.484162 -0.2468406 -0.4587261 0.4843224 0.3604541 0.1255178 0.1863002 4.385346 -1.971799 -0.6259358 0.2356994
76 5.433829 -0.4679102 -0.1779775 -0.5284665 0.4745734 0.3681053 0.1045494 0.1943716 4.809994 -2.147186 -0.4808032 0.2317915
77 5.217981 -0.3957978 0.1299827 -0.6436763 0.4779669 0.4110092 0.1017614 0.1818699 4.91922 -2.120903 -0.5678809 0.2287291
78 5.412547 -0.3513757 -0.2014056 -0.6862557 0.4996382 0.408424 0.1303455 0.1996473 5.152568 -2.130295 -0.3461641 0.2174078
79 5.351508 -0.4006762 -0.1374283 -0.5966066 0.4755683 0.4919642 0.1094337 0.2214805 4.493957 -1.894848 -0.402848 0.169531
80 5.329363 -0.2891947 -0.1633468 -0.7238895 0.4848467 0.3457206 0.07846332 0.2252257 4.793303 -2.108805 -0.4599431 0.225658
81 5.280768 -0.4772518 -0.06872887 -0.5399247 0.4980664 0.3583099 0.08289842 0.2551987 6.149825 -2.041719 -0.657342 0.2476737
82 5.367413 -0.3789009 -0.1822816 -0.5673586 0.4525381 0.4623367 0.02939851 0.2720009 5.595028 -2.149783 -0.5710447 0.2238782
83 5.358638 -0.3401489 -0.1868718 -0.6961647 0.4894306 0.4387213 0.1315604 0.1859553 5.14602 -1.91074 -0.7851168 0.2144413
84 5.305652 -0.433336 -0.07385242 -0.5568135 0.4827567 0.3052837 0.1351508 0.2049822 3.853097 -2.033007 -0.4923461 0.2070545
85 5.413641 -0.558216 -0.1831962 -0.4973031 0.4793923 0.4429025 0.06488021 0.1458136 5.290704 -2.142041 -0.5739169 0.2575427
86 5.348247 -0.5009716 -0.00861399 -0.5352333 0.6265525 0.4484808 0.1070138 0.1811081 5.517523 -2.091182 -0.786763 0.2664114
87 5.334427 -0.50013 -0.0754992 -0.4837977 0.480891 0.4600976 0.1297327 0.202359 4.841165 -2.027698 -0.4754279 0.2218885
88 5.430185 -0.3978791 -0.1400013 -0.6946471 0.4662179 0.511116 0.06973088 0.1896553 6.063317 -2.519564 -0.4919136 0.3256087
89 5.360601 -0.4677869 -0.0510397 -0.6672081 0.443729 0.4639641 0.1085114 0.2266579 4.398923 -2.013245 -0.4560572 0.2092108
90 5.295441 -0.3909574 -0.01573628 -0.6437029 0.4226684 0.4816149 0.04979978 0.231417 4.465176 -2.068744 -0.372474 0.2083559
91 5.320491 -0.438548 -0.07615072 -0.5586302 0.4866084 0.3706045 0.1236479 0.2159258 6.368565 -2.208997 -0.8628597 0.2799562
92 5.413089 -0.502397 -0.08756348 -0.4479573 0.4800276 0.4443939 0.1186063 0.1839667 4.628542 -2.287524 -0.446244 0.2462197
93 5.283285 -0.3621009 0.08576469 -0.7405607 0.5059154 0.3988157 0.1229506 0.2297773 6.207133 -2.034396 -0.5782906 0.2109202
94 5.256063 -0.2867211 0.01178885 -0.8853467 0.465866 0.4784565 0.0208498 0.2650485 5.652122 -2.196831 -0.5041335 0.2535769
95 5.310232 -0.3357426 -0.07065264 -0.6318721 0.4637797 0.3011582 0.108623 0.1999373 5.03563 -2.351159 -0.3130531 0.2702714
96 5.298587 -0.2984589 -0.07422939 -0.7326628 0.4253512 0.4077404 0.03740428 0.2458347 4.576411 -2.016191 -0.7151045 0.256911
97 5.361015 -0.5204905 -0.1289157 -0.4410596 0.5634253 0.4713888 0.1284089 0.1309607 6.691493 -2.00841 -0.7995785 0.2388457
98 5.342866 -0.296481 0.01633271 -0.8120425 0.4788257 0.4213773 0.06781684 0.2092297 4.876625 -2.205872 -0.5327417 0.255069
99 5.414238 -0.4594156 -0.1014842 -0.5515417 0.469994 0.4245463 0.05672995 0.2286315 5.699224 -2.334628 -0.4075403 0.2578328
100 5.338825 -0.4106878 -0.2135901 -0.6224781 0.4921157 0.4137763 0.01524814 0.2156168 4.925714 -2.086205 -0.6748848 0.2405556
