1 5.35032 -0.4388586 0.0360343 -0.6098305 1.234848 0.4582359 0.2121628 0.2068772 -2.11908 -0.683391 0.2398574
3 5.391313 -0.5272878 -0.04625092 -0.4533261 1.232658 0.4067516 0.2706341 0.2723178 -2.070515 -0.5961187 0.2295579
4 5.267976 -0.4975344 -0.1274074 -0.4974793 1.246392 0.6550384 0.2569736 0.1725343 -1.978672 -0.6103164 0.2312552
5 5.297617 -0.4599578 -0.07848338 -0.5326768 1.262585 0.3990326 0.3006813 0.3097889 -2.267776 -0.4077802 0.25885
6 5.410897 -0.2715764 -0.1010782 -0.8529824 1.245593 0.4702315 0.2468199 0.232561 -2.080847 -0.5304839 0.2276383
7 5.380625 -0.4696711 -0.21942 -0.5568857 1.34442 0.6324364 0.2661649 0.1751403 -2.195769 -0.4159655 0.2645629
8 5.33879 -0.5294135 -0.08980552 -0.5248073 1.328942 0.4831449 0.2589574 0.2368409 -2.2016 -0.4482252 0.2412499
9 5.344113 -0.3728087 -0.0967444 -0.7026898 1.054982 0.4031393 0.2599251 0.2495354 -2.389821 -0.3581628 0.2707033
10 5.435083 -0.4712225 -0.2811542 -0.4658791 1.215091 0.4255704 0.2264515 0.2021037 -2.130085 -0.4585676 0.2262585
11 5.084085 -0.5081574 0.2699136 -0.5745841 1.635394 0.405947 0.2855617 0.3527834 -1.881236 -0.6030561 0.2038348
12 5.42948 -0.4459909 -0.113068 -0.6577281 1.333603 0.4015063 0.2969899 0.3068211 -1.974366 -0.611539 0.2036662
13 5.398499 -0.3503079 -0.1972586 -0.7015058 1.392054 0.4568886 0.2927695 0.3408567 -2.1814 -0.5634906 0.235355
14 5.414038 -0.5641763 -0.21177 -0.4807664 1.274438 0.5124581 0.3002881 0.2473085 -2.119192 -0.4990377 0.2544451
15 5.250532 -0.4523108 0.08837182 -0.6514404 1.211199 0.3682725 0.2821492 0.3100646 -1.904459 -0.5406812 0.2084643
16 5.435641 -0.4446639 -0.1977805 -0.5854563 1.240167 0.4670153 0.2094641 0.209284 -2.163679 -0.5861998 0.2603793
17 5.307397 -0.5173335 -0.1643501 -0.4296209 1.187943 0.5033116 0.2112153 0.1615815 -2.02711 -0.6502107 0.2399845
18 5.397465 -0.4449185 0.007357389 -0.5958921 1.227453 0.4246702 0.267474 0.2688608 -2.048735 -0.9195958 0.2250385
19 5.229783 -0.5672863 -0.079586 -0.4327282 1.305479 0.4826052 0.1600515 0.1906368 -1.926575 -0.7941498 0.2371574
20 5.36034 -0.4586054 -0.08441604 -0.6871495 1.41763 0.3436327 0.2837528 0.3892782 -2.160503 -0.2908358 0.1953137
21 5.261879 -0.332537 0.07610628 -0.822226 1.28763 0.3391765 0.28489 0.3694222 -2.233422 -0.3963483 0.2237767
23 5.365786 -0.3259079 -0.1893086 -0.6551554 1.14554 0.36882 0.1678226 0.1687536 -2.183663 -0.4996246 0.2475599
24 5.301758 -0.3598483 -0.01955523 -0.6873121 1.112002 0.4511638 0.2593165 0.2434999 -2.137093 -0.522415 0.2292195
25 5.390884 -0.369838 0.04863315 -0.6172818 1.215074 0.5720804 0.2603376 0.1930215 -2.248666 -0.44535 0.231714
26 5.254508 -0.415745 0.01614267 -0.682702 1.107927 0.6115982 0.2031529 0.1158213 -2.237594 -0.3431155 0.2609443
27 5.359816 -0.5153383 -0.1423149 -0.5422568 1.253955 0.3706106 0.1818732 0.1890878 -2.101783 -0.6868457 0.2284505
28 5.272441 -0.5438369 0.055377 -0.4699206 1.340854 1.025073 0.3903989 0.220363 -1.955324 -0.4709706 0.2025272
29 5.370291 -0.5178188 -0.1732545 -0.5831949 1.259153 0.4036804 0.2149897 0.2181553 -2.174791 -0.5983358 0.2678353
30 5.344282 -0.5041037 -0.1852898 -0.5484796 1.213636 0.3878777 0.2325386 0.2100462 -2.251064 -0.6542943 0.2656141
31 5.265937 -0.4531877 -0.070316 -0.5022407 1.419032 0.6154968 0.2891402 0.2195013 -2.011567 -0.6675205 0.2213918
32 5.375749 -0.5693256 -0.02654555 -0.4736002 1.137861 0.4479561 0.2653102 0.2296296 -2.120113 -0.4667701 0.2481778
33 5.447339 -0.4075012 -0.3467902 -0.605242 1.297236 0.7103868 0.2616991 0.1538948 -2.315911 -0.2596539 0.2335456
34 5.391487 -0.490235 -0.2024908 -0.6524926 1.265955 0.4016667 0.2621766 0.2550913 -2.160809 -0.3428736 0.2075788
36 5.289825 -0.4171622 -0.2292411 -0.6471873 1.204848 0.3463999 0.1873582 0.2088319 -2.213986 -0.2070598 0.2360352
37 5.231807 -0.4794041 -0.004846829 -0.5587463 1.120801 0.4917737 0.2578017 0.2055005 -2.002344 -0.6353593 0.2294688
38 5.24017 -0.5033661 0.07037337 -0.5710341 1.241004 0.4719057 0.347216 0.3441826 -2.087003 -0.5734289 0.2308224
39 5.492249 -0.5552758 -0.2622957 -0.5119548 1.146197 0.3225233 0.1845158 0.2298285 -2.03523 -0.3950304 0.2201696
40 5.34399 -0.3427298 -0.1632247 -0.5690179 1.253864 0.5484424 0.1739107 0.141297 -2.040428 -0.5436907 0.2252521
41 5.401575 -0.4645546 -0.04612732 -0.7136417 1.32893 0.5450543 0.2959052 0.258681 -2.194191 -0.6251387 0.258858
42 5.472664 -0.4627136 -0.1828387 -0.6469418 1.226299 0.4122822 0.2393254 0.2788891 -2.193912 -0.6542962 0.2715154
43 5.402292 -0.3427845 -0.1237666 -0.6318612 1.083252 0.5314982 0.2582865 0.2031044 -2.340084 -0.458092 0.2488683
44 5.342818 -0.5027237 -0.1569343 -0.4302537 1.257245 0.3958572 0.2759211 0.2837576 -2.188377 -0.7299666 0.2742393
45 5.464022 -0.5298023 -0.1761357 -0.458719 1.222545 0.4207547 0.245274 0.246938 -2.211773 -0.4957301 0.2491914
46 5.470211 -0.4821372 -0.0720404 -0.691355 1.201244 0.3431152 0.2376341 0.3415254 -2.114271 -0.3419162 0.21297
47 5.416903 -0.3771674 -0.1361511 -0.7214177 1.305679 0.5357328 0.2575404 0.216672 -2.372427 -0.4559252 0.2773743
48 5.391396 -0.5588031 -0.07910694 -0.5547065 1.269697 0.4715583 0.2161527 0.2065141 -2.016411 -0.4784003 0.1806217
49 5.318302 -0.3844341 -0.1207582 -0.6959489 1.290489 0.4291485 0.2430533 0.2238643 -2.110662 -0.4537457 0.2218898
50 5.339501 -0.3854792 -0.02395291 -0.6414193 1.357068 0.4512944 0.2545294 0.2507916 -2.21293 -0.6422312 0.2767945
51 5.230379 -0.5724774 0.03966023 -0.4650436 1.2883 0.4316989 0.2211862 0.1939851 -1.913797 -0.5975069 0.2041871
52 5.414863 -0.3769992 -0.3181924 -0.6295833 1.264395 0.4272447 0.2131025 0.1927001 -2.137971 -0.6309181 0.2587732
53 5.402326 -0.4628776 -0.06545292 -0.5835744 1.16775 0.4619502 0.2058106 0.1639898 -2.302736 -0.5641108 0.2804042
54 5.396356 -0.5238538 -0.1445317 -0.5006492 1.340972 0.5348106 0.2238304 0.1782218 -1.860151 -0.5784866 0.1824092
56 5.325972 -0.6204993 -0.06093971 -0.3617187 1.233959 0.28559 0.282473 0.4275161 -2.123706 -0.4736002 0.2274058
57 5.404987 -0.5606916 -0.229108 -0.456466 1.322508 0.3949568 0.1784763 0.152861 -2.041703 -0.7871724 0.2290312
58 5.266333 -0.3464852 0.09225055 -0.7163433 1.186577 0.2011223 0.1803471 0.2997662 -2.042745 -0.5515121 0.2211994
59 5.241321 -0.4912228 0.02745464 -0.4977936 1.235465 0.4424767 0.2191526 0.2034461 -2.105646 -0.6589819 0.2508684
60 5.280333 -0.4978104 -0.1359018 -0.5361687 1.427569 0.5953919 0.2423336 0.1753814 -2.078247 -0.6325462 0.2093306
61 5.418808 -0.4852343 -0.1958953 -0.4793056 1.268112 0.2688056 0.1618253 0.2256486 -2.198346 -0.6675611 0.2707283
62 5.314167 -0.4431371 0.07447584 -0.5598951 1.208064 0.3256093 0.2077866 0.2582436 -2.201131 -0.5647213 0.2549816
63 5.356448 -0.45867 0.003111834 -0.5679676 1.47737 0.6231797 0.2306824 0.156037 -2.079167 -0.6572323 0.2259554
64 5.295962 -0.4882799 -0.1352076 -0.5055523 1.542687 0.5104977 0.3012403 0.3381982 -1.93746 -0.4630215 0.2008483
65 5.332895 -0.5880848 -0.1787496 -0.4437587 1.253164 0.4947051 0.2582978 0.2272265 -2.219375 -0.5361775 0.2573776
66 5.384249 -0.5359444 -0.2078624 -0.5527288 1.515505 0.354948 0.2082799 0.2231832 -2.179894 -0.5503995 0.252105
67 5.403443 -0.5149215 -0.3109671 -0.4588875 1.068046 0.3162413 0.1554694 0.1630772 -2.243147 -0.4186262 0.2522954
68 5.407238 -0.4579735 -0.2017253 -0.5471817 1.177803 0.342713 0.2074667 0.2331072 -2.268019 -0.4573569 0.2686792
69 5.303578 -0.3697196 -0.09443645 -0.5257908 1.568084 0.4483228 0.270498 0.26852 -2.079276 -0.6568699 0.2615562
70 5.276907 -0.4543994 0.03755897 -0.6098441 1.096389 0.30885 0.1514255 0.15639 -2.378965 -0.3875554 0.2824678
71 5.226219 -0.227384 0.04781571 -0.7591758 1.170883 0.6508805 0.1950129 0.1230173 -2.195177 -0.3851333 0.2169528
72 5.168365 -0.4597381 0.07541506 -0.6313617 1.121546 0.5597559 0.2463143 0.1624506 -2.134566 -0.3246059 0.2213456
73 5.359421 -0.4264768 -0.1453829 -0.6279736 1.103206 0.3372092 0.2321989 0.2454766 -2.317013 -0.4585502 0.2896022
74 5.339067 -0.4935531 -0.005104697 -0.4415588 1.423218 0.7772503 0.3415506 0.225908 -2.239114 -0.460447 0.2446326
75 5.33109 -0.5489491 -0.05023718 -0.3897595 1.114004 0.4602492 0.193677 0.1443083 -2.208158 -0.6048122 0.2473382
77 5.485414 -0.5839245 -0.2879985 -0.3533218 1.100482 0.4460787 0.1503238 0.1136857 -2.200277 -0.5073795 0.2404922
78 5.370684 -0.4146187 -0.2248932 -0.6258351 1.223596 0.3886846 0.2378339 0.2252455 -1.993078 -0.5199704 0.1963555
79 5.358786 -0.5117275 -0.04742312 -0.5967629 1.508819 0.2614205 0.06654318 0.6513874 -2.022338 -0.6854161 0.2252727
80 5.472881 -0.415016 -0.186814 -0.6917186 1.323996 0.4605711 0.2310222 0.2218488 -1.970091 -0.5120089 0.2081394
81 5.322316 -0.3625205 -0.1100268 -0.6523395 1.101197 0.3521153 0.195836 0.1997096 -2.491247 -0.4067551 0.3192998
82 5.280505 -0.3697813 -0.1337885 -0.7997115 1.350004 0.37132 0.2446441 0.2757649 -2.005381 -0.4424992 0.1863109
83 5.274746 -0.3504211 -0.1415105 -0.6879492 1.207503 0.3834597 0.2845363 0.2979638 -2.006317 -0.4830023 0.202395
84 5.393765 -0.4778783 -0.1567102 -0.6465224 1.087614 0.2589504 0.1461371 0.2226474 -2.304412 -0.6206662 0.2845347
85 5.233334 -0.503102 0.08390434 -0.5042287 1.317527 0.6824649 0.2701715 0.2120176 -1.976486 -0.6710319 0.2010373
86 5.353924 -0.5549954 -0.0934945 -0.4313437 1.419803 0.2191436 0.2741961 0.6876469 -2.251859 -0.6890088 0.278054
87 5.301571 -0.4518518 -0.0474374 -0.5672989 1.267837 0.5162712 0.2819529 0.2480265 -2.307556 -0.4460425 0.2540279
88 5.444549 -0.464225 -0.2027566 -0.6441132 1.134266 0.4339262 0.2459908 0.212754 -2.165617 -0.6345189 0.2378737
89 5.314036 -0.4632475 -0.1010751 -0.6024214 1.262614 0.3285328 0.2054414 0.2683952 -2.170369 -0.3975686 0.2453881
90 5.342934 -0.4859378 -0.1135133 -0.624018 1.250291 0.438374 0.1925324 0.2017268 -2.218063 -0.3297898 0.2450497
91 5.310307 -0.4483953 0.06663074 -0.7063157 1.154853 0.4042874 0.2338976 0.2328144 -2.236338 -0.5484635 0.2467905
92 5.429478 -0.499759 -0.1899218 -0.5939336 1.298087 0.3840023 0.2444018 0.305498 -2.172277 -0.5162056 0.2356974
93 5.363228 -0.4683415 -0.02701731 -0.7316555 1.24094 0.3714917 0.2401272 0.2680164 -2.147255 -0.5888675 0.2401277
94 5.334934 -0.4292811 -0.1380635 -0.5863584 1.22705 0.396323 0.2403823 0.2379672 -2.016103 -0.520627 0.2193109
95 5.290292 -0.4628218 0.05403151 -0.6448978 1.449002 0.2672778 0.2361431 0.6821236 -1.977442 -0.6555955 0.1990904
96 5.377129 -0.4522834 -0.1066689 -0.5800974 1.184801 0.4653161 0.2647957 0.2293167 -2.071619 -0.5395484 0.2180837
97 5.341382 -0.4943319 -0.07586264 -0.5242449 1.098001 0.4283008 0.2539089 0.2303408 -2.033927 -0.514666 0.2144433
98 5.310893 -0.4040401 -0.06022522 -0.6975403 1.433485 0.513348 0.2284177 0.1813019 -1.987548 -0.4524551 0.1847273
99 5.36716 -0.4443097 -0.06557433 -0.4589966 1.272808 0.389068 0.2472552 0.2518233 -2.235726 -0.6815624 0.2521777
100 5.403386 -0.5479358 -0.1562331 -0.4483664 1.292734 0.4265376 0.3043022 0.3251293 -2.097405 -0.4940116 0.2079822
101 5.35391 -0.4377638 -0.09744356 -0.6571219 1.283256 0.4861687 0.2141957 0.2023766 -2.027124 -0.7362217 0.2198764
102 5.28391 -0.4333174 -0.01987589 -0.609842 1.705334 0.5108947 0.3229991 0.444493 -1.961043 -0.6276662 0.2112245
103 5.395315 -0.4771171 -0.1975697 -0.5743661 1.393801 0.8092908 0.1722558 0.127275 -2.068177 -0.7378294 0.2331688
104 5.223705 -0.5177468 0.1308405 -0.5508445 1.146781 0.5495709 0.2388425 0.1731881 -1.949361 -0.7286783 0.2017012
105 5.298725 -0.2991501 0.0492698 -0.8052647 1.296246 0.3363779 0.1876181 0.2379321 -2.236261 -0.4233684 0.2319463
