1 0.07894208 0.07480081 0.1108584 0.09515989 0.08682926 0.0510891 0.05220121 0.03734456 1.101732 0.1597702 0.1332249 0.02995167
3 0.07241429 0.06709544 0.1008976 0.08810308 0.07110009 0.04616422 0.04665125 0.03712834 0.622874 0.1593081 0.1327814 0.0298884
4 0.07307866 0.06280009 0.1010176 0.07980638 0.07259728 0.03775509 0.03565327 0.0332091 0.5103224 0.1532255 0.1314514 0.02934613
5 0.06650652 0.0647115 0.09388149 0.08584535 0.06521443 0.04314893 0.04436817 0.03819347 0.6167772 0.1632811 0.1309294 0.03086222
6 0.07601233 0.07019615 0.1061364 0.08742517 0.08015823 0.04603914 0.0441203 0.0365728 0.6985368 0.1592342 0.1317702 0.02907048
7 0.076384 0.06857498 0.1072834 0.08897869 0.08128669 0.04856738 0.04840072 0.04290612 0.6063002 0.1600057 0.1315226 0.02960102
8 0.06987266 0.07161013 0.09606644 0.08757108 0.06490521 0.04191131 0.04327376 0.03475627 0.5083457 0.1606824 0.1319207 0.03039453
9 0.07018677 0.06865943 0.0982738 0.08825538 0.06625437 0.04193249 0.04038223 0.03184167 0.8589864 0.1716089 0.1341249 0.03169126
10 0.06879607 0.06793691 0.09753608 0.09024872 0.06823634 0.04416594 0.04916045 0.03904972 0.8118305 0.1599092 0.1318844 0.02974479
11 0.07592207 0.07165348 0.1046777 0.0939752 0.07622394 0.051006 0.051092 0.04435534 0.4893828 0.1438425 0.1297707 0.028471
12 0.07103263 0.06999956 0.09950535 0.08865826 0.07142263 0.04553431 0.04746377 0.04172564 0.6894404 0.1521537 0.1317764 0.0282513
13 0.07451902 0.06681626 0.1023782 0.08859688 0.07497831 0.0456877 0.04498184 0.03786822 0.5630723 0.1629654 0.1338116 0.0298544
14 0.07807726 0.06841989 0.1076501 0.08850081 0.08056143 0.04872687 0.04742861 0.03770673 0.72526 0.1590248 0.1313 0.02975192
15 0.06966524 0.07278913 0.0966025 0.09164433 0.06661848 0.04403448 0.04672985 0.03811636 0.6775199 0.149116 0.1297036 0.02834038
16 0.07565924 0.0713478 0.1058971 0.09250255 0.07887095 0.045949 0.0478626 0.0378541 0.7548398 0.1631115 0.1320536 0.03043984
17 0.07496752 0.06379896 0.104071 0.08081417 0.07495519 0.04182188 0.03697806 0.0359951 0.6119142 0.1574265 0.1317177 0.03049585
18 0.0704773 0.06586699 0.09885769 0.08658031 0.06951193 0.04055397 0.04300859 0.03736526 0.6447772 0.1596142 0.1370838 0.03025571
19 0.0809394 0.07535084 0.1121783 0.09879435 0.08847676 0.05421953 0.05429945 0.03856055 1.07267 0.1537855 0.132575 0.03052933
20 0.07063808 0.06333056 0.09852004 0.08790057 0.06620793 0.04225942 0.04917823 0.03799211 0.4923112 0.1578244 0.1325098 0.0293141
21 0.07160956 0.07351757 0.09995163 0.09414372 0.07128221 0.04610968 0.05254279 0.03826091 0.6940863 0.1621498 0.1328704 0.03005498
23 0.06668999 0.06247693 0.09392679 0.08096225 0.06308616 0.04118226 0.04256341 0.03556672 0.636541 0.1668859 0.1317501 0.03141327
24 0.07007287 0.06899294 0.0994684 0.08943876 0.06984731 0.04384227 0.04500025 0.03411474 0.7309673 0.1605803 0.1326679 0.02979057
25 0.07311064 0.06384483 0.1035404 0.08457769 0.07558446 0.04436399 0.0435179 0.03661414 0.6327911 0.1619225 0.1327117 0.02923044
26 0.07411399 0.06118061 0.1024201 0.08405717 0.07701867 0.04497119 0.04068931 0.03502053 0.6815084 0.1641349 0.1311146 0.03094334
27 0.07287619 0.06476468 0.1031437 0.08261993 0.0725951 0.04115057 0.04075626 0.03676996 0.5634235 0.1630825 0.1357485 0.03126431
28 0.08090392 0.07498836 0.1099472 0.09712958 0.08461833 0.05239819 0.05581044 0.03596236 0.5441548 0.1472462 0.1301232 0.0272559
29 0.07325187 0.06929158 0.1037784 0.09082193 0.07638097 0.04419512 0.04632905 0.03909607 0.8857637 0.1635173 0.132842 0.0312
30 0.07310035 0.06597087 0.1009315 0.08525122 0.07042188 0.03981738 0.03991592 0.03744046 0.6876887 0.1679065 0.1363411 0.03190867
31 0.07369654 0.06856831 0.1048411 0.09593835 0.07635898 0.04646393 0.05024972 0.03809113 0.5401637 0.1529212 0.1328711 0.02935981
32 0.07425674 0.07011273 0.1027356 0.08969459 0.07935461 0.04913795 0.05259557 0.03809871 1.220739 0.1557724 0.1290387 0.0293625
33 0.07619481 0.0600702 0.1044824 0.07910968 0.07732637 0.0397408 0.03572458 0.03626423 0.5336373 0.1659304 0.1345407 0.02973569
34 0.07468772 0.06830024 0.1050621 0.0912921 0.07638601 0.04851417 0.05085341 0.04082144 0.9525363 0.1592596 0.1323815 0.02960018
36 0.07551353 0.06727694 0.1071895 0.09217582 0.08115481 0.05089437 0.05504797 0.03893599 1.111301 0.1620382 0.1311104 0.03054688
37 0.07102619 0.06662008 0.1002612 0.08691541 0.07219601 0.0445796 0.04271543 0.0349978 0.8407543 0.1553923 0.1319792 0.0299869
38 0.07207897 0.06624359 0.1023986 0.08513185 0.07405362 0.04161243 0.0400997 0.03766993 0.6337169 0.1565129 0.1315955 0.02993208
39 0.07161275 0.06864114 0.1003086 0.09166961 0.0708421 0.04561994 0.0506208 0.03473063 0.8495983 0.1570465 0.1297601 0.02943788
40 0.06894017 0.062725 0.09831727 0.08204169 0.06920761 0.03809386 0.03702548 0.03613208 0.6208854 0.1572635 0.1310319 0.02952009
41 0.07443082 0.06917511 0.1035428 0.09001602 0.07439061 0.04520838 0.04645776 0.03402022 0.6007132 0.1615067 0.1350489 0.03006018
42 0.07396547 0.07762207 0.1029915 0.09773056 0.0759172 0.04838386 0.05524758 0.03464657 0.7669155 0.16639 0.1340243 0.03081019
43 0.07544164 0.06485033 0.1057716 0.08470495 0.07854453 0.04599134 0.04239647 0.0335777 0.9864675 0.1673032 0.1341216 0.03063792
44 0.07006573 0.06542501 0.09827061 0.08199856 0.06849456 0.04213677 0.03789373 0.03493445 0.5324411 0.1619044 0.1334135 0.0309329
45 0.070697 0.06986639 0.09894476 0.09017406 0.07131396 0.04510024 0.04994079 0.0369885 0.7850573 0.1611503 0.1320709 0.02968825
46 0.07050913 0.073288 0.09997261 0.09733016 0.071297 0.04731573 0.05503704 0.03541139 0.873406 0.1568077 0.1298291 0.0290771
47 0.06586423 0.0653842 0.09408292 0.08525551 0.06377866 0.04255685 0.0459637 0.03603307 0.5933896 0.1743568 0.135344 0.03193313
48 0.0712397 0.0646848 0.1012724 0.086336 0.0744429 0.04346564 0.0458575 0.03685096 0.6105374 0.1544217 0.1318735 0.02936117
49 0.0721007 0.06466275 0.09975948 0.08286199 0.07269393 0.04495923 0.04259365 0.04088739 0.6408362 0.158626 0.1313675 0.02963674
50 0.07369506 0.07094296 0.1016324 0.09213923 0.07280548 0.04456888 0.04383517 0.03918157 0.5361812 0.1640463 0.1332569 0.03040562
51 0.07339361 0.06945252 0.1012891 0.08819412 0.07137358 0.0453682 0.04409486 0.03806112 0.5920249 0.1499273 0.1302482 0.02963095
52 0.07519786 0.0730907 0.1038793 0.09179108 0.07823652 0.04888923 0.04914726 0.04309342 0.9687938 0.1644006 0.1328997 0.03079231
53 0.07073815 0.06917735 0.09805986 0.09292098 0.0697045 0.04148138 0.04331727 0.03757854 0.9022558 0.1706065 0.1336164 0.03200423
54 0.07743077 0.07449038 0.1073047 0.09563456 0.08256356 0.05098141 0.05185813 0.04210482 0.7272726 0.1484255 0.1294847 0.02815192
56 0.06638825 0.06597418 0.09232437 0.08896931 0.05972671 0.04006531 0.04393767 0.03426316 0.5259465 0.1566559 0.1308102 0.02990405
57 0.07638483 0.06932553 0.1059285 0.09080954 0.08113037 0.04955561 0.04589891 0.04481579 0.9902492 0.1603301 0.1357068 0.03071077
58 0.06844167 0.06834093 0.09379984 0.08800775 0.06437599 0.04525413 0.04727113 0.03829388 0.7837618 0.1580813 0.1308767 0.02977708
59 0.07477529 0.06859286 0.1035459 0.08815365 0.07772056 0.04523111 0.04433864 0.03940437 0.8208143 0.1597996 0.133896 0.03069831
60 0.07137777 0.05936045 0.1031632 0.08056301 0.07317835 0.03984143 0.03522777 0.03714682 0.5373051 0.1580801 0.1352197 0.03054695
61 0.07338255 0.06886128 0.1037917 0.08991632 0.0758558 0.04939892 0.05073627 0.03783327 0.8089564 0.165803 0.1335128 0.03144976
62 0.07230554 0.07467212 0.09908583 0.09567911 0.07081669 0.0462998 0.05149309 0.03896961 0.8800825 0.1623688 0.1319774 0.03045023
63 0.07695004 0.06270266 0.104938 0.07862672 0.0781942 0.04546852 0.03826468 0.04271081 0.4350677 0.1564932 0.1334154 0.02930938
64 0.07643075 0.07215062 0.1075847 0.09969662 0.08228092 0.05342921 0.05889966 0.04163012 0.4697968 0.1468729 0.1294234 0.02779424
65 0.07514184 0.06681537 0.1038883 0.08614098 0.07401117 0.04320018 0.04347086 0.034631 0.6014348 0.1631061 0.1324055 0.03176087
66 0.06575774 0.05981038 0.09336241 0.08020923 0.06122604 0.04024403 0.03878691 0.0399462 0.3754366 0.1632037 0.1335776 0.03106328
67 0.06783991 0.06217459 0.09491727 0.0810506 0.06375741 0.03898225 0.03816331 0.032293 0.7378395 0.1690306 0.1328174 0.03184163
68 0.0715505 0.06939083 0.100243 0.09030132 0.07139239 0.04608967 0.04809228 0.03540722 0.7526416 0.1686796 0.1322696 0.03133905
69 0.07461977 0.07255879 0.1060522 0.09073812 0.07726758 0.04694396 0.04708831 0.04631066 0.4901781 0.1568078 0.132027 0.02935537
70 0.06652399 0.06065653 0.09490458 0.0825365 0.06578422 0.04124015 0.03878714 0.03486211 0.78086 0.172002 0.1320654 0.03302867
71 0.0727195 0.06534473 0.1012004 0.08239264 0.07606965 0.04123444 0.04013238 0.03556021 0.6568952 0.1610939 0.1326434 0.02945672
72 0.07257428 0.05890545 0.1014803 0.07979904 0.07280445 0.03998589 0.03497609 0.03555767 0.7099799 0.157473 0.1301013 0.03038749
73 0.06884096 0.06607326 0.09731233 0.08610033 0.06761277 0.04324417 0.0469157 0.03476573 0.9042062 0.1704274 0.1326138 0.03178871
74 0.07293687 0.06383627 0.1031654 0.08417433 0.07616377 0.04218937 0.04232821 0.03841964 0.546193 0.163379 0.1322335 0.03040589
75 0.07447699 0.06905422 0.1031281 0.08929364 0.07720507 0.04676326 0.04360777 0.03666858 0.9523149 0.1658306 0.1334012 0.03182695
77 0.07273964 0.06079644 0.1011651 0.07938989 0.07290797 0.04072617 0.03781514 0.033748 1.067179 0.1641388 0.1318215 0.03112889
78 0.07237785 0.06765557 0.09989037 0.08831254 0.07301466 0.04551131 0.04679563 0.04146135 0.792198 0.1569206 0.1326694 0.02965534
79 0.07521636 0.07188207 0.1058764 0.09117167 0.07864472 0.04961357 0.0514789 0.03721031 0.6672809 0.156332 0.1318313 0.03026259
80 0.07370739 0.06816059 0.1030719 0.09109861 0.0746219 0.04851519 0.04804787 0.03725027 0.5308092 0.1532267 0.1298001 0.02825972
81 0.07067229 0.06555215 0.09888131 0.0844662 0.07156591 0.04691142 0.04287114 0.03717767 0.8321488 0.1783376 0.1336042 0.0331972
82 0.0703446 0.06570153 0.1001437 0.08665417 0.07157903 0.04341275 0.04663909 0.03886582 0.5327692 0.1540773 0.1321079 0.02943189
83 0.07167006 0.06714673 0.09890326 0.08614471 0.07189438 0.0431535 0.04511262 0.04065436 0.8789189 0.1524242 0.1310709 0.02868381
84 0.07055993 0.07459825 0.09686488 0.09370591 0.06771263 0.04587778 0.05277641 0.03303762 1.138172 0.1732091 0.1359434 0.03274154
85 0.06837363 0.05943722 0.09931317 0.0807524 0.06958172 0.04139543 0.03930677 0.03615354 0.4992407 0.1507492 0.1324757 0.02914305
86 0.07072471 0.06989473 0.09748224 0.08928044 0.06613948 0.04211426 0.04729592 0.03459572 0.5219047 0.1672191 0.1347676 0.03122231
87 0.07109322 0.06482417 0.09985201 0.08824705 0.07193825 0.04347372 0.04420369 0.0371622 0.6006968 0.1656794 0.1331963 0.03125575
88 0.07227188 0.06522256 0.09926868 0.08618709 0.06909181 0.04153013 0.04168383 0.03594824 0.7302746 0.161953 0.1344427 0.03005264
89 0.07173584 0.06908888 0.100217 0.09226474 0.07188574 0.04658421 0.05016506 0.0355901 0.7380955 0.1628359 0.1309517 0.03097001
90 0.0757977 0.06606688 0.1066764 0.09061156 0.08060954 0.04983788 0.05142858 0.03462442 0.6834484 0.1608325 0.1297689 0.03055969
91 0.07334127 0.06862284 0.1023682 0.08550385 0.07564151 0.04421632 0.04629347 0.03818922 1.043299 0.1631688 0.1339745 0.03072674
92 0.07665434 0.07184316 0.1061195 0.09156526 0.08045177 0.04891961 0.04963643 0.03774737 0.6743054 0.1618549 0.1329181 0.03018993
93 0.07375471 0.07695128 0.1015927 0.0947914 0.07264803 0.04933376 0.05078067 0.03969159 0.7765409 0.160821 0.1331452 0.03030899
94 0.07393725 0.0654933 0.1043215 0.0883926 0.0766132 0.04576029 0.04700435 0.0403148 0.9274435 0.1541434 0.1309183 0.02915547
95 0.07494164 0.06983549 0.1024271 0.08819225 0.07435675 0.04912081 0.04989191 0.03674838 0.5133002 0.1537712 0.1330535 0.02862868
96 0.07138251 0.06373612 0.09918908 0.08599818 0.06964462 0.04424934 0.04462573 0.03370118 0.5564379 0.1582841 0.1316556 0.02986836
97 0.0713984 0.06312198 0.09941633 0.08515766 0.07004878 0.04379521 0.04424144 0.03404798 0.692713 0.1565298 0.1311156 0.02950343
98 0.07646765 0.06435902 0.1076995 0.08330771 0.08293722 0.0456923 0.04290645 0.04174867 0.5903406 0.1536809 0.1314815 0.028799
99 0.07028759 0.06771784 0.09769394 0.08854629 0.06853239 0.04317123 0.04453605 0.03774133 0.6341235 0.1632076 0.1345041 0.03072543
100 0.07334488 0.06749404 0.1024253 0.09089195 0.07306236 0.04508526 0.0496917 0.04033607 0.7341167 0.1572549 0.1329386 0.02948442
101 0.07510022 0.06798484 0.1031408 0.08519782 0.07504544 0.0414241 0.04028953 0.03682644 0.5522974 0.157603 0.1344693 0.02981606
102 0.07837142 0.06568718 0.1115251 0.08599617 0.08524659 0.04775965 0.04610842 0.03980905 0.4728743 0.1473882 0.1322482 0.02718085
103 0.07429296 0.06741669 0.1029274 0.08410694 0.07625508 0.0418808 0.03612349 0.03482573 0.5010557 0.1594942 0.1348157 0.02997732
104 0.0731681 0.06411411 0.1021044 0.08205079 0.07305845 0.04200884 0.04151703 0.03298414 0.6314808 0.1516339 0.1325997 0.02975397
105 0.07443395 0.07161039 0.1040489 0.09334291 0.07561074 0.04776554 0.05385469 0.03878599 0.8248847 0.1653187 0.132956 0.03066163
