1 0.08888065 0.08579063 0.1235767 0.1084546 0.1729919 0.108666 0.09487095 0.1502795 0.1597702 0.1332249 0.02995167
3 0.08732057 0.08799877 0.1219413 0.1099155 0.1770264 0.1181264 0.1222991 0.1380124 0.1593081 0.1327814 0.0298884
4 0.09480719 0.08935684 0.1323786 0.1114957 0.270347 0.1588884 0.1544125 0.2720772 0.1532255 0.1314514 0.02934613
5 0.08748034 0.08789882 0.1228488 0.1174206 0.1801663 0.1261145 0.121682 0.1231409 0.1632811 0.1309294 0.03086222
6 0.08931061 0.0849066 0.1246215 0.1098566 0.1791385 0.1202177 0.09944655 0.1477925 0.1592342 0.1317702 0.02907048
7 0.0964195 0.08971869 0.1347458 0.1152265 0.2128865 0.1414326 0.1472475 0.1751816 0.1600057 0.1315226 0.02960102
8 0.09157013 0.08673111 0.1282062 0.1141662 0.1686575 0.110012 0.09786413 0.1242916 0.1606824 0.1319207 0.03039453
9 0.08220909 0.08251378 0.1152806 0.1078141 0.1524573 0.101183 0.09727145 0.1140354 0.1716089 0.1341249 0.03169126
10 0.08739435 0.09177996 0.1222998 0.1154057 0.1523812 0.09845088 0.1005569 0.1239219 0.1599092 0.1318844 0.02974479
11 0.09688283 0.1027279 0.1356126 0.1304223 0.2017686 0.1252348 0.119456 0.1685624 0.1438425 0.1297707 0.028471
12 0.08960819 0.09528433 0.1254163 0.1228082 0.1769853 0.1256973 0.1264336 0.1217725 0.1521537 0.1317764 0.0282513
13 0.09275746 0.09894271 0.1293207 0.1269885 0.179614 0.1142315 0.1022608 0.148723 0.1629654 0.1338116 0.0298544
14 0.09142831 0.08776586 0.1280021 0.1130626 0.1847821 0.1234933 0.1350041 0.1414177 0.1590248 0.1313 0.02975192
15 0.08599465 0.09832667 0.1198355 0.1275667 0.1767584 0.1207119 0.1232731 0.1301515 0.149116 0.1297036 0.02834038
16 0.08905598 0.08618812 0.1239472 0.1107916 0.1844139 0.1138514 0.1073509 0.1783577 0.1631115 0.1320536 0.03043984
17 0.08890819 0.08527523 0.1240661 0.1103145 0.169752 0.1008355 0.08634927 0.1379926 0.1574265 0.1317177 0.03049585
18 0.08768444 0.09695203 0.1219492 0.1170591 0.1475874 0.09208982 0.09164026 0.1100596 0.1596142 0.1370838 0.03025571
19 0.09177376 0.09534109 0.1276855 0.1200045 0.181636 0.1045084 0.0889974 0.1655594 0.1537855 0.132575 0.03052933
20 0.0891317 0.09398737 0.1249697 0.1210362 0.169808 0.1093056 0.1150223 0.1479088 0.1578244 0.1325098 0.0293141
21 0.08575826 0.09080488 0.1206865 0.1218364 0.1664904 0.1162325 0.1117905 0.1229183 0.1621498 0.1328704 0.03005498
23 0.08352048 0.08419894 0.1170083 0.1104649 0.1514975 0.1042174 0.09259342 0.1216344 0.1668859 0.1317501 0.03141327
24 0.08508334 0.09111388 0.1191044 0.1150949 0.176607 0.1124535 0.1000239 0.1662323 0.1605803 0.1326679 0.02979057
25 0.0911755 0.08673003 0.1274878 0.1092596 0.1782766 0.1211183 0.1024782 0.1333789 0.1619225 0.1327117 0.02923044
26 0.08953638 0.08000794 0.1259867 0.1045177 0.1713634 0.1180249 0.1046413 0.1184076 0.1641349 0.1311146 0.03094334
27 0.08652638 0.09409981 0.120427 0.112575 0.1520198 0.09466373 0.08910239 0.1264808 0.1630825 0.1357485 0.03126431
28 0.1057269 0.09337125 0.1484862 0.1178086 0.255777 0.1645162 0.1472422 0.2156235 0.1472462 0.1301232 0.0272559
29 0.08768831 0.09461837 0.1225492 0.1181435 0.1655955 0.102053 0.08848561 0.1419661 0.1635173 0.132842 0.0312
30 0.08577786 0.09017878 0.1198695 0.1129765 0.1538373 0.09781515 0.09530766 0.1067492 0.1679065 0.1363411 0.03190867
31 0.0975688 0.09033705 0.1361321 0.1167613 0.2033481 0.1252548 0.1233056 0.1710037 0.1529212 0.1328711 0.02935981
32 0.08633635 0.09095629 0.1209539 0.1165135 0.1693429 0.1215505 0.1254073 0.1223231 0.1557724 0.1290387 0.0293625
33 0.09621578 0.08309938 0.1355168 0.1084216 0.1879414 0.1145499 0.1001239 0.1359099 0.1659304 0.1345407 0.02973569
34 0.08724832 0.0836781 0.1225039 0.1081997 0.1608468 0.1076017 0.1027571 0.1081007 0.1592596 0.1323815 0.02960018
36 0.08477415 0.085881 0.1187772 0.1066651 0.1842618 0.1185623 0.1116255 0.176301 0.1620382 0.1311104 0.03054688
37 0.08699063 0.08690428 0.1214873 0.1095524 0.1851814 0.1260946 0.1037229 0.148727 0.1553923 0.1319792 0.0299869
38 0.08908982 0.09420586 0.1245991 0.1244806 0.1762317 0.1155058 0.1028617 0.1377972 0.1565129 0.1315955 0.02993208
39 0.08216019 0.08756688 0.1151964 0.1122666 0.1653066 0.1055273 0.1015156 0.1552726 0.1570465 0.1297601 0.02943788
40 0.09181845 0.08353315 0.1282531 0.1070908 0.1887693 0.1061188 0.08453307 0.1617585 0.1572635 0.1310319 0.02952009
41 0.09370758 0.09612826 0.1308731 0.1202944 0.1858586 0.1192103 0.1315949 0.1751299 0.1615067 0.1350489 0.03006018
42 0.08779253 0.09692908 0.1221629 0.1239459 0.1794935 0.1188323 0.1063499 0.1501487 0.16639 0.1340243 0.03081019
43 0.08651965 0.0774066 0.1212185 0.1036844 0.14578 0.09082154 0.0834049 0.1063433 0.1673032 0.1341216 0.03063792
44 0.08799554 0.0918873 0.1226203 0.1144706 0.1863345 0.1304089 0.1345631 0.1509053 0.1619044 0.1334135 0.0309329
45 0.08714911 0.08872531 0.1221742 0.1135437 0.178391 0.1213613 0.1161684 0.1504564 0.1611503 0.1320709 0.02968825
46 0.08499021 0.08732162 0.1181836 0.1149508 0.1985157 0.1198932 0.1083971 0.2048767 0.1568077 0.1298291 0.0290771
47 0.09226057 0.09408697 0.1292614 0.1181757 0.2195353 0.17656 0.1480127 0.1668992 0.1743568 0.135344 0.03193313
48 0.08986712 0.08135679 0.1259508 0.1069976 0.1784929 0.1158827 0.10726 0.1542184 0.1544217 0.1318735 0.02936117
49 0.08907733 0.08718442 0.1244968 0.1167045 0.1830793 0.1268773 0.1152556 0.1526071 0.158626 0.1313675 0.02963674
50 0.09229929 0.09696087 0.1281575 0.1226379 0.1917799 0.1120854 0.1016988 0.1736068 0.1640463 0.1332569 0.03040562
51 0.08951536 0.09380649 0.1249767 0.1153783 0.1625601 0.1072807 0.0997008 0.1245238 0.1499273 0.1302482 0.02963095
52 0.08868046 0.08934329 0.1235835 0.1099624 0.1797068 0.1114713 0.09481772 0.1406287 0.1644006 0.1328997 0.03079231
53 0.08730389 0.08088934 0.1220059 0.1036803 0.1605443 0.09703928 0.08452339 0.1314992 0.1706065 0.1336164 0.03200423
54 0.09344884 0.08329011 0.1307603 0.1081188 0.2134482 0.1435276 0.1291343 0.1843344 0.1484255 0.1294847 0.02815192
56 0.08357059 0.09296336 0.1169793 0.1221701 0.1590074 0.1043956 0.1255495 0.1393548 0.1566559 0.1308102 0.02990405
57 0.08924343 0.08695006 0.1242971 0.1058825 0.1682195 0.1079178 0.09325886 0.1217242 0.1603301 0.1357068 0.03071077
58 0.07999491 0.09066949 0.1116244 0.1144583 0.1433001 0.1032391 0.09534883 0.1053256 0.1580813 0.1308767 0.02977708
59 0.08828555 0.08863759 0.1237559 0.1101181 0.1951629 0.1162873 0.1059364 0.1920077 0.1597996 0.133896 0.03069831
60 0.09638913 0.08883097 0.1349233 0.1123102 0.1795405 0.1085307 0.1083809 0.1355427 0.1580801 0.1352197 0.03054695
61 0.084579 0.08818765 0.1174894 0.1150386 0.1643538 0.1089977 0.09719718 0.1426536 0.165803 0.1335128 0.03144976
62 0.08457785 0.08580913 0.1176639 0.1119219 0.158454 0.09652577 0.08980036 0.138342 0.1623688 0.1319774 0.03045023
63 0.09857376 0.0876882 0.1381836 0.1158534 0.1969526 0.1257987 0.1089395 0.1419769 0.1564932 0.1334154 0.02930938
64 0.09784706 0.1015842 0.1368664 0.1289664 0.2600363 0.177719 0.1720684 0.2366372 0.1468729 0.1294234 0.02779424
65 0.0903537 0.08568528 0.1265103 0.1080113 0.1588132 0.1061088 0.09714397 0.1229942 0.1631061 0.1324055 0.03176087
66 0.09233081 0.0918113 0.1292312 0.1190958 0.2105524 0.149887 0.1320228 0.1596454 0.1632037 0.1335776 0.03106328
67 0.07997436 0.0767672 0.1115908 0.09999679 0.1319974 0.084075 0.07424453 0.1075125 0.1690306 0.1328174 0.03184163
68 0.08405722 0.08654702 0.1174846 0.1100907 0.1628426 0.1026896 0.1021862 0.1493095 0.1686796 0.1322696 0.03133905
69 0.09770395 0.1039225 0.1365211 0.1339364 0.2019681 0.1358431 0.1233324 0.1534996 0.1568078 0.132027 0.02935537
70 0.08088161 0.07425505 0.1126558 0.09916369 0.1417724 0.09223802 0.07804608 0.1077352 0.172002 0.1320654 0.03302867
71 0.09245313 0.07482682 0.1298682 0.09926914 0.1800816 0.1095672 0.09300089 0.1415502 0.1610939 0.1326434 0.02945672
72 0.08816039 0.08151622 0.1239973 0.1071633 0.1534848 0.09801967 0.08585542 0.1025474 0.157473 0.1301013 0.03038749
73 0.08167148 0.08701868 0.1142933 0.109938 0.181498 0.1177377 0.1114945 0.1602326 0.1704274 0.1326138 0.03178871
74 0.1012534 0.08742069 0.1418687 0.1134198 0.216341 0.1424972 0.1215637 0.1697754 0.163379 0.1322335 0.03040589
75 0.08530056 0.07980441 0.1192682 0.1027825 0.1512751 0.09835438 0.08908346 0.118117 0.1658306 0.1334012 0.03182695
77 0.08469055 0.07426496 0.1186949 0.09658443 0.1390539 0.08779449 0.07636962 0.09681252 0.1641388 0.1318215 0.03112889
78 0.08585684 0.0869949 0.1207716 0.1161901 0.1715606 0.1167135 0.1064123 0.1263533 0.1569206 0.1326694 0.02965534
79 0.0904657 0.1123939 0.1256156 0.1433561 0.197731 0.1284996 0.1399579 0.2090401 0.156332 0.1318313 0.03026259
80 0.09127157 0.09174833 0.1278273 0.1204414 0.1802314 0.1155302 0.1085878 0.1493283 0.1532267 0.1298001 0.02825972
81 0.08231242 0.08373999 0.1152036 0.108929 0.1534588 0.1009098 0.08898733 0.1187178 0.1783376 0.1336042 0.0331972
82 0.08887456 0.08905272 0.1242664 0.1156246 0.1819967 0.1303573 0.1380594 0.1530946 0.1540773 0.1321079 0.02943189
83 0.08541281 0.09632628 0.12 0.1222318 0.1642599 0.1172177 0.1145393 0.1177218 0.1524242 0.1310709 0.02868381
84 0.07885072 0.08311628 0.1095184 0.1043208 0.130413 0.08576039 0.08351519 0.1131018 0.1732091 0.1359434 0.03274154
85 0.09667607 0.09143326 0.1353388 0.1156341 0.2464562 0.1395789 0.1113926 0.2453054 0.1507492 0.1324757 0.02914305
86 0.08706736 0.1147463 0.1209874 0.1459512 0.1796442 0.1197864 0.1259006 0.1698127 0.1672191 0.1347676 0.03122231
87 0.09078561 0.08634168 0.1271921 0.1148698 0.1955072 0.129931 0.1136728 0.1526828 0.1656794 0.1331963 0.03125575
88 0.0849889 0.08412674 0.1189441 0.109125 0.1563658 0.1006117 0.09104047 0.1180288 0.161953 0.1344427 0.03005264
89 0.08546971 0.08998456 0.1198348 0.1156849 0.197584 0.1248487 0.1145127 0.1878849 0.1628359 0.1309517 0.03097001
90 0.08832403 0.08267185 0.1240243 0.1099576 0.2031549 0.1225254 0.1111936 0.196895 0.1608325 0.1297689 0.03055969
91 0.0849701 0.08297084 0.118821 0.1074916 0.147093 0.09099662 0.0882352 0.1229434 0.1631688 0.1339745 0.03072674
92 0.08810528 0.09487672 0.1232564 0.1240487 0.2303175 0.1291298 0.1085869 0.2372229 0.1618549 0.1329181 0.03018993
93 0.08690571 0.09719106 0.1212675 0.1200977 0.1622951 0.1090164 0.1025812 0.1358879 0.160821 0.1331452 0.03030899
94 0.08676267 0.08759692 0.1216149 0.1129853 0.1661036 0.1065989 0.1051822 0.148462 0.1541434 0.1309183 0.02915547
95 0.08877792 0.1072702 0.1236965 0.1407998 0.3262063 0.2100362 0.1712152 0.3467252 0.1537712 0.1330535 0.02862868
96 0.08735916 0.09128591 0.1223134 0.1139417 0.1751947 0.1220831 0.1238809 0.1350711 0.1582841 0.1316556 0.02986836
97 0.08437735 0.08466289 0.1178309 0.1088745 0.1590434 0.1118451 0.09919375 0.117345 0.1565298 0.1311156 0.02950343
98 0.09450276 0.08781462 0.1322652 0.1132392 0.1782934 0.1131845 0.1035532 0.124612 0.1536809 0.1314815 0.028799
99 0.08777969 0.08456904 0.1222532 0.1101016 0.1506698 0.09556948 0.08900332 0.1103587 0.1632076 0.1345041 0.03072543
100 0.08903277 0.0928432 0.124889 0.1198853 0.1580973 0.1050155 0.1107288 0.1239018 0.1572549 0.1329386 0.02948442
101 0.09074016 0.09105303 0.1260835 0.1116709 0.1605965 0.1034048 0.0874005 0.1246724 0.157603 0.1344693 0.02981606
102 0.1014156 0.1065169 0.1416169 0.1383965 0.2243646 0.1310068 0.121642 0.2171943 0.1473882 0.1322482 0.02718085
103 0.1012665 0.08616512 0.1417448 0.1078323 0.2042412 0.1156888 0.09088537 0.1572881 0.1594942 0.1348157 0.02997732
104 0.08896362 0.08264581 0.1243058 0.1038223 0.1761957 0.1055146 0.09171831 0.1435766 0.1516339 0.1325997 0.02975397
105 0.08655044 0.08426946 0.1212166 0.1096092 0.1554284 0.09709174 0.09158258 0.1346043 0.1653187 0.132956 0.03066163
