1 0.07901362 0.07272668 0.1108525 0.09303964 0.08661561 0.04964072 0.05199981 0.03826284 1.105392 0.06396515
3 0.07235427 0.06354578 0.1011357 0.08587315 0.07153142 0.04475471 0.04401362 0.03529431 0.6223626 0.06404204
4 0.07344155 0.05891371 0.1015366 0.07829139 0.07267323 0.03918248 0.03762421 0.0340994 0.5188939 0.06327252
5 0.06638124 0.06330796 0.09390575 0.0861063 0.06582429 0.04331964 0.04541976 0.03866551 0.6144958 0.06331385
6 0.07578093 0.07031319 0.1062889 0.08566388 0.08036992 0.04714692 0.04326629 0.03790184 0.6884565 0.0635316
7 0.07656169 0.06667113 0.1071175 0.08738717 0.08163237 0.04780405 0.04914926 0.04205512 0.6155705 0.06297414
8 0.07016827 0.06688313 0.09632109 0.08712943 0.06502977 0.0416514 0.04264374 0.03570025 0.5107418 0.06392004
9 0.06996559 0.06343564 0.09830761 0.08521988 0.06624191 0.0419094 0.04157082 0.03276267 0.8716285 0.06446323
10 0.06846338 0.06514007 0.09719112 0.08632516 0.06653569 0.04255042 0.04755757 0.03704688 0.8166393 0.06387808
11 0.07624538 0.07421791 0.1052742 0.09588822 0.07738321 0.04954406 0.05062916 0.04323506 0.4872158 0.06311952
12 0.07101076 0.0737186 0.09918526 0.09410302 0.07117537 0.04593146 0.04597298 0.04076667 0.6768512 0.06382418
13 0.0744856 0.06935506 0.1026389 0.09070754 0.07375308 0.0447141 0.0467177 0.0353397 0.5552948 0.06413187
14 0.07835556 0.07036214 0.1077402 0.08936501 0.08107145 0.04474198 0.0476277 0.03851368 0.743433 0.06312509
15 0.06925421 0.07079923 0.09624726 0.08942921 0.06717221 0.04269993 0.04662325 0.03878985 0.6659571 0.06300999
16 0.07545763 0.06720435 0.1057617 0.08796826 0.07851926 0.04635425 0.04648645 0.0378197 0.7566691 0.06326091
17 0.07465486 0.06438875 0.1039039 0.08376989 0.07529045 0.04147907 0.03853862 0.03552964 0.6090959 0.063539
18 0.07026346 0.07157759 0.09849766 0.08791531 0.07008012 0.04032056 0.04240454 0.03764788 0.6495783 0.06541516
19 0.08092802 0.07402203 0.112252 0.09774391 0.09011214 0.05505648 0.05400033 0.03855864 1.087092 0.06360471
20 0.07079159 0.0652417 0.09892995 0.09102032 0.06654223 0.04125246 0.04944949 0.03911862 0.4900613 0.0646144
21 0.07152123 0.07165302 0.09985665 0.09395661 0.07165692 0.04663521 0.05524669 0.0385833 0.6945397 0.06447393
23 0.06665334 0.06451631 0.09353353 0.08522593 0.06234179 0.0405391 0.04171092 0.03492886 0.6401757 0.06360292
24 0.06995908 0.06629821 0.09936869 0.08948042 0.06990931 0.04463781 0.04520885 0.03408412 0.7406099 0.06395028
25 0.07285447 0.06377162 0.1033164 0.08634201 0.07627418 0.04467685 0.04311881 0.03659983 0.6235836 0.06427924
26 0.07420999 0.06357489 0.1024997 0.08502116 0.07601977 0.04278222 0.04208672 0.03508666 0.6779794 0.06326797
27 0.0729717 0.06270002 0.1033241 0.08184462 0.07206974 0.04100456 0.04151443 0.0352341 0.5555244 0.06530772
28 0.08060067 0.07584583 0.109862 0.09785206 0.08502878 0.0543823 0.05695698 0.03561906 0.5466556 0.06328688
29 0.07285138 0.06973338 0.1037076 0.09237387 0.0758047 0.04519334 0.047167 0.03785728 0.8710687 0.06359088
30 0.07255917 0.06544857 0.1003812 0.08291039 0.06963142 0.04021538 0.04102209 0.03653012 0.681037 0.06505227
31 0.07353379 0.07560014 0.1046884 0.09551566 0.07722686 0.04732677 0.05184385 0.03782932 0.5376759 0.06403389
32 0.07415514 0.06432866 0.102598 0.08528567 0.07944437 0.0491278 0.05219748 0.03823693 1.253149 0.06233047
33 0.07577101 0.05950181 0.1045523 0.07977192 0.07761507 0.03973444 0.03754207 0.03646637 0.5341882 0.06466087
34 0.07472328 0.06773193 0.105024 0.09300771 0.0760523 0.04851659 0.05166364 0.04121898 0.9537945 0.06414822
36 0.07563515 0.07027887 0.1070199 0.09280251 0.08088486 0.05047466 0.05192713 0.03905538 1.101571 0.06331701
37 0.07091045 0.06576984 0.1001237 0.08636214 0.07134118 0.043548 0.04186889 0.03432979 0.8580702 0.06362326
38 0.0725527 0.06344056 0.1028941 0.08369098 0.07468589 0.04315164 0.04010407 0.03697678 0.6427939 0.06378065
39 0.07207956 0.07076038 0.0999826 0.09224778 0.06993597 0.04617749 0.04893114 0.03278826 0.8461971 0.06290529
40 0.06863771 0.06142574 0.09810113 0.08312135 0.06905112 0.03869595 0.03667933 0.03698478 0.6332844 0.06344587
41 0.07439941 0.06927582 0.1038294 0.0896247 0.07396731 0.0456254 0.04764168 0.03387045 0.6068193 0.06471939
42 0.07382299 0.07736155 0.1031812 0.1025486 0.07571844 0.04862242 0.05675178 0.03485563 0.7558064 0.06383729
43 0.07554743 0.0627531 0.1060417 0.08501601 0.07813421 0.04518653 0.04295877 0.03390005 0.9663175 0.06464208
44 0.07059172 0.06869179 0.09857 0.08685793 0.06966327 0.04263082 0.03830748 0.03561533 0.5330518 0.06368563
45 0.07064696 0.07158956 0.09892559 0.09172597 0.0717574 0.04651279 0.05145855 0.03848746 0.7797284 0.06345575
46 0.07063667 0.07202453 0.09964941 0.09639625 0.07228431 0.04785189 0.05528471 0.03479225 0.8752044 0.0632437
47 0.06577586 0.06682322 0.09387758 0.08991313 0.06401135 0.04133639 0.04394821 0.03618393 0.6009137 0.06454881
48 0.07113691 0.0666704 0.1011753 0.08831112 0.07365929 0.04557887 0.0474023 0.03586427 0.605207 0.06422788
49 0.07227475 0.06507108 0.09985224 0.08637467 0.0713697 0.04479247 0.04186048 0.0402213 0.6294271 0.06344694
50 0.07320109 0.06567472 0.1013766 0.0857203 0.07382289 0.0439782 0.04295427 0.03965103 0.5375044 0.06359088
51 0.07333132 0.06753693 0.1011026 0.08628721 0.07209572 0.04558311 0.04592479 0.03988117 0.5976656 0.06345175
52 0.07539632 0.07713816 0.1039259 0.09688932 0.07799512 0.05113172 0.04854145 0.04174206 0.9587962 0.06343368
53 0.07063201 0.07079185 0.09803582 0.09090228 0.06962744 0.04138044 0.04488798 0.03835841 0.8963524 0.06406979
54 0.0773625 0.07379744 0.1068027 0.09436419 0.08381844 0.05302558 0.050899 0.04178338 0.7227985 0.06295536
56 0.06622471 0.06550858 0.09198886 0.08683572 0.06037231 0.04190044 0.04502172 0.03396281 0.5235804 0.06348397
57 0.07675995 0.06821202 0.1062498 0.08986098 0.08007827 0.04805182 0.0464745 0.04565948 0.9922689 0.06484047
58 0.06851401 0.06981465 0.09422748 0.08884333 0.06362927 0.04299898 0.04596873 0.03905511 0.7763064 0.06334071
59 0.07499423 0.06754133 0.1039183 0.08663023 0.07716562 0.04508215 0.04530005 0.03992469 0.8035812 0.06443426
60 0.07144463 0.05819415 0.1030925 0.07861719 0.07386381 0.03912691 0.0354381 0.03706745 0.5326312 0.0653878
61 0.07354768 0.07278209 0.1038373 0.0914888 0.07675464 0.049021 0.05044326 0.03937107 0.8189913 0.06388709
62 0.07233499 0.07309874 0.09924207 0.09544101 0.07104792 0.04593919 0.05065842 0.03758771 0.8753632 0.06365697
63 0.07739454 0.06464396 0.1053156 0.07958577 0.07701581 0.04283442 0.03840089 0.04045536 0.4308225 0.06445781
64 0.07585863 0.07308128 0.1072891 0.1027384 0.08099028 0.05317056 0.05801902 0.04225789 0.4728215 0.06299431
65 0.07539024 0.06429181 0.1039278 0.08532878 0.07453471 0.04449389 0.04214857 0.03380108 0.599873 0.06395248
66 0.06596841 0.06142997 0.09303305 0.08018672 0.06203407 0.04049759 0.03970754 0.03879574 0.3762537 0.06409485
67 0.06797992 0.05927723 0.09488022 0.08055204 0.06431072 0.0386931 0.03896852 0.03273758 0.7295038 0.06372947
68 0.07140725 0.06600387 0.1003511 0.08930986 0.07051392 0.0457094 0.04717833 0.03692443 0.7581695 0.06352043
69 0.0743628 0.07625338 0.1054282 0.0956893 0.07746212 0.04682517 0.04504871 0.04635621 0.4838048 0.06319502
70 0.06697228 0.06002304 0.0950368 0.08014868 0.06639067 0.04245763 0.04124816 0.03501299 0.7899737 0.06378741
71 0.072566 0.0634189 0.1006357 0.08145361 0.07453304 0.03893613 0.04081681 0.03417742 0.6625179 0.06432525
72 0.0727864 0.06275625 0.1014194 0.0809121 0.07250138 0.04062011 0.03732734 0.0356434 0.7121295 0.06338453
73 0.0689096 0.06942106 0.0976677 0.09059289 0.06769678 0.04246267 0.04848431 0.03457595 0.9083906 0.06329169
74 0.07307119 0.0628784 0.1038204 0.08530891 0.07561053 0.04512667 0.04389262 0.03825109 0.5513814 0.06400282
75 0.07439573 0.07039314 0.1031029 0.08861766 0.07543998 0.0467742 0.04431111 0.03688862 0.9681408 0.06450631
77 0.07277837 0.062527 0.1008654 0.08080237 0.07354785 0.04197581 0.0385408 0.03403844 1.069538 0.06363178
78 0.0722883 0.06791596 0.09992145 0.08755783 0.07250943 0.04666694 0.04785725 0.04166267 0.8002474 0.06416973
79 0.07558877 0.06935033 0.1062713 0.09070582 0.07970645 0.04734697 0.05080379 0.03699805 0.6649599 0.06367778
80 0.07338546 0.06776865 0.1028622 0.08829418 0.07467346 0.04747969 0.05079145 0.03675938 0.5220366 0.06282905
81 0.07079002 0.06774823 0.0988709 0.0850371 0.07209211 0.04391216 0.0416841 0.03634395 0.8300294 0.06366068
82 0.07043028 0.06274376 0.1009006 0.08652855 0.07151158 0.04464063 0.04519712 0.03884732 0.529692 0.06420616
83 0.07143519 0.06409781 0.09886962 0.08306198 0.07235961 0.0436273 0.04675768 0.0392994 0.8864193 0.06342941
84 0.07070841 0.07442743 0.09691601 0.09513608 0.06858788 0.04622575 0.05147648 0.0339786 1.116963 0.0646997
85 0.06796476 0.05832366 0.0990387 0.07854155 0.07057274 0.04122891 0.04086049 0.03573643 0.5024697 0.06422985
86 0.07035847 0.07624673 0.09761313 0.0940988 0.06533305 0.04303864 0.04447394 0.03549823 0.5224411 0.06434297
87 0.07088599 0.06391958 0.09934197 0.08656534 0.07193141 0.04282783 0.04253668 0.03710736 0.6014896 0.06448097
88 0.07247112 0.06738594 0.09931423 0.08544948 0.06887459 0.04169306 0.04270667 0.0354651 0.7249526 0.06415728
89 0.07216806 0.06940904 0.1005546 0.0902048 0.0713592 0.04632941 0.05003611 0.03578197 0.7324737 0.06331701
90 0.07573791 0.06724189 0.1064889 0.09017565 0.08037249 0.04771962 0.04974315 0.03374129 0.6877716 0.06296872
91 0.07305809 0.06499054 0.1022781 0.08543588 0.07428038 0.04633099 0.04598251 0.03761287 1.060463 0.06443958
92 0.07602366 0.0694034 0.1059274 0.09254633 0.08050235 0.04719318 0.04967922 0.03740647 0.6792993 0.06406187
93 0.0739515 0.07079488 0.1013132 0.0920486 0.0729007 0.04743947 0.04982791 0.03986766 0.7731955 0.06414214
94 0.07422305 0.06868305 0.1047544 0.08860204 0.07597164 0.04372934 0.047027 0.03839982 0.9227106 0.06345985
95 0.07531635 0.06889686 0.1026622 0.08824817 0.07398509 0.04822277 0.04901007 0.03639331 0.5080812 0.06414412
96 0.07154731 0.06224784 0.09938772 0.08519501 0.07029792 0.0432512 0.04275714 0.03506815 0.5629661 0.06384572
97 0.07162012 0.06762959 0.09949463 0.0856559 0.07001197 0.04382851 0.04275161 0.03492736 0.6926752 0.06368821
98 0.07592778 0.070267 0.1069193 0.08742297 0.08314472 0.04701579 0.04416046 0.04225697 0.5854622 0.06398638
99 0.06999954 0.07186446 0.09765472 0.09102448 0.0678063 0.042061 0.04392439 0.03748611 0.6369904 0.06454972
100 0.07366901 0.07012269 0.1025986 0.09116893 0.07322534 0.04594198 0.04842291 0.04034813 0.7286981 0.06449769
101 0.07464055 0.06972687 0.1027388 0.08493371 0.07471093 0.04258738 0.03979643 0.0366876 0.5409206 0.06441095
102 0.07826991 0.06812563 0.1117272 0.09000507 0.08377397 0.04703034 0.04526746 0.04045157 0.4755911 0.0637654
103 0.07488144 0.06591339 0.1035436 0.08341202 0.07502559 0.04158084 0.03687977 0.0359832 0.4984457 0.06445194
104 0.07347063 0.06375976 0.1024802 0.0831384 0.07298788 0.04127507 0.03989656 0.03232739 0.6250093 0.06419737
105 0.07445703 0.06998874 0.1037879 0.09246097 0.07560187 0.04809971 0.05193076 0.04038237 0.8431755 0.0643861
