1 5.348195 -0.4386315 0.03516287 -0.6082266 1.236463 0.4602788 0.2133623 0.2078766 -1.517411
3 5.389591 -0.5282981 -0.04536649 -0.4527988 1.237862 0.4050693 0.2696202 0.2718738 -1.467874
4 5.264403 -0.4928715 -0.1231828 -0.502603 1.242912 0.6572987 0.2581992 0.1734495 -1.42272
5 5.299556 -0.4653982 -0.07576076 -0.5307294 1.263598 0.3964471 0.2981334 0.307218 -1.466838
6 5.410311 -0.2627645 -0.09548776 -0.8642956 1.24366 0.4712683 0.2479239 0.2337629 -1.465075
7 5.383741 -0.4729363 -0.2193517 -0.5550037 1.340156 0.6310394 0.2658892 0.1753315 -1.389464
8 5.340796 -0.5297889 -0.09249188 -0.5230664 1.331369 0.4791549 0.2556195 0.2341524 -1.506675
9 5.347503 -0.374716 -0.0966178 -0.7012275 1.054875 0.4012071 0.2587357 0.2486455 -1.506342
10 5.43873 -0.4756175 -0.2837984 -0.4614657 1.214947 0.4268999 0.2276779 0.2033568 -1.477519
11 5.083086 -0.5063772 0.2678146 -0.5747542 1.634395 0.4069013 0.2863176 0.3531215 -1.431096
12 5.430297 -0.4500233 -0.1159512 -0.6525624 1.333635 0.4010774 0.2964196 0.306041 -1.504818
13 5.402529 -0.3557642 -0.2022766 -0.6958472 1.390593 0.4581995 0.2933806 0.3410305 -1.545035
14 5.413252 -0.5637062 -0.2108762 -0.4831312 1.275795 0.5149448 0.3022609 0.2488415 -1.397414
15 5.246029 -0.4499554 0.09532645 -0.6566026 1.209541 0.3677347 0.2813328 0.309043 -1.399739
16 5.43397 -0.4426796 -0.1933918 -0.5907987 1.243587 0.4671015 0.209605 0.2089211 -1.441383
17 5.30556 -0.5138012 -0.1650861 -0.4307248 1.187481 0.5069346 0.2135172 0.1631537 -1.446534
18 5.397125 -0.4426016 0.007615598 -0.5994914 1.228087 0.4295084 0.2709664 0.2714153 -1.618681
19 5.230711 -0.5661017 -0.07751997 -0.4353867 1.308365 0.4793048 0.1577777 0.1893149 -1.45288
20 5.359535 -0.4624431 -0.07923583 -0.6880067 1.421022 0.344453 0.2849567 0.3906068 -1.557055
21 5.263833 -0.3365603 0.06939546 -0.8141972 1.286923 0.3388995 0.2851263 0.3703873 -1.562296
23 5.362137 -0.3251081 -0.1829891 -0.6583278 1.144382 0.3717003 0.1692271 0.1690629 -1.470629
24 5.30161 -0.3549517 -0.01796221 -0.694454 1.113616 0.4506746 0.2587317 0.2431657 -1.501473
25 5.388888 -0.3684056 0.05072339 -0.6180227 1.209316 0.5676579 0.2580282 0.1919656 -1.538256
26 5.255796 -0.4163939 0.01705101 -0.6852886 1.108011 0.6111585 0.2027126 0.1155004 -1.406979
27 5.362685 -0.5204668 -0.1439864 -0.5391763 1.25054 0.371476 0.1832447 0.1906823 -1.574927
28 5.271781 -0.5436097 0.06101716 -0.4733765 1.346523 1.02535 0.3897206 0.2197632 -1.420384
29 5.370025 -0.5137442 -0.1745253 -0.5835508 1.261369 0.405469 0.2156362 0.2182703 -1.455178
30 5.347043 -0.5086272 -0.1888339 -0.5435928 1.211441 0.38737 0.2316954 0.2089763 -1.559248
31 5.268765 -0.4555714 -0.07513676 -0.4976937 1.416667 0.6155616 0.2893945 0.2197764 -1.487214
32 5.376161 -0.5695805 -0.03070141 -0.4719254 1.139753 0.4492828 0.266309 0.2302285 -1.397909
33 5.447445 -0.4066175 -0.3492171 -0.6068184 1.297251 0.7114807 0.2614349 0.1535132 -1.529338
34 5.389303 -0.4886237 -0.1965043 -0.6572946 1.267872 0.4017261 0.2628802 0.2563423 -1.542139
36 5.294528 -0.4247784 -0.2301138 -0.6429658 1.207945 0.3485543 0.189271 0.2104835 -1.432152
37 5.231261 -0.4827944 -0.002875501 -0.5564673 1.122366 0.4933636 0.2594386 0.2067846 -1.449808
38 5.235408 -0.4962766 0.07366552 -0.5753544 1.245605 0.4716981 0.347463 0.3446983 -1.494061
39 5.495479 -0.5582496 -0.2701823 -0.5042099 1.147017 0.320604 0.1829619 0.2291847 -1.400479
40 5.344406 -0.3403763 -0.1637681 -0.5704562 1.259785 0.544971 0.1726518 0.1407765 -1.444809
41 5.404359 -0.4658011 -0.04580716 -0.7149694 1.33078 0.5437459 0.2954679 0.2588946 -1.500265
42 5.470603 -0.4635678 -0.1795339 -0.6470438 1.225123 0.4111693 0.2383476 0.2775661 -1.466592
43 5.406599 -0.3515065 -0.126161 -0.6257448 1.084078 0.5292361 0.2574842 0.2032725 -1.57207
44 5.34449 -0.5071003 -0.1595889 -0.4249004 1.258816 0.3925441 0.2730227 0.2812909 -1.492234
45 5.467257 -0.5308855 -0.1782577 -0.4565602 1.220593 0.4201853 0.2443028 0.2457247 -1.477872
46 5.468067 -0.4826589 -0.06962287 -0.690872 1.195513 0.344465 0.2390553 0.343416 -1.46133
47 5.41534 -0.371796 -0.136798 -0.7249139 1.305338 0.5387803 0.2584494 0.216616 -1.510503
48 5.397463 -0.563434 -0.08427896 -0.5514458 1.265984 0.4768243 0.2191861 0.2081236 -1.566908
49 5.319239 -0.3822716 -0.119858 -0.6996757 1.280496 0.4294203 0.2429375 0.2236307 -1.479367
50 5.336254 -0.3839665 -0.02298979 -0.6392774 1.360732 0.4509206 0.2549266 0.2512692 -1.455178
51 5.226621 -0.5725874 0.04526579 -0.4662808 1.286979 0.4336223 0.2218952 0.1938678 -1.461044
52 5.410562 -0.37297 -0.3128776 -0.6337856 1.266908 0.424055 0.2106452 0.1909045 -1.464072
53 5.402007 -0.4615272 -0.06570793 -0.5830056 1.170091 0.4639488 0.2068111 0.1647035 -1.481148
54 5.39762 -0.524308 -0.1503124 -0.4949627 1.340599 0.5363641 0.2245995 0.1786673 -1.458391
56 5.322576 -0.6204876 -0.05578259 -0.3607414 1.236269 0.285582 0.2830022 0.4291494 -1.490832
57 5.406548 -0.5601219 -0.2281401 -0.4587027 1.326519 0.3943786 0.178103 0.1526124 -1.556682
58 5.262888 -0.3447493 0.09561831 -0.7178878 1.189257 0.2015687 0.1806602 0.2995244 -1.46232
59 5.243282 -0.4971348 0.02618814 -0.4924652 1.235827 0.4440281 0.2204319 0.204342 -1.474361
60 5.277529 -0.4948154 -0.1281972 -0.5414475 1.429557 0.592809 0.2409723 0.1747096 -1.602295
61 5.418375 -0.4832925 -0.1950112 -0.4807845 1.268229 0.2668537 0.1606032 0.2256741 -1.476001
62 5.314344 -0.4375665 0.07173916 -0.5634724 1.207312 0.3250265 0.2068337 0.2568641 -1.479201
63 5.356789 -0.4689594 0.004795351 -0.557898 1.484199 0.6185104 0.2278771 0.1544105 -1.526205
64 5.29488 -0.485263 -0.1311402 -0.5123475 1.55057 0.5074083 0.2987593 0.3367363 -1.418517
65 5.329777 -0.5847048 -0.1711069 -0.4510211 1.251291 0.4964379 0.2592057 0.227851 -1.519616
66 5.383533 -0.5358285 -0.2060468 -0.5496993 1.512508 0.3552207 0.2086117 0.2235547 -1.495089
67 5.403193 -0.5145137 -0.3115306 -0.4588215 1.067944 0.3156642 0.1555709 0.1634328 -1.48476
68 5.408591 -0.4569419 -0.2013648 -0.5507966 1.181905 0.3451644 0.2091931 0.234162 -1.449607
69 5.301285 -0.3666654 -0.09093694 -0.5316383 1.561178 0.4497445 0.2716395 0.2694212 -1.386294
70 5.277414 -0.4533578 0.03750083 -0.6097875 1.099612 0.3111431 0.1527393 0.1571406 -1.47496
71 5.222973 -0.2251242 0.05013015 -0.7583814 1.174264 0.6488175 0.1946005 0.1228697 -1.530189
72 5.165987 -0.4611705 0.07550033 -0.6262843 1.120247 0.5600458 0.2464162 0.1624248 -1.472352
73 5.359696 -0.4209242 -0.1458678 -0.6327313 1.105343 0.335665 0.2307745 0.2443086 -1.419604
74 5.330257 -0.4851936 0.004467688 -0.4504277 1.422668 0.7752133 0.3407814 0.225734 -1.492491
75 5.334756 -0.5521511 -0.05369485 -0.3873204 1.113979 0.4602064 0.1937206 0.1443519 -1.556516
77 5.483177 -0.5833237 -0.2890949 -0.3541369 1.098287 0.4456319 0.1498997 0.113197 -1.519826
78 5.368494 -0.4105526 -0.2228211 -0.6293484 1.221211 0.3863655 0.2365092 0.2247685 -1.500705
79 5.365002 -0.5150496 -0.05695232 -0.59043 1.513722 0.2618701 0.06657675 0.6541245 -1.511799
80 5.47746 -0.4198217 -0.1886593 -0.6892986 1.320833 0.4634207 0.2340929 0.2244834 -1.429152
81 5.322534 -0.3605526 -0.1095256 -0.6519873 1.101404 0.355715 0.1989224 0.2019026 -1.443635
82 5.281125 -0.3672563 -0.1345286 -0.8031562 1.351699 0.3716478 0.2447453 0.2758549 -1.531934
83 5.27518 -0.349857 -0.1458169 -0.6852473 1.201577 0.3825974 0.2834824 0.2967643 -1.482349
84 5.392312 -0.4750733 -0.1567874 -0.6492636 1.087127 0.2592116 0.146926 0.2240829 -1.522614
85 5.229637 -0.4994692 0.08469862 -0.5069045 1.311736 0.6857535 0.2720862 0.2133742 -1.546983
86 5.357925 -0.5545053 -0.09561371 -0.4332715 1.419214 0.2182911 0.2720877 0.6818462 -1.508212
87 5.299029 -0.4536452 -0.04422874 -0.5657123 1.271433 0.5180499 0.282242 0.2474688 -1.541423
88 5.444032 -0.4607901 -0.1971708 -0.6506206 1.135412 0.435406 0.2470792 0.2135784 -1.559933
89 5.312872 -0.462362 -0.102978 -0.5979035 1.260388 0.3271014 0.2035568 0.2659632 -1.432152
90 5.340916 -0.4835122 -0.1097187 -0.6273528 1.252773 0.4398755 0.1939597 0.2020533 -1.456144
91 5.309175 -0.450586 0.06609009 -0.7019113 1.155703 0.4054869 0.2342233 0.2324305 -1.548728
92 5.425916 -0.4964038 -0.1872741 -0.5983715 1.300981 0.3849622 0.2454626 0.306439 -1.5193
93 5.3607 -0.4629949 -0.0270082 -0.735426 1.240066 0.3722983 0.2405212 0.2683707 -1.524145
94 5.331431 -0.4263537 -0.1342234 -0.5907535 1.219823 0.3986313 0.2414839 0.2382045 -1.442502
95 5.290967 -0.4676894 0.05334752 -0.6428657 1.449996 0.2671171 0.2362629 0.6823407 -1.542863
96 5.378499 -0.4557169 -0.109034 -0.5739866 1.181829 0.4636399 0.2639902 0.2290227 -1.50111
97 5.338681 -0.4914331 -0.07305286 -0.5263119 1.098032 0.4341487 0.2588202 0.2344126 -1.473924
98 5.309578 -0.4041904 -0.05430065 -0.7014091 1.434369 0.5141209 0.2294261 0.1820169 -1.513725
99 5.363657 -0.4385833 -0.05910293 -0.4658428 1.272982 0.3885242 0.2466995 0.2509612 -1.568616
100 5.405009 -0.5504302 -0.1570886 -0.4435642 1.29314 0.429405 0.3065129 0.3267071 -1.538486
101 5.351442 -0.4314722 -0.09311683 -0.6651777 1.284694 0.483225 0.2123628 0.2013653 -1.553809
102 5.281126 -0.4318235 -0.01826448 -0.6117446 1.709242 0.5082094 0.3200849 0.4415542 -1.460992
103 5.392046 -0.4774653 -0.1926171 -0.5740632 1.394293 0.8073888 0.1715735 0.1269324 -1.546542
104 5.230017 -0.5264737 0.1257318 -0.543172 1.148895 0.5447308 0.236532 0.1721974 -1.55276
105 5.295632 -0.297912 0.05649823 -0.8098301 1.298851 0.3362078 0.187014 0.2370593 -1.538737
