1 5.335195 -0.3937706 -0.03784571 -0.6306499 0.434008 0.5894701 0.07927971 0.2238712 5.796312 -1.577689
2 5.356602 -0.4666742 0.008630509 -0.4216714 0.4762862 0.3579646 0.08492756 0.1612638 5.00729 -1.445182
3 5.402103 -0.3999137 -0.1100273 -0.6746056 0.4503424 0.3580853 -0.02244791 0.2321276 4.081798 -1.47385
4 5.41177 -0.4181147 -0.2243534 -0.4945269 0.5365112 0.3654484 0.1215376 0.2286663 5.916699 -1.449407
5 5.320362 -0.5118496 -0.1505571 -0.4847681 0.4702664 0.4726895 0.09511067 0.1783899 4.973962 -1.471654
6 5.394138 -0.4850959 -0.1153741 -0.6161856 0.4696081 0.3913965 0.0570655 0.2876444 4.356767 -1.50107
7 5.425785 -0.4744372 -0.1708582 -0.5283528 0.4700386 0.3329762 0.08529738 0.1577044 5.209704 -1.466337
8 5.384106 -0.5625518 -0.2643266 -0.2969028 0.5240673 0.4603914 0.1652528 0.2245313 4.922135 -1.484581
9 5.47352 -0.4209207 -0.3211343 -0.5343475 0.4481952 0.4404633 0.06587845 0.2395968 6.235202 -1.41547
10 5.307084 -0.3013119 -0.006960547 -0.7366587 0.4908184 0.4869072 0.06800821 0.263724 6.006486 -1.473101
11 5.374345 -0.4983024 -0.04720485 -0.6166823 0.5233451 0.4373939 0.1018551 0.2940052 4.570719 -1.470629
12 5.404004 -0.5166404 -0.2054425 -0.441582 0.4446949 0.5644674 0.144655 0.2183373 6.271449 -1.584302
13 5.328357 -0.3737494 -0.1527128 -0.6060199 0.5768418 0.38744 0.1617053 0.265728 5.340958 -1.536062
14 5.432849 -0.5165082 -0.1196851 -0.5648715 0.5097996 0.4574419 0.09894842 0.23655 6.157574 -1.411066
15 5.390177 -0.4296432 -0.1243356 -0.5693202 0.3964727 0.5563249 0.06285428 0.2107795 4.360883 -1.429056
16 5.464952 -0.5157103 -0.2796375 -0.517456 0.5075858 0.3853301 0.1461563 0.187617 4.785922 -1.572397
17 5.554144 -0.5119624 -0.3141005 -0.4690754 0.5343023 0.4612481 0.06468759 0.2013591 5.716231 -1.564055
18 5.374178 -0.3923327 -0.1770028 -0.7184038 0.5133009 0.4044596 0.1277565 0.160715 5.953753 -1.530746
19 5.364747 -0.2909074 -0.03223372 -0.7949269 0.4474256 0.3832524 0.0967566 0.1694884 4.899523 -1.63228
20 5.406324 -0.3451883 -0.04007927 -0.6042462 0.4567559 0.2893386 0.0980842 0.157889 4.17657 -1.48971
21 5.333752 -0.4743717 -0.09167804 -0.5231902 0.446797 0.4763372 0.05338826 0.1932167 4.636842 -1.439418
22 5.437868 -0.4436397 -0.1332649 -0.642957 0.5936926 0.397707 0.1276788 0.1723269 5.376301 -1.52328
23 5.344435 -0.398705 -0.08055004 -0.5467693 0.5226069 0.3427435 0.08225922 0.1744632 5.103128 -1.525319
24 5.343653 -0.3905229 -0.04675009 -0.6554028 0.4573975 0.4542714 0.05061185 0.2019854 4.287727 -1.553479
25 5.366581 -0.3862934 -0.1271398 -0.6755885 0.460917 0.3775109 0.1185195 0.2213391 4.909979 -1.51586
26 5.403868 -0.3702978 -0.08437133 -0.70365 0.5191157 0.4652903 0.1276185 0.1283344 5.098169 -1.436305
27 5.339763 -0.3968442 -0.1563055 -0.6404153 0.5269154 0.34403 0.07733614 0.2272997 7.454945 -1.446729
28 5.416175 -0.420991 -0.08876801 -0.5916119 0.5063555 0.4207614 0.1432088 0.2718023 6.89984 -1.492155
29 5.376859 -0.4053362 -0.06588139 -0.5640789 0.4560053 0.4851942 -0.01448815 0.3331065 5.108737 -1.448057
30 5.295248 -0.3922892 -0.07384359 -0.5886206 0.459656 0.3760294 0.1387891 0.1502769 4.518367 -1.38868
31 5.423047 -0.4517445 -0.1274198 -0.7425698 0.4567438 0.3913675 0.1152883 0.1654924 4.840413 -1.490986
32 5.398992 -0.5007721 -0.08927913 -0.541173 0.4834255 0.5000285 0.09473576 0.1548348 4.274268 -1.572131
33 5.322962 -0.3172264 -0.0847764 -0.7902859 0.546853 0.3898831 0.005627894 0.2588627 5.798713 -1.489808
34 5.229369 -0.4249384 0.06583862 -0.6833056 0.4786081 0.4674665 0.01229783 0.2273323 4.102937 -1.549972
35 5.427544 -0.5798956 -0.1199971 -0.4740359 0.4977267 0.4657655 0.0770872 0.2832723 6.551362 -1.445577
36 5.292298 -0.3895647 -0.06069539 -0.622783 0.4324532 0.4346778 0.07269162 0.2229376 5.995685 -1.4884
37 5.281468 -0.3506718 0.1149052 -0.616997 0.4852927 0.4140133 0.08375907 0.2433145 4.500226 -1.472352
38 5.347877 -0.4916699 -0.1513196 -0.4622697 0.4413741 0.4225917 0.07462564 0.2260908 4.306036 -1.524881
39 5.336546 -0.3830377 0.005051427 -0.5950951 0.5022215 0.4627666 0.147743 0.233495 5.662072 -1.489447
40 5.465273 -0.3316677 -0.2454505 -0.7314396 0.5112322 0.3526268 0.1561589 0.1771264 5.085931 -1.557966
41 5.412398 -0.4994863 -0.1467622 -0.425773 0.4879608 0.3295561 0.15132 0.1574001 5.761489 -1.583667
42 5.457001 -0.5048521 -0.1922096 -0.5942474 0.5218673 0.4564336 0.1093179 0.2011118 5.811426 -1.480847
43 5.374462 -0.4689457 -0.188829 -0.4895413 0.4438577 0.3465737 0.06293673 0.2041741 5.311918 -1.431864
44 5.504644 -0.3981629 -0.1975244 -0.643636 0.475296 0.4071418 0.08069683 0.1982979 5.387904 -1.542607
45 5.296564 -0.3712703 0.09507266 -0.6472633 0.4523475 0.4169124 0.1478544 0.2424799 4.920267 -1.511711
46 5.346392 -0.5941116 0.04075247 -0.4417411 0.527652 0.5393702 0.1483367 0.1927858 6.147675 -1.535382
47 5.257871 -0.5315479 -0.002728636 -0.5007022 0.4711096 0.4712131 0.07770788 0.2035688 5.357961 -1.559055
48 5.346921 -0.3754678 -0.1990558 -0.6549225 0.4718385 0.514426 -0.03763794 0.2539552 5.488497 -1.560682
49 5.307598 -0.3523349 0.01059281 -0.6807537 0.5404906 0.4442883 0.1349053 0.199384 5.230335 -1.583769
50 5.272155 -0.3450395 -0.05363516 -0.7355288 0.5545261 0.3125803 0.1074874 0.2935575 6.984885 -1.471602
51 5.34814 -0.4232441 -0.1708808 -0.5927039 0.4904306 0.4407858 0.08980729 0.1893177 5.674011 -1.483875
52 5.360127 -0.4763552 -0.1281206 -0.6752356 0.5326422 0.2869045 0.1511399 0.2356397 4.572864 -1.437709
53 5.259848 -0.3803981 -0.08111483 -0.6305508 0.4151499 0.3660357 0.02640652 0.2100253 4.885691 -1.435085
54 5.292558 -0.4615513 -0.0313566 -0.5748704 0.4688035 0.3718776 0.1182887 0.2204981 4.484229 -1.471654
55 5.334681 -0.4150519 -0.02518482 -0.5772149 0.4672764 0.3761053 0.08311817 0.1480595 4.839467 -1.551017
56 5.292673 -0.297823 -0.09868611 -0.5897762 0.4951592 0.3840918 0.1008491 0.1623436 5.984739 -1.468084
57 5.340105 -0.384317 -0.1198509 -0.6539566 0.4660369 0.4334014 0.0926811 0.1361917 4.267496 -1.456164
58 5.488577 -0.4598962 -0.1398975 -0.58409 0.506183 0.3706778 0.09731161 0.198032 5.169324 -1.494127
59 5.347215 -0.4071329 -0.1229645 -0.6356568 0.4141112 0.3919621 0.06980691 0.2182759 3.818928 -1.58045
60 5.305763 -0.4355893 -0.08489049 -0.5478198 0.4831397 0.4017791 0.04543424 0.1664079 4.539811 -1.551955
61 5.411856 -0.4135855 -0.1645198 -0.524468 0.5219846 0.507963 0.1171566 0.3037798 5.800984 -1.515201
62 5.418717 -0.4390602 -0.1630467 -0.6372098 0.4553575 0.4516362 0.0968571 0.1137967 4.403161 -1.501455
63 5.343076 -0.4625952 -0.07265198 -0.5156093 0.5295982 0.3623874 0.1682462 0.188463 5.177243 -1.427245
64 5.450363 -0.4265922 -0.2652052 -0.466211 0.4126615 0.5344129 0.03797363 0.2770636 4.914634 -1.388665
65 5.451915 -0.4463785 -0.1638179 -0.5004191 0.502188 0.2789044 0.09562116 0.1617275 4.284897 -1.52472
66 5.433066 -0.5342721 -0.09767812 -0.4714129 0.502464 0.5404879 0.005825324 0.226053 4.477902 -1.404673
67 5.422592 -0.4188526 -0.06246163 -0.5997799 0.5099416 0.4784762 0.1319698 0.2755989 5.261127 -1.432778
68 5.277319 -0.3616503 0.00434999 -0.696775 0.4425373 0.2895685 0.1032511 0.1799386 5.076969 -1.470325
69 5.410419 -0.4176867 -0.1968849 -0.554979 0.4512012 0.4762682 0.06877806 0.1648653 4.684148 -1.529395
70 5.393236 -0.3415084 -0.1478749 -0.6825037 0.4968009 0.4042848 0.1563766 0.2331552 5.729114 -1.560132
71 5.459643 -0.4285116 -0.2757895 -0.5898107 0.481485 0.4480068 0.05580172 0.2642755 4.441872 -1.514394
72 5.268724 -0.4029009 0.0192715 -0.6124248 0.4563912 0.3794086 0.1036021 0.1749265 4.681631 -1.467326
73 5.399568 -0.4371913 -0.1737772 -0.5388538 0.4784677 0.3403387 0.1603591 0.1926195 4.76518 -1.586886
74 5.344142 -0.4461433 -0.1424845 -0.63138 0.4732327 0.5164509 -0.002872911 0.2278867 5.111008 -1.428921
75 5.490719 -0.4825556 -0.2430082 -0.463134 0.4834996 0.360208 0.1256325 0.1855321 4.39097 -1.423799
76 5.432054 -0.4684399 -0.1787837 -0.5248633 0.4740454 0.3678599 0.1039474 0.1933454 4.799045 -1.475154
77 5.215911 -0.394169 0.1311418 -0.6450032 0.4769109 0.4117395 0.1007361 0.1801169 4.907798 -1.543653
78 5.410189 -0.3477363 -0.1968968 -0.6919094 0.4995976 0.4095445 0.1315886 0.2002796 5.142697 -1.473577
79 5.351631 -0.4003326 -0.1382954 -0.5964118 0.4792879 0.4941826 0.1109258 0.2227026 4.493019 -1.439865
80 5.330244 -0.2884178 -0.1655954 -0.7234796 0.4870624 0.3439238 0.07748866 0.2217633 4.811151 -1.482954
81 5.280535 -0.4772709 -0.06623277 -0.5410171 0.4974633 0.3580675 0.08216782 0.2545431 6.123749 -1.409339
82 5.370313 -0.380536 -0.1852692 -0.5648443 0.4541732 0.4605072 0.02776158 0.2752659 5.613782 -1.560892
83 5.35976 -0.3415159 -0.1849076 -0.6968799 0.4889833 0.4409142 0.1340971 0.186538 5.158058 -1.473444
84 5.307805 -0.4344636 -0.07685476 -0.5543243 0.4821253 0.3073846 0.1364814 0.2053678 3.85282 -1.48551
85 5.416295 -0.5657096 -0.1870966 -0.4875787 0.4786928 0.4424252 0.06544015 0.1451471 5.279826 -1.481156
86 5.351179 -0.5035613 -0.01355562 -0.5302491 0.6273164 0.4483729 0.1062712 0.1811899 5.514991 -1.441973
87 5.337575 -0.5031935 -0.07792448 -0.4803138 0.4804494 0.4589738 0.1290222 0.2021942 4.843835 -1.44539
88 5.4323 -0.401158 -0.1404986 -0.6924655 0.4648116 0.5063041 0.0665424 0.1885798 6.077037 -1.487536
89 5.362503 -0.466788 -0.05155297 -0.6699617 0.4437064 0.4629604 0.1088123 0.2265511 4.388154 -1.447298
90 5.294791 -0.3897701 -0.01453529 -0.6455682 0.421956 0.4809015 0.05165272 0.2312507 4.459022 -1.461096
91 5.320828 -0.4378683 -0.07775646 -0.5596684 0.4867395 0.3702136 0.1224747 0.2163066 6.391887 -1.534332
92 5.414786 -0.503385 -0.1065221 -0.4575639 0.4794004 0.4485509 0.1161805 0.1876373 4.651466 -1.5265
93 5.280685 -0.3608691 0.08682404 -0.7399536 0.5031629 0.3978813 0.1221874 0.2264345 6.189019 -1.511458
94 5.257125 -0.2881733 0.01073835 -0.8839624 0.46527 0.479489 0.02124509 0.263901 5.659029 -1.497343
95 5.310171 -0.3369028 -0.06597122 -0.6332483 0.4645953 0.3028242 0.1102135 0.2018147 5.042986 -1.457557
96 5.297576 -0.2954937 -0.07365166 -0.7346344 0.4275022 0.4083035 0.03763448 0.2464666 4.585705 -1.403034
97 5.359166 -0.5174899 -0.1257666 -0.4447571 0.5631904 0.4730498 0.1297013 0.1310588 6.697562 -1.498844
98 5.345051 -0.2972333 0.01472408 -0.8105632 0.4796888 0.4191893 0.06562587 0.2078376 4.857665 -1.483119
99 5.41364 -0.4565531 -0.1019437 -0.5534417 0.471588 0.4220107 0.05620304 0.2274536 5.709505 -1.514463
100 5.338362 -0.4110382 -0.2136218 -0.6214497 0.4914072 0.4124867 0.01335755 0.2153728 4.922611 -1.517086
