1 5.458382 -1.00813 -0.1323618 -0.3539852 1.344185 0.6056038 0.3687854 0.3102959 -0.1793021 -1.432601 0.7721805 -1.123704
2 5.364818 -1.266119 0.08740773 -0.1186263 1.50753 0.3018702 0.2671065 0.4094209 1.079355 -1.673298 0.6194808 -1.223999
3 5.460456 -1.015134 -0.09393515 -0.6060584 1.630925 0.2372856 0.240967 0.4498992 -0.09628918 -1.27204 0.5571483 -0.8774714
4 5.480642 -1.176795 -0.2351795 -0.1120755 1.596792 0.2717814 0.255603 0.3751547 0.4332601 -1.4187 0.5446827 -0.9542796
5 5.33411 -1.168066 -0.1136869 -0.2442878 1.548193 0.4884364 0.2890707 0.2400915 0.6674102 -1.536284 0.5640408 -1.080964
6 5.434646 -1.17386 -0.09153236 -0.4206588 1.721397 0.3750544 0.3137519 0.4671303 -0.4052695 -1.018395 0.614635 -0.9342233
7 5.499847 -1.161216 -0.1981386 -0.2727539 1.495064 0.2755317 0.2373748 0.3224532 0.7098234 -1.354416 0.6243337 -1.186531
8 5.480931 -1.353936 -0.2279765 0.01453744 1.718696 0.4961379 0.4364299 0.5325181 -0.5710599 -1.164994 0.6088318 -0.8177848
9 5.435541 -1.122058 -0.3191175 -0.2621381 1.382967 0.4574747 0.3104923 0.3089409 0.5861881 -1.768129 0.6899967 -1.133005
10 5.351574 -1.02815 0.05097594 -0.3981233 1.644934 0.2875646 0.2230588 0.3463752 0.7218953 -1.452719 0.6513518 -1.217763
11 5.405762 -1.226039 -0.05676715 -0.4777483 1.93926 0.5307456 0.4890426 0.6019017 -0.4439697 -1.320238 0.7081321 -1.023723
12 5.422747 -1.131255 -0.2195067 -0.1963188 1.362739 0.4702525 0.3427037 0.3293995 -0.4276845 -1.286235 0.7539999 -1.045374
13 5.326026 -1.131985 -0.07635016 -0.2613897 1.823499 0.4708344 0.3890365 0.4351761 -0.03294522 -1.368568 0.6680374 -1.073504
14 5.489963 -1.350359 -0.1044623 -0.1984756 1.606695 0.4654802 0.3242036 0.3364095 0.6107979 -1.501465 0.6148298 -1.118205
15 5.346533 -1.198977 -0.01354233 -0.2402459 1.591678 0.5738586 0.3465117 0.3051364 -0.4330091 -1.128692 0.7597309 -1.051264
16 5.42724 -1.14047 -0.2560445 -0.2657783 1.531247 0.4556395 0.3645482 0.3419664 0.1367968 -1.330373 0.5928462 -1.018378
17 5.646911 -1.158962 -0.3768023 -0.1744971 1.628275 0.4019126 0.2215714 0.2370281 0.3783411 -1.356473 0.608238 -1.112354
18 5.370046 -1.065954 -0.1048226 -0.4013969 1.422785 0.3675307 0.2691891 0.3078274 0.2140582 -1.465699 0.5900481 -0.9884946
19 5.325932 -0.8851752 0.03528029 -0.553246 1.396297 0.4996342 0.2984662 0.2682637 0.07634776 -1.621065 0.744452 -1.156635
20 5.414668 -0.878547 -0.04734489 -0.4727044 1.541968 0.2921427 0.2135776 0.2309998 -0.1955712 -1.185671 0.6394697 -0.9326899
21 5.373374 -1.059023 -0.08930024 -0.3909542 1.611684 0.4493694 0.2556727 0.246354 -0.4734153 -0.8923018 0.7077341 -1.005936
22 5.541993 -1.180012 -0.1834419 -0.3538005 1.886232 0.529566 0.3294075 0.2997513 0.59114 -1.747846 0.5591595 -1.053584
23 5.356205 -1.0173 -0.02629929 -0.318729 1.629947 0.3831536 0.3122201 0.3425668 0.319878 -1.347337 0.6730843 -1.153816
24 5.345028 -1.065556 -0.00160214 -0.3980306 1.762044 0.4626408 0.2473201 0.2539482 0.06515171 -1.288493 0.6775018 -1.138487
25 5.405478 -0.9780854 -0.1597213 -0.4670816 1.552012 0.3870741 0.2702912 0.3185239 0.3453888 -1.535349 0.6810737 -1.139273
26 5.445431 -1.043131 -0.06048757 -0.475747 1.745192 0.4575652 0.2615348 0.2383654 0.6450955 -1.443761 0.5708349 -1.083535
27 5.2942 -1.016974 -0.06458015 -0.4173224 1.399463 0.2738521 0.2238485 0.2847212 0.3695418 -1.379522 0.672213 -1.132547
28 5.4339 -1.195844 -0.02958597 -0.1377868 1.469511 0.3645691 0.3238041 0.4158181 0.19986 -1.612732 0.7437106 -1.165818
29 5.488573 -1.237557 -0.1441112 -0.2205862 1.723996 0.3839735 0.3171607 0.4941592 -0.1397698 -1.058657 0.7219523 -1.122182
30 5.240885 -1.207519 -0.005408008 -0.2313378 1.660982 0.3784958 0.3268409 0.3798842 0.3352356 -1.483627 0.72091 -1.168889
31 5.403506 -1.090163 -0.08812213 -0.4726586 1.451791 0.3236465 0.2812752 0.3485564 -0.243992 -1.27981 0.6460634 -0.9734248
32 5.487787 -1.202271 -0.2603228 -0.2264326 1.624469 0.5886051 0.3843651 0.3648664 -0.450451 -1.420884 0.6676766 -0.9325681
33 5.354595 -1.108272 -0.0387736 -0.4430948 1.659211 0.2619778 0.2324667 0.4174665 0.455256 -1.742691 0.5914405 -1.039335
34 5.241664 -1.150133 0.03965768 -0.3188531 1.847207 0.4971947 0.2685974 0.3607351 0.1032277 -1.462512 0.5777049 -0.9994434
35 5.48168 -1.250344 -0.1322819 -0.2123508 1.571175 0.2748043 0.2454926 0.3817549 0.2318216 -1.415722 0.6461575 -1.070353
36 5.363449 -1.050286 -0.1140298 -0.3133071 1.348583 0.3735819 0.2631837 0.2858301 -0.02759543 -1.32129 0.6268115 -0.9559477
37 5.30495 -1.055048 0.02467536 -0.3239216 1.906186 0.5864911 0.2433792 0.2231976 0.3254282 -1.356578 0.6090814 -1.071197
38 5.334714 -1.076743 -0.1121632 -0.2899377 1.647935 0.4760159 0.2895354 0.3252228 -0.07777508 -1.279025 0.6326596 -0.9837016
39 5.420272 -1.037496 -0.04889541 -0.2448885 1.503249 0.4337869 0.3329014 0.3376941 -0.25939 -1.060923 0.5597965 -0.8315592
40 5.449762 -1.007225 -0.1683214 -0.4752737 1.643276 0.3063265 0.3269558 0.4615488 0.1763428 -1.500323 0.6303201 -1.023983
41 5.352225 -1.101968 -0.08945994 -0.07872312 1.24376 0.4293166 0.3220962 0.280461 -0.3116867 -1.249554 0.6435441 -0.9054346
42 5.432471 -1.249745 -0.1279845 -0.2873156 1.530605 0.4425659 0.3301469 0.3521752 0.2430458 -1.514984 0.6328433 -1.062899
43 5.426533 -1.105488 -0.133508 -0.3229255 1.530076 0.2858362 0.2396605 0.35523 0.5408611 -1.380277 0.634103 -1.128449
44 5.526777 -1.013101 -0.1798955 -0.387877 1.481952 0.4386649 0.2634771 0.2328042 0.2826061 -1.478914 0.6238759 -1.045211
45 5.429829 -1.153329 -0.04905623 -0.2782604 1.460263 0.4969249 0.4007013 0.4384317 -0.2590521 -1.521361 0.6781266 -0.9466029
46 5.426308 -1.256708 -0.03122784 -0.1126321 1.533519 0.6250956 0.3280394 0.2445626 0.08967285 -1.298192 0.6157257 -1.043758
47 5.255362 -1.313732 0.1126604 0.0004600066 1.50904 0.3835356 0.2603895 0.3474868 0.1273416 -1.437125 0.630252 -1.038887
48 5.367446 -0.9589433 -0.1816279 -0.4904931 1.561576 0.3562179 0.1847505 0.259802 0.3385863 -1.239695 0.6080816 -1.108742
49 5.372453 -0.9769947 0.02508386 -0.4334129 1.661008 0.533048 0.3217025 0.2998097 -0.2413147 -1.29641 0.637021 -0.9539337
50 5.298171 -1.005594 -0.05043532 -0.4868613 1.507058 0.2585283 0.2761065 0.4332776 0.5576959 -1.510992 0.5901281 -1.080821
51 5.299269 -1.025533 -0.1533126 -0.3207574 1.473862 0.4704321 0.2572486 0.2026301 0.1520118 -1.337532 0.6613363 -1.079246
52 5.405906 -1.251427 0.02324602 -0.4587508 1.911053 0.3706829 0.3433051 0.5274818 -0.4144916 -1.061989 0.5846217 -0.873831
53 5.29926 -1.049255 -0.09317789 -0.3827041 1.455792 0.3241708 0.2349217 0.2878779 0.8498493 -1.484495 0.6382523 -1.218566
54 5.243793 -1.161573 0.01938656 -0.3180562 1.604562 0.4155444 0.3330083 0.3655252 0.2179829 -1.518645 0.6380928 -1.049939
55 5.361962 -1.089174 -0.03225423 -0.2546006 1.496354 0.4095312 0.3058501 0.3305792 0.3979437 -1.55647 0.696314 -1.203445
56 5.302987 -0.947374 -0.1053471 -0.2784788 1.462589 0.418641 0.2528494 0.2222816 0.6625809 -1.450871 0.6626343 -1.177183
57 5.40274 -1.187777 -0.1312212 -0.2647439 1.751372 0.3699177 0.3202949 0.3758867 0.3677432 -1.256373 0.6029274 -1.088367
58 5.580533 -1.195858 -0.1514119 -0.279502 1.542069 0.3291132 0.2615418 0.3233658 0.3501062 -1.412766 0.5543693 -0.9739836
59 5.396609 -1.013655 -0.1478996 -0.4713822 1.634474 0.4311513 0.3167881 0.3476334 0.01799689 -1.437693 0.6494581 -1.045554
60 5.329504 -1.104119 -0.09198346 -0.2365571 1.718241 0.3103457 0.2262586 0.3002558 0.3252769 -1.439027 0.7237337 -1.240414
61 5.431828 -1.134125 -0.1344468 -0.2391344 1.604568 0.5213615 0.3917754 0.4327902 -0.4103188 -1.125005 0.6410515 -0.9176724
62 5.458039 -1.251781 -0.2955372 -0.1806601 1.614294 0.5192578 0.4026629 0.4189835 -0.2529918 -1.429336 0.702404 -1.015281
63 5.355914 -1.08777 -0.09298599 -0.355077 1.569953 0.3739208 0.3580916 0.43009 -0.5095858 -1.089308 0.5740072 -0.7750592
64 5.522387 -1.257347 -0.2271091 -0.1698691 1.747388 0.4169309 0.2603845 0.3247552 -0.02653544 -1.211062 0.7269068 -1.123926
65 5.496158 -1.08103 -0.1922742 -0.2329277 1.629894 0.3121476 0.2469627 0.2463199 0.5440375 -1.35094 0.4821442 -0.9439113
66 5.419278 -1.306229 -0.1152495 -0.2107084 2.046792 0.5190103 0.2558461 0.2623212 0.244511 -1.1745 0.6288132 -1.118476
67 5.444532 -1.228309 -0.04874051 -0.215168 1.760492 0.5381162 0.40265 0.3898429 0.03866245 -1.46787 0.7330938 -1.121924
68 5.308107 -1.01193 0.03712814 -0.4571859 1.459422 0.3521787 0.2886848 0.3202908 1.017133 -1.775095 0.6500444 -1.243482
69 5.526606 -1.128847 -0.2606682 -0.1698361 1.6385 0.699601 0.2292736 0.1594543 0.3663422 -1.41564 0.6477295 -1.132305
70 5.36691 -1.002716 -0.08850093 -0.304479 1.419742 0.4223911 0.3367453 0.3575951 -0.09875839 -1.426475 0.6342166 -0.9484072
71 5.560286 -1.168292 -0.360007 -0.2838613 1.701105 0.439835 0.3054716 0.3781515 0.1401104 -1.351682 0.5611952 -0.9546533
72 5.327437 -1.070454 0.1043806 -0.3754294 1.587535 0.3238848 0.2295527 0.3076919 -0.03352022 -1.183806 0.657992 -1.032505
73 5.415814 -1.047574 -0.188188 -0.2627106 1.435086 0.4629053 0.3826408 0.358826 -0.5836617 -1.156351 0.6532616 -0.8927828
74 5.403956 -1.226452 -0.1710463 -0.3493091 1.695386 0.4742429 0.2941645 0.2982165 0.9537103 -1.557983 0.5458332 -1.151674
75 5.612864 -1.200278 -0.3975515 -0.2603463 1.633287 0.3831311 0.2848724 0.3190255 0.479901 -1.65665 0.5499351 -0.9370669
76 5.407193 -1.15346 -0.04423557 -0.3163101 1.764185 0.3874925 0.280421 0.3523346 0.1796763 -1.391602 0.7580746 -1.251643
77 5.235363 -1.012433 0.1694086 -0.4283433 1.641553 0.5443297 0.3028966 0.2482903 0.2329862 -1.38126 0.6888918 -1.153342
78 5.481096 -1.012271 -0.2208479 -0.4976189 1.578705 0.3867677 0.3164119 0.350779 0.04241021 -1.237093 0.5811457 -0.9388958
79 5.411416 -1.14836 -0.09757494 -0.2715512 1.854243 0.7300649 0.4089425 0.3230424 0.1505818 -0.9561309 0.5316284 -0.9559013
80 5.355841 -0.9679793 -0.1468208 -0.5181231 1.702129 0.3064684 0.2993866 0.3783263 0.5473814 -1.599654 0.6399457 -1.125599
81 5.342728 -1.18549 -0.1093737 -0.2505666 1.572234 0.2692314 0.2407773 0.3438173 0.9941599 -1.732692 0.663457 -1.283404
82 5.371495 -0.9920312 -0.1301766 -0.3845161 1.428913 0.36435 0.275369 0.4165809 0.09515408 -1.358372 0.5955795 -0.9684779
83 5.371829 -1.130334 -0.1072401 -0.2874888 1.74239 0.5140505 0.3551778 0.3246109 0.831928 -1.92641 0.6385956 -1.171884
84 5.282792 -1.232274 0.02253728 -0.2339242 1.713192 0.540725 0.4869068 0.5419056 -0.2480841 -0.9929928 0.5897662 -0.9377726
85 5.427185 -1.156709 -0.1889959 -0.2648453 1.51743 0.5180732 0.2062524 0.1479326 0.3161109 -1.467715 0.6670764 -1.112249
86 5.376995 -1.28399 -0.01994286 -0.1393689 1.908431 0.4284026 0.2806158 0.2747823 0.1181872 -1.535107 0.6184808 -1.007818
87 5.381306 -1.249799 -0.1024343 -0.1490244 1.6389 0.5782047 0.3602461 0.2865269 0.1262388 -1.159905 0.6964667 -1.132565
88 5.496075 -1.153417 -0.2409777 -0.349418 1.678487 0.3421684 0.2184481 0.2758509 -0.2035159 -1.460441 0.7994657 -1.165013
89 5.290842 -1.275363 0.04337296 -0.3306997 1.75156 0.6578062 0.552646 0.5762803 -0.6585958 -1.039012 0.6840177 -0.9368878
90 5.360468 -1.090236 -0.05602308 -0.3926758 1.684295 0.4356718 0.2968124 0.3543778 0.5672166 -1.359047 0.6308083 -1.169178
91 5.371417 -1.103677 -0.1136022 -0.1498359 1.320212 0.4243971 0.2930557 0.2772451 -0.01038749 -1.467798 0.72234 -1.081398
92 5.445248 -1.098715 -0.1517017 -0.2471023 1.619863 0.5602756 0.2922531 0.2401942 0.102419 -1.214123 0.6859597 -1.133865
93 5.357043 -1.02043 0.05896208 -0.4734601 1.426505 0.4052174 0.2931311 0.3239893 0.2741995 -1.446276 0.5940927 -1.009537
94 5.303704 -0.9574998 -0.02843774 -0.6752604 1.681846 0.3847679 0.2503147 0.3043578 0.1178185 -1.852052 0.7838901 -1.188064
95 5.330751 -0.9326178 0.004027617 -0.4174286 1.459134 0.3101303 0.2232428 0.2410284 0.1105427 -1.079157 0.6303364 -1.015715
96 5.331702 -1.235137 -0.09449938 -0.1963703 1.662011 0.4198013 0.2940706 0.3480037 0.4049594 -1.588932 0.6319023 -1.048619
97 5.380722 -1.2116 -0.06168868 -0.1209217 1.578318 0.492805 0.2604195 0.2043939 0.3921017 -1.569813 0.6648745 -1.130735
98 5.42792 -1.111101 -0.08831174 -0.4040227 1.596523 0.3899277 0.3320104 0.3960991 -0.20737 -1.337432 0.6817777 -1.003155
99 5.452204 -0.9991085 -0.1110797 -0.3624664 1.455049 0.359373 0.253225 0.2874847 -0.0005636067 -1.255654 0.6873727 -1.066439
100 5.35539 -1.095094 -0.1840871 -0.2563312 1.649872 0.3307589 0.210374 0.265486 0.9903962 -1.821046 0.6417747 -1.263368
