1 0.09591293 0.07748742 0.1333771 0.1171041 0.1666334 0.1131156 0.1151676 0.0188767 0.2900772 0.1939071 0.07159181 0.0611024
3 0.09458397 0.08913161 0.1312892 0.1296445 0.1155058 0.1042631 0.1323004 NA 0.2894458 0.1746717 0.0437674 NA
4 0.1004114 0.096287 0.1395366 0.1293386 0.01746283 0.08132805 0.1183089 NA 0.2722634 0.1699152 0.05834092 0.02615199
5 0.09400762 0.07020158 0.1318493 0.1245026 0.1839519 0.1298834 0.1232648 NA 0.2502146 0.1559799 0.02828465 NA
6 0.09630989 0.09220214 0.1333959 0.1294585 0.126091 0.09734152 0.1198045 NA 0.2767164 0.1739651 0.05404314 0.01610825
7 0.1040407 0.1023909 0.1446336 0.1303683 0.2383686 0.1580012 0.1602972 0.1832396 0.2675034 0.1998342 0.08034954 0.1048808
8 0.09843548 0.08119625 0.1369929 0.1243763 0.06164133 0.07607546 0.1134349 NA 0.2503148 0.1500743 0.0353827 NA
9 0.08733911 0.07691411 0.1217975 0.112516 0.1269227 0.09664752 0.1011393 NA 0.2507529 0.1595275 0.05753147 0.02448433
10 0.09404972 NA 0.1305058 0.1143903 NA NA 0.09519253 NA 0.2861563 0.1508496 NA NA
11 0.1059181 0.1220156 0.1473413 0.1514391 0.2721372 0.1960927 0.1695154 0.2717021 0.2431131 0.1846743 0.05930966 0.07774125
12 0.09456235 NA 0.1304534 0.1257599 0.1804284 0.1270303 0.1348079 NA 0.2247255 0.1141849 NA NA
13 0.09960622 0.1153033 0.1388347 0.1362324 0.2356216 0.1477258 0.1322203 0.2167003 0.2780383 0.1952157 0.07786683 0.1046003
14 0.099641 0.1249139 0.1389994 0.1332885 0.2483589 0.1632293 0.1699439 0.2648777 0.274451 0.1885687 0.08408309 0.1312372
15 0.09200984 NA 0.122294 0.1311 NA 0.128551 0.1015328 NA NA NA NA NA
16 0.0969538 0.1056276 0.1346812 0.1278005 0.2191134 0.1429419 0.1333649 0.2085232 0.3029477 0.209784 0.08720316 0.1224649
17 0.09613551 0.08267192 0.1338761 0.1163936 0.132316 0.09762985 0.1125623 NA 0.2790273 0.1816597 0.06162027 0.04644612
18 0.09328225 0.07985519 0.1288567 0.1230902 0.08644953 0.06839228 0.1020224 NA 0.2505256 0.1455035 0.03806704 NA
19 0.09737037 0.1245115 0.1354631 0.1422182 0.2987724 0.1689479 0.1429399 0.3409593 0.2899194 0.2084426 0.08912255 0.1339345
20 0.09479365 0.01767223 0.1331244 0.1352068 0.06337733 0.1040228 0.1445796 NA 0.2272256 0.1501981 NA NA
21 0.09302748 0.1343309 0.1291723 0.1426917 0.2517722 0.1583984 0.1422253 0.2592811 0.2438592 0.1878847 0.1021994 0.1397983
23 0.09162516 0.07673019 0.1277622 0.1145838 0.1363379 0.09365368 0.1103134 NA 0.3016713 0.1871032 0.06072855 NA
24 0.09135968 NA 0.1279668 0.1105777 NA NA NA NA 0.305111 NA NA NA
25 0.09780772 0.09716043 0.1367202 0.1207087 0.227991 0.1550002 0.1527996 0.1925418 0.3106072 0.2073472 0.08677599 0.1383808
26 0.09536038 0.1758805 0.1323015 0.1144874 0.446582 0.2802743 0.1791625 0.6247312 0.2903288 0.3113901 0.1921151 0.3252833
27 0.09254957 0.0827569 0.1283635 0.1181529 0.1412256 0.1084311 0.1217528 NA 0.2779774 0.1887399 0.06095003 0.01700193
28 0.1147356 0.0926462 0.1596909 0.1299376 0.1572968 0.1584477 0.1463777 NA 0.2651964 0.1781405 0.03762037 NA
29 0.09388514 0.1071869 0.1308312 0.1263351 0.2163419 0.1335366 0.1175659 0.2359763 0.2642152 0.1936426 0.07380634 0.1047321
30 0.09083339 NA 0.1260952 0.1155216 NA 0.04032666 0.08844112 NA 0.1787916 NA NA NA
31 0.1045261 0.1152913 0.1455737 0.1336045 0.3336466 0.2163467 0.1728123 0.3955484 0.2653153 0.2343635 0.09759937 0.1445387
32 0.09388596 0.08674886 0.1308564 0.119623 0.1967473 0.1391167 0.1404086 0.05377996 0.2539057 0.1707049 0.056635 0.05114414
33 0.1018668 0.03037603 0.1422024 0.1104619 0.1132622 0.07524705 0.1188418 NA 0.2679786 0.1728294 NA NA
34 0.09026063 NA 0.1185438 NA NA NA 0.1066849 NA NA NA NA NA
36 0.09303372 0.1081864 0.130164 0.1257901 0.2719863 0.1661311 0.1425795 0.3125672 0.3040279 0.2115782 0.07916256 0.1182471
37 0.09477404 0.09425406 0.1318467 0.1209674 0.1469078 0.1109541 0.1029916 NA 0.2573785 0.1408922 0.05064036 NA
38 0.09485833 0.06283656 0.1319877 0.1251308 0.1049136 0.0875873 0.1336745 NA 0.2314597 0.1623555 0.04207771 NA
39 0.09022238 0.08859914 0.1255723 0.1228468 0.132593 0.08312503 0.1109131 NA 0.2795291 0.1788444 0.05960091 0.04837046
40 0.09263508 NA 0.1293464 NA NA NA NA NA NA NA NA NA
41 0.100868 0.2022335 0.1396169 0.170897 0.3435013 0.2331099 0.1765882 0.418052 0.2843843 0.2110686 0.1664005 0.2432103
42 0.09417252 0.08212694 0.1309149 0.1236062 NA 0.02061952 0.09818904 NA 0.2838985 0.1675819 0.04038841 NA
43 0.08998897 0.07266018 0.1257532 0.1146326 0.1318872 0.08945275 0.1033504 NA 0.2659628 0.1717976 0.05308124 NA
44 0.0949348 0.07419989 0.1312003 0.1240625 0.1506984 0.1268068 0.1260883 NA 0.251634 0.1393486 0.02227501 NA
45 0.09333052 0.02842964 0.130226 0.109579 0.06299696 NA 0.1008567 NA 0.2825491 0.1747394 NA NA
46 0.09067914 0.08917415 0.1267503 0.1342268 0.125318 0.08721718 0.1133622 NA 0.2618886 0.1773767 0.05388377 0.02647202
47 0.09801696 0.09453157 0.1370319 0.1265686 0.1055322 0.08364497 0.1202029 NA 0.255561 0.1608178 0.04884591 NA
48 0.09379853 0.07406001 0.1307348 0.1187349 NA NA 0.1006619 NA 0.2392392 0.1616671 0.04124809 NA
49 0.09586482 0.06429317 0.133827 0.1208125 0.1790537 0.1112575 0.138071 NA 0.2650136 0.1689468 0.03958455 NA
50 0.09866307 0.05891593 0.1371856 0.1190536 0.04145564 0.06007163 0.1116442 NA 0.2614996 0.1773756 0.05622947 0.03615121
51 0.09682932 0.1016185 0.1344457 0.1257808 0.2799851 0.1834048 0.1633438 0.3401296 0.3026844 0.2287311 0.07363028 0.1402265
52 0.09559782 0.1061474 0.1327209 0.1212418 0.218722 0.1434137 0.1231746 0.2176172 0.2932019 0.2006373 0.0743051 0.1102434
53 0.09336084 0.0762071 0.1294807 0.1162265 0.1260955 0.07736887 0.1037664 NA 0.2737981 0.1587554 0.04623336 NA
54 0.1032516 0.487181 0.1424045 0.3244061 0.4381931 0.2181242 0.1986686 0.7458472 0.2803613 0.2497831 0.3436736 0.646477
56 0.08929007 0.08255428 0.1248991 0.1287542 0.1013543 0.09573754 0.1339652 NA 0.2453851 0.1628056 0.05153796 0.02782902
57 0.09667796 0.1217858 0.1338405 0.1243116 0.2734794 0.1824582 0.1346485 0.2703319 0.3503311 0.2494767 0.07840071 0.1484544
58 0.0872863 0.07942533 0.1215612 0.1214604 0.1219534 0.1046675 0.1194409 NA 0.2673886 0.1626093 0.0537776 0.0270018
59 0.09598465 0.115877 0.1333279 0.131924 0.2160183 0.1419016 0.1238815 0.2018891 0.284058 0.1809147 0.07739659 0.1004672
60 0.1024418 NA 0.131495 0.1177005 NA NA NA NA NA NA NA NA
61 0.09344262 0.07834467 0.1295558 0.1244664 0.05897614 0.08915532 0.1021344 NA 0.2659781 0.1749935 0.05595031 NA
62 0.09065208 0.08496945 0.1260826 0.1231933 0.1375453 0.09455633 0.1142031 NA 0.2765552 0.1739935 0.05653872 0.0343796
63 0.106751 NA 0.1485739 0.1122634 0.03636316 0.1277063 0.1465215 NA 0.2595758 0.1035748 NA NA
64 0.1071265 0.2058204 0.1496119 0.1609889 0.4660449 0.3392566 0.2218727 0.6431586 0.3412915 0.2471029 0.2142113 0.2969875
65 0.0955041 0.02591808 0.1327722 0.1188704 NA NA 0.1064175 NA 0.248103 0.1388864 NA NA
66 0.09988778 0.1148018 0.1389326 0.1305075 0.3524571 0.255634 0.1962669 0.2809586 0.2921352 0.2282962 0.07564502 0.1216552
67 0.08695149 0.05525236 0.1210665 0.1085944 0.0928752 0.06077262 0.09310614 NA 0.280325 0.1184074 NA NA
68 0.09186248 0.09649752 0.1276881 0.11838 0.1812664 0.1238814 0.1262998 0.1394309 0.2889423 0.1902026 0.07644429 0.0960577
69 0.1060419 0.1597492 0.1475647 0.158572 0.2915175 0.1885616 0.1666714 0.3562495 0.2640201 0.1963283 0.09291377 0.1275237
70 0.08713867 0.08723093 0.1217517 0.1093697 0.1949149 0.1281344 0.1082099 0.1885806 0.3046705 0.2005909 0.07882518 0.1192462
71 0.09888818 0.0972825 0.1380044 0.1135124 0.2267178 0.1429921 0.1233251 0.2102205 0.2967715 0.2175928 0.09498494 0.1345498
72 0.09318345 NA 0.1310204 0.1062269 0.1325688 0.08479692 0.1031914 NA 0.2418951 0.1588799 NA NA
73 0.08877492 NA 0.1234614 0.0925647 0.01717256 0.1086191 0.1138299 NA 0.2000386 0.09194434 NA NA
74 0.1079665 NA 0.1514921 0.1227042 0.1353543 0.115399 0.1497586 NA 0.2432143 0.1586134 NA NA
75 0.09033606 0.09148727 0.1257079 0.1086956 0.1991824 0.1135001 0.1036279 0.1966235 0.2746627 0.1731141 0.06930294 0.09874541
77 0.09158645 0.1034281 0.1271395 0.1167262 0.1746841 0.1084987 0.09825992 0.1722861 0.3145286 0.1897995 0.09281127 0.1512417
78 0.092801 0.1838788 0.130462 0.1393532 0.3927327 0.2318153 0.1543594 0.5020843 0.3414605 0.3144492 0.14142 0.2800379
79 0.09780983 0.08674182 0.1353533 0.1452626 NA NA 0.1104664 NA 0.2532993 0.1479873 NA NA
80 0.09988252 0.1177899 0.1391836 0.1307979 0.3113995 0.2041562 0.1576416 0.3595005 0.3111925 0.2496862 0.08028655 0.1470311
81 0.08946618 0.0977494 0.1237497 0.1169343 0.2065738 0.1345261 0.1212184 0.1983289 0.3002264 0.2006806 0.09629305 0.125865
82 0.09533947 0.1205286 0.1326791 0.1419617 0.2313571 0.1628557 0.1654818 0.2093713 0.275995 0.2200412 0.08529887 0.1237929
83 0.09436384 0.1571113 0.1308492 0.135778 0.3166931 0.1975011 0.1670022 0.3806536 0.2890988 0.2309028 0.1271329 0.1941901
84 0.08523981 0.1012763 0.1178477 0.124351 0.168516 0.1146054 0.115629 0.1569456 0.3151729 0.2089867 0.07639704 0.1143721
85 0.1028472 0.04424164 0.1429762 0.1241808 NA NA 0.1041349 NA 0.2711714 NA NA NA
86 0.09176402 NA 0.130221 0.1178003 NA NA 0.09314293 NA 0.2354428 0.1493356 NA NA
87 0.09807445 NA 0.137352 0.1014698 0.04820621 NA 0.09940245 NA 0.2459288 0.1800991 NA NA
88 0.09017223 0.04719024 0.1254752 0.1093605 0.08651391 0.07674911 0.08687742 NA 0.2144662 0.1042479 NA NA
89 0.0932364 0.113797 0.1302079 0.1315915 0.2614101 0.1784831 0.1442781 0.2623173 0.2747028 0.1903569 0.09240392 0.1218116
90 0.09620056 0.04759328 0.1343715 0.1139186 0.1204239 0.0882882 0.1076282 NA 0.2811274 0.1779183 NA NA
91 0.0904198 0.08116928 0.1262604 0.1199367 0.1223831 0.08974534 0.1144583 NA 0.2736794 0.1733799 0.05527977 0.008396868
92 0.09532645 0.1600699 0.1328789 0.1282184 0.500648 0.3353472 0.1586471 0.6719715 0.2729238 0.3124887 0.1098111 0.1903007
93 0.09364089 0.08650814 0.1303824 0.1097493 NA NA 0.03798861 NA 0.1738099 NA NA NA
94 0.09449455 NA 0.1312909 0.1252997 NA NA 0.1257282 NA 0.2861677 0.1491065 0.03769378 NA
95 0.09443317 0.08541102 0.1317301 0.151813 NA NA 0.09990482 NA 0.2383098 0.1354942 NA NA
96 0.09359898 0.1116877 0.1297328 0.1237748 0.2124148 0.1528382 0.1450953 0.1941573 0.2743003 0.1989397 0.08449945 0.1280423
97 0.09091569 0.1440592 0.1286684 0.123023 0.3197183 0.1668962 0.1360932 0.4372089 0.2866093 0.237212 0.112132 0.1916904
98 0.1014354 0.1201298 0.1414548 0.1333366 0.2462982 0.1622156 0.145144 0.2525236 0.2685231 0.1946229 0.07980384 0.113174
99 0.09434101 0.07791926 0.1313304 0.1177863 0.153904 0.1086472 0.1134062 NA 0.2658428 0.1727752 0.05200203 NA
100 0.09639047 0.2334167 0.13406 0.1521351 0.3749374 0.2057101 0.1446015 0.5213189 0.2549172 0.2548481 0.2036727 0.3220488
101 0.09734002 0.1110613 0.135308 0.1212599 0.2361113 0.143307 0.1177612 0.2572634 0.2970336 0.2421396 0.09806488 0.1624692
102 0.1120097 0.1351786 0.1559694 0.1610233 0.287903 0.1760888 0.1836308 0.2925211 0.2667369 0.2016945 0.07544446 0.08770766
103 0.1074866 0.0576318 0.1495576 0.1058695 NA 0.06725295 0.08945773 NA 0.2687004 0.1818975 0.05380054 NA
104 0.09460525 0.06066051 0.1314976 0.1129995 0.08899417 0.08041864 0.1035483 NA 0.2531452 0.162694 0.0222289 NA
105 0.09367118 0.108124 0.1310114 0.1232508 0.1949615 0.1285156 0.112701 0.1900008 0.2778914 0.1941191 0.07368825 0.1089738
