1 5.347072 -0.6071876 -0.04397032 -0.5234441 0.4625277 0.6068133 0.09737595 0.2528605 6.31871 -0.7685394 -1.044562 0.4474872 -0.5187129
2 5.36782 -0.770605 0.01547576 -0.2740628 0.5151286 0.4009635 0.09113373 0.253119 5.96247 0.1564642 -1.242254 0.3956843 -0.6274061
3 5.413807 -0.5348876 -0.1057674 -0.636978 0.4729766 0.3742644 -0.008080281 0.2484081 4.324259 -0.8581101 -0.7478337 0.3214053 -0.3711545
4 5.425477 -0.6890766 -0.2230535 -0.3429877 0.5770852 0.3811776 0.1359757 0.2582653 6.621225 -0.4081256 -1.060717 0.3560578 -0.460961
5 5.320475 -0.748739 -0.1367184 -0.366876 0.5033282 0.4958814 0.1231298 0.2027347 5.388542 -0.2883546 -1.052475 0.3573452 -0.5153315
6 5.396034 -0.6764403 -0.1055353 -0.5397871 0.4933655 0.4159776 0.06847376 0.3244249 4.684173 -0.9851544 -0.6592988 0.3480992 -0.3868302
7 5.441907 -0.7083816 -0.1761527 -0.4343762 0.5130796 0.3430764 0.09358063 0.2097565 5.917422 -0.1843044 -0.8961723 0.3684445 -0.5674363
8 5.396495 -0.7706175 -0.2588001 -0.1901037 0.5453747 0.4768206 0.1546267 0.2687347 5.256623 -0.8977307 -0.9204152 0.3586431 -0.3709147
9 5.477993 -0.7391708 -0.3227557 -0.3765387 0.4856458 0.480453 0.1272726 0.270746 7.074617 -0.1012183 -1.271837 0.4478036 -0.609203
10 5.321365 -0.5729205 0.0001389167 -0.5926636 0.5361961 0.51164 0.07732502 0.3001653 6.786142 -0.2876538 -0.9868107 0.3822193 -0.5445494
11 5.387872 -0.7258104 -0.04650683 -0.5244284 0.5550928 0.4566416 0.1231143 0.3325812 4.92339 -0.8309499 -0.8142997 0.3764828 -0.4325769
12 5.410498 -0.7209027 -0.2086565 -0.3451447 0.4738905 0.5745099 0.1646485 0.2444569 6.8674 -0.8908692 -0.9704353 0.4342307 -0.4725598
13 5.338544 -0.6468144 -0.1473828 -0.4790175 0.6299194 0.396422 0.195329 0.3072945 5.893578 -0.5462517 -0.9841938 0.3858105 -0.5070524
14 5.449854 -0.8272643 -0.1257083 -0.414556 0.5543457 0.4932185 0.119037 0.2820462 7.199642 -0.1392104 -1.087199 0.3824977 -0.5494317
15 5.39792 -0.6204086 -0.1258847 -0.4792198 0.4240462 0.578485 0.07821538 0.2331426 4.723966 -0.9323808 -0.8479403 0.418296 -0.4176737
16 5.472395 -0.7145434 -0.2865227 -0.4322957 0.5456942 0.376022 0.2035609 0.2033408 5.165786 -0.6803202 -0.9017388 0.3581364 -0.460778
17 5.569358 -0.7235877 -0.3211158 -0.3637499 0.5746507 0.4725271 0.06714296 0.2300796 6.294963 -0.5863296 -0.883763 0.3574984 -0.4871169
18 5.369164 -0.6243455 -0.1550649 -0.6002227 0.5485323 0.4204818 0.1399625 0.2020043 6.64149 -0.4177654 -1.074506 0.3587335 -0.4935606
19 5.367199 -0.4957882 -0.02762605 -0.6889364 0.477909 0.4053344 0.1104723 0.2064392 5.390605 -0.6645728 -1.117163 0.4203418 -0.518797
20 5.409568 -0.4785529 -0.04117068 -0.5649115 0.4842405 0.2861148 0.1112359 0.1649153 4.386824 -1.302452 -0.6626833 0.4116222 -0.3617443
21 5.34191 -0.6236456 -0.09468217 -0.4788113 0.4688265 0.4937901 0.0588791 0.2093842 4.88013 -1.166937 -0.5336629 0.4065342 -0.3955911
22 5.4528 -0.7133448 -0.1327063 -0.5132639 0.6391126 0.4197489 0.1536261 0.2176855 5.934375 -0.1483472 -1.169574 0.3297491 -0.5205205
23 5.360544 -0.6104721 -0.08658327 -0.4635126 0.5624905 0.350564 0.1072981 0.1877235 5.40708 -0.4819697 -0.9229061 0.3929858 -0.5295468
24 5.350644 -0.5866366 -0.04409334 -0.5601062 0.4955109 0.4599459 0.06693265 0.2209647 4.648385 -0.7107098 -0.8395029 0.3637067 -0.458684
25 5.372527 -0.6044674 -0.1241257 -0.5890467 0.4958612 0.4092942 0.1387182 0.2496212 5.348616 -0.4729024 -0.9528885 0.3936666 -0.5250568
26 5.411052 -0.5743713 -0.07440444 -0.6278628 0.5578881 0.4722143 0.1410715 0.1592525 5.482363 -0.3392627 -0.9291844 0.346737 -0.4919533
27 5.335703 -0.6799163 -0.1308393 -0.5389276 0.5883471 0.3504474 0.1141248 0.2597131 9.054698 -0.2481513 -0.9873231 0.4465812 -0.6264216
28 5.428895 -0.7286336 -0.0798676 -0.4306734 0.5561114 0.4431763 0.1664442 0.3230134 8.122246 -0.2900631 -1.261835 0.4465886 -0.5951298
29 5.395621 -0.6220937 -0.06857956 -0.4848475 0.4846275 0.5097498 -0.006188394 0.3759516 5.50615 -0.6506412 -0.7202385 0.3766825 -0.4739269
30 5.299655 -0.6611629 -0.0752853 -0.4661533 0.5129332 0.3772354 0.1714501 0.1805407 5.006437 -0.2709702 -1.089661 0.4370647 -0.5660965
31 5.422857 -0.6212252 -0.1204198 -0.667679 0.4846483 0.3933507 0.1306594 0.1825254 5.178452 -0.8800013 -0.8438317 0.3804021 -0.4303107
32 5.396876 -0.6741004 -0.08200223 -0.4610366 0.5071741 0.5142527 0.104711 0.1855381 4.508684 -0.817965 -1.058353 0.3774231 -0.4254582
33 5.328958 -0.5711463 -0.07337546 -0.6632721 0.5901122 0.4076015 0.03299863 0.2908213 6.487106 -0.3861825 -1.210353 0.35976 -0.4787887
34 5.232429 -0.613664 0.06501228 -0.5849654 0.50142 0.4927874 0.02589433 0.249092 4.350269 -0.6491632 -1.050355 0.3334461 -0.4233518
35 5.437008 -0.857414 -0.1106018 -0.3284282 0.5344097 0.4689986 0.0824962 0.3207708 7.150305 -0.4776869 -1.02756 0.3975012 -0.506546
36 5.302057 -0.6129675 -0.05934852 -0.4948603 0.4573615 0.4621586 0.08706421 0.2518317 6.726981 -0.7267518 -1.003131 0.3934348 -0.446894
37 5.297655 -0.5660125 0.1044018 -0.5114136 0.5184163 0.4295944 0.09446833 0.2783815 4.919318 -0.7457063 -0.9028135 0.3660536 -0.4191081
38 5.356576 -0.6834867 -0.1521225 -0.3616874 0.4599804 0.4473117 0.07859721 0.2469312 4.482606 -0.7975069 -0.9138681 0.3647332 -0.4132239
39 5.349913 -0.5689348 -0.0022521 -0.5034019 0.5286552 0.4750235 0.1556949 0.2565896 6.149493 -0.9370455 -0.8293906 0.3618899 -0.3818401
40 5.461449 -0.5175292 -0.2303004 -0.650759 0.5455386 0.3494413 0.1704812 0.1978251 5.417878 -0.6575461 -0.9552529 0.3565083 -0.4350852
41 5.407903 -0.7015484 -0.1388772 -0.3085717 0.5180144 0.3220771 0.1857054 0.1609212 6.105581 -0.8741125 -1.054256 0.4224315 -0.4488774
42 5.453582 -0.7601458 -0.1803473 -0.483879 0.5647584 0.4963055 0.1317846 0.2583283 6.918475 -0.4107161 -1.081409 0.3833117 -0.5139026
43 5.389664 -0.6705792 -0.1936497 -0.4137927 0.4712897 0.3634632 0.07397339 0.2344267 5.767993 -0.4375127 -0.8777628 0.3716654 -0.497127
44 5.520019 -0.610363 -0.1983732 -0.5470236 0.5098534 0.4210721 0.09207244 0.2326357 5.949141 -0.4543948 -1.047356 0.368254 -0.4945824
45 5.309493 -0.6416761 0.08883524 -0.4840565 0.4862758 0.4434199 0.1610049 0.2849296 5.449206 -0.6719793 -1.227046 0.4191831 -0.4697787
46 5.352576 -0.8309291 0.04965514 -0.3227194 0.5624775 0.5772925 0.1682039 0.2240889 6.96313 -0.4538447 -0.9956755 0.3597377 -0.5107118
47 5.262243 -0.7657719 0.003834446 -0.3582589 0.4959735 0.5043977 0.07711705 0.2472811 5.927278 -0.4869286 -1.222365 0.3739865 -0.4736711
48 5.357007 -0.5490894 -0.2012192 -0.5861858 0.5016523 0.5403538 -0.03579478 0.2766536 5.989389 -0.8229216 -0.6864502 0.3515582 -0.4346332
49 5.315853 -0.5354888 0.0102891 -0.6025549 0.5709228 0.4636796 0.1461861 0.2258784 5.66057 -0.8431856 -0.8922156 0.3578463 -0.4141458
50 5.28346 -0.6514666 -0.04730345 -0.6150951 0.6123855 0.331327 0.144558 0.3554412 8.353646 -0.1126863 -1.052884 0.3775425 -0.590023
51 5.343881 -0.6549475 -0.163462 -0.4832534 0.5283652 0.4555416 0.1244986 0.2082235 6.329766 -0.6338167 -0.9250335 0.4144545 -0.5115124
52 5.367616 -0.6736771 -0.1270178 -0.5968991 0.5585817 0.3073815 0.1556063 0.2768691 4.902774 -0.9248509 -0.7142717 0.3406986 -0.3727003
53 5.271968 -0.6138304 -0.08222397 -0.53459 0.4515452 0.3814359 0.03104939 0.2564953 5.410652 -0.2340427 -0.9374612 0.3973892 -0.5700185
54 5.298483 -0.6984759 -0.03369061 -0.4594486 0.5023127 0.3963337 0.1415348 0.2580844 4.941317 -0.5098667 -1.04622 0.3788643 -0.476274
55 5.340755 -0.6411917 -0.02388693 -0.458081 0.5020999 0.3821834 0.09846679 0.189214 5.36072 -0.4001732 -1.120115 0.3930426 -0.543062
56 5.305847 -0.5218909 -0.1001742 -0.5002452 0.5412781 0.4036076 0.1304835 0.1810509 6.7475 -0.2826538 -1.024277 0.4061366 -0.5608423
57 5.350723 -0.5542928 -0.1266743 -0.5885007 0.4951853 0.4379978 0.1034643 0.1660314 4.536266 -0.5982433 -0.8489819 0.3414394 -0.4356226
58 5.506968 -0.7142525 -0.1401994 -0.4501722 0.5442039 0.406713 0.09615976 0.2506959 5.95949 -0.3696032 -1.063651 0.3436081 -0.476027
59 5.358639 -0.577826 -0.129276 -0.5575468 0.4381477 0.4030175 0.08905854 0.2411098 4.0316 -0.8281292 -0.8872154 0.3665907 -0.4284328
60 5.309082 -0.6211992 -0.07883752 -0.465273 0.5231833 0.4144951 0.05294689 0.1815315 4.887127 -0.6457261 -0.9409149 0.3871711 -0.478217
61 5.418376 -0.6719834 -0.1540118 -0.386777 0.5544388 0.5558789 0.1410867 0.3609762 6.613202 -0.7958666 -0.8721017 0.37078 -0.4300217
62 5.423724 -0.62093 -0.1677651 -0.5404173 0.4758598 0.4634724 0.1258708 0.1380492 4.659545 -0.7398838 -1.014266 0.3835534 -0.433133
63 5.354529 -0.6260674 -0.08285794 -0.4493377 0.5523699 0.3662927 0.1883499 0.2066228 5.554498 -1.065948 -0.781075 0.3610292 -0.3412843
64 5.466322 -0.6208321 -0.2775425 -0.3740315 0.4383437 0.5507242 0.03617997 0.3051741 5.330773 -0.9059603 -0.7750455 0.3859332 -0.39455
65 5.459833 -0.6430193 -0.1725184 -0.403118 0.5564557 0.2495494 0.1370148 0.1569459 4.633672 -0.6349733 -0.9250516 0.3349007 -0.4228485
66 5.442506 -0.7524464 -0.1062353 -0.3853806 0.5316844 0.57459 0.009241446 0.262675 4.820269 -0.6347842 -0.766314 0.3573781 -0.4417662
67 5.441075 -0.7313802 -0.06437682 -0.4389342 0.5682013 0.4898625 0.1984592 0.2909346 5.870606 -0.4038797 -1.081633 0.4228947 -0.5415216
68 5.29325 -0.6076217 0.005931786 -0.5947816 0.485154 0.3102775 0.1393127 0.2010831 5.631876 0.1042342 -1.160976 0.381362 -0.619514
69 5.424305 -0.6205141 -0.200449 -0.4455323 0.4848258 0.5059199 0.07308099 0.1836669 5.065416 -0.4614722 -1.002899 0.3540401 -0.4849105
70 5.397655 -0.5496694 -0.1399904 -0.5756854 0.5229905 0.4278212 0.1736286 0.2690992 6.225627 -0.7354591 -1.088231 0.3924052 -0.4526099
71 5.470548 -0.6536968 -0.2708437 -0.4797246 0.511944 0.4830165 0.0656441 0.3101631 4.910825 -0.5195417 -0.9531313 0.3292232 -0.4441474
72 5.280098 -0.572028 0.0222304 -0.538765 0.484883 0.3956726 0.09643638 0.1999291 5.051925 -0.8876497 -0.7620463 0.3746983 -0.4080969
73 5.406396 -0.6075398 -0.1752514 -0.4668856 0.5135326 0.3334807 0.2079224 0.1972883 5.153785 -0.9582258 -0.8370033 0.372649 -0.4169413
74 5.356792 -0.7102995 -0.141462 -0.5153752 0.5074012 0.5746398 0.01084738 0.2843609 5.858742 -0.08642419 -0.9977863 0.3284926 -0.530987
75 5.501026 -0.6912268 -0.244694 -0.3748323 0.5167187 0.3858728 0.1309261 0.2319085 4.893935 -0.3924725 -1.111162 0.3464081 -0.4354997
76 5.439964 -0.7297309 -0.1759844 -0.400277 0.5221149 0.3661559 0.1242945 0.2319997 5.26094 -0.365497 -0.9390866 0.4137532 -0.5757286
77 5.215205 -0.6069095 0.1421153 -0.5463398 0.5091455 0.4426802 0.1243267 0.1863548 5.277573 -0.5637347 -0.9300152 0.3743741 -0.4839472
78 5.415835 -0.5386456 -0.1908786 -0.6208677 0.5341056 0.4123577 0.1483962 0.2239448 5.620741 -0.6825613 -0.7921816 0.3501197 -0.4333644
79 5.369215 -0.5875224 -0.1377233 -0.5260107 0.5009388 0.5221033 0.1254289 0.2616348 4.798542 -0.5832943 -0.6798004 0.30369 -0.4156077
80 5.342808 -0.5119826 -0.1623253 -0.6248928 0.5259338 0.3450305 0.1186788 0.2215431 5.127496 -0.4746954 -0.9618083 0.364691 -0.4758347
81 5.304146 -0.8153964 -0.07938063 -0.3833175 0.5663703 0.3572189 0.1276862 0.2788395 6.876546 0.1778318 -1.250207 0.427017 -0.6831995
82 5.376255 -0.5851974 -0.1804774 -0.4729994 0.4762324 0.4894742 0.04965654 0.317221 6.227369 -0.6734989 -0.9711081 0.3607214 -0.4477083
83 5.37957 -0.6131153 -0.1977734 -0.5514799 0.5281722 0.4488287 0.175277 0.206582 5.464947 -0.08674264 -1.327875 0.3816803 -0.5497462
84 5.308012 -0.6070041 -0.06341901 -0.492441 0.5092341 0.3152338 0.1565752 0.2464542 4.095569 -0.8630389 -0.7269802 0.3431209 -0.3963011
85 5.425418 -0.7670292 -0.1890214 -0.3890385 0.5102269 0.463953 0.07205148 0.1569448 5.695268 -0.5709822 -0.9914198 0.3902198 -0.4788747
86 5.361265 -0.747032 -0.0169655 -0.4119131 0.6746448 0.4649581 0.1271307 0.1982825 5.989819 -0.6381449 -1.123858 0.3939768 -0.4550676
87 5.346726 -0.7937993 -0.08124508 -0.3334581 0.54056 0.4855381 0.1845211 0.2137099 5.533232 -0.3965533 -0.8468694 0.4060914 -0.5486566
88 5.436767 -0.5570417 -0.144334 -0.6253389 0.4858118 0.509853 0.06634399 0.205984 6.323401 -1.223589 -0.8493338 0.43348 -0.3822815
89 5.372042 -0.6242947 -0.05303775 -0.6131681 0.458519 0.4745981 0.1180532 0.2635187 4.601267 -0.9899954 -0.70962 0.3482733 -0.3647103
90 5.307332 -0.6037179 -0.01468045 -0.5617941 0.4575794 0.4982409 0.06861455 0.2751427 4.879015 -0.3740656 -0.8149876 0.3563416 -0.5123928
91 5.344404 -0.6830225 -0.1007987 -0.4245644 0.5230594 0.3985702 0.148892 0.2366223 7.162837 -0.6417751 -1.191868 0.4544952 -0.5274382
92 5.42546 -0.6947222 -0.1022263 -0.3696781 0.5106533 0.4731167 0.137877 0.2117194 4.994267 -0.7483005 -0.7878267 0.3899862 -0.4799181
93 5.299621 -0.6093673 0.0848582 -0.6272944 0.5403278 0.4353739 0.1196845 0.2884021 7.253056 -0.3724583 -1.039729 0.3624792 -0.5115049
94 5.270885 -0.5120622 0.007680994 -0.8049991 0.5055598 0.4859796 0.02339245 0.3008727 6.222916 -0.5594976 -1.113219 0.4342156 -0.5240888
95 5.313186 -0.5019661 -0.05713161 -0.5818315 0.4959151 0.3193205 0.1193411 0.2042265 5.402723 -0.9062216 -0.6347047 0.3850122 -0.4219735
96 5.307263 -0.547798 -0.06749769 -0.5938089 0.4519804 0.442282 0.05025146 0.2885388 5.037867 -0.4761581 -1.131796 0.3794062 -0.4478006
97 5.369183 -0.8172738 -0.1170163 -0.2748213 0.617792 0.484082 0.1551832 0.1616088 7.671782 -0.183392 -1.221217 0.4067838 -0.5819858
98 5.356457 -0.4990124 0.003056403 -0.7180747 0.5185277 0.4271166 0.09111102 0.2281069 5.364113 -0.8462052 -0.9125896 0.3950633 -0.4280788
99 5.423012 -0.6465655 -0.09969977 -0.4770063 0.4998907 0.4460179 0.07640034 0.2334845 6.063266 -0.8145203 -0.8027851 0.4052014 -0.4694751
100 5.341587 -0.6711416 -0.1984413 -0.4845321 0.5393669 0.4405248 0.03205819 0.2356539 5.414486 -0.1451637 -1.208651 0.3845982 -0.5681304
