1 0.07846346 0.07896442 0.109377 0.09232037 0.08866305 0.0494513 0.0487428 0.03473924 0.9314053 0.2530286 0.1527297 0.05328035 0.07513612
2 0.07237883 0.07617976 0.1005162 0.09207321 0.07705786 0.04787018 0.05806488 0.04035032 0.8727812 0.2765183 0.1564593 0.04769416 0.07446921
3 0.06680032 0.06497234 0.09936806 0.08851235 0.06965801 0.04580126 0.05137094 0.03767165 0.5231085 0.2319267 0.1503914 0.03883095 0.05446255
4 0.07461649 0.08808338 0.1024936 0.1043113 0.07771721 0.04921696 0.05484038 0.04679007 1.028207 0.2552685 0.1487322 0.04176199 0.0628529
5 0.07607079 0.07410192 0.106166 0.08861611 0.08063223 0.04752988 0.04736445 0.04215525 0.7218423 0.2590422 0.1537732 0.04440036 0.0705285
6 0.07196271 0.08109288 0.1013736 0.1021626 0.07420597 0.0496725 0.06063185 0.04155922 0.5939494 0.2201958 0.1437807 0.04089303 0.05631252
7 0.06888287 0.07611706 0.09717589 0.09071516 0.06917525 0.04421893 0.04836148 0.04079391 0.8428116 0.2828348 0.1533831 0.04594996 0.07398496
8 0.07759664 0.0768733 0.1069693 0.09801503 0.08208714 0.05012861 0.05649709 0.04148472 0.6810532 0.2023123 0.1415131 0.03989657 0.04967091
9 0.07318971 0.08227866 0.1030127 0.09631824 0.08161447 0.04986564 0.05579088 0.03919517 1.199861 0.2711743 0.1647407 0.05201524 0.0763302
10 0.07745277 0.07993524 0.1075704 0.09657443 0.0824821 0.05367498 0.05884168 0.04220972 1.114521 0.2575201 0.149205 0.04658898 0.06987083
11 0.07356726 0.07674553 0.1064416 0.1008688 0.08307364 0.05397507 0.06377257 0.0456711 0.639835 0.2086041 0.1463262 0.04247642 0.05229548
12 0.08117783 0.07475682 0.1087079 0.09244649 0.08288869 0.04692565 0.04778387 0.03484678 1.04533 0.2345226 0.1479529 0.05045491 0.06269878
13 0.07668216 0.08745529 0.1059491 0.1028871 0.08548068 0.05707435 0.06216893 0.04787289 0.8169799 0.236245 0.1523569 0.04881296 0.07419305
14 0.08097986 0.08638478 0.1077546 0.1047389 0.08576546 0.052474 0.05728261 0.04041019 1.158544 0.2481571 0.1509817 0.04342117 0.06327516
15 0.07980574 0.07255504 0.1082337 0.09356279 0.08283596 0.04808761 0.04849552 0.03390409 0.6128007 0.2231775 0.1414323 0.04546761 0.05959015
16 0.07623809 0.07314875 0.102105 0.08911168 0.07325354 0.04655632 0.04515176 0.04541713 0.7182898 0.2452261 0.150014 0.04395348 0.06347558
17 0.07775732 0.07496482 0.1080507 0.09096628 0.08355168 0.05162752 0.04917247 0.04322726 0.9064128 0.2854626 0.1572402 0.04801583 0.0824104
18 0.07512709 0.08017899 0.1026258 0.09216078 0.07760476 0.04758343 0.04925357 0.04020601 1.009001 0.2460116 0.1540805 0.04651469 0.06998813
19 0.07121034 0.07226423 0.09865046 0.08773208 0.07248958 0.04164489 0.04438471 0.03517571 0.7208538 0.2528029 0.1575084 0.05120699 0.06971169
20 0.06764157 0.0650626 0.09336698 0.08373749 0.06436197 0.04082094 0.04008678 0.04077476 0.5539867 0.2815482 0.1508439 0.04508276 0.06567465
21 0.07577792 0.06762113 0.1050977 0.09035261 0.08047845 0.048585 0.04833079 0.03715577 0.6341441 0.2443882 0.1430409 0.04486411 0.06298791
22 0.07746967 0.0770296 0.1072301 0.09440607 0.08639899 0.05015917 0.05218826 0.04990725 0.8154651 0.2404308 0.159037 0.04177978 0.06162488
23 0.07120877 0.07281193 0.1004386 0.09157963 0.07375499 0.0469762 0.04733363 0.04467144 0.743517 0.2541904 0.1488977 0.04621172 0.06636868
24 0.07708259 0.07763286 0.104329 0.09259295 0.07760561 0.04521314 0.04895562 0.04092978 0.5753821 0.2409878 0.1464346 0.04357124 0.06263907
25 0.07220508 0.08232161 0.1001955 0.09271339 0.07596721 0.04662969 0.04974753 0.03970017 0.7415803 0.2738217 0.1608717 0.0519109 0.08329645
26 0.07518479 0.06675911 0.1067019 0.08616985 0.08406544 0.0476466 0.04707418 0.04453387 0.7449296 0.2453508 0.1492696 0.04083231 0.05927907
27 0.07297766 0.08710358 0.09952385 0.1000326 0.07358971 0.04836704 0.0544959 0.0453794 1.799931 0.2809725 0.1640286 0.05592256 0.08945668
28 0.07105786 0.08428013 0.1038167 0.1008959 0.08069863 0.0526765 0.06142867 0.04271488 1.475003 0.2543855 0.1570675 0.05481556 0.08103014
29 0.07497933 0.07663208 0.1061018 0.1008048 0.0809094 0.05675422 0.06405647 0.03830857 0.7380936 0.2236688 0.1421307 0.04416717 0.05938291
30 0.073578 0.07749832 0.1005276 0.09249273 0.07360752 0.04634246 0.04838281 0.04322976 0.6527531 0.2446023 0.1502791 0.04758169 0.06821718
31 0.06775157 0.06764979 0.1002248 0.08682884 0.07044315 0.04372833 0.04411527 0.03937338 0.711307 0.2341469 0.1521994 0.04556168 0.06365138
32 0.07736326 0.07156939 0.1079169 0.09070928 0.08356721 0.04952463 0.04713366 0.04112971 0.5643238 0.2162445 0.1505582 0.04403239 0.05621586
33 0.07352534 0.08057108 0.1047004 0.1008476 0.08041585 0.05196273 0.05734249 0.04650456 0.9857196 0.2562723 0.1613527 0.04311206 0.06606822
34 0.07473463 0.0746651 0.1061379 0.09326074 0.08135394 0.0477776 0.04998886 0.04005225 0.5362803 0.2291219 0.1486906 0.04140226 0.05971503
35 0.07555592 0.1084155 0.1049045 0.1088402 0.08093587 0.05453368 0.06285009 0.04764679 1.165945 0.2828721 0.1556775 0.05333682 0.09425548
36 0.07164823 0.07111433 0.1010056 0.08985263 0.07327012 0.04486439 0.05094592 0.03565384 1.014406 0.2429872 0.1474374 0.04418468 0.05991355
37 0.07562408 0.08879663 0.1039282 0.1014352 0.07725608 0.04918571 0.05694719 0.04291225 0.6410159 0.2565264 0.1453473 0.04472195 0.07124147
38 0.07607691 0.07942996 0.1019481 0.09455955 0.07466132 0.0460684 0.04677222 0.036521 0.5409512 0.2311632 0.1449967 0.04449923 0.06203419
39 0.07423798 0.07228615 0.1054494 0.09369607 0.07986368 0.04964421 0.05223984 0.03995892 0.8788606 0.2253216 0.1406831 0.04164376 0.05455227
40 0.07621448 0.07423476 0.1001492 0.08958487 0.07241012 0.04423677 0.04595009 0.03936146 0.7062738 0.2358815 0.1506112 0.04351503 0.05729651
41 0.07376038 0.07904528 0.09688234 0.08843635 0.0662582 0.04143819 0.04006221 0.0373239 0.8865733 0.2545728 0.1475845 0.05158547 0.07498181
42 0.07624467 0.07675738 0.1076996 0.09547695 0.08653848 0.05195436 0.05581938 0.04321214 1.180644 0.2372955 0.1525543 0.04552642 0.063402
43 0.06700906 0.07712675 0.09646326 0.0965295 0.06902537 0.04383992 0.04937753 0.03739699 0.7958498 0.259481 0.1491133 0.04402805 0.06682808
44 0.0726701 0.07286413 0.1007097 0.08914321 0.07292373 0.04349491 0.04964835 0.04105663 0.8675349 0.2468134 0.1506292 0.04476016 0.06273413
45 0.07252239 0.07698032 0.1020199 0.09644868 0.07736777 0.05031193 0.05598703 0.0376791 0.7527119 0.2236531 0.1528155 0.04624024 0.05945418
46 0.07670721 0.06843765 0.1118864 0.09153664 0.08961934 0.051023 0.04797232 0.0430842 1.116403 0.2177014 0.145785 0.04297781 0.05541436
47 0.07801793 0.07961488 0.106253 0.09747074 0.07921136 0.04609453 0.05308931 0.03795829 0.8541482 0.2267629 0.1451421 0.04389578 0.05999292
48 0.08147391 0.07624819 0.1086361 0.09397457 0.08595947 0.0553529 0.05513833 0.03911959 0.9141078 0.2605324 0.1497902 0.04313154 0.06344545
49 0.07851026 0.07652942 0.1069257 0.09622955 0.08228215 0.04852211 0.05058478 0.04301535 0.7742929 0.2270448 0.1456893 0.04234272 0.05586328
50 0.06989626 0.1093945 0.1002964 0.1076889 0.07453874 0.05105161 0.07024211 0.04899656 1.571633 0.3149966 0.1741311 0.05550871 0.1082978
51 0.07341644 0.07623816 0.1039217 0.09320712 0.0784999 0.0474165 0.04674113 0.04259367 0.9560532 0.253234 0.1509038 0.04861227 0.07162889
52 0.06816103 0.07245526 0.09872614 0.09558986 0.07154802 0.05125843 0.05758729 0.04600984 0.6169064 0.2031624 0.1426591 0.03840546 0.04995029
53 0.07047612 0.0792495 0.09682164 0.09346878 0.0690562 0.0461669 0.05397957 0.040524 0.7530337 0.2853363 0.155288 0.04653215 0.07697123
54 0.07554385 0.07560833 0.1009333 0.09514191 0.07332202 0.04777825 0.05454953 0.04002154 0.6491924 0.2290626 0.1476404 0.04330283 0.05689948
55 0.06910025 0.07276946 0.09859483 0.08876478 0.0735259 0.04330443 0.04589936 0.03869327 0.7239332 0.2542541 0.1533278 0.04772697 0.07051755
56 0.07023118 0.06472863 0.1009779 0.08803658 0.07598494 0.04385292 0.04302978 0.04023448 1.06982 0.260214 0.1508862 0.0467413 0.06546162
57 0.07130551 0.06833237 0.1037048 0.08521095 0.07578273 0.04222923 0.04626184 0.04141534 0.5481286 0.2455567 0.1461197 0.04250719 0.06474504
58 0.07515246 0.07904867 0.1025052 0.0979154 0.07877878 0.04851952 0.05367859 0.04150188 0.8706933 0.2419684 0.1497649 0.04266706 0.06176858
59 0.07453687 0.07423786 0.09926981 0.08975899 0.06878563 0.04300925 0.04586532 0.03584376 0.4690996 0.2455277 0.152357 0.04393417 0.06183332
60 0.07532136 0.07048704 0.1032202 0.08625588 0.07727816 0.04731694 0.04571446 0.0428586 0.6345029 0.269405 0.1510081 0.04693386 0.07399905
61 0.07902216 0.08653373 0.1101518 0.107171 0.09119409 0.05593019 0.06671415 0.04099632 1.011886 0.2117908 0.1433202 0.04307663 0.05492875
62 0.07584636 0.06843111 0.1038101 0.08350952 0.07660657 0.04204988 0.0404122 0.03720399 0.5624214 0.2170088 0.1477123 0.04371765 0.05419426
63 0.07065926 0.07647618 0.1006909 0.094302 0.07555516 0.04893232 0.059638 0.04393213 0.7797205 0.2233262 0.1420473 0.04105217 0.05554688
64 0.07454136 0.0714174 0.1068315 0.0931102 0.08028888 0.05204195 0.05429984 0.03531453 0.7099932 0.2354343 0.143345 0.04208948 0.05892646
65 0.06902624 0.0713929 0.09508764 0.08694913 0.06553585 0.04223197 0.04537023 0.04996482 0.5810649 0.2645141 0.1477431 0.04038826 0.06081803
66 0.08084877 0.08390347 0.1121911 0.09789806 0.09353393 0.05356188 0.0597886 0.04436137 0.6059026 0.2464191 0.1438239 0.04437159 0.07225236
67 0.07705652 0.08342847 0.1084191 0.1005016 0.08506854 0.05481502 0.05992372 0.0459758 0.8448362 0.230796 0.1488583 0.04851217 0.06715945
68 0.0669748 0.07433069 0.09296531 0.08770297 0.06469395 0.0414787 0.04242715 0.03796642 0.7957115 0.2765792 0.1621903 0.04827869 0.07747033
69 0.07394827 0.0636695 0.104604 0.08222255 0.08178851 0.04336738 0.04296772 0.03709291 0.6637039 0.2390747 0.1479694 0.04217197 0.05972929
70 0.07191083 0.07767023 0.1018095 0.09818132 0.07667488 0.04683359 0.05149737 0.03897119 0.907654 0.2381598 0.1514328 0.04790508 0.0652929
71 0.07728864 0.08004159 0.1063265 0.09803434 0.08174699 0.05331969 0.05999113 0.03970952 0.6276548 0.2313762 0.1514965 0.04329415 0.06263885
72 0.07035552 0.06811157 0.09897246 0.0865903 0.07364453 0.04579091 0.04471896 0.03742848 0.681678 0.240829 0.1423755 0.04302691 0.06127507
73 0.06661192 0.06575094 0.09618495 0.08708447 0.06670367 0.04192172 0.04283578 0.04167596 0.7005258 0.2183735 0.1469718 0.04523258 0.05780088
74 0.07873898 0.09461433 0.1103064 0.1089729 0.08735605 0.05328682 0.05639618 0.03985812 0.8154307 0.2664849 0.153887 0.04175371 0.07072041
75 0.07548856 0.08731304 0.1011972 0.09974889 0.07500794 0.04837252 0.05575298 0.04276753 0.6417091 0.2526405 0.155729 0.04210793 0.06388322
76 0.07144005 0.07307577 0.09965509 0.09105007 0.07355598 0.04894562 0.05624103 0.04196862 0.6963582 0.2358607 0.1495451 0.04652793 0.06340971
77 0.07689184 0.07349901 0.1034195 0.08789175 0.07692369 0.04268187 0.04277499 0.03920208 0.6953312 0.2580767 0.1500551 0.04590677 0.07274294
78 0.07497197 0.07487579 0.1036827 0.08988871 0.0745323 0.04721097 0.05416031 0.04261941 0.7794324 0.2584533 0.1572129 0.04489473 0.07215403
79 0.07597045 0.07067881 0.1083929 0.09233179 0.08237238 0.04930159 0.05387353 0.04125477 0.5949144 0.2073381 0.1371804 0.03800526 0.05141263
80 0.07260366 0.07381085 0.09904098 0.09130151 0.06978507 0.04727945 0.04816385 0.04537942 0.6686188 0.2522545 0.1534541 0.04378635 0.06408115
81 0.06923279 0.08363844 0.100508 0.09978284 0.07540263 0.05083927 0.05700389 0.04636941 1.159804 0.2844302 0.1622309 0.05193873 0.08633464
82 0.07389793 0.07711758 0.1036472 0.09697586 0.07850967 0.04980105 0.06238265 0.03506547 0.9103744 0.2412417 0.1501538 0.04472931 0.06113242
83 0.07574272 0.07458841 0.1055698 0.09248941 0.07959898 0.04930036 0.04851796 0.04213992 0.7401218 0.250163 0.1575973 0.04392413 0.06324147
84 0.06812785 0.06950652 0.09601794 0.09124306 0.06953462 0.04707688 0.0564017 0.04214302 0.4793374 0.2093018 0.1403295 0.04082544 0.05256783
85 0.0787405 0.07156454 0.1046569 0.08637212 0.0798505 0.0456265 0.04235473 0.03885751 0.806179 0.2485004 0.1485031 0.0449634 0.06377685
86 0.07825982 0.07731463 0.1118064 0.09714438 0.09117309 0.05568979 0.05269471 0.05130161 0.8619824 0.2394757 0.1487453 0.04290504 0.06049482
87 0.08115473 0.07964913 0.1077436 0.09325476 0.08512503 0.04980287 0.04788352 0.04878457 0.8220507 0.2421661 0.1473884 0.04807032 0.06960513
88 0.07507929 0.06953984 0.1059951 0.08721152 0.07970438 0.04686758 0.0446442 0.03632043 0.8564431 0.2748795 0.1544001 0.04786058 0.07166714
89 0.07206482 0.0697504 0.1035877 0.09178106 0.07555171 0.04630376 0.05238564 0.03660401 0.561105 0.1930145 0.1391139 0.04097418 0.05167914
90 0.07701783 0.07698323 0.1045215 0.09579468 0.07976726 0.04966794 0.05520704 0.03760428 0.6150315 0.2480825 0.1482426 0.04320265 0.06353839
91 0.07220629 0.07533429 0.09991604 0.09276325 0.07468562 0.04548354 0.04935049 0.03723219 1.199985 0.2511003 0.1498345 0.05207965 0.07107773
92 0.07448676 0.06689014 0.1051054 0.08669119 0.08489736 0.04908816 0.04867207 0.04019622 0.6684482 0.2458478 0.1476397 0.0463403 0.06502901
93 0.07279962 0.07875648 0.1023909 0.09762477 0.08026632 0.05056346 0.05537719 0.04134946 1.234604 0.2318403 0.1487525 0.04384568 0.06123099
94 0.07590345 0.09056486 0.1050409 0.09593863 0.08043132 0.05024007 0.05870959 0.04027491 0.8670656 0.2901292 0.1847323 0.06102769 0.1005817
95 0.06872782 0.07049617 0.09529929 0.09094035 0.06447713 0.04208261 0.04573674 0.04038391 0.7471681 0.2667794 0.1462836 0.0439339 0.06705029
96 0.07155268 0.09385957 0.100974 0.1055978 0.07311969 0.04800083 0.05615679 0.03874674 0.6487067 0.2553133 0.1529571 0.04451804 0.06983266
97 0.07912692 0.08347178 0.1086049 0.09566452 0.09068449 0.05087549 0.04757944 0.04795701 1.277249 0.2656014 0.1548045 0.04965414 0.08017807
98 0.07483642 0.07307794 0.1031516 0.09123992 0.07472561 0.04570948 0.05188104 0.04165845 0.703376 0.2329053 0.1490654 0.0440017 0.06006007
99 0.07258644 0.07342337 0.1022993 0.09186669 0.07556471 0.0467051 0.04650486 0.03663522 0.8815213 0.2567777 0.1484606 0.04742314 0.06694295
100 0.07831149 0.08513161 0.1046953 0.09871574 0.0794156 0.04939904 0.05367304 0.04449756 0.7813299 0.2830852 0.1577863 0.04665349 0.07818445
