1 2.205111 1.388972 1.369554 5.984391 1.434135 1.411027
3 2.365863 1.603108 1.606494 6.380708 1.62961 1.630232
4 2.397256 1.676413 1.665213 6.732917 1.641803 1.703308
5 1.865202 1.367 1.335613 4.858822 1.377354 1.439537
6 2.105853 1.495964 1.461127 5.770769 1.536534 1.518767
7 2.995078 1.98852 1.999042 7.686052 2.011115 2.059765
8 2.372695 1.511943 1.542823 5.841272 1.613539 1.5792
9 1.922347 1.533343 1.56132 4.278107 1.543456 1.523662
10 2.019462 1.314594 1.303446 5.596659 1.297001 1.305653
11 2.737629 1.723251 1.745007 7.517143 1.73646 1.741967
12 2.297982 1.575597 1.587718 5.693298 1.643258 1.676586
13 2.189762 1.634699 1.660468 6.448057 1.740785 1.720369
14 2.144517 1.512821 1.529687 5.879734 1.499761 1.467537
15 2.539141 1.610567 1.617634 5.971501 1.546654 1.568499
16 2.61392 1.790312 1.778006 6.951527 1.827192 1.874018
17 1.949084 1.387341 1.400151 5.678528 1.457078 1.417705
18 2.456459 1.772759 1.779056 6.198566 1.862084 1.834561
19 3.746779 2.308197 2.399864 8.388032 2.457509 2.472347
20 2.302279 1.646416 1.643234 6.23479 1.730326 1.738347
21 2.516248 1.709218 1.682166 5.975136 1.634876 1.621215
23 3.214904 2.105755 2.14441 6.421687 2.091978 2.096315
24 2.528543 1.515222 1.516897 6.305171 1.570072 1.557736
25 2.134746 1.276565 1.234588 5.694948 1.263834 1.237847
26 2.523201 1.871342 1.83414 5.559214 1.903706 1.868827
27 2.631359 1.790036 1.804572 7.064083 1.798374 1.841761
28 3.20299 2.040517 2.235034 8.529233 2.152577 2.134505
29 2.047859 1.451423 1.439706 5.437098 1.537543 1.523651
30 2.23367 1.77797 1.76573 5.272358 1.814624 1.775107
31 2.168713 1.507205 1.532942 6.53928 1.540202 1.517028
32 1.904724 1.233341 1.226116 4.805821 1.298794 1.292495
33 2.207226 1.525517 1.584457 6.239861 1.636719 1.63836
34 2.080718 1.238673 1.228772 5.176317 1.288736 1.294502
36 2.680037 1.605227 1.660301 6.860285 1.687172 1.755345
37 2.967402 1.906749 1.934595 6.167478 1.807101 1.877151
38 1.823465 1.386461 1.415244 4.867236 1.517349 1.499866
39 2.246954 1.575308 1.574899 5.67812 1.630658 1.589804
40 2.129101 1.253301 1.259692 6.563828 1.328417 1.330955
41 2.893794 2.223299 2.010407 7.505858 1.881342 1.914101
42 2.57227 1.695894 1.747587 6.842529 1.766406 1.800744
43 2.797269 2.112562 2.087404 5.851131 2.184233 2.197111
44 2.801723 2.001453 2.069614 6.855392 2.007416 2.060596
45 2.993506 2.200217 2.166935 6.706649 2.257899 2.235232
46 2.385193 1.628073 1.63719 5.869445 1.62094 1.605376
47 2.410321 1.472482 1.627594 6.013199 1.638814 1.621186
48 2.105819 1.541592 1.533522 5.716295 1.491288 1.534622
49 2.759614 1.87751 1.894374 6.351636 1.989302 1.944285
50 2.807621 2.16654 2.16157 6.809296 2.412491 2.346552
51 2.301004 1.481973 1.479096 6.312932 1.622108 1.588675
52 2.31592 1.509303 1.500259 5.421385 1.55091 1.538622
53 2.528696 1.795593 1.803472 5.662807 1.834569 1.920984
54 2.851216 1.834696 1.852225 7.200153 1.852584 1.882309
56 2.226867 1.561997 1.608982 5.275761 1.614417 1.638247
57 2.9782 1.743341 1.740101 6.773345 1.818832 1.876655
58 2.239855 1.533095 1.544837 5.522067 1.541792 1.549902
59 2.60755 1.760165 1.801451 6.58533 1.869339 1.836601
60 2.013943 1.320247 1.241326 6.182477 1.263549 1.295435
61 1.985048 1.382739 1.410974 5.802337 1.525673 1.501286
62 2.651799 1.835389 1.918178 6.110964 1.862886 1.888919
63 2.185696 1.429197 1.433533 6.873138 1.500556 1.487353
64 2.796922 1.86329 1.833587 8.380083 1.955881 1.991707
65 2.454956 1.743169 1.738424 6.272112 1.775107 1.741516
66 2.571473 1.643434 1.708043 7.659771 1.914839 1.906686
67 2.122571 1.607399 1.60605 5.102046 1.640775 1.629025
68 2.254864 1.645068 1.659435 5.936508 1.716401 1.708121
69 1.762136 1.327596 1.320193 6.512751 1.427659 1.417682
70 1.833153 1.307559 1.309705 4.707512 1.371269 1.359886
71 2.122997 1.348196 1.356272 5.788282 1.334118 1.405094
72 2.128897 1.555117 1.538636 5.399314 1.597589 1.649621
73 1.981669 1.442926 1.415181 5.099489 1.514356 1.539991
74 2.370901 1.50107 1.592311 6.170783 1.649285 1.61642
75 2.12439 1.464813 1.461425 4.994434 1.563806 1.587061
77 1.894729 1.326829 1.396608 5.281951 1.458307 1.462449
78 3.229865 2.032349 2.026128 6.935545 2.00571 1.999071
79 2.853894 1.770278 1.762796 6.94713 1.923105 1.918339
80 2.648315 1.765495 1.719867 7.128205 1.712301 1.711823
81 2.122706 1.502587 1.479167 5.608935 1.563392 1.561601
82 3.154175 2.018395 2.006484 8.043916 2.060049 2.000893
83 3.052004 2.034591 2.058796 7.004591 2.027811 2.019843
84 2.298942 1.526593 1.535319 5.671608 1.620858 1.618934
85 2.952337 1.914397 1.892332 7.659845 2.095011 2.003329
86 2.137907 1.709549 1.728402 6.213627 1.821592 1.839119
87 2.385349 1.574937 1.608853 6.157982 1.64003 1.653321
88 2.120321 1.483854 1.497281 5.28285 1.520158 1.512702
89 2.209225 1.549645 1.570595 6.335773 1.643326 1.68709
90 2.029116 1.400116 1.415764 6.185682 1.379624 1.356297
91 2.368294 1.466546 1.461629 5.966598 1.486556 1.520106
92 2.527746 1.728994 1.765451 6.163262 1.801379 1.768368
93 2.255346 1.539003 1.53835 5.531495 1.585627 1.558523
94 2.692517 1.661327 1.637795 6.947651 1.635303 1.625653
95 2.593094 2.05834 2.08812 7.188129 2.160211 2.184518
96 2.933246 2.083473 2.105741 6.357521 2.057824 2.021356
97 2.709282 1.833717 1.819718 5.997442 1.818645 1.810879
98 2.16513 1.324901 1.311291 6.154197 1.37161 1.375633
99 1.936176 1.427835 1.415194 5.483897 1.442791 1.468213
100 1.69033 1.057661 1.092789 5.260745 1.101075 1.089658
101 3.300811 2.382327 2.387795 7.2455 2.548116 2.52228
102 2.665799 1.826722 1.888575 9.231663 1.887882 1.882189
103 2.48207 1.617946 1.579386 6.837468 1.610875 1.594439
104 2.165664 1.416005 1.37896 5.661311 1.45508 1.462009
105 2.434217 1.800371 1.802685 6.081084 1.887041 1.847104
