1 4400001
3 4400003
4 4400004
5 4400005
6 4400006
7 4400007
8 4400008
9 4400009
10 4400010
11 4400011
12 4400012
13 4400013
14 4400014
15 4400015
16 4400016
17 4400017
18 4400018
19 4400019
20 4400020
21 4400021
23 4400023
24 4400024
25 4400025
26 4400026
27 4400027
28 4400028
29 4400029
30 4400030
31 4400031
32 4400032
33 4400033
34 4400034
36 4400036
37 4400037
38 4400038
39 4400039
40 4400040
41 4400041
42 4400042
43 4400043
44 4400044
45 4400045
46 4400046
47 4400047
48 4400048
49 4400049
50 4400050
51 4400051
52 4400052
53 4400053
54 4400054
56 4400056
57 4400057
58 4400058
59 4400059
60 4400060
61 4400061
62 4400062
63 4400063
64 4400064
65 4400065
66 4400066
67 4400067
68 4400068
69 4400069
70 4400070
71 4400071
72 4400072
73 4400073
74 4400074
75 4400075
77 4400077
78 4400078
79 4400079
80 4400080
81 4400081
82 4400082
83 4400083
84 4400084
85 4400085
86 4400086
87 4400087
88 4400088
89 4400089
90 4400090
91 4400091
92 4400092
93 4400093
94 4400094
95 4400095
96 4400096
97 4400097
98 4400098
99 4400099
100 4400100
101 4400101
102 4400102
103 4400103
104 4400104
105 4400105
