1 1563.411 1581.06 1585.559 1621.801 1640.434 1645.091
2 1471.398 1482.29 1497.405 1527.706 1535.402 1550.442
3 1424.29 1452.671 1469.942 1458.14 1481.685 1499.295
4 1458.99 1468.52 1484.851 1519.608 1526.922 1543.26
5 1265.394 1277.405 1314.263 1294.71 1304.099 1340.334
6 1443.034 1458.271 1467.931 1558.036 1561.51 1571.344
7 1359.463 1376.156 1396.255 1389.611 1405.32 1425.755
8 1417.761 1436.663 1451.2 1479.82 1500.303 1515.548
9 1393.835 1405.9 1433.209 1439.117 1447.339 1474.795
10 1387.657 1396.813 1415.59 1485.713 1487.591 1506.466
11 1323.85 1346.332 1361.138 1360.163 1376.124 1390.977
12 1523.116 1535.146 1542.863 1548.233 1560.574 1568.11
13 1481.615 1492.101 1506.604 1526.329 1532.76 1546.938
14 1332.724 1353.734 1380.146 1368.865 1383.087 1409.984
15 1704.599 1706.832 1712.731 1794.049 1795.072 1800.853
16 1685.993 1696.758 1700.996 1744.664 1756.082 1760.268
17 1639.777 1666.261 1667.129 1781.001 1808.035 1808.585
18 1604.947 1609.294 1620.664 1672.536 1670.569 1682.544
19 1663.42 1681.9 1684.727 1697.119 1716.627 1719.171
20 1644.469 1651.791 1667.074 1725.341 1733.623 1748.594
21 1350.487 1364.303 1379.457 1461.881 1468.795 1483.298
22 1314.078 1328.797 1353.9 1446.151 1465.976 1491.699
23 1299.372 1322.201 1343.1 1329.594 1350.23 1371.041
24 1458.093 1476.511 1482.669 1490.659 1508.012 1514.108
25 1337.86 1346.962 1373.516 1432.396 1441.005 1467.681
26 1429.243 1449.113 1466.443 1514.172 1534.26 1551.062
27 1343.891 1354.933 1378.372 1417.556 1416.191 1440.129
28 1406.244 1420.479 1439.446 1444.433 1457.79 1476.283
29 1391.328 1402.863 1417.989 1438.374 1446.609 1461.181
30 1334.483 1363.949 1377.508 1389.014 1409.715 1423.488
31 1330.122 1341.61 1366.262 1390.054 1402.773 1427.532
32 1366.929 1373.292 1398.934 1425.728 1431.575 1457.118
33 1441.567 1458.311 1474.365 1493.881 1505.678 1522.152
34 1301.358 1313.186 1338.702 1355.549 1369.212 1395.226
35 1376.75 1379.233 1415.167 1412.26 1407.155 1443.01
36 1385.622 1396.078 1421.812 1462.139 1464.445 1490.157
37 1322.646 1332.898 1364.272 1383.761 1396.926 1428.128
38 1386.256 1401.374 1421.542 1449.39 1465.212 1485.927
39 1384.698 1401.766 1415.209 1459.187 1473.384 1486.047
40 1452.357 1469.571 1495.162 1488.074 1506.76 1532.247
41 1397.518 1408.942 1425.47 1442.343 1449.686 1466.195
42 1431.274 1439.506 1462.463 1483.461 1490.309 1512.902
43 1322.253 1334.403 1352.753 1392.967 1405.379 1423.811
44 1281.313 1289.92 1329.81 1308.023 1315.605 1355.505
45 1346.022 1359.491 1390.621 1380.93 1398.402 1429.51
46 1467.085 1482.091 1498.48 1541.137 1555.955 1572.39
47 1423.962 1429.755 1451.807 1456.712 1459.715 1481.717
48 1380.358 1391.038 1409.014 1428.83 1436.61 1455.306
49 1308.33 1322.738 1342.951 1378.709 1389.682 1409.754
50 1421.332 1440.349 1456.723 1465.907 1487.178 1503.231
51 1306.779 1315.441 1341.017 1344.592 1357.221 1383.012
52 1456.396 1467.085 1484.847 1516.422 1519.654 1537.234
53 1358.913 1364.444 1380.793 1440.244 1448.219 1464.101
54 1364.494 1376.321 1393.106 1401.021 1403.646 1421.488
55 1325.726 1340.364 1367.178 1354.863 1371.521 1397.862
56 1508.834 1518.169 1532.694 1558.631 1561.018 1576.186
57 1354.254 1376.524 1398.376 1426.332 1462.15 1484.084
58 1347.929 1360.173 1385.894 1396.74 1407.607 1433.099
59 1377.025 1402.994 1413.445 1419.629 1439.655 1450.162
60 1354.188 1378.319 1392.046 1406.334 1424.837 1438.633
61 1399.465 1415.519 1439.556 1453.532 1471.038 1493.443
62 1240.504 1246.782 1279.808 1281.493 1285.876 1318.694
63 1401.086 1417.652 1436.47 1456.571 1469.104 1487.794
64 1408.402 1424.049 1443.678 1467.871 1480.257 1499.859
65 1301 1313.838 1339.869 1350.287 1361.57 1388.314
66 1441.392 1465.292 1489.772 1473.159 1493.548 1517.874
67 1438.219 1453.372 1469.775 1521.376 1544.93 1562.035
68 1286.954 1301.989 1327.544 1337.709 1352.616 1377.226
69 1411.845 1428.037 1443.011 1483.986 1503.624 1518.496
70 1321.85 1338.139 1373.968 1390.081 1411.218 1447.419
71 1366.963 1380.765 1410.881 1420.363 1426.906 1456.445
72 1387.46 1408.622 1422.636 1439.795 1467.041 1480.713
73 1338.212 1362.259 1374.409 1388.175 1409.213 1420.796
74 1381.067 1403.639 1411.464 1443.65 1472.484 1480.164
75 1401.88 1430.124 1444.182 1446.774 1468.547 1482.186
76 1359.049 1374.517 1393.961 1411.904 1425.849 1445.128
77 1251.843 1259.682 1300.421 1294.531 1298.682 1339.956
78 1355.728 1360.189 1390.747 1416.515 1418.712 1449.599
79 1323.351 1347.181 1356.95 1374.016 1393.209 1403.468
80 1466.263 1482.023 1499.323 1493.352 1508.744 1525.91
81 1371.254 1388.392 1408.889 1410.954 1424.241 1444.573
82 1423.753 1437.166 1445.182 1479.841 1489.734 1496.974
83 1317.408 1326.692 1358.919 1349.092 1351.662 1383.46
84 1397.4 1409.871 1430.181 1434.318 1447.778 1467.93
85 1369.068 1389.976 1408.823 1395.55 1413.349 1432.9
86 1399.639 1417.93 1434.469 1466.924 1488.125 1504.855
87 1357.91 1369.443 1401.936 1398.313 1406.085 1438.886
88 1381.017 1401.057 1413.358 1411.749 1428.427 1441.524
89 1474.891 1485.625 1508.443 1518.938 1528.825 1551.251
90 1396.894 1421.326 1432.507 1433.762 1455.126 1465.94
91 1357.552 1375.47 1398.579 1396.935 1414.828 1438.2
92 1277.866 1317.731 1334.443 1314.005 1364.396 1381.221
93 1305.465 1326.594 1339.418 1367.624 1388.327 1401.669
94 1318.114 1336.385 1374.535 1364.142 1382.662 1421.151
95 1410.542 1434.388 1440.779 1442.1 1459.212 1465.954
96 1460.309 1471.491 1486.51 1522.774 1530.8 1545.281
97 1387.78 1412.68 1422.583 1427.463 1450.002 1459.661
98 1440.288 1445.567 1453.987 1606.29 1611.046 1619.7
99 1340.906 1360.253 1382.407 1369.159 1381.175 1403.182
100 1326.659 1333.366 1374.677 1369.811 1376.079 1417.436
