1 1597.278 1612.322 1611.61 1653.063 1669.091 1668.537
2 1505.265 1513.552 1523.457 1558.968 1564.059 1573.889
3 1458.157 1483.933 1495.994 1489.402 1510.342 1522.741
4 1492.857 1499.782 1510.903 1550.87 1555.579 1566.707
5 1299.261 1308.667 1340.315 1325.972 1332.756 1363.781
6 1476.901 1489.533 1493.983 1589.298 1590.167 1594.791
7 1393.33 1407.418 1422.307 1420.873 1433.977 1449.201
8 1451.628 1467.925 1477.252 1511.082 1528.959 1538.994
9 1427.702 1437.162 1459.261 1470.379 1475.996 1498.242
10 1421.524 1428.075 1441.642 1516.975 1516.248 1529.912
11 1357.717 1377.594 1387.19 1391.426 1404.781 1414.424
12 1556.983 1566.408 1568.915 1579.495 1589.231 1591.556
13 1515.482 1523.363 1532.656 1557.591 1561.417 1570.384
14 1366.591 1384.996 1406.198 1400.127 1411.744 1433.431
15 1738.466 1738.094 1738.783 1825.311 1823.729 1824.3
16 1719.86 1728.02 1727.048 1775.926 1784.739 1783.715
17 1673.645 1697.523 1693.18 1812.263 1836.692 1832.031
18 1638.814 1640.556 1646.715 1703.798 1699.226 1705.99
19 1697.287 1713.162 1710.779 1728.381 1745.284 1742.617
20 1678.336 1683.053 1693.126 1756.603 1762.28 1772.04
21 1384.354 1395.565 1405.508 1493.143 1497.451 1506.745
22 1347.945 1360.059 1379.951 1477.413 1494.633 1515.145
23 1333.24 1353.463 1369.152 1360.856 1378.887 1394.488
24 1491.961 1507.773 1508.721 1521.921 1536.669 1537.554
25 1371.728 1378.224 1399.568 1463.658 1469.662 1491.127
26 1463.11 1480.375 1492.495 1545.434 1562.917 1574.508
27 1377.758 1386.196 1404.424 1448.818 1444.848 1463.576
28 1440.111 1451.741 1465.498 1475.695 1486.447 1499.729
29 1425.195 1434.125 1444.04 1469.636 1475.266 1484.628
30 1368.35 1395.211 1403.559 1420.276 1438.372 1446.934
31 1363.989 1372.872 1392.314 1421.316 1431.43 1450.979
32 1400.797 1404.554 1424.986 1456.99 1460.232 1480.564
33 1475.434 1489.573 1500.416 1525.143 1534.335 1545.599
34 1335.225 1344.448 1364.754 1386.811 1397.869 1418.673
35 1410.617 1410.495 1441.219 1443.522 1435.812 1466.456
36 1419.489 1427.34 1447.864 1493.401 1493.102 1513.603
37 1356.513 1364.16 1390.324 1415.023 1425.583 1451.575
38 1420.124 1432.636 1447.594 1480.652 1493.869 1509.374
39 1418.565 1433.028 1441.261 1490.449 1502.041 1509.494
40 1486.224 1500.833 1521.214 1519.336 1535.416 1555.694
41 1431.385 1440.204 1451.522 1473.605 1478.342 1489.641
42 1465.142 1470.768 1488.515 1514.723 1518.966 1536.349
43 1356.12 1365.665 1378.805 1424.229 1434.036 1447.258
44 1315.181 1321.182 1355.862 1339.285 1344.262 1378.952
45 1379.889 1390.753 1416.672 1412.192 1427.059 1452.956
46 1500.953 1513.353 1524.532 1572.399 1584.612 1595.836
47 1457.829 1461.017 1477.859 1487.974 1488.371 1505.163
48 1414.225 1422.3 1435.065 1460.092 1465.267 1478.753
49 1342.197 1354 1369.003 1409.971 1418.339 1433.2
50 1455.199 1471.611 1482.775 1497.169 1515.835 1526.678
51 1340.646 1346.703 1367.068 1375.854 1385.878 1406.458
52 1490.263 1498.347 1510.899 1547.684 1548.311 1560.68
53 1392.78 1395.706 1406.844 1471.506 1476.876 1487.547
54 1398.361 1407.583 1419.158 1432.283 1432.303 1444.935
55 1359.594 1371.626 1393.229 1386.125 1400.178 1421.309
56 1542.701 1549.431 1558.745 1589.893 1589.675 1599.633
57 1388.121 1407.786 1424.427 1457.594 1490.807 1507.53
58 1381.796 1391.435 1411.946 1428.002 1436.264 1456.545
59 1410.892 1434.256 1439.497 1450.891 1468.312 1473.608
60 1388.055 1409.581 1418.097 1437.596 1453.494 1462.079
61 1433.332 1446.781 1465.607 1484.795 1499.694 1516.889
62 1274.371 1278.044 1305.86 1312.756 1314.532 1342.141
63 1434.953 1448.914 1462.522 1487.833 1497.761 1511.24
64 1442.269 1455.311 1469.73 1499.133 1508.914 1523.306
65 1334.867 1345.1 1365.921 1381.549 1390.227 1411.76
66 1475.259 1496.554 1515.824 1504.421 1522.205 1541.321
67 1472.086 1484.634 1495.827 1552.638 1573.587 1585.481
68 1320.821 1333.251 1353.595 1368.971 1381.273 1400.673
69 1445.712 1459.299 1469.063 1515.248 1532.281 1541.942
70 1355.717 1369.401 1400.019 1421.343 1439.875 1470.865
71 1400.83 1412.027 1436.932 1451.625 1455.563 1479.892
72 1421.328 1439.884 1448.687 1471.057 1495.698 1504.159
73 1372.079 1393.521 1400.461 1419.437 1437.87 1444.242
74 1414.935 1434.901 1437.515 1474.912 1501.141 1503.611
75 1435.747 1461.386 1470.234 1478.036 1497.203 1505.632
76 1392.916 1405.779 1420.013 1443.166 1454.506 1468.575
77 1285.71 1290.945 1326.472 1325.793 1327.339 1363.403
78 1389.595 1391.451 1416.799 1447.777 1447.369 1473.046
79 1357.218 1378.443 1383.001 1405.278 1421.866 1426.914
80 1500.13 1513.285 1525.375 1524.614 1537.401 1549.356
81 1405.121 1419.654 1434.941 1442.217 1452.898 1468.02
82 1457.621 1468.428 1471.233 1511.103 1518.39 1520.42
83 1351.276 1357.954 1384.971 1380.354 1380.319 1406.906
84 1431.267 1441.133 1456.233 1465.58 1476.435 1491.377
85 1402.936 1421.238 1434.875 1426.812 1442.006 1456.347
86 1433.506 1449.192 1460.52 1498.186 1516.782 1528.302
87 1391.777 1400.705 1427.987 1429.575 1434.742 1462.332
88 1414.885 1432.319 1439.41 1443.011 1457.084 1464.97
89 1508.758 1516.887 1534.495 1550.2 1557.482 1574.697
90 1430.761 1452.588 1458.558 1465.024 1483.783 1489.387
91 1391.419 1406.732 1424.631 1428.198 1443.485 1461.646
92 1311.733 1348.993 1360.494 1345.267 1393.053 1404.667
93 1339.332 1357.856 1365.469 1398.886 1416.984 1425.115
94 1351.982 1367.647 1400.586 1395.404 1411.319 1444.598
95 1444.409 1465.65 1466.831 1473.363 1487.869 1489.401
96 1494.176 1502.753 1512.562 1554.036 1559.457 1568.728
97 1421.647 1443.942 1448.635 1458.725 1478.659 1483.108
98 1474.156 1476.829 1480.038 1637.552 1639.703 1643.146
99 1374.773 1391.515 1408.459 1400.421 1409.832 1426.629
100 1360.526 1364.628 1400.728 1401.073 1404.736 1440.883
