1 0.67
2 0.74
3 0.73
4 0.71
5 0.76
6 0.71
7 0.77
8 0.71
9 0.69
10 0.75
11 0.85
12 0.69
13 0.76
14 0.77
15 0.4
16 0.51
17 0.55
18 0.51
19 0.47
20 0.54
21 0.7
22 0.72
23 0.74
24 0.73
25 0.71
26 0.8
27 0.77
28 0.77
29 0.76
30 0.82
31 0.71
32 0.74
33 0.76
34 0.78
35 0.76
36 0.71
37 0.72
38 0.76
39 0.79
40 0.7
41 0.73
42 0.77
43 0.74
44 0.75
45 0.73
46 0.72
47 0.71
48 0.7
49 0.74
50 0.75
51 0.76
52 0.69
53 0.79
54 0.77
55 0.76
56 0.7
57 0.78
58 0.71
59 0.8
60 0.8
61 0.76
62 0.79
63 0.76
64 0.75
65 0.73
66 0.73
67 0.75
68 0.83
69 0.8
70 0.8
71 0.77
72 0.77
73 0.81
74 0.76
75 0.79
76 0.79
77 0.78
78 0.74
79 0.78
80 0.74
81 0.77
82 0.74
83 0.75
84 0.71
85 0.78
86 0.74
87 0.77
88 0.79
89 0.72
90 0.79
91 0.77
92 0.78
93 0.78
94 0.69
95 0.8
96 0.7
97 0.77
98 0.73
99 0.72
100 0.78
