2 -687.766 -702.6516 -707.3931 -731.4112 -752.4827 -756.863
5 -652.2459 -655.9297 -678.5409 -674.6405 -676.6456 -699.3853
6 -648.6542 -660.7068 -674.2709 -680.5499 -692.6957 -706.4478
8 -689.5938 -695.1929 -706.3638 -710.831 -714.8028 -725.8057
10 -698.0533 -707.8335 -716.3405 -753.9527 -765.22 -773.9567
11 -719.3539 -730.642 -735.1367 -740.4478 -751.7493 -756.5325
13 -663.1414 -669.2883 -687.5699 -680.5821 -684.6222 -703.1536
15 -684.5481 -692.1555 -704.3816 -703.8531 -708.731 -720.8268
16 -613.635 -624.5453 -638.9071 -647.7056 -655.18 -669.1626
17 -690.6878 -701.2914 -711.9109 -701.9104 -710.3638 -720.9138
18 -738.0482 -744.3564 -753.4826 -799.0859 -803.8723 -812.8403
20 -705.9527 -713.8533 -725.7423 -730.1495 -738.1906 -749.7985
21 -665.7013 -673.4478 -684.6957 -689.4623 -695.3022 -706.244
22 -695.8313 -700.504 -718.6041 -727.7386 -731.4933 -749.5658
23 -658.1925 -673.0368 -679.226 -683.202 -700.1098 -706.614
24 -673.0118 -687.49 -695.0325 -717.0563 -732.9738 -740.2708
25 -690.0134 -694.2015 -710.1374 -735.575 -739.9498 -756.0973
26 -655.8321 -669.2309 -679.8228 -673.5405 -683.9826 -694.635
28 -676.9357 -680.4488 -694.0599 -712.978 -715.1489 -728.7843
29 -682.7228 -689.0815 -702.1746 -717.2981 -723.7575 -737.0001
30 -703.2863 -712.688 -724.0199 -727.8682 -735.2042 -746.4793
31 -668.9978 -678.1186 -690.2752 -697.4896 -708.4705 -720.7415
32 -706.1041 -715.3455 -727.3425 -735.5064 -743.4554 -755.6091
34 -667.2077 -674.7983 -692.2826 -691.9886 -697.0501 -714.394
35 -685.888 -698.966 -708.3837 -713.6673 -726.6841 -736.0392
36 -641.8958 -647.3465 -668.0553 -653.9877 -657.9468 -678.5948
37 -726.8822 -738.0025 -749.4346 -753.2519 -763.3228 -774.5655
38 -638.9823 -648.9221 -669.6364 -670.6024 -676.8606 -697.3825
39 -702.2769 -708.0611 -721.8958 -729.7409 -735.164 -748.7517
40 -734.8995 -742.9431 -754.5199 -769.9892 -778.1709 -789.4761
41 -738.3415 -745.5775 -752.8384 -762.5237 -771.0792 -778.3522
42 -719.2263 -730.2138 -743.069 -736.4603 -745.4291 -758.4643
43 -714.804 -723.0191 -727.9108 -737.8229 -744.0013 -749.1195
44 -707.8473 -713.8401 -723.845 -747.2929 -750.4952 -760.352
45 -699.5091 -708.0454 -721.6013 -738.0528 -744.7575 -758.2061
46 -640.4765 -653.8922 -666.2747 -677.1622 -688.9981 -701.5258
47 -680.7436 -685.6306 -697.0602 -715.5486 -719.4526 -730.5548
48 -643.5463 -647.9373 -670.2913 -671.9417 -673.775 -696.3767
49 -744.6552 -753.2024 -761.4366 -781.0686 -788.4799 -796.9465
50 -694.8413 -701.173 -719.6432 -739.1077 -748.9113 -767.0228
51 -667.0806 -672.0469 -686.7198 -693.0568 -695.1698 -709.8734
52 -630.9588 -637.1632 -659.5738 -649.227 -654.42 -676.6198
53 -712.4013 -726.4867 -736.1003 -740.2123 -752.8923 -762.7817
54 -642.2989 -658.9464 -669.9896 -670.3765 -685.9878 -696.793
55 -741.2738 -749.6352 -755.9858 -784.6443 -795.4168 -801.5319
56 -688.5497 -693.7996 -706.4326 -717.4995 -721.3261 -733.9798
57 -706.7109 -715.2956 -723.7777 -722.9813 -730.2931 -738.8178
58 -682.9269 -692.6521 -705.6032 -701.5413 -709.3663 -722.8266
59 -703.2499 -710.0556 -724.2425 -733.9496 -739.9258 -753.7829
60 -666.3084 -673.2068 -686.049 -697.5955 -704.4906 -717.0984
61 -694.7127 -704.4485 -712.785 -714.4752 -723.0819 -731.4845
62 -712.076 -721.4162 -730.0517 -747.998 -753.3574 -761.6457
63 -694.8561 -706.4154 -721.8005 -710.9421 -718.6774 -733.7928
64 -736.6971 -743.4741 -750.7026 -814.9672 -819.0387 -826.9051
65 -719.9838 -726.5101 -739.8236 -747.1561 -753.1627 -766.5259
66 -717.9486 -729.0284 -737.7045 -759.3448 -772.1468 -780.902
67 -688.5275 -695.9078 -707.0186 -707.2249 -711.5219 -722.7456
68 -655.7039 -663.9952 -678.9623 -677.9181 -685.2486 -700.2046
71 -629.447 -642.4354 -654.2904 -652.1346 -666.0428 -677.4801
72 -700.7283 -705.5535 -718.4623 -713.3991 -718.1717 -731.0458
73 -668.6126 -681.2226 -693.97 -690.7091 -704.1854 -716.957
74 -670.6546 -682.8661 -695.0286 -707.3909 -717.0898 -729.3084
77 -676.6429 -683.6523 -694.3163 -713.4935 -718.5592 -729.2449
78 -649.9827 -654.8289 -668.452 -678.0454 -683.0169 -696.9726
79 -708.573 -721.7511 -730.0422 -739.4135 -750.6428 -759.0772
80 -644.543 -661.7235 -672.3397 -657.6032 -673.7266 -684.1684
81 -596.6102 -605.7445 -619.0417 -612.3594 -621.8979 -635.1857
82 -656.7698 -668.8192 -681.5339 -697.9062 -703.9588 -717.1262
83 -675.4931 -683.5553 -692.2491 -719.8569 -728.8222 -737.218
84 -710.1714 -719.0284 -729.8582 -734.7425 -739.5329 -750.6832
86 -683.8363 -692.1769 -700.2912 -714.2082 -723.9436 -732.1895
87 -697.0734 -704.7171 -717.0617 -735.1449 -742.9789 -755.5376
88 -727.7721 -740.004 -747.0533 -750.7031 -764.2822 -771.682
89 -632.3249 -646.4164 -658.0862 -652.1688 -667.3504 -678.8513
90 -638.2466 -647.7556 -661.7264 -663.5566 -672.977 -686.4121
92 -732.0572 -740.9895 -749.7556 -755.2226 -766.3816 -774.7991
93 -660.7451 -667.9529 -683.9996 -683.1815 -689.0008 -705.1993
94 -648.6979 -652.6186 -667.868 -668.5061 -672.3822 -687.5796
95 -696.1426 -707.9781 -726.7195 -719.8568 -729.714 -748.3299
96 -662.4908 -669.0924 -682.933 -679.6541 -686.7243 -700.3946
97 -670.9608 -681.3546 -696.8751 -725.5061 -734.7054 -749.7722
98 -661.5283 -668.6933 -678.8586 -711.991 -718.3748 -728.3408
99 -733.0271 -737.7695 -749.1513 -754.1868 -758.6931 -769.858
100 -702.8679 -715.8592 -725.2043 -736.6864 -746.7198 -755.8245
101 -696.747 -705.2245 -712.8447 -725.7976 -733.1752 -740.6177
102 -673.1428 -681.2932 -696.6748 -704.5839 -712.9841 -728.4729
103 -643.8431 -654.6644 -671.7728 -662.5199 -671.47 -689.0899
104 -738.8821 -745.9074 -760.3303 -766.3989 -771.7316 -785.918
106 -645.7347 -656.1565 -675.8567 -658.696 -670.2832 -690.0243
107 -772.468 -778.9217 -788.188 -815.8253 -821.3563 -830.7341
109 -669.4511 -677.7046 -691.065 -681.5793 -688.7734 -701.9662
110 -689.241 -701.9828 -713.6469 -710.4135 -722.9315 -734.5842
112 -694.0789 -697.8869 -714.6619 -720.6682 -725.5254 -742.2807
113 -668.9412 -676.3179 -698.3954 -698.325 -707.7252 -730.0862
114 -641.822 -651.661 -667.8475 -659.0703 -667.2705 -683.582
115 -654.0788 -669.1804 -681.5142 -682.9337 -696.0009 -708.453
116 -701.2399 -707.2155 -723.7425 -727.4114 -734.8057 -751.5289
117 -640.8765 -654.2603 -668.3006 -670.1288 -686.5811 -700.0861
118 -699.4989 -702.8613 -718.3929 -742.28 -746.4197 -761.5731
119 -662.5207 -672.4252 -684.5746 -685.1711 -695.3486 -707.4715
