1 1.355082 1.040482 1.012951 2.262545 1.041052 1.029046
2 1.011873 0.8498562 0.8588728 2.082382 0.8101382 0.8390776
3 1.480917 0.9758917 0.979678 2.349046 0.924241 0.9494459
4 0.9251734 0.8452329 0.8268559 2.083295 0.839575 0.8327192
5 1.003613 0.8318726 0.8152556 1.776473 0.8188525 0.8279403
6 1.264175 0.9960617 1.017649 2.032592 0.9815698 1.007709
7 1.263605 0.9082778 0.8931855 2.144363 0.9064372 0.9463255
8 1.198677 0.8593093 0.868655 2.250642 0.8826399 0.9064761
9 1.276342 1.05326 1.066114 2.008976 1.069405 1.083883
10 0.9743794 0.8496094 0.8588558 1.857976 0.8729709 0.84894
11 1.225333 1.050817 1.063675 1.986254 1.032173 1.016248
12 1.467447 1.127175 1.140275 2.243366 1.113179 1.113373
13 1.287406 1.017066 0.9958909 2.108359 1.030023 1.01825
14 1.39803 1.037031 1.045566 2.221645 1.083092 1.096629
15 1.187887 0.9707032 0.9126057 1.440153 0.8906909 0.9295235
16 0.9614426 0.8239644 0.8213779 1.517617 0.8482164 0.8184865
17 0.9598822 0.796278 0.8224662 2.24223 0.8642896 0.8330708
18 0.8457814 0.8109901 0.7757778 1.499372 0.7730797 0.7983624
19 1.285985 0.923589 0.925088 2.110014 0.9239736 0.9490221
20 0.8648313 0.5887853 0.5611473 1.742005 0.5783007 0.6316321
21 1.184788 0.9362955 0.9066648 2.164498 0.9255697 0.9378723
22 1.084449 0.8893772 0.870416 2.76853 0.9510703 0.9667098
23 1.457587 1.002504 1.013689 2.408173 1.011754 1.000657
24 0.9990817 0.7624071 0.7792901 1.884404 0.7933118 0.8065437
25 1.220419 1.151046 1.156252 2.078362 1.135845 1.112922
26 1.309893 1.053746 1.086965 2.815178 1.077056 1.081973
27 1.137805 0.8976514 0.912591 2.194918 0.903774 0.8741216
28 1.220219 0.9286576 0.9441423 2.435357 1.007173 1.004222
29 1.250227 1.068995 1.061799 2.077393 1.062134 1.068767
30 1.292018 0.9364353 0.947469 2.433489 0.9119471 0.9235289
31 0.8570907 0.7358757 0.7468708 1.903295 0.8316998 0.8120788
32 1.041632 1.000473 0.9949202 1.642224 1.028295 1.019578
33 1.162799 0.9861903 1.008384 2.023064 1.04536 1.016347
34 1.278593 1.096185 1.067932 2.53082 1.107473 1.075885
35 1.315005 1.131724 1.112153 2.369172 1.177914 1.18005
36 1.162176 1.006169 1.000512 2.192773 1.01133 1.022292
37 1.096634 0.938922 0.9056944 1.873735 0.9913137 0.9769112
38 1.112773 1.049199 1.036855 2.234421 1.080144 1.033013
39 1.22257 0.9928015 0.9765374 2.248528 0.988774 0.9667739
40 1.076572 0.8302821 0.8250249 2.155378 0.859601 0.8685314
41 1.128215 0.9140852 0.8934189 2.055808 0.9247048 0.9283282
42 1.146585 0.9873345 0.9771751 2.151886 1.024565 0.9784576
43 0.8177794 0.6909272 0.6665323 1.880753 0.690764 0.6725013
44 1.014623 0.8474847 0.852985 1.910585 0.8850234 0.8897472
45 1.061305 0.8333561 0.8606065 2.042162 0.9027248 0.8856885
46 1.243598 0.9850613 0.9902517 2.531172 1.039075 1.053717
47 1.091532 0.9681012 0.9876349 1.751742 1.026836 0.9770685
48 1.121088 0.958344 0.9505432 1.889524 0.9902738 0.9481354
49 1.388581 0.9658371 0.9640977 2.478907 1.000999 1.012292
50 1.316896 0.9888266 0.9759407 2.493574 1.009158 0.9954632
51 1.178506 0.9733579 0.9938579 2.314768 0.9876589 1.004683
52 0.9107076 0.7494588 0.756114 1.738202 0.7568784 0.7634176
53 1.066383 0.9414437 0.961894 2.066392 1.024373 1.040233
54 1.021386 0.8225528 0.79437 1.886968 0.8126367 0.8228953
55 1.106208 0.8895777 0.8940787 1.980531 0.898876 0.8820163
56 1.209683 1.010027 1.026648 2.401739 1.080215 1.065952
57 1.480068 1.102893 1.123435 3.105427 1.138888 1.170109
58 1.008016 0.9046289 0.9016865 1.938313 0.9577255 0.9609625
59 1.321411 1.11147 1.077437 2.581462 1.08483 1.097845
60 1.229348 0.8912441 0.9144592 2.223279 0.9024411 0.8673719
61 0.9679348 0.7694818 0.7656256 2.083468 0.8019752 0.7940796
62 1.104524 0.9684775 0.9621592 2.034332 0.9886763 0.9804268
63 1.11816 1.000852 0.985203 2.118054 0.9995677 0.9812676
64 1.147325 0.875938 0.8612524 2.292849 0.8955505 0.8786587
65 1.036032 0.8828863 0.8967509 1.883139 0.9185106 0.8608702
66 1.475762 0.8923023 0.9319713 2.582424 0.8781624 0.9170055
67 1.025757 0.8258569 0.8668287 2.497281 0.9105957 0.9365916
68 1.251263 1.001065 1.000449 2.618479 1.073694 1.07895
69 1.063621 0.8953917 0.9161969 2.615991 0.9938424 0.9852009
70 1.131785 0.912086 0.9027162 2.359961 0.9858825 0.9829326
71 1.246935 0.9716043 0.9931759 2.219867 0.9571055 0.9484727
72 1.292825 0.9166556 0.9272455 2.589607 0.9309784 0.9465654
73 1.441262 0.9770821 0.9733011 2.548105 1.007784 0.9457665
74 1.195523 0.9723394 0.965966 2.494092 0.891783 0.9292078
75 1.152875 0.8795795 0.8903496 2.028814 0.8453886 0.8390417
76 1.226052 0.9223162 0.93657 2.423148 0.9649494 0.9480285
77 1.08733 0.9675773 0.9737533 1.965861 1.010628 1.023289
78 0.8987651 0.795826 0.8287816 1.984638 0.8085685 0.8245505
79 1.241801 0.9691934 0.9767237 2.245017 0.9358171 0.9566068
80 1.106295 0.8208189 0.8322524 2.032566 0.8197073 0.8433166
81 1.103004 0.8637671 0.8744277 1.970271 0.9160189 0.9124229
82 1.150905 0.8900136 0.8970631 2.137924 0.9565634 0.9221058
83 0.9222102 0.8374545 0.8256761 1.580895 0.8679335 0.8693638
84 1.292388 0.9965748 1.010037 2.365332 1.061205 1.002414
85 1.319045 0.9454475 0.9298523 2.31867 0.9624352 0.9454446
86 1.051862 0.9169422 0.9244342 2.143682 0.9129699 0.8897753
87 1.24264 1.024655 1.012761 2.126386 1.023821 1.00128
88 1.23564 1.001194 1.039261 2.099074 1.097916 1.077029
89 0.886034 0.7769438 0.7591937 2.218587 0.8173607 0.830905
90 1.540364 1.141176 1.146264 2.523171 1.139774 1.168584
91 1.062393 0.8087036 0.8125648 2.233216 0.8311994 0.8018365
92 1.331231 0.9060254 0.886018 2.422638 0.9019135 0.9002449
93 1.16897 0.9097739 0.9264595 2.217314 0.9352708 0.9388001
94 1.362026 1.025702 1.011336 2.241191 1.063369 1.040845
95 1.396185 1.04626 1.039478 2.127713 1.046941 1.041449
96 1.197367 0.9564939 0.9243498 1.993494 0.9151844 0.9487309
97 1.130029 0.7822933 0.769363 1.953825 0.7934865 0.7644736
98 1.123877 0.8918865 0.9422359 2.419078 0.9810585 1.019284
99 1.223432 0.8773874 0.8892783 2.000312 0.8577679 0.8729341
100 0.8717828 0.7478033 0.752912 1.945486 0.7876821 0.7890408
