1 0.3500104 0.3132425 0.3417216 0.6395169 0.3299072 0.3032982
2 0.4482701 0.5375844 0.5386032 0.562684 0.6350409 0.5278781
3 0.4296055 0.264899 0.2545485 0.677216 0.2575835 0.2923031
4 0.2389696 0.2401975 0.231967 0.4949446 0.2602579 0.2620866
5 0.2281698 0.2119035 0.2108869 0.4274584 0.216537 0.2089291
6 0.3585624 0.2602431 0.2729754 0.4648229 0.2444682 0.248665
7 0.3728322 0.3674078 0.3409321 0.5281073 0.3965703 0.3904271
8 0.2532257 0.1991496 0.1990993 0.4838505 0.211063 0.217397
9 0.3316384 0.256404 0.2597468 0.4997356 0.2737648 0.2597915
10 0.2887618 0.2328534 0.2434121 0.4560678 0.2388521 0.2350779
11 0.2649734 0.2501473 0.250882 0.4172803 0.2453743 0.2386578
12 0.3163968 0.2715857 0.2699752 0.4703069 0.2646333 0.2616958
13 0.3785758 0.2746463 0.2951577 0.5942684 0.336286 0.2700193
14 0.5979222 0.8467974 0.8797565 0.5725376 0.8603203 0.9962211
15 0.2863995 0.2223782 0.2110929 0.3067682 0.1944843 0.2056255
16 0.2745713 0.2583742 0.2597205 0.3696378 0.2657844 0.2582243
17 0.3559103 0.4044761 0.4121859 0.5953333 0.4866393 0.4462181
18 0.209238 0.1990139 0.2006537 0.3468095 0.1857381 0.1921879
19 0.3092712 0.2481487 0.2483848 0.5064591 0.2539029 0.2549359
20 0.2707533 0.1828207 0.1696095 0.4508692 0.1655354 0.1728983
21 0.3172305 0.2877591 0.2936459 0.499519 0.3174687 0.3252399
22 0.2621226 0.233016 0.2274701 0.6202191 0.255242 0.2567588
23 0.2694462 0.1932192 0.1957546 0.4739809 0.1976794 0.1956298
24 0.2675387 0.2477315 0.2520208 0.4379523 0.2548538 0.2625682
25 0.3402906 0.3441571 0.3446086 0.4871908 0.342755 0.3275264
26 0.2846165 0.2679087 0.2755607 0.6460396 0.2856673 0.2839272
27 0.2094706 0.1795021 0.1868124 0.428463 0.1965888 0.1887634
28 0.2863227 0.283148 0.2921398 0.5190591 0.328334 0.320595
29 0.2331872 0.2107728 0.2094746 0.3865671 0.209066 0.2070151
30 0.4138864 0.3460449 0.3506983 0.5730389 0.3487318 0.3414401
31 0.2265391 0.2360836 0.2330928 0.4452853 0.2800265 0.2693861
32 0.2283627 0.2372293 0.236095 0.3415218 0.2412394 0.2389405
33 0.2750594 0.2775012 0.2801356 0.4313154 0.3040757 0.2979522
34 0.248772 0.2416196 0.2338095 0.4935162 0.2483498 0.240076
35 0.234864 0.2085119 0.2056178 0.4234923 0.2166017 0.2157719
36 0.2705116 0.2695344 0.2736028 0.5127198 0.2910284 0.2912599
37 0.2886692 0.3031857 0.2896525 0.4422151 0.3307009 0.3274474
38 0.3075528 0.352927 0.3682394 0.4861659 0.3633162 0.3504065
39 0.4155049 0.3673677 0.3706849 0.6228823 0.3960557 0.3623306
40 1.954561 2.114854 2.130813 1.489985 2.248596 2.152958
41 0.2392784 0.2169218 0.2103602 0.4238453 0.2268405 0.2209234
42 0.254576 0.2389111 0.2349317 0.4492531 0.2491283 0.2388963
43 0.2010355 0.1865036 0.184413 0.4432175 0.1893284 0.1850947
44 0.2332887 0.2327445 0.2340619 0.4150735 0.2400733 0.2441481
45 0.3092165 0.3555809 0.3591655 0.4464459 0.383442 0.3726275
46 0.3833788 0.3914875 0.3653731 0.5543914 0.4156016 0.4322993
47 0.320343 0.3354465 0.3451398 0.3970325 0.3521241 0.3473271
48 0.3055963 0.3306936 0.3386557 0.4341281 0.3637264 0.3561665
49 0.2934985 0.2187356 0.2227077 0.5138203 0.2284455 0.2306979
50 0.7682338 1.145831 1.029879 1.166935 1.120016 1.081951
51 0.2569464 0.2553345 0.261026 0.4668381 0.2681903 0.2736168
52 7.979199 20.4524 21.84505 9.327144 25.24126 25.413
53 0.2783286 0.2688458 0.2621023 0.4662631 0.2976396 0.299259
54 0.3647543 0.3359281 0.332911 0.5304247 0.329205 0.3419001
55 0.3364572 0.2439264 0.2534369 0.5031762 0.2677103 0.2776857
56 0.2592171 0.2416696 0.2442585 0.515415 0.26153 0.2595008
57 5.172262 6.144943 6.16693 2.645154 5.536094 6.002321
58 0.2340077 0.2384015 0.243784 0.4201118 0.2682977 0.2704731
59 0.7423299 0.5968133 0.5896049 1.080923 0.5696246 0.5490854
60 0.2552238 0.1944542 0.1993782 0.4583194 0.2026927 0.1921397
61 0.3773794 0.5151262 0.4446566 0.75245 0.7203095 0.606288
62 0.3185453 0.3146931 0.310481 0.4526941 0.3118275 0.3199821
63 0.2628409 0.2767583 0.2704683 0.4754299 0.2789422 0.2723272
64 0.2484275 0.2020817 0.19759 0.4603565 0.2134043 0.2099214
65 0.2390376 0.22626 0.2296194 0.3834639 0.2504923 0.2260387
66 0.321155 0.1964022 0.2050005 0.5836028 0.1815689 0.1887688
67 0.3048402 0.2470332 0.2542264 0.6389687 0.2702347 0.2721518
68 0.3318408 0.3011195 0.3004823 0.5967812 0.3151497 0.3243616
69 0.3166491 0.3106059 0.2953629 0.6192231 0.3574214 0.3499746
70 0.3533496 0.377748 0.3665583 0.5412518 0.4071617 0.3985958
71 0.2595813 0.2110393 0.2153424 0.454096 0.2041314 0.2062461
72 0.2905787 0.2371779 0.2352673 0.5562997 0.2489417 0.2458986
73 0.6257384 0.7804387 0.9088823 0.7338577 0.8162715 0.7854685
74 0.29583 0.2810801 0.2715035 0.5922898 0.2826778 0.2925687
75 0.3878462 0.5205458 0.4869509 0.5041723 0.6652038 0.6229714
76 0.2562767 0.2289896 0.231844 0.5387231 0.2437326 0.2402572
77 0.2413277 0.2497266 0.2502015 0.402061 0.2636419 0.2676508
78 0.2153095 0.197117 0.2090631 0.4251616 0.1917045 0.1967164
79 0.3544552 0.279576 0.2799668 0.5621794 0.2672207 0.2786353
80 0.3351575 0.2985624 0.3126559 0.5740031 0.2902714 0.3103526
81 0.2312467 0.1893937 0.195234 0.4190629 0.2122932 0.2074751
82 0.3027294 0.2945778 0.2900453 0.4377038 0.3241564 0.2911686
83 0.3396638 0.3551979 0.3540556 0.4512088 0.4008558 0.3988427
84 0.2523668 0.199956 0.2033408 0.46485 0.2138042 0.2025812
85 0.2596134 0.199322 0.1969566 0.4580343 0.2060737 0.2043392
86 0.234021 0.2171442 0.2211582 0.4749394 0.2195125 0.2132073
87 0.3114068 0.3000554 0.3043517 0.4704863 0.3208562 0.3059469
88 0.4735925 0.5782131 0.6084819 0.5626988 0.6355493 0.6298624
89 0.2077399 0.2109195 0.2043874 0.5142661 0.2191152 0.2239191
90 0.465429 0.3977123 0.3774671 0.6794377 0.4199895 0.4183698
91 0.3195623 0.2272688 0.2582295 0.5870593 0.2413531 0.2152482
92 0.3509776 0.3107046 0.3144643 0.5793066 0.324711 0.3191506
93 0.2745796 0.2343327 0.24337 0.486504 0.247699 0.2549915
94 0.4570137 0.5225301 0.5209425 0.5717295 0.5917205 0.6145347
95 0.3711385 0.3247775 0.3243954 0.4872527 0.3358943 0.331989
96 0.2965956 0.2351536 0.219858 0.4975685 0.1821497 0.212946
97 0.2604175 0.1827337 0.1824001 0.4227136 0.1808598 0.1757376
98 0.2326787 0.223427 0.2293463 0.4884979 0.2640161 0.2705971
99 0.2807269 0.2658419 0.266457 0.485344 0.2822191 0.2776741
100 0.1914282 0.1784885 0.1798334 0.416476 0.1861859 0.1839789
