2 5.597474 -0.6136612 -0.3524137 -0.4254438 1.418217 0.3909088 0.4348291 0.5993795 -1.829524 -0.426432 0.1225449
5 5.280079 -0.520895 -0.1382507 -0.3247953 0.9757329 0.3043981 0.2680442 0.3065107 -2.574769 -0.7933815 0.3705119
6 5.259578 -0.9495872 -0.05083011 -0.01617418 1.25668 0.2317891 0.2553927 0.4075634 -1.725442 -0.9035972 0.2152825
8 5.475701 -0.736158 -0.1376017 -0.1668066 1.005151 0.3433754 0.1992614 0.2423871 -2.346196 -0.4796765 0.254918
10 5.281508 -0.4508376 0.07310345 -0.2677336 1.530658 0.4911196 0.2145669 0.2934344 -1.995514 -0.5976226 0.1861424
11 5.424285 -0.5365711 0.113107 -0.5719846 1.033405 0.3024946 0.2818439 0.3401406 -2.086793 -0.3727853 0.147033
13 5.377219 -0.3645941 0.01106573 -0.8673723 1.102154 0.5585724 0.2564316 0.1927139 -2.293775 -0.6674927 0.3040376
15 5.267884 -0.2129163 0.0780736 -0.8694615 1.173304 0.5477064 0.2767648 0.2093588 -2.441904 -0.2893944 0.2679604
16 5.27563 -0.3042565 -0.0360744 -0.495347 1.065602 0.2435826 0.2392706 0.3246826 -2.255726 -0.3887014 0.2818832
17 5.468847 -0.3588213 -0.2578492 -0.757101 0.9490797 0.3758715 0.1618273 0.1095367 -2.202964 -0.4503945 0.2342712
18 5.570878 -0.5544214 -0.1339129 -0.4998607 1.52923 0.452454 0.3556707 0.419698 -2.019334 -0.4974877 0.1855289
20 5.797265 -0.6210353 -0.3432536 -0.8277682 1.355811 0.3474109 0.3440053 0.4523596 -2.171667 -0.4430816 0.2298915
21 5.594957 -0.664343 -0.3460989 -0.2422493 1.123201 0.3595042 0.07615363 0.07204609 -2.158666 -0.5552711 0.2414447
22 5.759456 -0.4802053 -0.6735071 -0.5005264 1.169199 0.4365439 0.1631216 0.1615792 -2.349112 -0.8127918 0.2810711
23 5.253003 -0.4698161 0.02225233 -0.6370735 0.8910164 0.5682043 0.2073408 0.1245443 -1.981571 -0.4818474 0.1659937
24 5.407868 -0.4743717 -0.4141002 -0.5054393 1.1082 0.637362 0.2617578 0.1726569 -2.138068 -0.3527968 0.2007497
25 5.040527 -0.5532192 0.0561216 -0.5216987 1.419431 0.4660026 0.3916927 0.4362683 -2.618071 -0.4809826 0.3371921
26 5.222474 -0.4046021 -0.297882 -0.4443615 0.9603739 0.7685328 0.06162261 0.0461442 -1.927412 -0.7098598 0.2062256
28 5.259511 -0.3931804 -0.02543267 -0.7970035 1.347671 0.5614393 0.1253779 0.06522147 -1.967654 -0.7728006 0.2386899
29 4.826084 -0.334721 0.7898133 -0.983422 1.410341 0.4488853 0.343276 0.4043545 -1.960066 -0.7590802 0.2341079
30 5.412962 -0.5122373 -0.0536212 -0.4905774 1.293452 0.2751595 0.1874 0.2305403 -1.968162 -0.6943517 0.2147966
31 5.412503 -0.6768246 -0.2090698 -0.1909202 1.271682 0.5477666 0.3670994 0.3269338 -2.329886 -0.4575027 0.2653944
32 5.177784 -0.135718 0.3952785 -0.9167259 1.392612 0.5332888 0.2873418 0.2723487 -1.904543 -0.8824874 0.2015401
34 5.396893 -0.4639406 -0.02588329 -0.8447799 1.088396 0.3281732 0.1398581 0.2214212 -2.404136 -0.7834964 0.2958187
35 5.244815 -0.2650618 0.1073431 -0.5354636 1.18605 0.4170185 0.3031493 0.288806 -2.017653 -0.7171973 0.1937458
36 5.033709 -0.4087357 0.1714272 -0.7364742 0.9013951 0.1585518 0.1352373 0.1854305 -2.767658 -0.4567451 0.4047987
37 5.18923 -0.2698845 0.04372592 -0.6903784 1.412663 0.1905914 0.1763061 0.35681 -1.859124 -0.8656991 0.1833867
38 5.584729 -0.2837227 -0.6052998 -0.6434581 1.244181 0.5395974 0.1478074 0.1091668 -2.072093 -0.9800096 0.2723731
39 5.049641 -0.03035581 0.1331961 -1.050562 1.511553 0.3790425 0.2129538 0.2178775 -2.025991 -0.7025661 0.2398113
40 5.429645 -0.4491322 0.01397895 -0.4974969 1.153305 0.3651739 0.3241788 0.3851848 -2.102681 -0.9001473 0.1935826
41 5.309583 -0.3712483 -0.3596902 -0.6603674 1.576178 0.4826907 0.1302031 0.09496 -2.309599 -0.1287027 0.2148377
42 5.402736 -0.4406923 -0.08764384 -0.7857632 1.386865 0.2629466 0.2802225 0.4593091 -1.830276 -0.7936108 0.2068525
43 5.658896 -0.636773 -0.2696702 -0.3660558 1.165487 0.4814111 0.182117 0.1576955 -2.141074 -0.1321965 0.1685013
44 5.333621 -0.362393 -0.2470082 -0.5353569 1.30365 0.4506598 0.1624193 0.1424117 -2.226998 -0.4359667 0.2301522
45 5.691352 -0.5707876 -0.6417145 -0.4783578 1.429898 0.4098245 0.3470703 0.5252182 -1.973758 -0.69597 0.2123327
46 5.064622 -0.2689668 0.5856322 -0.960783 1.310009 0.9200363 0.3644472 0.2195769 -1.731704 -0.8648137 0.1961903
47 5.46006 -0.4284348 -0.350075 -0.904716 1.314274 0.2089783 0.2161218 0.4203 -2.364494 -0.1687722 0.2636403
48 5.247396 -0.4382286 0.03196651 -0.497821 1.309341 0.109303 0.1171873 0.5631908 -2.247842 -0.8457589 0.3382718
49 5.490859 -0.5785998 -0.3371747 -0.5141129 1.234058 0.2131547 0.2032516 0.320502 -2.263552 -0.4584381 0.2023488
50 5.414708 -0.4647296 -0.07842655 -0.6909268 1.764214 0.3269765 0.09501683 0.4972629 -2.569172 -0.4686107 0.3338314
51 5.371655 -0.4626437 -0.09953937 -0.4564439 1.299001 0.2556686 0.1448778 0.2939977 -2.641317 -0.2612426 0.3181611
52 5.492654 -0.5540612 -0.2856452 -0.6906721 1.17454 0.2140236 0.2006281 0.320017 -2.322428 -0.7556306 0.3470544
53 5.190569 -0.3271206 -0.198874 -0.6636195 1.206861 0.3723895 0.3440006 0.4255083 -1.662664 -0.794259 0.147341
54 5.235203 -0.2577209 0.1897504 -0.8776291 1.098174 0.5653692 0.2542593 0.1661824 -1.878618 -0.6096911 0.2089359
55 5.208378 -0.4374541 -0.005797039 -0.8222327 1.608316 0.5185317 0.5031233 0.6574473 -2.005407 -0.3295643 0.164959
56 5.308362 -0.5337189 0.2404607 -0.7572658 1.207383 0.7894051 0.07310463 0.0987367 -2.408105 -0.5257007 0.2718741
57 5.148011 -0.3779779 0.3898408 -0.7121292 1.016181 0.2844528 0.1314786 0.1396089 -2.338146 -0.3687663 0.233741
58 5.293443 -0.1683009 0.1284758 -0.7204933 1.174086 0.2228999 0.2471318 0.38549 -1.872861 -0.7742533 0.224212
59 5.344762 -0.4189188 -0.1516396 -0.7867392 1.605658 0.4839613 0.2670162 0.2567754 -2.244392 -0.587197 0.2597034
60 5.286566 -0.3606937 0.05628823 -0.8359693 1.259322 0.3643607 0.2342646 0.2278178 -2.089631 -0.5685012 0.2491298
61 5.52664 -0.518193 -0.2304534 -0.4328876 1.212873 0.2856111 0.1171896 0.1462347 -2.119919 -0.3427402 0.2090245
62 5.058922 -0.4203052 0.1566429 -0.4821404 1.132167 0.4525099 0.2916571 0.3005144 -2.215665 -0.420384 0.2190567
63 5.303856 -0.5525682 -0.4403441 -0.4345253 1.301634 0.7946989 0.2471535 0.1202494 -1.757754 -1.007606 0.2053142
64 4.960937 -0.5523445 0.5593927 -0.6392474 2.131901 2.142563 0.3765906 0.2606386 -1.865749 -0.3776377 0.1724572
65 5.226433 -0.5380375 0.1257177 -0.4843563 1.306629 0.1833467 0.1401639 0.2059372 -2.237933 -0.7272006 0.2671591
66 5.345088 -0.4371113 -0.02193971 -0.6429059 1.763335 0.5782965 0.09448806 0.2571596 -1.829695 -0.6054859 0.1724223
67 5.209882 -0.4883701 0.176861 -0.7099881 1.219616 0.3955813 0.273359 0.2918658 -2.270754 -0.2247436 0.258645
68 5.259252 -0.2677774 -0.0519831 -0.6636069 1.326155 0.4296212 0.2060135 0.2026311 -1.992976 -0.6342137 0.2568238
71 5.520003 -0.4728673 -0.4284699 -0.7115868 1.110698 0.3379964 0.3989384 0.6192292 -2.159451 -0.3771569 0.2423236
72 5.611735 -0.5418628 -0.3181768 -0.5789337 1.115874 0.1572215 0.1152499 0.2241077 -2.673098 -0.2865307 0.297557
73 5.211635 -0.5936467 0.1698171 -0.4619943 1.12485 0.3775856 0.2503736 0.2383896 -2.010574 -0.8556475 0.2277423
74 5.513536 -0.5438281 -0.1947087 -0.2587826 1.431656 0.3788499 0.3931517 0.5435489 -1.909776 -0.6264851 0.2135971
77 5.374494 -0.3000107 -0.2707919 -0.8153282 1.034581 0.5711286 0.4527909 0.4173403 -2.257284 -0.3219709 0.2412596
78 5.210242 -0.4252042 -0.06601561 -0.7948247 1.164786 0.4983563 0.1427909 0.07509851 -2.333626 -0.2635286 0.2890379
79 5.323865 -0.2437985 0.1250642 -0.6917493 1.284122 0.6570396 0.4110811 0.3156523 -2.215315 -0.199695 0.2066423
80 5.143265 -0.108006 0.4095806 -0.8611346 1.26288 0.3491961 0.1307488 0.150762 -1.947575 -0.5642949 0.223741
81 5.594998 -0.4329715 -0.3550635 -0.361289 0.9715101 0.1139554 0.06335312 0.1860701 -2.544281 -0.1504561 0.3079823
82 5.393935 -0.3929719 -0.1210189 -0.6993024 1.100568 0.7335871 0.3565136 0.2551494 -1.859686 -0.788422 0.2089858
83 5.643335 -1.024431 -0.6170889 0.1028709 1.360457 0.7270065 0.3991469 0.3105101 -2.034653 -0.2545572 0.2086351
84 5.388792 -0.4131376 -0.5487461 -0.4352628 1.179993 0.4803872 0.1706521 0.2067188 -1.912039 -0.7109661 0.1925169
86 5.502714 -0.5808849 -0.1220351 -0.4287547 1.226831 0.5081683 0.2123328 0.1932672 -2.202182 -0.3446982 0.209551
87 5.683977 -0.4868471 -0.4255234 -0.734524 1.386013 0.5811998 0.2133728 0.1346734 -2.039908 -0.6285544 0.2161286
88 5.134651 -0.2130768 0.2877856 -0.9257119 1.396231 0.8389983 0.1328242 0.1775172 -2.129639 -0.303451 0.1889133
89 5.656455 -0.6863106 -0.4945402 -0.4725405 1.261791 0.2561343 0.2262133 0.3941473 -2.014307 -0.3754705 0.2407472
90 5.419461 -0.5115425 0.06190366 -0.6894802 1.287844 0.5115285 0.2418758 0.1888496 -2.06987 -0.6266364 0.2556338
92 5.275346 -0.5673033 0.1280112 -0.3848094 1.40811 0.5647035 0.2715225 0.2445041 -2.070842 -0.6464972 0.1930709
93 5.457011 -0.4812239 -0.03559972 -0.6102582 1.132005 0.2922886 0.1437124 0.2086574 -2.172806 -0.8721586 0.26535
94 5.43688 -0.4519501 -0.2098941 -0.5747655 1.036667 0.1203796 0.1049375 0.2735885 -2.424072 -0.5641851 0.3048996
95 5.467587 -0.2693462 -0.09180641 -0.7901255 1.392874 0.8216104 0.206344 0.09429942 -1.936953 -0.9381517 0.2437652
96 5.444411 -0.3373562 -0.3598262 -0.8082519 1.361162 0.3725192 0.2088377 0.1874565 -2.417643 -0.2194604 0.2885853
97 5.215474 -0.3209837 0.1373838 -0.7853034 1.493404 0.8302446 0.2563151 0.1619952 -1.691784 -1.061403 0.1974297
98 5.17466 -0.3705447 -0.02347441 -0.6686186 1.41307 0.4150991 0.3497349 0.3788324 -2.419644 0.003042587 0.2518362
99 5.455822 -0.475656 -0.1739306 -0.5897929 1.155804 0.2781226 0.3123713 0.4703135 -2.450651 -0.4831815 0.2411306
100 5.329955 -0.2245991 -0.04015858 -0.8860145 1.368441 0.5244524 0.3441116 0.3157728 -1.823678 -0.6718179 0.1707704
101 5.465178 -0.6805727 -0.3320121 -0.2173889 1.131226 0.7440802 0.1444828 0.06900029 -2.064245 -0.5135522 0.1913897
102 5.570514 -0.6083596 -0.1023882 -0.5956787 1.396362 0.2680474 0.1611998 0.3960068 -2.270764 -0.6046093 0.2780852
103 5.699669 -0.5847522 -0.346994 -0.3104074 1.107541 0.6465929 0.0908438 0.07587507 -2.10968 -0.704428 0.2768976
104 5.31691 -0.4240079 0.1303484 -0.4774802 1.313647 0.5354013 0.2523621 0.2127578 -2.142931 -0.8633836 0.2450265
106 5.392681 -0.4130242 -0.1471245 -0.4116729 1.004734 0.4229516 0.1104833 0.06712846 -2.329245 -0.7817054 0.3205939
107 5.491705 -0.6170353 -0.3038415 -0.3418912 1.632062 0.6191048 0.5050091 0.5327704 -1.892094 -0.6617599 0.1626204
109 5.010477 -0.4814228 -0.0304073 -0.5043622 1.076684 0.3970405 0.2168893 0.1764508 -2.420286 -0.4189412 0.3030489
110 5.510866 -0.5276558 -0.2340728 -0.5013501 1.099926 0.5755344 0.3342906 0.2594472 -1.838912 -0.8472786 0.1880757
112 5.502137 -0.5993695 -0.005524651 -0.5996883 1.144679 0.2980547 0.2421734 0.349147 -2.630605 -0.399509 0.3268059
113 5.100657 -0.4031428 0.06044732 -0.5074995 1.718913 0.4790658 0.2298839 0.2687764 -2.052616 -0.9676284 0.3207584
114 5.428629 -0.6721425 -0.01889426 -0.169691 1.067083 0.1425178 0.1319284 0.2255908 -2.144009 -0.8529352 0.2850332
115 5.325698 -0.6020034 -0.2520206 -0.4004033 1.054133 0.6820456 0.1237965 0.05634909 -1.715193 -0.8729111 0.1915456
116 5.274061 -0.717464 -0.07198141 -0.2676173 1.31028 0.3405018 0.1385243 0.1262009 -2.211701 -0.9180044 0.2840387
117 5.515396 -0.5556358 -0.3316253 -0.3895613 1.392188 0.7001414 0.1042915 0.09264501 -1.947446 -0.6409279 0.2489809
118 5.38754 -0.4262808 -0.2956007 -0.6198806 1.42231 0.3725693 0.3083338 0.3679568 -2.374212 -0.6333636 0.2716149
119 5.099079 -0.4417379 0.01110485 -0.5798755 1.395115 0.1262397 0.1123311 0.2828808 -2.223931 -0.3619895 0.2734304
