2 0.181483 0.2057443 0.2553584 0.2765124 0.3571033 0.253123 0.3599756 0.2707324 0.2833728 0.2675581 0.04999873
5 0.1553885 0.1742081 0.216272 0.2186611 0.3018691 0.2420162 0.2314424 0.18761 0.3712982 0.273049 0.07164721
6 0.1669688 0.2174542 0.2314499 0.2706439 0.3250767 0.2232456 0.254451 0.2642603 0.286316 0.2636548 0.05803736
8 0.1575786 0.1568753 0.2204779 0.2079994 0.2414413 0.1466722 0.1422714 0.2185394 0.3301937 0.2654634 0.06326931
10 0.1919657 0.1819383 0.2701385 0.2429741 NA NA NA NA 0.3044196 0.2644936 0.05672837
11 0.1552178 0.1634772 0.218914 0.2145888 0.289899 0.1965488 0.2178845 0.2051389 0.3167513 0.2682063 0.0595423
13 0.176709 0.178779 0.2468406 0.2185786 0.3362239 0.2040639 0.1726668 0.2771588 0.3353317 0.2683592 0.06252399
15 0.1780439 0.165247 0.2504256 0.2244823 0.3044381 0.1916531 0.1702472 0.2249301 0.3369047 0.2662725 0.06125266
16 0.1558347 0.1708458 0.2198911 0.2409228 0.3787215 0.2990891 0.3652414 0.3119333 0.3308933 0.2591921 0.06124906
17 0.1565451 0.145683 0.2188131 0.178227 0.2474501 0.1628809 0.1381122 0.1726614 0.3369547 0.2613976 0.06268287
18 0.1917157 0.1983487 0.2698855 0.2658696 0.6282342 0.4731485 0.4387216 0.5694058 0.2868037 0.258259 0.0518092
20 0.1779643 0.2069934 0.2479319 0.2714434 0.3961183 0.3049013 0.3124206 0.2906376 0.3242146 0.2673072 0.0576159
21 0.165725 0.1386703 0.2326511 0.1912949 0.3067447 0.2042322 0.1779962 0.2537962 0.333846 0.2637879 0.06312611
22 0.1739945 0.1607501 0.2413615 0.2031313 0.3269259 0.2211083 0.1760908 0.2761997 0.3634482 0.2797227 0.06569497
23 0.1644586 0.1447269 0.2310774 0.1840826 0.2670556 0.1566932 0.1489345 0.2216316 0.3181142 0.2663415 0.06147
24 0.1795201 0.1446174 0.2533186 0.2038641 0.3191262 0.1925377 0.1694765 0.2292001 0.31634 0.2631825 0.06044316
25 0.1854203 0.2001382 0.2601857 0.2542167 0.3630694 0.2478556 0.2643156 0.2795097 0.3691078 0.2759191 0.07234866
26 0.1806776 0.1410022 0.2521921 0.1787802 0.3155395 0.1728938 0.1201238 0.2377299 0.3198479 0.266582 0.06294976
28 0.1893958 0.1700139 0.2629468 0.21088 0.3505889 0.2265773 0.2063248 0.2335962 0.3194018 0.2663223 0.06261784
29 0.186281 0.2064824 0.2594802 0.2632655 0.3468489 0.2187165 0.2349136 0.2987657 0.2972499 0.2662091 0.05903272
30 0.1711356 0.1983129 0.2372392 0.2449872 0.3249325 0.241714 0.2353287 0.2301792 0.3087529 0.2607766 0.05935132
31 0.1835911 0.1927988 0.2573809 0.2564074 0.3586637 0.2342871 0.2307423 0.2788316 0.3282363 0.269209 0.06195045
32 0.1892637 0.1900249 0.2639889 0.2354663 0.3586683 0.2154317 0.1794997 0.293742 0.3093279 0.2693733 0.0588204
34 0.1619175 0.1575402 0.2254848 0.2060042 0.3190851 0.235024 0.1947849 0.2791588 0.3522306 0.2835351 0.06630046
35 0.1721731 0.1900531 0.2405721 0.228896 0.3180783 0.2148634 0.23637 0.218432 0.3116623 0.2702171 0.0587924
36 0.1386518 0.1434573 0.1941819 0.1908314 0.2016056 0.1392321 0.1495535 0.1415129 0.3742285 0.2652911 0.07521574
37 0.1707126 0.1923402 0.2372181 0.2442274 0.2935796 0.2012201 0.205565 0.2354339 0.3016323 0.2691456 0.0582611
38 0.1858495 0.2217365 0.2561855 0.2411095 0.4103814 0.268036 0.2293204 0.3647488 0.3410282 0.2840598 0.06178592
39 0.1868384 0.1932503 0.2597417 0.2467378 0.4293679 0.333127 0.2720034 0.2987961 0.3214679 0.2660535 0.06057552
40 0.1672969 0.1736411 0.2327274 0.2201442 0.257679 0.164937 0.1721633 0.1715645 0.3104301 0.2803031 0.058037
41 0.1926596 0.1587234 0.2711181 0.2119644 0.3506618 0.2277643 0.1719491 0.2427332 0.3332978 0.2680355 0.06197046
42 0.1771443 0.2206239 0.2446495 0.2700614 0.3421058 0.2467885 0.2588524 0.2891355 0.2986068 0.2610255 0.05698496
43 0.1731118 0.1431887 0.2444787 0.1939011 0.3732597 0.2142887 0.1989575 0.3865531 0.313272 0.2587485 0.0581107
44 0.1800961 0.1542237 0.2515873 0.1990347 0.3285102 0.2168122 0.1745383 0.2554434 0.3267487 0.2646548 0.06133146
45 0.1853509 0.2292113 0.2574307 0.2973839 0.413271 0.2503776 0.232167 0.4053356 0.3135597 0.2703972 0.0562002
46 0.2062531 0.2038567 0.2880703 0.2559258 0.4056499 0.2139808 0.2023481 0.3346872 0.27481 0.2685914 0.05167355
47 0.1659362 0.1890329 0.2318335 0.2532691 0.3076845 0.2089528 0.230844 0.2746675 0.3379696 0.2670987 0.06237682
48 0.1627798 0.21187 0.2261333 0.2726553 0.2893842 0.2037277 0.2277241 0.2732066 0.3334433 0.2677215 0.06454691
49 0.1610872 0.1668203 0.2252011 0.2180149 0.2946292 0.2158812 0.2098749 0.2012741 0.3297053 0.2721115 0.06170608
50 0.1952216 0.219719 0.2742732 0.2940404 0.4728235 0.274861 0.2340909 0.5047274 0.3486345 0.2684172 0.06487419
51 0.1678635 0.1754451 0.2360054 0.2394019 0.3488395 0.2170192 0.2022842 0.352638 0.3568885 0.2696961 0.06634367
52 0.16138 0.1959123 0.2236575 0.2505576 0.2992828 0.2039636 0.1971046 0.2584596 0.3538163 0.2712747 0.06761564
53 0.1724852 0.2013243 0.2383531 0.2552105 0.2963607 0.1866463 0.1918448 0.2534881 0.2892207 0.2619111 0.05447917
54 0.1777707 0.1888541 0.2482676 0.2238083 0.3276998 0.2147342 0.2237247 0.2471571 0.3049637 0.2593865 0.05690362
55 0.1971657 0.2159231 0.2778312 0.3011604 0.652463 0.4199768 0.4738431 0.7993859 0.3021881 0.2654325 0.05540072
56 0.193247 0.1490206 0.2714377 0.1947885 0.4051968 0.2375243 0.1695991 0.3670002 0.3390145 0.2738853 0.06449189
57 0.1530483 0.1351969 0.2147467 0.1800211 0.2257379 0.1488123 0.1285448 0.1750256 0.3357112 0.2620757 0.06522046
58 0.1613278 0.1984949 0.2247387 0.2460081 0.3221237 0.2538211 0.2580368 0.2114665 0.3027225 0.2556027 0.05764753
59 0.1973368 0.1990225 0.2747614 0.2510493 0.4060988 0.2619799 0.231971 0.3078102 0.3248286 0.2759372 0.05975135
60 0.1737951 0.1824145 0.2424848 0.2392131 0.3368427 0.208643 0.1814358 0.293411 0.3190726 0.2607616 0.06093612
61 0.1648725 0.1531405 0.2317986 0.2034178 0.273532 0.1756574 0.1531961 0.2339819 0.3232647 0.2584712 0.05986091
62 0.1703232 0.1591184 0.2390144 0.2137499 0.3245641 0.2127567 0.18935 0.2766748 0.3066276 0.2631178 0.0600087
63 0.2003204 0.1971525 0.2785065 0.2323826 0.3996139 0.2530097 0.238292 0.2759258 0.3012235 0.2737481 0.05903297
64 0.2852771 0.2098362 0.4005313 0.2779194 0.236256 NA NA NA 0.2758312 0.2555964 0.0519863
65 0.164284 0.1715212 0.2299505 0.2235962 0.3535222 0.279363 0.245007 0.2226348 0.3272198 0.2651863 0.06538615
66 0.2079432 0.2115235 0.2907402 0.2662226 0.4645002 0.2943176 0.2637354 0.4351365 0.2921969 0.2622902 0.05408594
67 0.1729532 0.167933 0.2424618 0.2219558 0.3274424 0.1906813 0.1808183 0.3026509 0.3156225 0.2571317 0.06051291
68 0.1844985 0.2066877 0.2548153 0.2539769 0.6207866 0.4185808 0.3256396 0.5773925 0.3175148 0.2584146 0.05920761
71 0.1643732 0.2194853 0.2308511 0.2786858 0.390735 0.2746869 0.4568526 0.4231052 0.3311145 0.2696482 0.0594206
72 0.151468 0.1530038 0.2112641 0.2037213 0.2368005 0.1630588 0.1437974 0.1798368 0.3807597 0.2746262 0.06900147
73 0.1666711 0.1709115 0.2328027 0.2247204 0.28345 0.1828657 0.1769392 0.223223 0.31342 0.273096 0.06236853
74 0.1836136 0.2273775 0.2564421 0.2979869 0.4030136 0.2984932 0.3330075 0.3119745 0.2879679 0.2591381 0.05208488
77 0.1736426 0.1875843 0.2428829 0.2476592 0.3378348 0.2648353 0.3107167 0.2642933 0.3316641 0.2639569 0.06111966
78 0.1753582 0.1440551 0.2465947 0.1927774 0.3076161 0.2068185 0.2344443 0.2292603 0.3357857 0.2627118 0.06384964
79 0.1923511 0.1816298 0.2678035 0.2346698 0.3919159 0.285473 0.3254707 0.3245297 0.3148047 0.2583597 0.05570474
80 0.1727534 0.1764982 0.241434 0.2270098 0.3993474 0.2252339 0.1823811 0.3589585 0.3108891 0.2580884 0.05874928
81 0.1403753 0.1519454 0.1974143 0.2074557 0.2500401 0.1890643 0.1723692 0.2259538 0.3723018 0.2626657 0.06817799
82 0.1869471 0.1764765 0.260399 0.2268099 0.3360893 0.196642 0.1557808 0.2672044 0.2990883 0.2643813 0.05679351
83 0.1974394 0.1888717 0.2789763 0.2538864 0.6268677 0.4161143 0.3064036 0.5861354 0.3026793 0.2559846 0.05615505
84 0.1787435 0.1737341 0.2477555 0.2129171 0.3197977 0.1818178 0.1695653 0.319924 0.3133405 0.266928 0.06008834
86 0.1781379 0.1561154 0.2502616 0.2148649 0.3769705 0.2444431 0.2121331 0.3461224 0.3181735 0.2659444 0.05896674
87 0.1918852 0.1737352 0.2674997 0.2255638 0.3361368 0.194961 0.182712 0.2495527 0.3190468 0.2683049 0.05757496
88 0.204419 0.1689684 0.2864188 0.2138253 0.9550196 0.605007 0.4657474 0.9440873 0.3115124 0.2633899 0.05699661
89 0.1694273 0.2231517 0.2364401 0.2823751 0.6725505 0.5185094 0.5775178 0.712048 0.3125947 0.2589911 0.05804626
90 0.1844219 0.1939234 0.2581268 0.2456403 0.4056828 0.2304278 0.2239928 0.3888338 0.3135438 0.2653905 0.05872662
92 0.1910639 0.1797134 0.2671301 0.231525 0.374316 0.21256 0.1649729 0.3063731 0.2996154 0.2721609 0.05724672
93 0.1626934 0.1666224 0.226145 0.2100067 0.2894368 0.1747925 0.1454854 0.2669344 0.3407504 0.2755841 0.06473384
94 0.1452061 0.169305 0.2022008 0.2134428 0.2356696 0.1704828 0.1548257 0.1921519 0.3661904 0.2702009 0.07000412
95 0.2064332 0.1981984 0.2859371 0.2293332 0.3880906 0.2346829 0.218512 0.2374755 0.309009 0.2669704 0.05573462
96 0.1783025 0.1799764 0.2505334 0.234149 0.3845035 0.2904267 0.2365206 0.2580679 0.3586991 0.2726856 0.06416261
97 0.21138 0.2153436 0.2932421 0.2469318 0.6118737 0.4288898 0.3875449 0.6125567 0.291282 0.2706828 0.05553929
98 0.1839133 0.2103271 0.2605151 0.2866371 0.4938192 0.3765962 0.5065068 0.4103009 0.3335073 0.2688442 0.06032397
99 0.161065 0.1783207 0.2247734 0.2342384 0.2667531 0.1761505 0.1943795 0.17335 0.3492161 0.28211 0.06195744
100 0.1891671 0.2007672 0.2633828 0.2512781 0.3743608 0.240621 0.2215072 0.2735356 0.3000695 0.2642654 0.05486936
101 0.1869693 0.1400747 0.2629662 0.1816628 0.3528667 0.2337368 0.165244 0.2377062 0.313892 0.2656017 0.06133799
102 0.1755682 0.208429 0.2445711 0.2544384 0.8664488 0.5261761 0.5648244 0.9704643 0.329052 0.2680351 0.06135116
103 0.1830016 0.1609304 0.2545539 0.1941076 0.3490103 0.1994398 0.1548436 0.3082443 0.3298656 0.2616419 0.06055838
104 0.185385 0.1686284 0.2602918 0.2188458 0.355815 0.2251171 0.1856565 0.2897423 0.3166294 0.2672482 0.06068401
106 0.1646035 0.1572723 0.2283902 0.1910612 0.4239011 0.3103434 0.2660472 0.3559434 0.352688 0.2655431 0.06690071
107 0.2032454 0.2084712 0.2850488 0.2695187 0.4114723 0.2491524 0.2465353 0.3379796 0.2823394 0.2657877 0.05116589
109 0.1645324 0.1674986 0.230439 0.2067907 0.2688288 0.1702781 0.1623632 0.1980445 0.3380028 0.2668025 0.0680906
110 0.1777105 0.1805876 0.2478004 0.2213904 0.4509502 0.3454375 0.4445658 0.4067781 0.3019858 0.2663975 0.05733125
112 0.1615389 0.1720611 0.2265486 0.2273248 0.2873788 0.1789195 0.1862706 0.2769609 0.3576367 0.2651948 0.06643625
113 0.2036159 NA 0.2812863 0.187346 NA NA NA NA 0.3127291 0.269877 0.06267998
114 0.1498458 0.1884863 0.2076938 0.228559 0.2509104 0.1886344 0.1825656 0.1765447 0.3303717 0.2668056 0.06459324
115 0.1826943 0.1667845 0.2527778 0.1991732 0.3549803 0.2224032 0.1801402 0.2622133 0.3024941 0.2630424 0.05968443
116 0.1744603 0.1722394 0.2429967 0.2086114 0.3030784 0.1893708 0.1681922 0.2176099 0.3314131 0.2745119 0.06670067
117 0.199223 0.1912746 0.2777187 0.235073 0.4288733 0.2696692 0.201688 0.3677274 0.3064362 0.2600531 0.05853493
118 0.1828978 0.2075879 0.253786 0.2565287 0.3735795 0.255828 0.2166543 0.2464842 0.3509373 0.2815908 0.06320289
119 0.1668688 0.178874 0.2331664 0.2418494 0.3761548 0.2838712 0.3095275 0.2960164 0.3211735 0.2617648 0.06323943
