1 5.272232 -0.7432095 0.1300142 -0.4637355 0.5752928 0.5749767 0.2811957 0.2322001 5.06286 -1.865493 -0.4830999 0.1196485
2 5.291254 -0.2766648 0.06463255 -0.7968386 0.4818325 0.3226899 0.1561792 0.2107337 5.756365 -2.315537 -0.3491627 0.2208309
3 5.552689 -0.4753017 -0.5534808 -0.6042104 0.6127183 0.270509 0.1735559 0.2762552 6.103322 -2.029446 -0.5907123 0.2119838
4 5.03107 -0.02582989 0.3624547 -0.9774124 0.471978 0.2488487 0.1404309 0.1973914 3.940651 -2.172096 -0.5633968 0.2207503
5 5.407639 -0.2455827 -0.08733193 -0.8814561 0.4673178 0.316543 0.1629687 0.1721324 8.19387 -2.514155 -0.5222785 0.3526169
6 5.232349 -0.2771426 0.1403612 -0.6898591 0.4823595 0.5749188 0.08223094 0.06184667 4.167482 -2.201486 -0.2749502 0.2040959
7 5.176859 -0.3248489 -0.01418705 -0.8510836 0.5361347 0.4531428 0.07198191 0.2818149 8.131108 -2.172519 -0.476796 0.2545065
8 5.446423 -0.6368632 -0.2172651 -0.3407809 0.4130392 0.3051348 0.02086423 0.1425838 4.213773 -2.130192 -0.6115492 0.2158073
9 5.231793 -0.2195678 0.00295403 -0.6527196 0.4467553 0.2461232 0.09790533 0.1729449 5.416202 -2.221051 -0.8916815 0.2710554
10 5.357739 -0.391899 -0.2085117 -0.4505606 0.3415832 0.475904 0.136536 0.2584351 3.798998 -2.237091 -0.4216407 0.2458545
11 5.520839 -0.4076526 -0.3431851 -0.6349272 0.4115009 0.5630373 0.03253632 0.2819898 8.940194 -1.977768 -0.3118065 0.2104984
12 5.245544 -0.4367997 -0.2386549 -0.3700822 0.599004 0.3703192 0.1776505 0.2206068 7.309345 -2.339027 -0.1495066 0.1974506
13 5.252731 -0.494862 0.1320084 -0.8379669 0.5811886 0.4902696 -0.003691383 0.3864478 7.401488 -2.073321 -0.4646467 0.213868
14 5.226227 -0.5805487 -0.1539902 -0.6047751 0.5359698 0.2148131 0.1694588 0.2796882 6.198839 -1.930495 -0.7986736 0.2472627
15 5.323218 -0.2958615 0.02279494 -0.6415247 0.4773976 0.4321702 -0.02320965 0.3450566 4.711454 -2.801608 -0.6855298 0.1553588
16 5.42113 -0.3735681 -0.09598863 -0.6321932 0.4657469 0.4635321 0.04649337 0.1837544 5.385614 -2.458812 -0.4695492 0.1400204
17 5.428918 -0.5909512 -0.05773319 -0.4545892 0.5007295 0.473807 0.03743506 0.1891084 4.470833 -1.844497 -0.6297367 0.02120287
18 5.406959 -0.3908103 -0.3173932 -0.4624738 0.4548849 0.4649382 -0.03096259 0.3521351 6.390331 -2.733441 -0.6848422 0.2032867
19 5.42913 -0.5457295 -0.2663143 -0.6732265 0.5281313 0.4575733 0.1027069 0.2998897 10.14178 -2.57809 -0.4278001 0.1367722
20 5.398026 -0.3922584 -0.1832752 -0.5296871 0.5021048 0.2162132 0.1183116 0.2453685 4.038172 -2.468218 -0.8552017 0.1998375
21 5.139922 -0.3964043 0.2131348 -0.6824587 0.382905 0.3132345 -0.001622552 0.1539188 3.88862 -2.435965 -0.3204347 0.2646014
22 4.994597 -0.3723721 0.08272743 -0.6364195 0.4241079 0.3052281 0.1164849 0.1447225 3.656291 -2.016205 -0.7802168 0.2517916
23 5.517592 -0.413214 -0.2602133 -0.703773 0.4444513 0.5668209 -0.04734376 0.2034483 13.3789 -2.204912 -0.5820377 0.2467804
24 5.489862 -0.5232729 -0.4395295 -0.3559478 0.5642889 0.5016897 0.1031983 0.2269979 8.912074 -2.150114 -0.1554513 0.1680783
25 5.416314 -0.6164024 -0.0304664 -0.4480224 0.329444 0.4827318 -0.01285773 0.4045439 4.247313 -2.280927 -0.679124 0.269218
26 5.42758 -0.5104854 -0.3922955 -0.6308439 0.571925 0.5108714 0.01054145 0.203467 3.917332 -2.014354 -0.4091488 0.2183496
27 5.472891 -0.1235141 -0.06727496 -1.146777 0.4349672 0.5504334 0.02481607 0.2189391 4.886211 -2.028651 -0.631576 0.2231441
28 5.382839 -0.5700198 0.1833446 -0.6246633 0.4930959 0.7630514 -0.2029428 0.3332322 8.476795 -2.219591 -0.5670407 0.2466934
29 5.22543 -0.283285 0.00870335 -0.6787943 0.4275024 0.5176239 0.03872171 0.08053548 5.108168 -2.151096 -0.439887 0.2147847
30 5.540653 -0.3753017 -0.1736726 -0.6646368 0.4596498 0.2687288 0.1760524 0.2341511 4.536638 -2.015041 -0.2634863 0.200059
31 5.496256 -0.2342116 -0.2427073 -0.9555428 0.4352081 0.2454095 -0.01082863 0.2096769 4.535161 -2.307042 -0.5826265 0.2773472
32 5.417823 -0.6973087 -0.2359936 -0.237635 0.3455995 0.5483671 0.04260004 0.1266978 5.400434 -2.14282 -0.76229 0.2678485
33 5.30791 -0.5621477 0.198862 -0.4534486 0.5154954 0.4712646 0.07486227 0.09821314 4.681499 -1.813637 -0.7368229 0.1888031
34 5.238359 -0.2323161 -0.1107187 -0.631462 0.5303712 0.4038483 0.1454057 0.2043078 6.347791 -2.034802 -0.6636047 0.255824
35 5.513842 -0.5097758 -0.1904107 -0.5372992 0.6019865 0.5723325 0.0769729 0.2546222 7.353613 -2.418312 -0.7045064 0.3256894
36 5.007113 -0.1832418 0.2697092 -0.8886746 0.4332685 0.7041525 0.03137879 0.2261424 6.065927 -2.220855 -0.6835072 0.2768942
37 5.271945 -0.4401952 -0.1901887 -0.7061877 0.3763404 0.2920868 0.07555252 0.09725679 4.238243 -2.413217 -0.7037205 0.3309111
38 5.116261 -0.2830168 0.08034037 -0.6602298 0.5103363 0.6421167 0.2050617 0.1094982 5.248035 -1.88765 -0.7490639 0.2051495
39 5.31181 -0.3171168 -0.006893808 -0.7991713 0.4855959 0.3417152 0.1514777 0.1482084 4.754504 -1.916595 -0.4776408 0.1964757
40 5.048545 -0.3782197 0.1344672 -0.6352278 0.4985229 0.7437122 0.0923117 0.2883573 7.005785 -2.329999 -0.6796497 0.2776662
41 5.330566 -0.4575471 -0.06590669 -0.3679257 0.4428731 0.4510468 0.09212904 0.09536289 4.856134 -2.093655 -0.6121351 0.2321771
42 5.358566 -0.1387604 -0.04439768 -0.926154 0.550167 0.3124515 0.1231665 0.1512648 4.690818 -2.206951 -0.4987352 0.2577391
43 5.269191 -0.3563481 -0.05527742 -0.7450597 0.347375 0.3370894 -0.01199338 0.214868 4.722284 -2.605436 -0.07567213 0.2864943
44 5.476294 -0.4787882 -0.4427588 -0.6661656 0.5209856 0.8213433 -0.09695771 0.1853739 13.0666 -2.678906 -0.4686368 0.3673614
45 5.222927 -0.4033977 -0.117181 -0.3786367 0.4562622 0.3123928 0.015564 0.2079431 5.256201 -2.14108 -0.9975352 0.280801
46 5.371292 -0.3570187 -0.08487236 -0.7020461 0.5193839 0.437964 0.1173175 0.1147793 3.872262 -2.420491 -0.2682507 0.2430127
47 5.215254 -0.5460422 0.1757264 -0.5442272 0.5881222 0.1675555 0.1426287 0.3454293 5.62635 -2.339078 -0.552281 0.2751802
48 5.438691 -0.411004 -0.2943875 -0.8655736 0.4093398 0.2935426 0.1492506 0.2193161 5.696712 -2.355204 -0.5473444 0.2394391
49 5.407984 -0.475697 -0.0183826 -0.5122476 0.4326671 0.4377957 -0.02428035 0.3807885 5.435979 -2.137647 -0.5814845 0.253707
50 5.377481 -0.3094094 -0.3126676 -0.7263425 0.6002877 0.4955202 0.1391489 0.3854347 5.906661 -2.180247 -0.2863331 0.2257126
51 5.498691 -0.4556741 -0.4043513 -0.3401169 0.4400653 0.5004027 -0.0987659 0.2326994 5.489314 -2.499377 -0.4318522 0.3146464
52 5.483604 -0.1396467 -0.3644612 -0.8903775 0.4417862 0.4595467 0.0554584 0.3478331 5.333457 -2.201893 -0.5835871 0.2119521
53 5.414344 -0.3422844 -0.08607006 -0.6957364 0.4225316 0.2001475 0.1747233 0.2209757 4.031647 -1.862578 -0.6090045 0.2089747
54 5.399002 -0.7516848 -0.2797272 -0.2783213 0.4731699 0.449797 0.1220269 0.1572744 7.534053 -2.340306 -0.2023812 0.256707
55 5.351981 -0.4276807 0.03512013 -0.6826587 0.5004348 0.2945969 0.07798428 0.1354146 6.178144 -2.347628 -0.5490102 0.3091629
56 5.317718 -0.4687218 -0.2446701 -0.4380217 0.6176899 0.4869035 0.05988851 0.1609702 4.748871 -2.459074 -0.1489992 0.2417827
57 5.180942 -0.7074234 -0.1825003 -0.2475296 0.4807215 0.5691612 -0.008514968 0.2900287 4.076509 -1.835268 -0.7707274 0.2181953
58 5.234463 -0.3597137 -0.1562772 -0.6181524 0.4617011 0.2587654 0.1008297 0.2195539 4.859249 -2.355198 -0.5869712 0.2837045
59 5.267065 -0.3515369 -0.2432915 -0.5139676 0.5541873 0.6672911 0.158161 0.1936507 6.338204 -2.130544 0.04181234 0.196356
60 5.488325 -0.339709 -0.08934377 -0.7808926 0.4757791 0.3797928 0.1319387 0.2253707 5.398594 -1.897279 -0.4699029 0.1865488
61 5.148424 -0.3441958 0.5999583 -0.793897 0.4986993 0.4999954 0.07475153 0.2087098 4.054824 -2.071775 -0.7030257 0.241341
62 5.137986 -0.3772194 0.1876689 -0.7973631 0.3859788 0.3013728 0.02088795 0.1881105 6.350721 -2.495549 -0.4968017 0.3500788
63 5.391979 -0.408773 -0.04178078 -0.6065478 0.5135798 0.5177958 -0.01095315 0.3078192 6.465291 -1.952409 -0.7003544 0.2140884
64 5.278222 -0.4489402 0.2378659 -0.447248 0.4695599 0.4684897 -0.07456961 0.2330556 4.063263 -1.976226 -0.8085905 0.2167491
65 5.492215 -0.4035109 -0.08203273 -0.6031117 0.3749516 0.2784984 0.1280532 0.2454459 6.366659 -2.568937 -0.4768164 0.3052314
66 5.273695 -0.694512 -0.06694761 -0.2964611 0.576459 0.7712643 0.02084407 0.2523949 9.444184 -1.749697 -1.045211 0.2084157
67 5.268948 -0.4075475 -0.1341484 -0.4248655 0.4829257 0.2189831 0.08153829 0.2193444 3.401477 -2.238075 -0.3338979 0.2374736
68 5.350815 -0.6450293 -0.07029578 -0.4414487 0.4111873 1.081347 -0.2685735 0.4480698 10.77456 -2.159927 -0.4170267 0.2837135
69 5.21536 -0.5022173 0.05818497 -0.4955871 0.5046474 0.3473725 0.08979302 0.1277278 3.486402 -2.097391 -0.2844175 0.225419
70 5.696909 -0.5483124 -0.3772957 -0.4323369 0.490228 0.4361819 -0.02901102 0.2366598 4.315099 -1.961814 -0.9127942 0.2794747
71 5.506063 -0.4273216 -0.4795303 -0.3908722 0.4353183 0.6637408 0.0101363 0.4525347 5.598704 -2.222779 -0.7804006 0.272499
72 5.433391 -0.6827753 -0.2939486 -0.3253195 0.4437773 0.3536752 -0.01497424 0.4311876 5.754482 -2.166701 -0.3460784 0.2220394
73 5.526489 -0.4561545 -0.3266137 -0.581798 0.5291908 0.265533 0.1372786 0.200278 5.395946 -2.317604 0.1505734 0.223669
74 5.268252 -0.2802679 -0.1361728 -0.8859036 0.3842508 0.6147001 -0.1511655 0.3074347 4.341923 -2.249866 0.08043163 0.1950271
75 5.444391 -0.3913629 -0.331551 -0.4433218 0.4786341 0.4327567 0.0925785 0.3266336 7.413355 -1.871352 -0.556696 0.1833249
76 5.286662 -0.416416 0.07549893 -0.5617157 0.5593048 0.3505641 0.09467967 0.1345051 5.624613 -1.980117 -0.5750478 0.2301168
77 5.33588 -0.290117 -0.04612793 -0.5821094 0.4186698 0.4620928 -0.04273466 0.2192617 5.23625 -2.525223 -0.7049626 0.3591553
78 5.505455 -0.3510952 -0.2883659 -0.4948266 0.367752 0.7045198 -0.06178865 0.1833673 5.715437 -2.676381 -0.4364686 0.3403969
79 5.382607 -0.5581892 -0.05267625 -0.5875763 0.4367427 0.3388287 0.1319716 0.3034254 4.611318 -1.991437 -0.2105569 0.1934937
80 5.401015 -0.395127 -0.2575514 -0.8274489 0.6336643 0.3294009 0.07609977 0.1910938 7.439914 -2.312553 -0.3857105 0.2427279
81 5.344153 -0.3735181 -0.190081 -0.6008766 0.4350662 0.4118733 0.07817563 0.2801962 6.17546 -2.155192 -0.5825458 0.2399898
82 5.800722 -0.4879426 -0.5785916 -0.444918 0.5194836 0.522662 0.02144043 0.1932994 5.447823 -2.157713 -0.155048 0.1821677
83 5.512494 -0.3109104 -0.3046416 -0.7045983 0.4687679 0.6156453 0.08339348 0.4185897 43.89646 -2.57804 -0.4685524 0.3267006
84 5.538537 -0.3724442 0.01035951 -0.7375515 0.4980338 0.5149425 0.04547203 0.1258455 5.902655 -2.409074 -0.4654538 0.261547
85 5.534026 -0.3850356 0.03299786 -0.583019 0.532958 0.4746747 -0.03451539 0.2793972 14.0119 -2.218012 -0.5405943 0.2434372
86 5.24034 -0.2041454 0.14371 -0.98821 0.4024839 0.3421786 0.02741203 0.1670346 4.345981 -2.124459 -0.5938731 0.2198596
87 5.329724 -0.4831857 0.1897981 -0.6499905 0.5476155 0.2442453 0.0863953 0.2340424 6.120578 -2.138551 -0.8381587 0.2915284
88 5.125146 -0.1901018 0.0938063 -0.7426671 0.6404798 0.289364 0.1717655 0.2260804 7.123734 -1.875753 -0.4434144 0.1926173
89 5.175524 -0.3348286 0.002054062 -0.76754 0.5665924 0.7253166 -0.02872351 0.163423 6.407237 -2.086989 -0.8146244 0.2349282
90 5.260469 -0.6087136 -0.131678 -0.3379161 0.4902979 0.6927563 0.00983169 0.2001026 6.826024 -1.802878 -0.5340626 0.1831269
91 5.091758 -0.1957836 0.1640973 -0.8000494 0.4699728 0.4152545 0.1372142 0.156789 4.839022 -2.07553 -0.6480167 0.2586607
92 5.176815 -0.3668446 -0.1177149 -0.5090482 0.5102028 0.7464374 0.001997771 0.2556263 7.676068 -1.591429 -0.8133437 0.1743335
93 5.44672 -0.4879743 -0.1092765 -0.5725162 0.4201552 0.5233965 0.08683573 0.1110121 5.342689 -2.11062 -0.2204535 0.2177533
94 5.057788 -0.2099941 0.2079017 -0.9283364 0.4102688 0.4808456 0.04870235 0.1699219 6.318284 -2.308718 -1.183444 0.3121373
95 5.539846 -0.5273482 -0.1734528 -0.541169 0.5466381 0.4997455 0.1517465 0.1802982 9.143858 -1.886181 -0.3257525 0.1536609
96 5.368554 -0.3770747 -0.213695 -0.6056271 0.4965286 0.2987663 0.1203156 0.1193969 3.949551 -2.168518 -0.5751929 0.2017056
97 5.39524 -0.3696016 0.3148543 -0.6981394 0.452511 0.3576384 0.108394 0.118283 6.148943 -1.923446 -0.5250636 0.1709916
98 5.429749 -0.3113363 -0.2829228 -0.6361146 0.465176 0.3435103 0.04755509 0.2549456 3.592626 -2.056552 -0.2927057 0.1706232
99 5.330287 -0.5321302 0.09149157 -0.5495206 0.5359663 0.8198558 0.2080561 0.1075119 17.72901 -2.324751 -0.524582 0.2675531
100 5.398217 -0.3717808 -0.08397018 -0.7555915 0.447694 0.4060584 0.1045394 0.1137281 4.588492 -2.431183 -0.6868922 0.3519735
