2 5.648831 -0.5002322 -0.4493009 -0.6673882 0.4715317 0.284551 0.1225742 0.2727456 3.951982 -1.571588
5 5.195561 -0.4285747 -0.09000765 -0.4845207 0.4688471 0.2462244 0.155097 0.2656539 7.161698 -1.499623
6 5.21128 -0.7843574 0.02622289 -0.1877798 0.4353823 0.1400553 0.1494555 0.3344259 3.982053 -1.405343
8 5.427311 -0.6286405 -0.1224255 -0.3058737 0.4262046 0.4946001 0.03082364 0.2634442 7.531568 -1.576009
10 5.409422 -0.4294445 0.07007031 -0.3932102 0.3696607 0.54799 -0.1264341 0.4953284 3.715502 -1.544351
11 5.530992 -0.541045 -0.04235297 -0.542721 0.518426 0.2230904 0.1424633 0.2690434 6.459657 -1.691289
13 5.388809 -0.2891897 -0.09362122 -0.8692009 0.5364001 0.6143872 0.2226941 0.2112394 10.98293 -1.456164
15 5.254858 -0.2693506 0.04627083 -0.7727201 0.5290899 0.5860669 0.0915043 0.2842444 8.294549 -1.504077
16 5.225551 -0.3539745 0.03265872 -0.4956158 0.3608862 0.2790511 0.08493506 0.2246506 3.978648 -1.323381
17 5.453968 -0.3321914 -0.2509371 -0.7914908 0.5628759 0.459473 0.1219418 0.1264914 17.59029 -1.525491
18 5.524727 -0.5229557 -0.200832 -0.5087774 0.4415132 0.2809722 0.1924415 0.211317 3.817221 -1.528312
20 5.715376 -0.4889321 -0.2710201 -0.9072494 0.6108804 0.2787488 0.1474355 0.3487073 5.909359 -1.496642
21 5.530621 -0.5484573 -0.2480994 -0.42773 0.4310162 0.3805288 -0.006791079 0.140858 4.669287 -1.502595
22 5.697063 -0.332576 -0.6130776 -0.6371279 0.4281551 0.4082188 -1.536479e-05 0.1877355 3.803193 -1.612251
23 5.316531 -0.3958836 -0.02798371 -0.6797396 0.3644405 0.4408486 0.05960775 0.1370198 5.850466 -1.600951
24 5.453587 -0.3935047 -0.2253017 -0.6555298 0.3500904 0.3830798 0.148999 0.1797506 3.754911 -1.548137
25 5.124726 -0.3653312 0.1256765 -0.6814796 0.5183175 0.2367675 0.1143052 0.3184346 4.526736 -1.588939
26 5.248553 -0.4082842 -0.2511891 -0.5064469 0.4697323 0.8718288 -0.05952885 0.1496553 11.56926 -1.518981
28 5.255252 -0.3903381 0.1158609 -0.7160619 0.505989 0.3736235 0.06073342 0.03548028 4.312703 -1.481605
29 4.785677 -0.2106518 0.8585597 -1.025238 0.5159493 0.3042876 0.1989195 0.2846039 5.041098 -1.45001
30 5.403074 -0.5223854 -0.02335827 -0.4687904 0.5010915 0.4520869 0.04042282 0.2817005 5.632491 -1.488077
31 5.365674 -0.5146859 -0.1459939 -0.4270535 0.4614447 0.4130938 0.09585839 0.2150503 4.082564 -1.510231
32 5.251421 -0.2214132 0.2835068 -0.7700777 0.5047363 0.5882956 0.09652088 0.2368135 5.002851 -1.549334
34 5.379764 -0.5275036 -0.1140724 -0.7469563 0.4814693 0.3900222 0.0004807409 0.3005565 6.959578 -1.629817
35 5.251066 -0.2991575 0.05623319 -0.5912154 0.4501587 0.4135104 0.1653158 0.1836931 4.563173 -1.592146
36 5.023407 -0.3715545 0.1650593 -0.7783121 0.4900206 0.228324 0.09098556 0.2240321 11.9526 -1.460402
37 5.156614 -0.3024674 0.1068912 -0.7454235 0.5225277 0.3411045 0.05795703 0.3068392 4.566019 -1.573172
38 5.41963 -0.3265345 -0.4480251 -0.5970193 0.4774497 0.4181152 0.1077154 0.1178175 4.700859 -1.514972
39 5.345026 -0.09047845 -0.1199643 -0.9180886 0.6236425 0.167493 0.08092482 0.1634492 3.731363 -1.468359
40 5.389491 -0.3743667 -0.1009572 -0.6298015 0.4733794 0.2798522 0.171694 0.2319808 5.25904 -1.745239
41 5.408697 -0.433911 -0.3815724 -0.5471265 0.5788903 0.4052725 0.02388641 0.1635664 4.051709 -1.572659
42 5.427604 -0.4267915 -0.0675359 -0.797953 0.6755526 0.360083 0.2043998 0.3786907 8.800661 -1.460402
43 5.616535 -0.5560962 -0.2637805 -0.3756244 0.4947856 0.5998695 -0.02585131 0.2236224 6.795009 -1.543298
44 5.38806 -0.3662195 -0.2864567 -0.6019222 0.4702623 0.3921444 0.04803013 0.2240773 4.775003 -1.553868
45 5.595019 -0.5526825 -0.4173791 -0.5051466 0.4631161 0.3909533 0.096141 0.270288 4.21497 -1.493653
46 5.133981 -0.2253079 0.361196 -1.125927 0.427916 0.4714815 0.08644253 0.2077614 4.326052 -1.415853
47 5.485213 -0.3984031 -0.2762902 -0.8672456 0.4117123 0.3071599 -0.07810721 0.4180891 3.741123 -1.468359
48 5.219421 -0.5361236 0.1121921 -0.3537364 0.4349644 0.2500232 0.02054408 0.4371038 4.580788 -1.354546
49 5.391393 -0.5825544 -0.2603467 -0.488055 0.4977118 0.19484 0.1109287 0.2058805 4.39702 -1.718028
50 5.394084 -0.3847817 -0.0704164 -0.8175206 0.5533961 0.5420585 0.01851614 0.2237972 4.901466 -1.459227
51 5.422116 -0.5149937 -0.08734141 -0.551551 0.4974709 0.3886429 -0.07932734 0.4119905 5.830244 -1.493366
52 5.543567 -0.6268283 -0.3544994 -0.4618805 0.506075 0.3698253 0.1179376 0.2760553 7.671513 -1.379863
53 5.255344 -0.297957 -0.3009101 -0.7535079 0.4481987 0.3627214 0.1870117 0.2589137 4.5149 -1.524339
54 5.358255 -0.3908064 0.01377132 -0.7264398 0.4350438 0.3036456 0.158361 0.2109332 5.306918 -1.401993
55 5.276723 -0.3707448 -0.049658 -0.6593591 0.5034824 0.5562631 0.0745309 0.281427 4.161818 -1.553085
56 5.492384 -0.5188308 -0.1238042 -0.7371624 0.4666438 0.5978303 -0.05965053 0.2436064 5.849772 -1.609438
57 5.086371 -0.3397206 0.4810353 -0.7760036 0.4982105 0.3040626 0.03159623 0.2203816 7.290908 -1.606694
58 5.295937 -0.1628892 0.0657822 -0.6648821 0.5336766 0.2444895 0.1637124 0.2948686 6.257712 -1.386294
59 5.319975 -0.4301341 -0.1677285 -0.7386671 0.6316212 0.3079265 0.1311735 0.2804638 4.474413 -1.553623
60 5.288714 -0.2994723 0.09477007 -0.8517075 0.4150326 0.2783396 0.1495255 0.1489705 4.013391 -1.411296
61 5.488447 -0.4629227 -0.1642383 -0.4588775 0.50314 0.4411096 -0.06012427 0.2731264 6.041244 -1.472237
62 5.121111 -0.4277263 -0.02528022 -0.5533672 0.4523618 0.4677792 0.1146091 0.1297025 4.867546 -1.590074
63 5.347392 -0.5959469 -0.4054305 -0.4062955 0.6876134 0.8956644 0.1913922 0.1389311 13.6526 -1.498053
64 5.13489 -0.3063494 0.1643424 -0.7122757 0.5751215 0.4312534 0.1418868 0.147296 3.106264 -1.420512
65 5.217081 -0.4581613 0.1658157 -0.6315631 0.5373594 0.1765285 0.09679984 0.1502675 4.244384 -1.570866
66 5.117678 -0.4303927 0.1964154 -0.6848056 0.5236349 0.5696746 -0.003054797 0.261567 4.275477 -1.496642
67 5.232382 -0.4440678 0.1750583 -0.705681 0.5445143 0.4644779 0.1765135 0.303438 7.850788 -1.404871
68 5.403097 -0.3025379 -0.1294195 -0.6072842 0.4969099 0.5471463 -0.02236039 0.3099551 6.169669 -1.311259
71 5.514928 -0.4295644 -0.4440561 -0.6222263 0.452854 0.443896 0.1602665 0.5802238 8.064499 -1.402608
72 5.56196 -0.4927564 -0.3050042 -0.5731279 0.5789622 0.2939921 0.009517758 0.2755316 9.635651 -1.623623
73 5.137911 -0.5104631 0.242292 -0.580545 0.4723643 0.2646885 0.1265865 0.1748899 4.87623 -1.56332
74 5.504565 -0.4315111 -0.1551472 -0.6070522 0.4783876 0.3897011 0.08893239 0.2885647 3.998153 -1.370546
77 5.403544 -0.3425536 -0.2071091 -0.6169289 0.3837867 0.2954626 0.2194894 0.2340404 3.439378 -1.495267
78 5.195216 -0.3516649 0.08856612 -0.8502323 0.4389475 0.3552667 0.1065249 0.07299637 4.555043 -1.386294
79 5.488589 -0.230956 -0.2140501 -0.729154 0.5037363 0.3196897 0.191252 0.2082672 3.974533 -1.466337
80 5.230852 -0.1972993 0.3101422 -0.7849459 0.6056941 0.641696 -0.009489894 0.2888246 12.87145 -1.351315
81 5.614421 -0.4181109 -0.323853 -0.4821093 0.3420239 0.306269 -0.06164683 0.2375679 4.864579 -1.3574
82 5.384643 -0.4603575 0.005398761 -0.7315237 0.4078359 0.4171712 0.05382802 0.2631967 5.481918 -1.465324
83 5.573633 -0.7428915 -0.4250902 -0.1879784 0.420586 0.5043521 0.06968397 0.1268126 3.841561 -1.373872
84 5.410469 -0.4433293 -0.5000844 -0.3786646 0.5107628 0.5784466 0.03570283 0.27777 7.890022 -1.540445
86 5.427131 -0.4097473 -0.004246776 -0.6762413 0.4366427 0.5236402 0.05960979 0.1603211 5.042297 -1.549334
87 5.628853 -0.4768725 -0.5491692 -0.6503776 0.4771984 0.5175222 0.1183667 0.05305461 3.862053 -1.508512
88 5.147649 -0.2668486 0.2092236 -0.8063038 0.4890927 0.9687002 -0.08723954 0.3363393 5.386091 -1.558865
89 5.623248 -0.5648617 -0.549245 -0.5449608 0.4513119 0.4671725 -0.01811415 0.5341601 6.648257 -1.300391
90 5.394808 -0.533514 0.05413096 -0.5501571 0.5151181 0.3331266 0.1445323 0.1843684 5.135009 -1.383042
92 5.247884 -0.5299408 -0.0296584 -0.4491473 0.5498899 0.5663418 0.06216099 0.2157197 5.184941 -1.64696
93 5.374051 -0.5337518 0.02643858 -0.494517 0.5004229 0.3347469 -0.009909248 0.2420313 6.45353 -1.554431
94 5.375234 -0.4091002 -0.1620996 -0.4926171 0.4736703 0.1751381 0.04653386 0.1922408 5.633089 -1.504077
95 5.396257 -0.3049135 -0.06944827 -0.7270868 0.6418372 0.579062 0.1017588 0.08907487 6.015324 -1.44541
96 5.490466 -0.3295342 -0.3829061 -0.7817178 0.6740296 0.4354197 0.09789436 0.1293646 8.289676 -1.41547
97 5.108228 -0.1849324 0.2889208 -0.9686141 0.3773332 0.5011402 0.1245251 0.1957674 3.424118 -1.491993
98 5.112261 -0.4255286 0.05368399 -0.5200118 0.4245951 0.2244456 0.1551077 0.2348117 3.639791 -1.470486
99 5.417425 -0.4477051 -0.1738675 -0.5476168 0.5121341 0.3281973 0.2028555 0.2857723 5.66436 -1.736409
100 5.411205 -0.4717491 -0.06891877 -0.5910915 0.4974148 0.4181273 0.1249618 0.2550944 4.578675 -1.518981
101 5.403249 -0.5325452 -0.2454126 -0.4449818 0.4751743 0.5391524 0.07926602 0.05180316 5.262545 -1.58412
102 5.513234 -0.6449108 -0.2359556 -0.4097597 0.4585237 0.5222149 -0.07186603 0.3539685 4.980784 -1.469409
103 5.668501 -0.5815157 -0.2861004 -0.3145146 0.4887352 0.7581606 -0.03111544 0.1674895 10.12756 -1.364453
104 5.298078 -0.4223466 0.1995069 -0.4257659 0.513684 0.4698447 0.08635978 0.249965 4.989631 -1.579257
106 5.393057 -0.4053226 -0.2992779 -0.4198336 0.512376 0.4254321 0.06691083 0.08163269 7.394671 -1.432671
107 5.436012 -0.5049903 -0.02997389 -0.4604202 0.5360227 0.3897419 0.2698893 0.3407286 4.359473 -1.590074
109 5.041085 -0.4809007 -0.06270276 -0.5358793 0.5755784 0.511684 0.1368948 0.1949606 15.38261 -1.504077
110 5.435246 -0.4424093 -0.1148804 -0.5680106 0.4972664 0.5033307 0.2172031 0.1765376 6.219217 -1.533665
112 5.380905 -0.3753268 0.1177138 -0.6966124 0.4251741 0.4833997 0.06509 0.3082949 5.874161 -1.515705
113 4.891091 -0.4524831 0.3194752 -0.3850943 0.5668439 0.5411892 -0.02725055 0.2288589 4.2434 -1.3574
114 5.44714 -0.7029708 -0.0843911 -0.1693079 0.4887593 0.2458062 0.03482213 0.2508153 6.950418 -1.456164
115 5.542021 -0.7115305 -0.4443366 -0.296212 0.4313969 0.4763328 0.09523601 0.08327511 5.048199 -1.470325
116 5.331242 -0.5661475 -0.1050181 -0.4085658 0.5595852 0.3677722 0.04043232 0.1467281 5.866901 -1.595253
117 5.358156 -0.5206345 -0.1390037 -0.4633765 0.4660096 0.5373711 -0.06342695 0.2016889 4.56663 -1.332399
118 5.386675 -0.3426004 -0.2710036 -0.6196327 0.5019395 0.3378957 0.1040619 0.1810152 4.116151 -1.624037
119 5.124945 -0.418167 0.0099603 -0.6802738 0.5418012 0.3271708 -0.02938137 0.3023846 5.211834 -1.399033
