1 5.243457 -0.8026305 0.1378395 -0.5451998 1.357335 0.8824783 0.5449927 0.3968012 -1.70339
2 5.383619 -0.3286625 0.01084338 -0.7354911 1.168798 0.3368048 0.2789879 0.3338205 -1.576468
3 5.493948 -0.459013 -0.4271564 -0.5790395 1.269202 0.1906572 0.2142459 0.4037664 -1.541423
4 5.086164 -0.07772578 0.2706934 -0.9476291 1.336062 0.3061955 0.2154788 0.2469532 -1.598106
5 5.484358 -0.2613465 -0.1652596 -0.9040427 0.9321607 0.310628 0.2088472 0.1988623 -1.437588
6 5.263804 -0.308692 -0.1902886 -0.6167546 1.266623 2.160228 -0.1177711 0.03249114 -1.600951
7 5.162734 -0.4238695 -0.03248533 -0.7617554 1.201235 0.2823366 0.1985129 0.2344698 -1.436938
8 5.338924 -0.6641307 -0.05090924 -0.3121339 1.112413 0.4428737 0.08358394 0.0828086 -1.634474
9 5.250306 -0.2694741 -0.1000639 -0.6301538 0.9268926 0.5036006 0.2152398 0.1449363 -1.663047
10 5.241813 -0.5603915 -0.1307741 -0.2460341 1.217154 0.7899745 0.4949843 0.3908636 -1.493653
11 5.519158 -0.4220682 -0.3568711 -0.6175084 0.9854392 0.4130293 0.2364691 0.2071496 -1.32567
12 5.268262 -0.457251 -0.3194015 -0.3962138 1.182343 0.2748403 0.2380191 0.2948254 -1.67669
13 5.170346 -0.5782466 0.2000215 -0.7589715 1.272184 0.3240396 0.2093223 0.2693464 -1.530053
14 5.244926 -0.5359543 -0.149171 -0.6912999 1.115821 0.3016109 0.2346711 0.2657344 -1.436938
15 5.292503 -0.291205 0.01403456 -0.7278831 1.207363 0.2385376 0.1869412 0.4647979 -2.453158
16 5.424811 -0.3442936 -0.08035344 -0.7071136 1.056383 0.5375905 0.2671294 0.189342 -2.184066
17 5.37405 -0.5011171 0.1899667 -0.6693103 1.524024 1.307014 -0.3228686 0.4406907 -2.0424
18 5.461178 -0.4300176 -0.3252902 -0.3408577 1.082872 0.389906 -0.04123852 0.5853749 -2.13196
19 5.423556 -0.5062197 -0.2646375 -0.6809189 0.9745753 0.2717371 0.2174823 0.3560306 -2.274536
20 5.335309 -0.5050979 -0.1568611 -0.47236 1.305725 0.2865922 0.1973058 0.2508392 -2.0678
21 5.097622 -0.4230926 0.1609507 -0.5884492 1.141281 0.9572201 0.06677725 0.05585728 -1.60083
22 4.951699 -0.2064869 0.2832102 -0.8011855 1.735245 0.3301207 0.2154809 0.2784336 -1.482236
23 5.503456 -0.3448442 -0.2209408 -0.7599627 0.9344099 0.3427539 0.0657692 0.1306402 -1.513046
24 5.521732 -0.5430053 -0.494855 -0.3760057 1.190552 0.3168094 0.2144211 0.273494 -1.567474
25 5.347028 -0.6663211 0.05120901 -0.5056147 1.183097 0.3129639 0.4072315 0.8047881 -1.542455
26 5.457347 -0.5199501 -0.6053515 -0.5981613 1.819878 0.9777273 -0.02992769 0.1388422 -1.389414
27 5.507832 0.004710483 -0.02401693 -1.232623 1.265035 0.4971362 0.2052127 0.1358246 -1.430746
28 5.309462 -0.5805797 0.255083 -0.6296564 1.212264 0.5034532 -0.02149412 0.2341765 -1.482195
29 5.425769 -0.4642656 -0.1359189 -0.4741063 1.011391 0.611079 0.1571251 0.0842463 -1.515705
30 5.62288 -0.2199307 -0.2295083 -0.7234247 1.29429 0.307142 0.2656035 0.3157947 -1.333074
31 5.261623 -0.08178647 -0.01672344 -1.134967 1.156068 0.3714695 0.04424954 0.1490694 -1.557403
32 5.486728 -0.762773 -0.2027458 -0.3237503 0.9623426 0.4332563 0.1600533 0.163288 -1.562403
33 5.303379 -0.6186521 0.1644645 -0.3383358 1.341276 0.655949 0.1646876 0.08011798 -1.498212
34 5.330571 -0.3713925 -0.1516378 -0.5061027 1.413017 0.2754629 0.1876266 0.2757206 -1.357024
35 5.554923 -0.5794648 -0.1731844 -0.4421994 1.366657 0.4314497 0.2218085 0.189276 -1.431318
36 5.003742 -0.2540305 0.3607713 -0.8088124 1.110357 1.109923 0.296989 0.1329389 -1.575051
37 5.292015 -0.5592985 -0.2153914 -0.5540679 1.040365 0.2647398 0.1436078 0.128492 -1.563976
38 5.071176 -0.3892359 0.1259546 -0.5476956 1.33458 0.8503052 0.3788121 0.2202267 -1.45001
39 5.107775 -0.3519607 0.1765659 -0.7167539 1.270926 0.4904761 0.3141737 0.2953358 -1.423566
40 5.035197 -0.4500848 0.1029837 -0.5566086 1.200283 0.6388882 0.3077271 0.2502094 -1.615136
41 5.297455 -0.4704374 -0.06982322 -0.3359739 1.144657 0.3890379 0.1633863 0.1156631 -1.547271
42 5.472808 -0.2697437 -0.1037908 -0.8345138 1.351047 0.4185166 0.1901494 0.1502529 -1.476278
43 5.268619 -0.353806 -0.04545373 -0.7953404 1.057049 0.3049319 -0.02318019 0.3278302 -1.524881
44 5.454129 -0.4920418 -0.4185016 -0.709339 1.088926 0.6486124 0.07113046 0.05879885 -1.431905
45 5.180602 -0.4017612 -0.04993488 -0.4301048 1.168202 0.1718029 0.1282573 0.1987976 -1.520682
46 5.348572 -0.3657755 0.03188949 -0.6703155 1.443884 0.7596724 0.1850633 0.1265998 -1.578406
47 5.216925 -0.4982916 0.1423975 -0.5574688 1.306732 0.1832072 0.236494 0.4546726 -1.551451
48 5.350078 -0.4120872 -0.1275242 -0.9438071 0.97443 0.2910031 0.2306659 0.2570215 -1.620802
49 5.224772 -0.4814844 0.0333235 -0.5152502 1.238764 0.6022701 0.2099233 0.2038678 -1.451677
50 5.344283 -0.3703637 -0.2629897 -0.7392355 1.472696 0.299696 0.3525302 0.6340623 -1.463255
51 5.400875 -0.5364728 -0.3216157 -0.1906205 1.153529 0.3707358 0.04688675 0.1335229 -1.437588
52 5.435551 -0.1504237 -0.3373171 -0.7752761 1.09282 0.483455 0.2818212 0.2900314 -1.663047
53 5.259604 -0.617342 0.1894054 -0.500641 1.276728 0.3043804 0.2565338 0.3023543 -1.414377
54 5.352116 -0.7189777 -0.2145254 -0.2996706 1.000382 0.4012472 0.2240461 0.1890815 -1.470325
55 5.258804 -0.4006731 0.1257154 -0.7772619 1.088571 0.2200044 0.1559756 0.2021972 -1.459227
56 5.332533 -0.5033852 -0.2666368 -0.3547295 1.458121 0.7586932 0.1986741 0.1144498 -1.612291
57 5.340498 -0.9126142 -0.198832 -0.02289904 1.730494 0.3866672 0.2821049 0.3611714 -1.373391
58 5.069899 -0.1562908 -0.002642721 -0.9657976 1.175773 0.2457487 0.1899866 0.2567252 -1.545463
59 5.204852 -0.3595296 -0.2462745 -0.4402338 1.330339 0.8304851 0.3550158 0.2115118 -1.360977
60 5.551614 -0.3183377 -0.1060074 -0.7466175 1.223361 0.37599 0.2496936 0.2366355 -1.389414
61 5.248644 -0.3785276 0.4747966 -0.8549814 1.451301 0.5502551 0.2732488 0.1989881 -1.45001
62 5.289129 -0.4683514 0.02519522 -0.6766281 0.926915 0.2974542 0.09271369 0.1029155 -1.389454
63 5.348467 -0.3970878 -0.07809447 -0.6273553 1.298551 0.5003358 0.2377361 0.2106408 -1.474402
64 5.196718 -0.344451 0.4732428 -0.5924486 1.43129 0.3545754 0.1185265 0.1772228 -1.490654
65 5.528305 -0.4233019 -0.07614096 -0.6398243 0.8994295 0.3282722 0.1950344 0.218029 -1.538486
66 5.298672 -0.8183744 -0.0159991 -0.134912 1.242432 0.6716896 0.2283117 0.1459949 -1.553085
67 5.204175 -0.5707435 -0.08842442 -0.3564187 1.55159 0.2218382 0.339684 0.753519 -1.496642
68 5.32349 -0.6729622 -0.06822797 -0.4405562 1.211544 0.9177578 0.001573684 0.1508687 -1.291586
69 5.247749 -0.4200731 0.07737424 -0.505385 1.749056 0.3453542 0.1634339 0.1723147 -1.380025
70 5.696986 -0.6894007 -0.3439691 -0.2297916 1.521909 0.2318505 0.1744331 0.2716233 -1.354546
71 5.393412 -0.3854158 -0.3930557 -0.4118215 1.265997 0.4140564 0.3008524 0.3682308 -1.433847
72 5.516953 -0.8136063 -0.5273579 -0.01688935 1.219274 0.3079999 0.2303603 0.3327619 -1.470325
73 5.489943 -0.3072796 -0.3056678 -0.7778914 1.257714 0.1194273 0.1573121 0.4056645 -1.361293
74 5.280768 -0.3149384 -0.1419237 -0.8207308 1.328785 0.3716465 0.06789833 0.2347387 -1.477409
75 5.450698 -0.358864 -0.300319 -0.4258653 1.116331 0.4675491 0.2644765 0.211438 -1.456552
76 5.322302 -0.5106254 0.06868265 -0.4806811 1.363043 0.5623904 0.2198404 0.1508482 -1.383125
77 5.355654 -0.2588443 0.05447264 -0.7680633 1.094234 0.4527462 0.05415571 0.09434695 -1.379863
78 5.469013 -0.3368846 -0.2229306 -0.6053484 1.042176 0.7098883 0.1302716 0.0945476 -1.530746
79 5.359036 -0.5598057 -0.08860638 -0.5627418 1.272764 0.3763427 0.2717908 0.2743431 -1.379863
80 5.352808 -0.4523804 -0.2155591 -0.8207072 1.208132 0.3229855 0.1847863 0.1947479 -1.562403
81 5.288478 -0.3641414 -0.110916 -0.6482531 1.116199 0.3300602 0.1976549 0.205213 -1.467336
82 5.808093 -0.5513001 -0.6560903 -0.4184368 1.259601 0.5863993 0.2215527 0.1912116 -1.518981
83 5.493373 -0.2784762 -0.2669676 -0.7713882 0.9046003 0.3579976 0.2484374 0.2822566 -1.490654
84 5.630958 -0.458906 -0.0843138 -0.6652113 1.111638 0.6388313 0.1638103 0.09062232 -1.580865
85 5.548763 -0.3752325 0.04302912 -0.5520005 1.065661 0.2772571 0.1205378 0.1561928 -1.466337
86 5.232898 -0.2823657 0.1548492 -0.7532769 1.204389 0.1209301 0.1166983 0.3932239 -1.551007
87 5.265132 -0.4128614 0.2605729 -0.7738053 1.229869 0.08124035 0.1029078 0.4371263 -1.446155
88 5.066901 -0.09094589 0.2182847 -0.9433605 1.310195 0.3186775 0.2217098 0.2418011 -1.395743
89 5.233457 -0.4314943 0.05745906 -0.7140472 1.329878 0.8673894 0.07698731 0.05823442 -1.58412
90 5.190032 -0.6244021 -0.1516033 -0.2996419 1.147858 0.6412486 0.1613279 0.09456797 -1.441693
91 5.113545 -0.324421 0.1551677 -0.6228218 1.21046 0.5214632 0.1893191 0.136765 -1.44002
92 5.151654 -0.3636194 -0.08577642 -0.6463509 1.305138 0.4707123 0.3053445 0.3122909 -1.350401
93 5.418409 -0.3879124 -0.02087598 -0.8174403 1.215692 0.4306732 0.1226804 0.1171061 -1.402193
94 4.983511 -0.2089193 0.3169034 -0.8988114 0.9752321 0.469672 0.188498 0.1425293 -1.612332
95 5.543023 -0.5314689 -0.2404641 -0.4929288 1.084648 0.4908744 0.2097913 0.1319221 -1.441019
96 5.395973 -0.3153333 -0.1265941 -0.8343804 1.230492 0.4132971 0.1931027 0.1449779 -1.637609
97 5.362465 -0.3916202 0.2732637 -0.6479942 0.9584219 0.398392 0.185141 0.1364514 -1.516981
98 5.352418 -0.3353304 -0.04394258 -0.6343373 1.970439 0.4046033 0.1870594 0.1671211 -1.535541
99 5.348984 -0.478349 0.09886907 -0.5947619 0.9561376 0.8275557 0.2350365 0.09459199 -1.534475
100 5.450309 -0.5023553 -0.1502237 -0.6085048 1.224573 0.4849596 0.1986115 0.1335936 -1.405343
