1 0.1723701 0.1475324 0.2300151 0.1870379 0.1760312 0.1020194 0.09534192 0.08646682 1.312972 0.1328261
2 0.1261896 0.1135808 0.190424 0.1622064 0.1284136 0.07961947 0.08300687 0.07085518 1.510578 0.1276981
3 0.1431846 0.1549897 0.1973348 0.1995551 0.1505515 0.1087806 0.1331731 0.09285148 1.859224 0.1289619
4 0.1230354 0.1292174 0.1804262 0.1744126 0.1152268 0.06998323 0.08278604 0.07689227 0.9141066 0.1301288
5 0.1433509 0.1435223 0.1869359 0.1757303 0.1294322 0.08400175 0.08170814 0.06613223 3.0062 0.1276044
6 0.1686253 0.1159973 0.2234603 0.1458798 0.1761095 0.08107279 0.06008492 0.07195776 0.9281656 0.1300977
7 0.1418318 0.1388667 0.2107128 0.1949977 0.150921 0.1003843 0.121941 0.07981737 2.716754 0.126781
8 0.1385296 0.1278321 0.1814659 0.1555449 0.1136401 0.06478717 0.06515007 0.06024948 0.9662895 0.1297373
9 0.1323 0.1372271 0.1751351 0.1645875 0.1190011 0.07135027 0.07484874 0.06084768 1.434405 0.1313012
10 0.130829 0.1235332 0.1979932 0.1774597 0.1320629 0.07693712 0.08626182 0.05945452 0.8696097 0.1277785
11 0.1479966 0.1385573 0.207622 0.1884993 0.1520712 0.09797149 0.1018606 0.06617521 3.576469 0.1220234
12 0.1548464 0.1421499 0.2067435 0.1803154 0.1503826 0.09528009 0.09631114 0.08779495 2.461442 0.1311594
13 0.1600161 0.1567491 0.2167696 0.204008 0.1710723 0.1263046 0.1442459 0.07723015 2.198635 0.1265184
14 0.1302724 0.1568388 0.1792681 0.2018277 0.1403095 0.1120787 0.1145428 0.07946308 1.925564 0.126781
15 0.1392373 0.1211183 0.2010183 0.1728014 0.1376191 0.08849644 0.09811273 0.06082542 1.048214 0.1647742
16 0.167733 0.1211763 0.2092571 0.149219 0.136669 0.07062446 0.06485333 0.06003022 1.369522 0.1477002
17 0.1425503 0.1087728 0.2098183 0.1527266 0.1513409 0.08089663 0.07234354 0.06529717 0.94844 0.1433189
18 0.1314767 0.1184033 0.1996089 0.1730104 0.1392126 0.09058025 0.1061128 0.05756387 1.742864 0.1480994
19 0.1466891 0.1190114 0.201708 0.1621487 0.1400693 0.08217548 0.09007766 0.05990634 3.46617 0.1531822
20 0.1234265 0.1324244 0.1754961 0.1672486 0.1119849 0.07256227 0.0847057 0.07217113 0.883543 0.1444314
21 0.1333983 0.1291814 0.1810012 0.1586826 0.1202197 0.07517539 0.06706632 0.06476881 0.8771707 0.131025
22 0.1413462 0.139041 0.1882579 0.1729356 0.1222503 0.07810176 0.07674393 0.07226095 0.7630812 0.1305506
23 0.1448235 0.1268628 0.2066887 0.1687526 0.1544831 0.09099308 0.0867194 0.06208747 6.544787 0.1284122
24 0.1475774 0.1253893 0.2149288 0.1796842 0.1569748 0.09110541 0.09062768 0.07707675 3.08774 0.1286692
25 0.139982 0.1588279 0.1978054 0.2039013 0.1327886 0.09671676 0.1227796 0.05328921 0.983066 0.1307538
26 0.1479783 0.1310335 0.2273284 0.1809637 0.1821141 0.1090611 0.1041629 0.09191775 0.8903738 0.1249611
27 0.1592905 0.1466523 0.2168739 0.1823983 0.1630511 0.09740046 0.09638328 0.06772415 1.221383 0.1268566
28 0.1509369 0.1270499 0.2430112 0.1898623 0.1984109 0.1244703 0.1099958 0.07387873 3.222226 0.1262413
29 0.1526068 0.108535 0.2082164 0.140683 0.1554643 0.08020013 0.05509662 0.06302814 1.372566 0.126681
30 0.1261919 0.1389763 0.182605 0.1936395 0.1234786 0.08581743 0.09786919 0.07538337 1.147558 0.1241393
31 0.133448 0.1372808 0.1770471 0.1717825 0.1155788 0.08480774 0.08689861 0.06830779 1.103767 0.1305828
32 0.1546275 0.1234136 0.2060522 0.1494483 0.143476 0.07574601 0.06090932 0.05037299 1.393888 0.1278529
33 0.1607796 0.1367016 0.2141609 0.169793 0.1578072 0.08287201 0.07031412 0.08708489 1.228604 0.1268821
34 0.1425657 0.1550019 0.2063936 0.1977276 0.1486986 0.09646987 0.09304082 0.08225103 1.724684 0.1269679
35 0.1629152 0.1569518 0.2293109 0.2088301 0.1847495 0.1223387 0.1150393 0.09620333 2.400645 0.1276814
36 0.1882096 0.1726089 0.2363075 0.1963297 0.1867155 0.1026583 0.08595015 0.0606838 1.617588 0.1303839
37 0.1295845 0.1154947 0.1771353 0.143201 0.1109509 0.06364708 0.05929816 0.05991713 0.9808796 0.1295989
38 0.1570403 0.1236805 0.2305098 0.1591471 0.2031736 0.1020701 0.08344051 0.07602525 1.358341 0.1274532
39 0.1499511 0.1327012 0.1976523 0.1646482 0.1507695 0.09885026 0.09270474 0.07235075 1.120855 0.1253276
40 0.1714745 0.142673 0.235785 0.1857134 0.1902053 0.1043332 0.1086667 0.07297753 2.284984 0.1308687
41 0.1472188 0.1230305 0.2028811 0.1515377 0.1419309 0.07615778 0.05888966 0.0759208 1.301676 0.1288956
42 0.1503219 0.1517169 0.1966889 0.187109 0.1415967 0.08617063 0.0936822 0.08523954 1.178724 0.1263106
43 0.1232854 0.1197774 0.1771685 0.1596589 0.1150814 0.07053197 0.08069028 0.05570681 1.187831 0.1282758
44 0.1574089 0.1165696 0.2421377 0.173045 0.2173184 0.1202132 0.09192726 0.07117174 6.286632 0.1285226
45 0.1265396 0.1262295 0.1900102 0.1774842 0.1272873 0.08918349 0.09003925 0.07559544 1.428589 0.1292
46 0.1522882 0.1278111 0.2098773 0.1628774 0.1613212 0.08555118 0.08208115 0.07888291 0.8768172 0.1294381
47 0.126424 0.1766125 0.1800675 0.2283058 0.1234331 0.09224271 0.1225537 0.0989711 1.75422 0.1306506
48 0.1088713 0.106697 0.1863826 0.1717025 0.1079404 0.07061832 0.08238313 0.06104645 1.540373 0.1308074
49 0.1425796 0.154256 0.1997551 0.2060757 0.147211 0.1033963 0.1228803 0.06926276 1.455467 0.1291436
50 0.1580289 0.1518223 0.2230738 0.2230148 0.1710375 0.1156873 0.17243 0.08951163 1.705359 0.1281396
51 0.144432 0.128698 0.2077908 0.1784641 0.1543474 0.09946209 0.08896796 0.06967592 1.546688 0.1276044
52 0.1538849 0.1504063 0.2039913 0.1927191 0.1486687 0.09226681 0.1055949 0.06263933 1.383892 0.1313012
53 0.1301939 0.1515844 0.1718615 0.1903573 0.1201969 0.0913089 0.117205 0.07082676 0.9202521 0.1254398
54 0.1390064 0.1154298 0.2017045 0.1596828 0.1445573 0.08121597 0.07771494 0.06825855 2.620434 0.1263807
55 0.1372064 0.1252781 0.1880645 0.1616124 0.1226667 0.0807681 0.07725703 0.07939959 1.968853 0.1273421
56 0.1661127 0.1466639 0.2241013 0.181454 0.1898639 0.1002538 0.09560012 0.09428918 1.258056 0.1308996
57 0.1533755 0.1489002 0.2241071 0.1949686 0.177849 0.1191647 0.1249661 0.08234277 0.9251999 0.1267567
58 0.1286204 0.1367553 0.1805058 0.1794034 0.1198986 0.07941727 0.09463308 0.07234968 1.241664 0.1307192
59 0.1715587 0.1388378 0.2352275 0.1866155 0.202486 0.1140585 0.1020733 0.08979927 1.979296 0.1253201
60 0.1383051 0.136873 0.1975688 0.1824683 0.1397674 0.08763205 0.09306459 0.07616191 1.4446 0.1249611
61 0.1533127 0.1361014 0.2187641 0.181138 0.1639149 0.09955884 0.09081761 0.08630916 0.9488382 0.1274532
62 0.1257446 0.1223841 0.1759248 0.1684274 0.1112445 0.07732752 0.07660113 0.05812274 1.906735 0.125749
63 0.1508153 0.1485834 0.2155071 0.1943525 0.1602469 0.1075748 0.1151013 0.07440652 1.756044 0.1271611
64 0.1408015 0.1220968 0.2150604 0.1751308 0.1571904 0.09692247 0.09340571 0.07956612 1.046513 0.1278137
65 0.1186058 0.1208186 0.169277 0.1689198 0.1109428 0.07624544 0.09201187 0.05374874 1.820731 0.1289954
66 0.1775747 0.1695502 0.242168 0.202613 0.2061454 0.1118648 0.1006108 0.08492502 3.530743 0.12883
67 0.1364425 0.1392156 0.1825949 0.1811208 0.1201487 0.0888337 0.09496531 0.08302994 0.7348952 0.1277435
68 0.1763463 0.1457669 0.2566333 0.2196876 0.2694425 0.1493603 0.1588513 0.06184992 4.821022 0.1239333
69 0.1446628 0.1319563 0.1997649 0.1750527 0.1387516 0.08215718 0.07784801 0.08542848 0.7286638 0.1250786
70 0.163435 0.1666833 0.215623 0.2000238 0.1526479 0.1150693 0.1164247 0.08400368 0.9731751 0.1254026
71 0.1447852 0.1454858 0.2344097 0.2181808 0.1818665 0.1252694 0.1395867 0.07159413 1.718938 0.1268187
72 0.1286789 0.1577689 0.190623 0.2104475 0.1270586 0.09699463 0.1341975 0.0689764 1.515062 0.1263807
73 0.1334501 0.1287755 0.1894198 0.1935787 0.1326508 0.09332743 0.1124941 0.08496826 1.416162 0.1245401
74 0.157324 0.1361899 0.218144 0.1786237 0.163912 0.1013244 0.1037623 0.06235211 1.063214 0.1271255
75 0.1485768 0.1728213 0.2004802 0.2056938 0.1453402 0.09151131 0.1181102 0.07054374 2.25698 0.1249323
76 0.1386752 0.1457929 0.2029823 0.1877337 0.1463749 0.08559925 0.08080127 0.08816 1.493358 0.1258286
77 0.1399812 0.1390679 0.2011483 0.1891736 0.1580885 0.1014872 0.09311865 0.06721924 1.533081 0.1266741
78 0.1606388 0.121054 0.2234486 0.1603049 0.1753299 0.09384001 0.08325716 0.05325092 1.533469 0.1282088
79 0.1385464 0.1639184 0.1901387 0.2129791 0.1347831 0.09486161 0.1124206 0.0804061 1.196728 0.1266741
80 0.1392264 0.1314298 0.2031875 0.172018 0.1583189 0.1017812 0.1019384 0.08816974 2.557368 0.1278529
81 0.1295548 0.1291124 0.1974759 0.1785922 0.1373309 0.08991428 0.09973524 0.07078843 1.833518 0.1264161
82 0.1670323 0.1337198 0.2209801 0.1721586 0.1724238 0.09763104 0.09434644 0.0778852 1.447376 0.1283437
83 0.1471456 0.1522588 0.2069351 0.2032088 0.1607065 0.1039563 0.1177911 0.05629953 41.51237 0.1278137
84 0.1519949 0.1188096 0.2126615 0.1550864 0.1608285 0.08628945 0.07372879 0.07331154 1.801043 0.1303191
85 0.1448073 0.1349375 0.2046306 0.1832432 0.1564987 0.1013904 0.1202611 0.07378529 6.762033 0.1256149
86 0.127884 0.1096337 0.1868178 0.151912 0.1151677 0.07201763 0.07078767 0.06397447 0.987575 0.1279799
87 0.1374669 0.1522793 0.1889522 0.1959107 0.1311428 0.09780881 0.1178668 0.08476545 1.66482 0.1266693
88 0.1461988 0.1668321 0.2010626 0.2059833 0.1654646 0.1145634 0.1222949 0.09419171 2.324494 0.1256703
89 0.1615638 0.1238938 0.2399794 0.1685074 0.1997145 0.0937014 0.08536106 0.07989791 1.803129 0.129375
90 0.1735027 0.143421 0.2328319 0.1780881 0.1957472 0.1042669 0.09326414 0.07525659 2.324491 0.1251089
91 0.1545081 0.1442519 0.2033242 0.178526 0.153911 0.09394364 0.08581681 0.07878646 1.387562 0.1267436
92 0.1639721 0.1628928 0.2378313 0.2073512 0.1972605 0.1190704 0.1107682 0.08020816 2.433353 0.1270542
93 0.1617945 0.1218031 0.2118916 0.155215 0.1503084 0.08191353 0.06606625 0.0690686 1.395701 0.1263926
94 0.1340752 0.1167147 0.2015206 0.1549024 0.1449989 0.08119181 0.07734654 0.05975641 1.837661 0.1318443
95 0.1404939 0.1190897 0.213532 0.1702552 0.1657636 0.1013161 0.1027158 0.07998751 3.392094 0.1243325
96 0.1414142 0.1193672 0.1917958 0.150641 0.1365175 0.08225389 0.07897722 0.07877205 0.8912432 0.1306273
97 0.1384618 0.1174943 0.188312 0.1466322 0.1324327 0.07755268 0.07605009 0.0606992 1.825701 0.1258412
98 0.1392677 0.139008 0.1947899 0.184861 0.1302224 0.08709567 0.09518665 0.07153248 0.7320493 0.129029
99 0.1643759 0.1197614 0.2369338 0.1570652 0.2230042 0.1059873 0.06729716 0.07133179 12.48621 0.1299342
100 0.1439589 0.1410452 0.1994557 0.1697838 0.1410138 0.07542813 0.0718334 0.07866383 1.192452 0.1263533
