1 0.2178759 0.2074083 0.2889648 0.2512708 0.3972902 0.2318327 0.2468966 0.2335633 0.1328261
2 0.157775 0.1549326 0.2339979 0.2271665 0.2663197 0.1743599 0.1653121 0.1955678 0.1276981
3 0.1688729 0.2226561 0.2290348 0.2651407 0.4021051 0.3297044 0.3414639 0.2922347 0.1289619
4 0.1738893 0.1772666 0.2424219 0.2324937 0.2991833 0.1965632 0.1732372 0.2051944 0.1301288
5 0.1630233 0.1868773 0.2148596 0.2264423 0.2637578 0.1859629 0.1598997 0.1822168 0.1276044
6 0.2970698 0.1637635 0.3732163 0.1957418 0.6239247 0.4736809 0.2836325 0.3371606 0.1300977
7 0.1568706 0.1786168 0.2337424 0.2590358 0.3095653 0.2038267 0.230183 0.288768 0.126781
8 0.1757984 0.1454105 0.2377849 0.186637 0.2768107 0.1534358 0.1268597 0.213115 0.1297373
9 0.1791149 0.1669294 0.2329663 0.2041679 0.2532007 0.1556539 0.1197498 0.1735107 0.1313012
10 0.1901896 0.1832179 0.2726561 0.2561485 0.382124 0.2463872 0.2408491 0.2917176 0.1277785
11 0.1604142 0.1550749 0.2278538 0.2078404 0.3310454 0.2240977 0.2105354 0.3092149 0.1220234
12 0.1701961 0.1684518 0.2288334 0.2192693 0.2942927 0.2124949 0.1868389 0.1837558 0.1311594
13 0.1752439 0.1972851 0.2398986 0.2417102 0.5351052 0.4046187 0.3978781 0.4813205 0.1265184
14 0.164405 0.1845264 0.2278139 0.2252082 0.3839969 0.2863661 0.241878 0.3087739 0.126781
15 0.1513147 0.1496333 0.2210392 0.2086787 0.2444651 0.1728339 0.20004 0.1954666 0.1647742
16 0.1957421 0.1410598 0.2458453 0.1783325 0.2453899 0.132652 0.1121898 0.1333859 0.1477002
17 0.2194685 0.1619586 0.3211329 0.2210407 0.4643868 0.2455689 0.2064762 0.417243 0.1433189
18 0.1491354 0.1516451 0.2306834 0.2237856 0.2549225 0.1649618 0.16979 0.2287005 0.1480994
19 0.1514611 0.1383847 0.2073318 0.1882854 0.1945545 0.1226784 0.122922 0.1411296 0.1531822
20 0.164156 0.1489773 0.2334016 0.1957962 0.2876765 0.1974021 0.1928944 0.1867135 0.1444314
21 0.2083251 0.1425728 0.2795753 0.1812685 0.3969018 0.2448928 0.150664 0.2834437 0.131025
22 0.2010705 0.2283556 0.2743751 0.2813634 0.3944603 0.2414308 0.227192 0.3564992 0.1305506
23 0.1512719 0.1386959 0.2146389 0.1831632 0.2613899 0.1537259 0.1272412 0.2435659 0.1284122
24 0.1570321 0.1476736 0.2323021 0.2114105 0.2726734 0.1640625 0.1523456 0.2323107 0.1286692
25 0.1601034 0.2198057 0.2326839 0.2992983 0.4561312 0.304302 0.2911571 0.4746112 0.1307538
26 0.2176675 0.1757453 0.3218606 0.2335886 1.000721 0.4687413 0.36083 1.000874 0.1249611
27 0.1789527 0.1740429 0.2538927 0.2206744 0.3828469 0.2611204 0.2437013 0.2820424 0.1268566
28 0.1582938 0.1452933 0.256669 0.210443 0.3938209 0.2324998 0.1771941 0.3830148 0.1262413
29 0.1702475 0.1312779 0.2437547 0.1767488 0.2858598 0.17534 0.1299931 0.1925333 0.126681
30 0.1712885 0.1884427 0.2417889 0.2490153 0.3605479 0.2481851 0.2443466 0.2585371 0.1241393
31 0.1793889 0.1721707 0.2369061 0.2079439 0.3793308 0.2031817 0.1593448 0.3192471 0.1305828
32 0.1746431 0.1681585 0.2284132 0.2001523 0.3614727 0.2307704 0.1779168 0.3514776 0.1278529
33 0.2010316 0.1667582 0.2713523 0.20423 0.3461634 0.205489 0.173311 0.2361053 0.1268821
34 0.171666 0.2017209 0.2493902 0.2585064 0.4436717 0.3132989 0.2794337 0.4087107 0.1269679
35 0.1781658 0.1905621 0.2565402 0.2438226 0.3561919 0.2578673 0.226195 0.2696261 0.1276814
36 0.2298993 0.1722105 0.2948387 0.2084695 0.3743476 0.1973423 0.1600879 0.2738885 0.1303839
37 0.1619586 0.1803914 0.2169097 0.2183 0.2669041 0.1894416 0.1686425 0.1714735 0.1295989
38 0.1928235 0.1843398 0.2862615 0.2322813 0.5073518 0.3932466 0.3050706 0.320837 0.1274532
39 0.1828486 0.1852781 0.2533709 0.2377497 0.423683 0.3107385 0.2166533 0.3025385 0.1253276
40 0.1868135 0.1686641 0.258952 0.216771 0.3452414 0.2040132 0.198368 0.2905847 0.1308687
41 0.1833961 0.1652235 0.2383344 0.2020767 0.288279 0.1927591 0.158533 0.1840897 0.1288956
42 0.1956925 0.1986723 0.2562367 0.2433228 0.3353113 0.2087794 0.2026792 0.2516412 0.1263106
43 0.1493702 0.1551795 0.2219178 0.2180204 0.3334319 0.1958915 0.191122 0.3733939 0.1282758
44 0.1690833 0.1458226 0.2599965 0.1935522 0.6678598 0.4345685 0.3377789 0.6860106 0.1285226
45 0.153259 0.1855004 0.2189987 0.2360496 0.267053 0.1908251 0.1761802 0.1922157 0.1292
46 0.2052216 0.1634618 0.2836657 0.2176244 0.4226346 0.2750492 0.1965706 0.3206581 0.1294381
47 0.1683533 0.2067319 0.2299649 0.2725266 0.2929855 0.2108569 0.2283339 0.2007266 0.1306506
48 0.1381173 0.138711 0.2170246 0.2049829 0.2417238 0.1713832 0.1729875 0.1754177 0.1308074
49 0.1877227 0.1898006 0.2598596 0.2383362 NaN 0.05916938 0.09827663 NaN 0.1291436
50 0.1825866 0.2250118 0.2529925 0.2957964 0.5383863 0.3752824 0.4923754 0.5741581 0.1281396
51 0.1589139 0.1458554 0.2365332 0.1989466 0.6002376 0.2869626 0.2296802 0.6615304 0.1276044
52 0.1799358 0.1818671 0.2402889 0.2256873 0.4000635 0.2679166 0.2078641 0.3525212 0.1313012
53 0.1766161 0.1887665 0.2395119 0.2397312 NaN NaN NaN NaN 0.1254398
54 0.1515223 0.1454838 0.2275377 0.199263 0.2432115 0.1466096 0.142429 0.1895943 0.1263807
55 0.162698 0.1718064 0.2186523 0.211741 0.2639172 0.1703504 0.1697978 0.2102075 0.1273421
56 0.2150585 0.1731019 0.2863792 0.2248195 0.4309486 0.253129 0.1970807 0.3268356 0.1308996
57 0.1857374 0.2159155 0.2785571 0.2847447 0.4831037 0.362398 0.3206143 0.4025463 0.1267567
58 0.1553017 0.1648998 0.2256902 0.2164802 0.2861297 0.1956025 0.1813547 0.2211873 0.1307192
59 0.205454 0.1692869 0.2835449 0.2283386 0.4276542 0.2812325 0.2558359 0.3247151 0.1253201
60 0.1728828 0.1872249 0.2421456 0.2379104 0.3573495 0.2646346 0.2457101 0.2572833 0.1249611
61 0.1857923 0.1778472 0.2696618 0.2377622 0.404622 0.2958247 0.2287215 0.2423643 0.1274532
62 0.1472074 0.1453325 0.2124166 0.1849649 0.3021667 0.1983675 0.1720755 0.274711 0.125749
63 0.1814566 0.1921201 0.2552982 0.2395831 0.407202 0.2417014 0.2062999 0.37984 0.1271611
64 0.1794659 0.1719106 0.2528402 0.2161148 0.316409 0.1933148 0.157764 0.2733911 0.1278137
65 0.1559196 0.1892972 0.2377533 0.2452798 0.9105977 0.49043 0.3894346 0.9934 0.1289954
66 0.1962755 0.1844713 0.2654004 0.2262991 0.3430421 0.204444 0.1642362 0.2790312 0.12883
67 0.1786779 0.223371 0.2525931 0.3090563 0.3971181 0.291153 0.3353486 0.314084 0.1277435
68 0.1932625 0.1699743 0.2823676 0.2163956 NaN NaN NaN NaN 0.1239333
69 0.1972707 0.1917099 0.2733479 0.2547563 0.3697705 0.2298085 0.1980587 0.2968243 0.1250786
70 0.1862208 0.2260492 0.2510711 0.27442 0.368723 0.2580029 0.2650173 0.2966128 0.1254026
71 0.1609852 0.1996049 0.252691 0.2546379 0.6129087 0.3688214 0.3348754 0.6222532 0.1268187
72 0.157491 0.1648356 0.2366557 0.2399572 0.3165039 0.1995586 0.2075334 0.3079039 0.1263807
73 0.1583767 0.1830724 0.2320731 0.2862487 0.924479 0.798415 0.9827465 0.7505418 0.1245401
74 0.1827316 0.1730131 0.2481127 0.2258628 0.5963181 0.4161748 0.3848279 0.614653 0.1271255
75 0.1797474 0.1818119 0.2414426 0.2235675 0.2929899 0.1890536 0.190321 0.2098648 0.1249323
76 0.1858293 0.1812393 0.2654153 0.2288933 0.3522842 0.2121836 0.1895613 0.2790611 0.1258286
77 0.1606538 0.1509552 0.2384376 0.1966247 0.3609321 0.2365463 0.1750786 0.3454181 0.1266741
78 0.1888686 0.1510298 0.2551888 0.1895469 0.4640124 0.2847129 0.2465165 0.4694789 0.1282088
79 0.1780734 0.1841259 0.2450833 0.2424957 0.3648744 0.2472672 0.230397 0.2887868 0.1266741
80 0.1556922 0.1470849 0.2347537 0.2048236 0.3125342 0.2119189 0.1995902 0.2564579 0.1278529
81 0.1514205 0.1470346 0.2304103 0.2055569 0.2849629 0.1759793 0.1752659 0.2426493 0.1264161
82 0.1882311 0.160683 0.2591635 0.218052 0.3436117 0.2302428 0.1854127 0.2994611 0.1283437
83 0.1536874 0.1762746 0.2153787 0.2123742 0.3173143 0.179877 0.1716427 0.3203113 0.1278137
84 0.1837389 0.1568867 0.2523966 0.1924141 0.2998505 0.1699602 0.1338701 0.2208891 0.1303191
85 0.1543149 0.1506818 0.2202701 0.1975844 0.2797703 0.1875739 0.2015476 0.2567031 0.1256149
86 0.1527855 0.1808665 0.215936 0.2331591 0.2662486 0.1799816 0.180847 0.2399147 0.1279799
87 0.1608374 0.2270316 0.2167667 0.2753406 0.2866032 0.2214601 0.2412911 0.2146118 0.1266693
88 0.1770781 0.190871 0.2428717 0.2396536 0.3711041 0.2823023 0.276555 0.2554151 0.1256703
89 0.1982392 0.1554866 0.2825011 0.1978529 0.3537692 0.1788718 0.137435 0.2760786 0.129375
90 0.195168 0.164559 0.2590225 0.2050795 0.3862221 0.2400663 0.2246005 0.3471217 0.1251089
91 0.1895001 0.172991 0.2533018 0.2159947 0.3912656 0.2510043 0.1925491 0.3169609 0.1267436
92 0.1770115 0.218278 0.2555404 0.2665133 0.4828276 0.2924754 0.3096977 0.5004346 0.1270542
93 0.1837069 0.1771632 0.2456011 0.2121668 0.3775606 0.225829 0.1900756 0.3413212 0.1263926
94 0.1558235 0.147382 0.2306482 0.190046 0.2792437 0.170563 0.1413686 0.2235955 0.1318443
95 0.1657582 0.1421812 0.2400718 0.1958186 0.3614221 0.3002474 0.2926378 0.2237798 0.1243325
96 0.1652164 0.1540876 0.2425356 0.2075723 0.3033885 0.2054762 0.185308 0.1952374 0.1306273
97 0.1619457 0.1388463 0.2217424 0.1805318 0.2681978 0.1804162 0.1794218 0.1950693 0.1258412
98 0.2088311 0.1895534 0.2907455 0.2474135 0.4455215 0.2793966 0.2476878 0.3030913 0.129029
99 0.1815958 0.1533729 0.2575192 0.1953252 0.3250139 0.2126362 0.1599381 0.1699807 0.1299342
100 0.1783171 0.1919387 0.2505493 0.2386352 0.3309689 0.2238045 0.1862059 0.2451459 0.1263533
