2 5.671281 -0.827524 -0.4687864 -0.5189471 0.5157806 0.2566048 0.1782811 0.3714521 4.206349 0.108846 -1.001147 0.3095477 -0.6045509
5 5.206831 -0.5956799 -0.1025568 -0.3882488 0.5082063 0.1893356 0.1865102 0.2293768 7.157246 -1.537067 -0.9787802 0.5014062 -0.3638157
6 5.2276 -1.160746 0.02787928 0.03535225 0.4966938 0.1289145 0.1563444 0.4200296 4.634322 -0.1932679 -1.142246 0.3617315 -0.5333428
8 5.439162 -0.7717553 -0.1191386 -0.2487555 0.4470092 0.4986592 0.02419278 0.2781315 8.339947 -1.153253 -0.5950332 0.3770468 -0.3999818
10 5.426737 -0.7104555 0.06609722 -0.2517918 0.4139143 0.5577802 0.0309823 0.3987315 3.780685 -0.5319923 -0.8296784 0.3729064 -0.5057213
11 5.545237 -0.7560708 -0.04263756 -0.4668804 0.5659062 0.215846 0.2079156 0.3084742 7.335734 -0.271491 -0.7320656 0.2962418 -0.554548
13 5.396302 -0.5422861 -0.07765892 -0.7458243 0.5809946 0.6604021 0.225056 0.2216449 14.49587 -0.888607 -1.12072 0.480476 -0.4748603
15 5.276065 -0.4934288 0.02387795 -0.7235829 0.578447 0.5868746 0.1248729 0.2978544 9.410336 -0.9800041 -0.7293567 0.4814693 -0.5217692
16 5.261662 -0.5887985 0.005088999 -0.4125481 0.3824968 0.2821374 0.07903583 0.2931582 4.268685 -0.3132265 -0.80122 0.4610191 -0.5921454
17 5.487083 -0.6027023 -0.2455112 -0.6694052 0.6511399 0.4265841 0.1725176 0.1161196 33.04766 0.2672455 -1.281218 0.4235233 -0.7215062
18 5.555362 -0.6428278 -0.2212254 -0.4703403 0.4610233 0.2819749 0.1905791 0.233395 3.952224 -0.9716174 -0.7494953 0.2932257 -0.3236754
20 5.71835 -0.7488532 -0.2519859 -0.782503 0.6638312 0.2624096 0.1991784 0.3592044 6.538209 -0.9005089 -0.9305995 0.3643613 -0.3966756
21 5.521176 -0.770451 -0.2242245 -0.3033647 0.4716058 0.4274865 -0.01016403 0.1704085 5.385266 -0.05487773 -0.9454822 0.3221889 -0.5447259
22 5.70727 -0.503922 -0.6222533 -0.5168534 0.4569756 0.4285806 0.005319841 0.2047826 4.127303 -0.744953 -1.334874 0.3638611 -0.400441
23 5.329568 -0.6288231 -0.02751917 -0.561863 0.3960008 0.4378025 0.08238367 0.1925303 6.713404 0.195216 -1.067073 0.3612948 -0.6811585
24 5.453219 -0.5946485 -0.2440999 -0.6086185 0.3871617 0.407423 0.1943543 0.2360313 4.199934 -0.3441159 -0.9172744 0.4404008 -0.6436188
25 5.123134 -0.5578858 0.1358878 -0.5858014 0.5413845 0.2278266 0.1337407 0.3666681 4.795623 -1.73664 -0.6874734 0.4676577 -0.336733
26 5.254164 -0.7208436 -0.2628131 -0.3301901 0.5175491 0.9640086 -0.0004956966 0.170322 16.54171 0.8506282 -1.46492 0.429481 -0.858081
28 5.246858 -0.4983378 0.1296682 -0.6688168 0.5244678 0.4076509 0.07214033 0.03470708 4.651354 -0.6882691 -1.140433 0.2859821 -0.3139761
29 4.79792 -0.4155749 0.8525545 -0.9531132 0.5355392 0.3268299 0.2120664 0.3338695 5.41958 -0.8979196 -1.031575 0.3668707 -0.3679152
30 5.43209 -0.7798953 -0.03791704 -0.3486156 0.5522314 0.4755974 0.04142127 0.3206863 6.289965 -0.141874 -1.087331 0.3435762 -0.535557
31 5.372173 -0.7623031 -0.1545209 -0.3276104 0.5064001 0.4324555 0.1186719 0.2896355 4.675781 -0.9046409 -0.6969087 0.4442716 -0.5143654
32 5.254435 -0.4574277 0.2915011 -0.6526472 0.5398091 0.6191613 0.142506 0.2490919 5.390625 -0.2730955 -1.339982 0.3604095 -0.4872126
34 5.397026 -0.8004055 -0.1299618 -0.6105499 0.5161956 0.416463 0.00520409 0.3522663 7.671679 -0.3973287 -1.502503 0.477579 -0.6357477
35 5.240956 -0.563969 0.07703326 -0.4883902 0.4998181 0.417713 0.2292527 0.2628646 5.005409 0.104283 -1.189552 0.3903882 -0.6519118
36 5.045485 -0.5887161 0.1566444 -0.6929355 0.5573767 0.1781782 0.1132381 0.1873262 13.74235 -1.153788 -0.8602998 0.574534 -0.5629531
37 5.193554 -0.5783565 0.07898197 -0.6044626 0.5692005 0.377318 0.06450618 0.3645854 5.022454 0.1015794 -1.353403 0.3311245 -0.5796325
38 5.421923 -0.8463464 -0.4436459 -0.2010537 0.545588 0.3900652 0.06728332 0.2232427 5.181001 0.4608568 -1.807975 0.4453363 -0.7117599
39 5.339301 -0.3053522 -0.09178137 -0.8152844 0.6595813 0.2224819 0.1116952 0.173057 4.146955 -0.5763986 -1.181238 0.3498443 -0.4042625
40 5.397567 -0.5544499 -0.09874371 -0.5309269 0.5076798 0.2910053 0.1729162 0.2539343 5.582346 -0.6364406 -1.230513 0.3657547 -0.4842948
41 5.410882 -0.5928845 -0.372046 -0.5349712 0.6493873 0.3844351 0.07651404 0.1523162 4.376906 -0.6789196 -0.6634193 0.3262889 -0.4667144
42 5.442723 -0.8016035 -0.04478948 -0.6000005 0.7251379 0.3938943 0.2271477 0.4718784 10.45033 -0.2379503 -1.313747 0.3661174 -0.5104664
43 5.649535 -0.7223849 -0.275435 -0.3687934 0.5236594 0.6702716 -0.03496427 0.2949006 8.517989 -0.4149308 -0.4692708 0.2573568 -0.4604711
44 5.395126 -0.5355756 -0.2809991 -0.5346823 0.4903373 0.4189501 0.05888263 0.2368832 4.943666 -0.6053823 -0.8305357 0.3369797 -0.4526937
45 5.602558 -0.78984 -0.4140913 -0.3712821 0.487733 0.4187137 0.1214267 0.3109795 4.505608 -0.6434777 -1.188338 0.3568372 -0.4115839
46 5.135289 -0.5686612 0.3821978 -0.95338 0.4554126 0.5368256 0.1070648 0.2941494 4.862938 -0.07660379 -1.366303 0.4584323 -0.6202602
47 5.489331 -0.5382865 -0.2676434 -0.8268282 0.4323816 0.3193453 -0.07673611 0.4445032 3.929016 -1.221323 -0.5864631 0.3446344 -0.3194963
48 5.236599 -0.7343167 0.09657443 -0.2624716 0.4581625 0.2523228 0.02444939 0.4189546 4.658745 -1.160703 -1.065767 0.4394992 -0.337456
49 5.423894 -0.7595607 -0.2821522 -0.3973342 0.5370796 0.1874681 0.1139569 0.2212675 4.59595 -0.6315718 -0.9278252 0.3196414 -0.4841237
50 5.396536 -0.5480467 -0.06582001 -0.7719611 0.588149 0.5163906 0.01083235 0.2464107 5.026774 -1.410789 -0.7969739 0.4729939 -0.3948625
51 5.434851 -0.7030904 -0.09515171 -0.5086572 0.5248751 0.3929283 -0.0473779 0.3728883 5.857688 -1.343762 -0.4988258 0.450473 -0.4196564
52 5.551235 -0.884933 -0.3617092 -0.3504419 0.5323553 0.3860751 0.1271318 0.3272737 8.68456 -0.7287469 -1.270505 0.4678708 -0.4716032
53 5.261087 -0.6003582 -0.2788294 -0.5750659 0.4904011 0.3956539 0.2647958 0.3279923 5.288162 0.1625214 -1.479589 0.3444803 -0.5706022
54 5.372326 -0.7400924 0.02372051 -0.5306723 0.4756611 0.3156742 0.1974807 0.2316626 5.586965 0.2289096 -1.318985 0.4581377 -0.6991124
55 5.281852 -0.5196959 -0.03151627 -0.6261226 0.5408664 0.5641129 0.1045822 0.3032876 4.479229 -1.06264 -0.6997626 0.3145196 -0.3399982
56 5.485179 -0.6724907 -0.09902032 -0.6970227 0.4956722 0.6338038 -0.0467814 0.2524956 6.363089 -1.03869 -0.8885504 0.4062207 -0.4423467
57 5.10322 -0.5443982 0.4921596 -0.705662 0.545656 0.3280844 0.03353442 0.2497389 8.796448 -0.2331128 -0.7662111 0.3750648 -0.6253725
58 5.300456 -0.4722423 0.1067122 -0.526093 0.5996275 0.2361475 0.2282225 0.3234878 7.6359 -0.03105289 -1.184307 0.3738295 -0.5242449
59 5.319622 -0.7438522 -0.1688727 -0.5713191 0.6695349 0.3476998 0.1388944 0.3681561 4.899357 -0.7852866 -1.075663 0.3972225 -0.4624721
60 5.298123 -0.4695313 0.0993797 -0.7887035 0.4420945 0.2833028 0.1740293 0.1842462 4.398727 -0.6245183 -0.9726497 0.3486364 -0.4070361
61 5.515332 -0.7354214 -0.176458 -0.3420824 0.5445829 0.5009693 -0.07534726 0.3715178 7.595684 0.09636841 -0.8025163 0.2982824 -0.5735011
62 5.136189 -0.5709622 -0.03017511 -0.5044672 0.476946 0.4740953 0.1026041 0.1536684 5.027035 -0.9328024 -0.6356835 0.4048162 -0.4879993
63 5.395479 -0.9757744 -0.4808567 -0.1630393 0.7488587 0.9658169 0.2447442 0.182557 18.54297 0.110678 -1.655265 0.3942971 -0.619332
64 5.155854 -0.4516831 0.1558051 -0.6610998 0.6109511 0.4659504 0.110797 0.2103264 3.336818 -1.175831 -0.4875909 0.295454 -0.2810133
65 5.221564 -0.6244859 0.1758918 -0.5652853 0.5883441 0.1716996 0.1269928 0.1348537 4.607886 -0.6392194 -1.030913 0.3584673 -0.4620911
66 5.117807 -0.7459212 0.2314154 -0.4986763 0.5624721 0.5750078 -0.02457129 0.3088997 4.377863 -0.04084544 -1.049451 0.3084869 -0.5361943
67 5.255165 -0.6593844 0.1633909 -0.6654717 0.5918878 0.4773541 0.1590377 0.3505436 9.662636 -0.9835433 -0.5194466 0.4000205 -0.4365889
68 5.422995 -0.6033567 -0.1249727 -0.4575405 0.5652779 0.5575025 0.06674837 0.2835439 7.014775 -0.2880426 -1.087662 0.414545 -0.5125826
71 5.535688 -0.8569699 -0.4573303 -0.4980104 0.4851772 0.4511377 0.2184453 0.8148646 10.44802 -0.4453253 -1.020841 0.4517089 -0.5746194
72 5.575778 -0.6845195 -0.3009348 -0.502898 0.6386048 0.2621743 0.02127064 0.2724155 11.43421 -1.022411 -0.7463758 0.404369 -0.4625224
73 5.146372 -0.8252053 0.2392343 -0.398377 0.5282844 0.2603218 0.1492166 0.2191017 5.397563 -0.1363394 -1.263895 0.4342543 -0.6553681
74 5.531448 -0.7176358 -0.1767487 -0.5064984 0.5492029 0.4197931 0.1770832 0.2651408 4.444979 -0.2893957 -0.9922358 0.422707 -0.5552485
77 5.402511 -0.4768897 -0.2055436 -0.5515149 0.4046451 0.2781155 0.2486584 0.2302899 3.511458 -1.125543 -0.7004797 0.3656842 -0.3535508
78 5.199323 -0.4865498 0.08822802 -0.7989926 0.4601851 0.3543574 0.1247553 0.07801124 4.859822 -1.012572 -0.6522048 0.3725516 -0.3689702
79 5.511287 -0.436256 -0.219949 -0.6907681 0.5680972 0.2965441 0.2475506 0.2332817 4.392601 -0.4097535 -0.6735483 0.3932663 -0.5589175
80 5.222761 -0.7039216 0.3741567 -0.5943894 0.729839 0.6335232 0.07478611 0.3834148 19.25396 1.282415 -1.277822 0.4641691 -0.9795333
81 5.614341 -0.6172281 -0.3120208 -0.4729564 0.3897384 0.3062461 -0.03588648 0.2708365 5.653734 0.2291884 -0.7137883 0.4256763 -0.698256
82 5.393525 -0.6772876 0.01899804 -0.6354461 0.4263091 0.4365606 0.04683101 0.282967 5.585553 -0.3010911 -1.315345 0.4144664 -0.5302134
83 5.59154 -0.8944725 -0.4364975 -0.1340964 0.4364333 0.5558023 0.09106237 0.1546453 4.122853 -1.014963 -0.4039969 0.3384186 -0.3643037
84 5.445709 -0.6911537 -0.5224884 -0.2590776 0.5483732 0.5929459 0.03124361 0.3403068 9.100438 -0.08989487 -1.242087 0.3290621 -0.5271831
86 5.451867 -0.5745487 -0.02313119 -0.6170894 0.4671162 0.5420905 0.0717398 0.1864958 5.477253 -0.7464822 -0.6102135 0.3517644 -0.4646944
87 5.63912 -0.6201002 -0.5570109 -0.5817157 0.5082537 0.52511 0.1253419 0.06188501 4.035544 -0.4237252 -1.203206 0.3251372 -0.4335249
88 5.151502 -0.5625813 0.2436335 -0.6920972 0.5468507 1.037557 -0.112235 0.4321511 6.505865 -0.286357 -0.8748768 0.431493 -0.652708
89 5.665514 -0.9732369 -0.538036 -0.4067086 0.4956269 0.5379213 -0.1050063 0.7629418 9.624375 -0.01540503 -1.003605 0.4114815 -0.6189798
90 5.394277 -0.789377 0.04645416 -0.4899743 0.5562733 0.3863813 0.1954993 0.2105112 5.956676 -0.2866687 -1.074572 0.4069244 -0.5388799
92 5.252451 -0.7735723 -0.01160078 -0.3366044 0.6213826 0.5776261 0.08423188 0.2589421 6.177316 -0.5567278 -0.8554177 0.3541988 -0.523306
93 5.398211 -0.7444127 0.01353628 -0.413224 0.5422752 0.363476 -0.003084139 0.2711494 7.334074 -0.2740631 -1.369498 0.3910659 -0.5338376
94 5.397235 -0.5582994 -0.1795483 -0.4366883 0.4925023 0.1876923 0.04748083 0.2136365 6.119419 -0.8678812 -0.9041206 0.3799771 -0.4073321
95 5.420121 -0.6685865 -0.09225712 -0.4850891 0.7144782 0.6199663 0.1268666 0.1163376 6.944524 0.1389095 -1.634747 0.4510172 -0.6407555
96 5.488628 -0.614492 -0.3817033 -0.6417395 0.734281 0.4180222 0.1702164 0.1271091 9.572587 -0.6396165 -0.8756093 0.4282661 -0.5090379
97 5.11674 -0.4664689 0.2864563 -0.7713951 0.3999533 0.5239213 0.1101289 0.2553702 3.656034 -0.04529666 -1.599588 0.3498598 -0.4931108
98 5.111232 -0.5956555 0.05834726 -0.4718132 0.4572197 0.1885797 0.1740837 0.2459776 3.674225 -1.308383 -0.3108559 0.3947524 -0.3815743
99 5.406247 -0.6222564 -0.1527665 -0.4480356 0.5335004 0.3285703 0.2202283 0.3007782 5.979993 -1.43965 -0.7880203 0.3613121 -0.3281174
100 5.415788 -0.7729842 -0.05109923 -0.4106212 0.5176443 0.4208662 0.1476023 0.3180844 4.664782 -0.1523537 -1.230404 0.3438823 -0.5165585
101 5.427335 -0.6899143 -0.2790401 -0.3822348 0.5074373 0.5686172 0.09549465 0.07331803 5.869082 -0.3134801 -0.8461171 0.3130652 -0.5175026
102 5.524899 -0.8329473 -0.2358747 -0.3615656 0.479541 0.543924 -0.0717602 0.3649203 5.168554 -0.7978334 -0.9660253 0.4186555 -0.4668799
103 5.699464 -0.9063767 -0.30188 -0.1522959 0.5484806 0.7716731 -0.06289161 0.2457324 13.28339 0.255037 -1.260941 0.4692663 -0.7057468
104 5.318813 -0.6240307 0.195855 -0.3227135 0.5593056 0.4535798 0.1247757 0.2300933 5.293191 -0.8764384 -1.031463 0.3911631 -0.4276401
106 5.43752 -0.732609 -0.3101866 -0.2569763 0.6102889 0.4187879 0.07346562 0.1008737 8.865407 1.008957 -1.628973 0.5417792 -0.9703482
107 5.45242 -0.679106 -0.04766473 -0.3669738 0.5706143 0.3930425 0.2800033 0.3595428 4.578106 -1.158245 -0.8701181 0.3059772 -0.2940511
109 5.061221 -0.7154405 -0.09644917 -0.4730227 0.6495751 0.4816808 0.1922102 0.1737527 17.53052 -0.8603841 -0.8194497 0.5372905 -0.626419
110 5.466286 -0.7690185 -0.1467075 -0.3822323 0.5493321 0.5396453 0.2545324 0.2632841 8.034547 0.02923632 -1.376537 0.3915973 -0.6101171
112 5.395816 -0.4971488 0.1136488 -0.6583162 0.4483259 0.4711902 0.06495268 0.3177009 6.295303 -1.683566 -0.5926953 0.4270471 -0.3064063
113 4.883563 -0.7254749 0.3403985 -0.2409074 0.6179702 0.557492 -0.02227132 0.2414947 4.501973 -0.6716322 -1.221005 0.4627153 -0.4648842
114 5.464262 -1.063646 -0.0859199 0.04742486 0.5720465 0.1961075 0.1128384 0.215624 7.69559 0.1235489 -1.060541 0.4081639 -0.6665898
115 5.531182 -0.989826 -0.4210528 -0.1209495 0.4634359 0.499939 0.1262593 0.114459 5.740247 0.6267289 -1.512153 0.3376595 -0.6798185
116 5.345538 -0.8181521 -0.1158521 -0.2357753 0.5987434 0.3825699 0.05954129 0.1438269 6.374864 -0.8461733 -1.113518 0.4121631 -0.4615799
117 5.387911 -0.9082899 -0.1591292 -0.254032 0.5311446 0.5648887 -0.059973 0.2472724 5.041654 0.5989239 -1.187482 0.4346297 -0.7782076
118 5.379695 -0.4627728 -0.2673045 -0.5564282 0.5106058 0.3592728 0.1382308 0.1757046 4.264307 -1.442959 -0.9435709 0.3587788 -0.2710778
119 5.133565 -0.7455244 0.02516857 -0.5811345 0.61481 0.3315369 -0.05567469 0.4286432 6.201948 -0.2050092 -0.8419552 0.4173769 -0.6300699
