1 5.248177 -1.313686 0.1480661 -0.352966 1.536383 0.9016881 0.6550119 0.5180917 -0.6642764 -0.990026 0.4438675 -0.697581
2 5.458829 -0.870388 0.02283715 -0.5773821 1.48269 0.3161817 0.2947159 0.3977514 -0.5296146 -1.187026 0.7590866 -1.044179
3 5.507392 -1.240371 -0.3769905 -0.242991 1.599032 0.2340748 0.3007731 0.5416451 0.7234678 -1.883103 0.6514254 -1.215264
4 5.061236 -0.6820857 0.3489729 -0.7130437 1.677718 0.279517 0.254585 0.3441433 0.3709412 -1.583168 0.5869424 -1.030227
5 5.49595 -0.8803635 -0.1408566 -0.6369563 1.209255 0.2484191 0.2087868 0.2337952 0.07251168 -1.855771 0.8752965 -1.175429
6 5.239549 -0.6819209 -0.1736323 -0.5238922 1.58112 2.023644 0.009724939 0.03810107 0.2414568 -1.094972 0.4855903 -0.8864776
7 5.203516 -1.031464 -0.0147758 -0.542312 1.465666 0.2592558 0.2441643 0.3550242 0.1934811 -1.416359 0.594339 -1.009299
8 5.388683 -1.168614 -0.08471723 -0.09615035 1.377158 0.5005648 0.1435231 0.09411128 0.8137568 -1.131291 0.6466067 -1.355004
9 5.294334 -0.778181 -0.1277062 -0.348895 1.089773 0.5017403 0.2455383 0.1852975 0.3275705 -1.80199 0.6784224 -1.034224
10 5.274077 -1.137491 -0.1232216 -0.07108877 1.507473 0.6978957 0.5138121 0.4937843 -1.252401 -0.6792729 0.6987273 -0.7887842
11 5.576724 -0.9975183 -0.3497238 -0.4546249 1.239255 0.3843638 0.2743798 0.2990016 0.621165 -1.300874 0.6033786 -1.042116
12 5.304263 -0.869824 -0.3347677 -0.3141024 1.36497 0.2504488 0.2822258 0.3631033 -0.3460474 -0.7065323 0.4936027 -0.8399874
13 5.213283 -1.071161 0.2068025 -0.5625859 1.490517 0.3508978 0.219397 0.3201949 -0.2625707 -1.031788 0.4570008 -0.7580149
14 5.318261 -1.271555 -0.1869361 -0.3193798 1.410645 0.3352209 0.2822619 0.2966752 0.6198194 -1.977684 0.6545556 -1.155734
15 5.294741 -0.4524894 0.02897201 -0.6378581 1.230702 0.2661994 0.1995255 0.5066514 -1.406951 -1.079361 0.2702735 -0.4148059
16 5.489764 -0.580607 -0.1396928 -0.6280099 1.154004 0.4813542 0.2871096 0.2351911 -0.8743582 -1.056524 0.5372648 -0.8065191
17 5.405594 -0.9723572 0.2290605 -0.4908726 1.826852 1.145022 -0.1315965 0.5250052 2.107555 -2.119697 0.191749 -1.247687
18 5.493101 -0.7189083 -0.3604196 -0.2066559 1.196657 0.3949711 0.03172349 0.5491204 -1.029617 -1.154235 0.5345889 -0.7597837
19 5.47931 -0.8165314 -0.2998598 -0.5766288 1.114218 0.2142693 0.2279921 0.4768996 -0.4346143 -1.667143 0.6791839 -1.19243
20 5.335941 -0.8456768 -0.1152134 -0.2866189 1.445273 0.2622161 0.21495 0.3171503 -0.5097336 -1.32753 0.446198 -0.7792475
21 5.077635 -0.8816791 0.1614881 -0.4640105 1.451989 0.8137645 0.1887053 0.116327 0.02008688 -0.8723272 0.6777187 -1.163861
22 4.933161 -1.204133 0.2952373 -0.3249346 2.264097 0.2829234 0.2872447 0.5661646 0.01347761 -1.590037 0.8011783 -1.276045
23 5.483528 -0.9572587 -0.139737 -0.523443 1.224908 0.2466135 0.132708 0.2584633 2.238383 -2.519683 0.7526984 -1.632539
24 5.571565 -1.061938 -0.4954162 -0.2753322 1.460796 0.298463 0.2763636 0.3948239 0.255117 -0.925671 0.5369481 -1.040588
25 5.381955 -1.338471 0.01667355 -0.2325805 1.381651 0.3253622 0.4607041 0.9643722 -1.571974 -1.006468 0.7446026 -0.7527628
26 5.507939 -1.291746 -0.688176 -0.2924107 2.483002 0.9543085 0.1376194 0.1791661 0.6285416 -1.855479 0.6135492 -1.228586
27 5.529028 -0.6570261 -0.01391606 -0.9045563 1.643155 0.5169843 0.230436 0.1448933 1.185303 -2.07784 0.539687 -1.023594
28 5.346389 -1.15638 0.2853219 -0.3941518 1.616844 0.3418124 0.05294998 0.2596534 0.5938297 -1.274471 0.6340574 -1.265798
29 5.458921 -0.9010608 -0.1587843 -0.3070518 1.257691 0.6823262 0.1739366 0.08842227 0.4640199 -1.074737 0.5695965 -1.027813
30 5.696332 -1.01851 -0.175227 -0.5166093 1.813693 0.2810086 0.3028919 0.3809392 1.914771 -1.745518 0.5807868 -1.342442
31 5.260386 -0.6814722 -0.02337231 -0.840489 1.385222 0.533648 0.1528094 0.1287097 0.9006075 -2.2827 0.7336925 -1.226659
32 5.527942 -1.1729 -0.2132101 -0.1199572 1.104789 0.4177395 0.1710792 0.163842 -0.1548301 -1.258679 0.5056442 -0.7574629
33 5.308419 -1.209601 0.2074708 -0.07942478 1.671125 0.5757746 0.2226187 0.1358739 0.5454989 -1.138207 0.4763716 -0.9648496
34 5.355408 -1.256949 -0.1590582 -0.09433265 1.830604 0.2795897 0.2631407 0.463773 0.8139925 -1.43016 0.5966886 -1.13488
35 5.574697 -1.163428 -0.1950905 -0.1578949 1.682301 0.4468003 0.2167861 0.1781405 -0.4054772 -1.145256 0.5983768 -0.8249677
36 4.946612 -0.857462 0.4383249 -0.5556187 1.475739 0.9719651 0.3208569 0.175101 -0.7720902 -1.364915 0.9086064 -1.123077
37 5.274787 -1.023439 -0.1826139 -0.3408642 1.220122 0.2895241 0.1786822 0.1234015 0.3371636 -1.742311 0.6576699 -1.068251
38 5.089823 -1.183106 0.1573199 -0.1530318 1.738716 0.7987807 0.4727409 0.3217283 -0.2744307 -1.263327 0.7544552 -1.097971
39 5.158143 -1.038546 0.201758 -0.461822 1.596058 0.4870928 0.3776061 0.3905469 -0.2007019 -0.932862 0.6100104 -0.9439051
40 5.104661 -1.075776 0.02398377 -0.2821192 1.51561 0.5794283 0.36988 0.3294778 -1.02773 -1.337005 0.8961228 -1.12765
41 5.311038 -0.9927801 -0.04796265 -0.1421193 1.423444 0.3535989 0.2027626 0.1602867 0.6638557 -1.106792 0.5316708 -1.047534
42 5.518242 -0.8730533 -0.08461947 -0.6078702 1.735415 0.3585732 0.1906031 0.1801511 0.4113825 -1.523203 0.5989076 -0.997256
43 5.304573 -0.8542129 -0.05254947 -0.6749473 1.322882 0.1969272 0.02670814 0.4119224 0.3422838 -1.169261 0.7043691 -1.229737
44 5.452697 -1.049935 -0.4897973 -0.4365383 1.465185 0.5519675 0.1213583 0.09697904 0.1683817 -2.120561 0.9484536 -1.409615
45 5.201378 -1.046951 -0.05396644 -0.1088822 1.448738 0.1847345 0.1748198 0.2807758 0.9354381 -1.941888 0.6992792 -1.292577
46 5.376305 -0.9648918 0.01429381 -0.4954272 1.926449 0.7463064 0.2607119 0.1689683 -0.4534963 -1.045191 0.8862532 -1.325693
47 5.210908 -1.017707 0.1653937 -0.3685175 1.454667 0.2137418 0.3137926 0.487205 -0.8103204 -0.890278 0.5122287 -0.6484706
48 5.409375 -0.8549284 -0.2032423 -0.7690753 1.134875 0.2693262 0.2655563 0.3487549 -0.09407961 -1.701379 0.5790773 -0.9144954
49 5.234056 -1.167883 0.03273056 -0.2723043 1.541468 0.6030302 0.3514556 0.3405096 0.05293052 -1.243759 0.6518425 -1.041738
50 5.403628 -1.199613 -0.3049273 -0.5384036 1.848878 0.2490758 0.3946603 0.9908259 0.1461347 -1.58694 0.6079118 -1.005574
51 5.382737 -1.109721 -0.304998 0.007345807 1.492359 0.3508812 0.1262433 0.1763638 0.9960582 -1.098034 0.7278842 -1.424792
52 5.507572 -0.676001 -0.3952518 -0.5365929 1.303959 0.4875427 0.3256058 0.3504619 0.07610545 -1.549631 0.5920232 -0.9047096
53 5.28386 -1.19318 0.2322399 -0.2656934 1.51623 0.2743346 0.2630712 0.3574591 0.1396765 -0.9557228 0.3963614 -0.7294204
54 5.355791 -1.189381 -0.1776989 -0.1821651 1.253946 0.3562456 0.2453885 0.2440612 -0.4714829 -0.5926989 0.6404546 -0.9796102
55 5.290206 -0.9930167 0.1232848 -0.5313371 1.347937 0.2360229 0.1833707 0.2223885 0.4711479 -1.641856 0.7040792 -1.155221
56 5.339842 -1.063586 -0.2751244 -0.2231084 1.918595 0.6283635 0.2706587 0.217848 -0.2845075 -0.7465573 0.6508814 -1.11767
57 5.318976 -1.994644 -0.135046 0.4888055 2.248972 0.5739552 0.490124 0.5754395 -0.2382523 -1.132746 0.7633694 -1.284331
58 5.070529 -0.8337963 0.01582388 -0.635008 1.443295 0.2930492 0.2636897 0.3455736 0.008930374 -1.963319 0.7901753 -1.145033
59 5.306793 -1.053881 -0.3359556 -0.4344602 1.847306 0.8029256 0.4838087 0.3698705 -0.7011522 -0.5843553 0.8519562 -1.200849
60 5.563653 -1.037214 -0.05578605 -0.5079599 1.569231 0.3810933 0.3313645 0.3710955 1.05479 -1.518304 0.5858134 -1.146419
61 5.266006 -1.063109 0.4468074 -0.5649037 1.851856 0.4963837 0.3348951 0.2691375 0.1578193 -1.518612 0.6226271 -1.019663
62 5.298797 -1.005473 0.0310367 -0.4594496 1.262975 0.3134875 0.07563755 0.08720414 1.1045 -1.743471 0.8346398 -1.502899
63 5.387074 -1.118401 -0.05652309 -0.3084494 1.652476 0.404481 0.2918028 0.3837225 0.286265 -1.546381 0.6046857 -1.016447
64 5.263038 -1.049358 0.3973914 -0.2747945 1.860092 0.3514714 0.1609272 0.273224 1.600977 -1.656386 0.5183036 -1.255446
65 5.554425 -0.9234282 -0.08542039 -0.4484014 1.1011 0.3010553 0.2267644 0.2732942 -0.2103103 -1.315326 0.8311988 -1.161415
66 5.310634 -1.574769 0.03475729 0.2968829 1.588718 0.683837 0.2834969 0.1952542 0.586881 -1.55972 0.6339937 -1.203888
67 5.238533 -1.321287 -0.08019181 -0.1613163 1.879001 0.1978654 0.379061 0.9871899 -1.235734 -0.6402273 0.7410331 -0.9240399
68 5.359518 -1.39085 -0.07457537 -0.204209 1.820637 0.7875765 0.08784126 0.1134063 0.2157528 -1.297055 0.9260337 -1.520905
69 5.264299 -1.177495 0.1140955 -0.331756 2.381635 0.2688342 0.2031218 0.3083783 1.066114 -1.137973 0.5251213 -1.264447
70 5.744401 -1.630796 -0.3445496 0.2891812 1.945519 0.2436084 0.2002525 0.3338573 1.202588 -1.755106 0.5847557 -1.174325
71 5.433002 -1.155045 -0.3701608 -0.0286813 1.589171 0.4438915 0.3698869 0.5191266 -0.09858306 -1.478365 0.6947193 -1.009527
72 5.570192 -1.51715 -0.4842526 0.2046986 1.601249 0.2706946 0.2878056 0.4614936 -0.0880124 -0.818877 0.7889418 -1.351554
73 5.552111 -0.9865351 -0.3222865 -0.7523574 1.635586 0.1513878 0.2266747 0.5868104 1.233665 -1.12751 0.5555407 -1.254546
74 5.314098 -0.9064472 -0.1297016 -0.8025952 1.751382 0.2818271 0.1556688 0.3919013 1.333531 -1.620676 0.6159645 -1.406375
75 5.493226 -1.06291 -0.2584342 -0.1560675 1.464761 0.3769414 0.3166083 0.3623424 1.171775 -1.535074 0.6271983 -1.244032
76 5.341219 -1.303254 0.09289536 -0.1501451 1.830694 0.4218465 0.2746167 0.3066482 0.398994 -1.170757 0.6444906 -1.148038
77 5.347354 -0.8815873 0.03842999 -0.4485207 1.43582 0.3682517 0.09077327 0.1575151 1.248664 -2.02969 0.7523539 -1.348022
78 5.489553 -0.8569402 -0.1926907 -0.4263129 1.409706 0.5700117 0.1374766 0.09972441 -0.1639114 -1.419498 0.9298485 -1.27924
79 5.359228 -1.27802 -0.03092492 -0.3787811 1.584271 0.3638868 0.3737891 0.4825809 0.3630644 -0.9727023 0.5117232 -0.9880771
80 5.380114 -0.9968047 -0.171559 -0.6206693 1.529134 0.2502823 0.1941188 0.2856662 0.1286698 -1.653634 0.6561306 -1.120052
81 5.344257 -0.9536684 -0.1240807 -0.3833098 1.394876 0.2975215 0.2240398 0.2891326 0.296934 -1.51176 0.6403254 -1.057614
82 5.84279 -1.088869 -0.6730134 -0.2830346 1.561425 0.5785819 0.2843126 0.2945709 0.2837217 -0.9450308 0.4997546 -0.9374042
83 5.527809 -0.8298635 -0.2621252 -0.5248788 1.11236 0.3640657 0.26903 0.2979028 -0.5058256 -1.454473 0.8104365 -0.9989842
84 5.643628 -0.9743738 -0.07861777 -0.4984261 1.444811 0.5578011 0.2132451 0.1413437 0.1105836 -1.532557 0.8216755 -1.264707
85 5.632887 -1.024831 0.02613654 -0.3212181 1.447274 0.1874616 0.1349491 0.2667391 2.385878 -1.673378 0.6293417 -1.583035
86 5.266998 -0.9453241 0.2003499 -0.4933406 1.541993 0.1312221 0.1616633 0.4786494 1.180533 -1.882687 0.646106 -1.31948
87 5.316465 -1.069466 0.2337312 -0.4789838 1.466809 0.1064917 0.1564183 0.4876555 0.4147957 -1.642208 0.5609079 -0.932579
88 5.012 -0.8549283 0.3825704 -0.6605961 1.658048 0.3192417 0.2955621 0.3799003 1.058778 -1.551573 0.5202213 -1.078581
89 5.251526 -1.047814 0.09682755 -0.411259 1.82716 0.7811806 0.120886 0.07403252 0.7398735 -1.928273 0.6898835 -1.325713
90 5.218422 -1.212333 -0.1283665 -0.1111987 1.488547 0.6994098 0.2286967 0.1267027 1.077087 -1.333337 0.5585021 -1.229291
91 5.16653 -1.05215 0.1008942 -0.3184786 1.590622 0.5030594 0.2599763 0.2343108 0.7461227 -1.714598 0.7580911 -1.326051
92 5.134811 -1.478396 0.03534313 -0.05858604 1.60071 0.5106436 0.513163 0.6551656 1.385944 -2.143019 0.6712606 -1.327028
93 5.410327 -0.9793036 0.01485427 -0.6550217 1.526947 0.4543643 0.2081412 0.180773 1.464672 -1.568331 0.5105298 -1.179649
94 5.006148 -0.8645501 0.305829 -0.4934653 1.24219 0.3647001 0.2291579 0.2394287 0.6033682 -2.335764 0.9191878 -1.483855
95 5.611364 -1.07161 -0.2312581 -0.3548583 1.377649 0.4864647 0.2685399 0.189098 1.470604 -1.401054 0.4281651 -1.112552
96 5.413663 -0.7574942 -0.1380897 -0.6198189 1.42696 0.4010424 0.235368 0.1831546 0.3717993 -1.493359 0.4189838 -0.8225967
97 5.424695 -0.9174978 0.2688224 -0.4602294 1.192216 0.3461729 0.2376189 0.2303071 1.613267 -1.342027 0.4656638 -1.170013
98 5.34207 -0.9016107 -0.02467418 -0.505878 2.451534 0.501076 0.2547307 0.1608623 0.8265015 -1.146324 0.3591044 -0.9266466
99 5.325537 -0.9931234 0.1406166 -0.4042824 1.253647 0.7998906 0.2652357 0.09619657 0.02447594 -1.479355 0.8628917 -1.285319
100 5.472342 -1.132859 -0.1271746 -0.3071723 1.562898 0.4644969 0.1834976 0.1183084 -0.3486217 -1.481479 0.7882338 -1.038711
