1 0.2266157 1.085308 0.3076335 0.6310978 1.263267 0.8227697 0.2915916 2.013509 0.5228041 0.4951792 0.5786041 0.8936924
2 0.1705358 0.1748402 0.2520569 0.2356342 0.3381855 0.2100477 0.2068119 0.2908241 0.4859971 0.3997258 0.1978509 0.2520419
3 0.1888821 0.2600868 0.2553311 0.2873269 0.5233076 0.4225432 0.4065676 0.3794367 0.6211824 0.4563207 0.1697059 0.2658023
4 0.1885542 0.2530652 0.2615674 0.2664059 0.3979309 0.2776096 0.2305884 0.3898735 0.5857695 0.4571526 0.1806912 0.3052308
5 0.1747574 0.1323174 0.2303497 0.230478 0.1929285 0.1858119 0.1795593 NaN 0.6716204 0.375705 0.1355234 NaN
6 0.3039502 0.1888991 0.3804022 0.2155946 0.512906 0.4779363 0.3294888 NaN 0.4613495 0.3152376 0.1093716 0.07077966
7 0.1685912 0.2542538 0.2505198 0.2806263 0.5129601 0.3423937 0.3450536 0.6392792 0.5388443 0.3869697 0.1769648 0.2830798
8 0.191845 0.1254812 0.2577383 0.1863381 0.2179922 0.144138 0.1195664 NaN 0.5689269 0.3651799 0.1103876 NaN
9 0.1875709 0.172787 0.2429227 0.2044816 0.28555 0.1782716 0.1413882 0.2116373 0.6134214 0.3996116 0.1626857 0.2014108
10 0.1975857 NaN 0.2818456 NaN NaN NaN NaN NaN NaN NaN NaN NaN
11 0.1701455 NaN 0.2420609 0.1805366 NaN NaN NaN NaN 0.5336252 0.2870942 NaN NaN
12 0.1773997 0.09486437 0.238604 0.2317179 0.1875666 0.18675 0.2083703 NaN 0.4641915 0.2952828 NaN NaN
13 0.1852925 0.1833768 0.2550194 0.2386128 0.2289866 0.1665052 0.1955711 NaN 0.42601 0.315197 0.100017 0.09184618
14 0.1484986 NaN 0.2478003 0.1668642 NaN NaN 0.1168027 NaN 0.5389513 NaN NaN NaN
15 0.1548577 0.1866887 0.2254426 0.2231181 0.2742886 0.2133272 0.2433489 0.2654843 0.7840963 0.4383337 0.1241176 0.2500367
16 0.2022631 0.2058945 0.2507381 0.194104 0.2997769 0.1669868 0.1292857 0.2658722 0.4937858 0.4076181 0.317698 0.4229449
17 0.2237808 0.1601547 0.3253993 0.2317369 NaN NaN NaN NaN 0.4968678 0.415047 0.1354296 NaN
18 0.1549278 0.159467 0.2402979 0.2248501 0.3093864 0.200827 0.1887734 0.355762 0.5473986 0.3792383 0.1590565 0.2189962
19 0.1571944 0.1817873 0.2129339 0.206167 0.2568617 0.1575103 0.1649903 0.2633825 0.6049222 0.668832 0.3232406 0.4798971
20 0.169596 0.1758025 0.2408401 0.2123853 0.3283398 0.2252792 0.22477 0.2592688 0.5374885 0.3672002 0.1363336 0.2178182
21 0.2149719 0.1564076 0.2884816 0.2046263 0.03727429 0.2538463 0.2180307 NaN 0.5725673 0.3455885 0.1329308 NaN
22 0.221858 NaN 0.2986043 0.2480697 NaN 0.1232376 0.3348775 NaN 0.6181204 0.4188734 0.1023527 NaN
23 0.1550237 0.1361856 0.2262534 0.2090263 NaN NaN 0.1468033 NaN 0.2751788 NaN 0.06149934 NaN
24 0.1692783 0.2102907 0.2492885 0.2419464 0.4303823 0.2702756 0.2272503 0.4718587 0.6294407 0.4815838 0.2346016 0.4365764
25 0.1706103 0.1873881 0.2479203 0.3029895 NaN 0.05714849 0.2992657 NaN 0.3734436 0.3267177 0.02080539 NaN
26 0.2395091 0.5360858 0.3592341 0.36596 1.944114 1.344569 0.719151 2.839223 0.724121 0.8510961 0.4574244 0.7733455
27 0.1965304 0.2335806 0.2782708 0.2485695 0.5040935 0.3467539 0.3114575 0.4777301 0.746269 0.5093514 0.1478668 0.2887279
28 0.1674975 0.133292 0.2696851 0.2329102 NaN NaN 0.1291482 NaN 0.5597103 0.3404886 0.08048091 NaN
29 0.1848583 NaN 0.2643545 0.1774975 0.2208812 0.1054913 0.1100054 NaN 0.4708235 0.3040431 NaN NaN
30 0.1952065 0.2318754 0.2736472 0.2700173 0.4811416 0.2927597 0.2595764 0.5510067 1.006668 0.7680263 0.2337975 0.4996945
31 0.2033286 0.2675974 0.2687602 0.2293112 0.6248301 0.3986482 0.2587426 0.8186014 0.7404143 0.8196406 0.3058768 0.5002783
32 0.1806668 NaN 0.2358501 0.1760105 NaN NaN NaN NaN 0.3650782 0.2686866 NaN NaN
33 0.2124047 NaN 0.2845441 0.2037217 0.3341383 0.1954065 0.1905241 NaN 0.4291865 0.3158037 NaN NaN
34 0.1909067 0.1945766 0.274481 0.2853718 NaN 0.1367725 0.3001616 NaN 0.5903748 0.3805263 0.1330737 0.1192499
35 0.1925359 0.1527327 0.2766699 0.2382654 0.411149 0.2984375 0.2766882 0.07601164 0.5245907 0.3260515 0.07929912 NaN
36 0.2383101 0.1908199 0.3051329 0.2297665 0.2779312 0.1539566 0.1666708 NaN 0.5757135 0.3549646 0.1294532 0.06777511
37 0.1744532 0.1699488 0.2331375 0.2040162 0.3355618 0.2221972 0.1847551 0.2053396 0.6247645 0.4039316 0.1535522 0.1964566
38 0.2068693 0.1826788 0.3046048 0.2528678 0.4447588 0.3347354 0.317302 NaN 0.4719036 0.3437991 0.08201317 NaN
39 0.1979171 0.3194353 0.2752598 0.2684704 0.8634362 0.6298803 0.3768365 0.9052179 0.4864357 0.3653974 0.2612322 0.3732305
40 0.1997811 0.3431149 0.2739657 0.2977845 0.6452008 0.3738575 0.2590963 0.8280105 0.678363 0.398274 0.312075 0.3915306
41 0.2044903 0.2937197 0.2615309 0.2198853 0.468319 0.2238979 0.1789653 0.8001788 1.154433 0.6511508 0.3477308 0.7828257
42 0.211039 0.2681972 0.2772569 0.2518511 0.4386043 0.2666323 0.2335034 0.5048529 0.6736184 0.4706486 0.2101154 0.3669538
43 0.1571993 0.1636502 0.2318704 0.2296477 NaN NaN 0.09987799 NaN 0.5187011 0.2654473 0.12789 NaN
44 0.1802682 0.1872599 0.2765096 0.2300311 0.6228114 0.3945415 0.3086177 0.7439106 0.64179 0.607455 0.2538184 0.410918
45 0.1669495 NaN 0.2391226 0.1746593 NaN NaN 0.2065346 NaN 0.538804 NaN NaN NaN
46 0.2237104 0.2123833 0.3099777 0.2449495 0.627268 0.412397 0.2965568 0.5699002 0.6045447 0.3897855 0.2339942 0.3112288
47 0.1776264 0.302766 0.2437414 0.293067 0.3511228 0.262437 0.2824083 0.3406246 0.4968061 0.325938 0.1665971 0.265981
48 0.1449004 0.1634104 0.227311 0.2153283 0.3107065 0.2033523 0.2139183 0.294914 0.5360442 0.4459945 0.1638873 0.2305812
49 0.2015535 0.1898982 0.2787814 0.2573261 0.1893388 0.1859894 0.2509657 NaN 0.5844451 0.3451187 0.1208146 0.03366227
50 0.1970751 0.2206878 0.270001 0.317621 NaN NaN NaN NaN 0.4043499 0.2751673 0.1235094 NaN
51 0.1768381 0.1909574 0.2606421 0.2165146 0.5045674 0.3190829 0.2350306 0.6308515 0.7735084 0.4266781 0.2252854 0.411083
52 0.1898367 0.1591762 0.2534724 0.2288885 0.2000999 0.1475563 0.1819874 NaN 0.5285022 0.3271699 0.06614999 NaN
53 0.1895547 0.265027 0.2535866 0.2663672 0.6479291 0.5762934 0.6612939 0.4930969 0.5507089 0.3293431 0.1098187 0.2210237
54 0.161689 0.1520142 0.2397981 0.2216265 0.2660172 0.1806941 0.2012245 NaN 0.4706744 0.3136516 0.08079795 NaN
55 0.1774584 0.2310798 0.2378746 0.232518 0.3832386 0.2603382 0.2086899 0.4083752 0.6835852 0.5296162 0.2121854 0.3370545
56 0.228722 0.2063967 0.3026679 0.2483676 0.4997247 0.3189161 0.2927577 0.4069873 0.5493084 0.3819452 0.1634419 0.2470546
57 0.2155537 0.3316264 0.3220395 0.3515704 0.7874151 0.6121533 0.4736135 0.7872475 0.6378698 0.4434797 0.1865636 0.2528125
58 0.1721031 NaN 0.2472812 0.2439811 NaN 0.1106368 0.2548506 NaN 0.5301876 NaN NaN NaN
59 0.2242902 0.1873166 0.3097139 0.2778258 0.5428401 0.3800645 0.3888121 NaN 0.5033669 0.3428291 0.08827494 NaN
60 0.1888778 0.2396036 0.2648913 0.2684353 0.4417554 0.3076694 0.2946009 0.4131096 0.5919645 0.3999306 0.1717836 0.2465996
61 0.1993649 0.1321744 0.2885794 0.2435115 0.4299188 0.2940037 0.2383175 NaN 0.4844914 0.3215457 0.1018907 NaN
62 0.1649264 0.1414881 0.236591 0.193855 0.2383768 0.1620749 0.1185086 NaN 0.6272617 0.3212739 0.09764436 NaN
63 0.1937248 0.2094104 0.2718889 0.269852 0.5167235 0.3364704 0.3009493 0.5661905 0.5287835 0.4398439 0.1569075 0.2155506
64 0.2001377 0.2414323 0.2820354 0.2701366 0.5272382 0.3154116 0.2400678 0.6462127 0.7021463 0.4494402 0.1515959 0.2909061
65 0.1547215 0.1396663 0.2227237 0.2111313 0.05892719 NaN 0.1503374 NaN 0.604214 0.3552628 0.1534252 0.07320183
66 0.212211 0.4855067 0.2923745 0.3879383 0.718832 0.3787936 0.1925952 1.020537 0.6457321 0.4116511 0.290721 0.513583
67 0.190944 0.253049 0.2704059 0.3333994 0.519184 0.3680325 0.4108225 0.4246356 0.4462398 0.3565464 0.1374749 0.1563662
68 0.2105691 0.1749627 0.3074521 0.2352023 NaN NaN NaN NaN 0.5681026 0.4306948 0.1908471 0.2462014
69 0.2202231 0.1711879 0.3031719 0.280909 0.226865 0.2175554 0.2720729 NaN 0.4990792 0.2112433 0.1041674 NaN
70 0.2065996 0.1532946 0.2748306 0.2876898 NaN 0.3076562 0.2849113 NaN NaN NaN 0.0928243 NaN
71 0.1766859 0.2153799 0.2755188 0.2784813 0.2545195 0.1886839 0.2811757 NaN 0.5489579 0.3816439 0.1516591 0.1585619
72 0.1723044 0.197544 0.2583856 0.2606344 0.4333651 0.3076699 0.3111774 0.3445965 0.5812208 0.3809763 0.1985044 0.2759704
73 0.1798504 0.1915784 0.2506609 0.2696185 0.3346433 0.2640198 0.3171418 NaN 0.5725099 0.3632885 0.132093 NaN
74 0.1971161 0.1948193 0.2666112 0.2558891 NaN NaN 0.2137129 NaN 0.6119081 0.3081009 0.125699 NaN
75 0.1920875 0.1694525 0.2575155 0.2469103 0.3046789 0.2111187 0.235961 NaN 0.6084189 0.3805754 0.09419076 NaN
76 0.2009674 0.1893953 0.2834055 0.2666465 0.2649317 0.1731336 0.2363337 NaN 0.5904831 0.3779243 0.1132848 NaN
77 0.1737056 0.1747883 0.2560027 0.2273302 0.2882995 0.2018562 0.1810455 0.1388908 0.6782274 0.3955986 0.1371779 0.1154244
78 0.1996861 0.1625997 0.2676851 0.2070167 0.1202858 0.1247451 0.1328685 NaN 0.6537969 0.3599391 0.1577774 0.1373295
79 0.1933471 0.2407832 0.2652787 0.3061506 0.4752691 0.307896 0.294692 0.4239228 0.5478161 0.3951864 0.1370103 0.1735665
80 0.1676458 0.1768071 0.2512268 0.2282754 0.4143699 0.2471635 0.2146855 0.4200771 0.5387406 0.4383028 0.1570655 0.2187588
81 0.1605434 NaN 0.2444931 0.1746661 NaN NaN NaN NaN 0.5614903 0.3283383 0.02687579 NaN
82 0.2012966 0.1645299 0.2769303 0.2390968 0.2214051 0.1699862 0.2003763 NaN 0.5595417 0.3577191 0.1083263 0.09448713
83 0.1655256 0.1578553 0.2304207 0.2196808 0.1266874 0.1068448 0.1461381 NaN 0.6070229 0.329262 0.09799395 NaN
84 0.1948493 NaN 0.2674386 0.1969554 0.2059259 0.1737675 0.1739823 NaN 0.6227988 0.206917 NaN NaN
85 0.1688865 0.2459732 0.2407642 0.239397 0.5512986 0.3414663 0.2844338 0.7744406 1.644937 0.8243768 0.28316 0.8080986
86 0.1697524 0.2223204 0.2410595 0.2582709 0.3816621 0.2539773 0.2245146 0.4083463 0.68484 0.4753605 0.1912383 0.3079866
87 0.1756652 0.1593338 0.2359691 0.2759545 NaN NaN 0.2333038 NaN 0.412308 0.2211621 NaN NaN
88 0.2073669 0.2830114 0.3063958 0.2862357 0.9363827 0.6517641 0.5757944 1.142239 0.8412713 0.7257477 0.2512522 0.5364721
89 0.2144797 0.1492059 0.3046183 0.2131653 0.3570178 0.2059008 0.1732172 NaN 0.6287868 0.3953551 0.1139856 NaN
90 0.2155093 0.2151826 0.284362 0.2228989 0.5810492 0.3824778 0.329106 0.6691461 0.5989392 0.4424886 0.1960859 0.3408807
91 0.2073455 0.2151441 0.276053 0.2557062 0.45027 0.2929462 0.240913 0.4186496 0.5899956 0.4340151 0.1568837 0.223529
92 0.1927557 0.2571834 0.2786154 0.2963337 0.5142257 0.2977876 0.3563491 0.6170944 0.6492447 0.5015376 0.1775744 0.2423791
93 0.2014856 0.1973677 0.2682653 0.2487554 0.5178399 0.3461919 0.2761157 0.5195556 0.7617681 0.538247 0.1340814 0.2390793
94 0.1624688 0.1888093 0.2394868 0.2267398 0.3427051 0.2122356 0.1831464 0.3069494 0.6648835 0.4628888 0.2177598 0.3125947
95 0.1810368 0.03634415 0.2591004 0.2107728 0.3869247 0.2939661 0.33658 NaN NaN NaN NaN NaN
96 0.1739201 0.1730609 0.2542556 0.2077673 0.3656216 0.2569912 0.2149732 0.2774122 0.6474526 0.4128342 0.1166102 0.2198732
97 0.1709062 0.1135802 0.2340957 0.2012046 NaN NaN 0.1923868 NaN 0.5787437 0.3396255 0.09348621 NaN
98 0.2312401 0.219692 0.322284 0.2717078 0.5591152 0.3456827 0.288258 0.636949 0.6710438 0.5017695 0.1216493 0.2508935
99 0.1941145 0.1610403 0.2737847 0.1945532 0.4168279 0.2511137 0.180403 0.2609814 0.6165276 0.4028824 0.1972449 0.2404533
100 0.1923385 0.2699937 0.2722269 0.2446765 0.5354699 0.3183599 0.250412 0.7246045 0.5663647 0.4180461 0.2263537 0.3251267
