2 0.1390434 0.1762354 0.1869875 0.212314 0.1232571 0.09464409 0.1458624 0.08555031 0.9540343 0.5383411 0.3293355 0.08996652 0.1356745
5 0.1238467 0.1506589 0.1735195 0.1866339 0.120915 0.08528819 0.1019563 0.08158549 2.19801 0.5052252 0.2868299 0.1056348 0.1400145
6 0.1183031 0.2007381 0.1644248 0.2366575 0.1132144 0.09588868 0.1585991 0.08637226 1.192172 0.4173754 0.2856474 0.08706403 0.118729
8 0.1505644 0.1318956 0.2028071 0.1749265 0.1413209 0.0854475 0.09571002 0.06544755 3.068111 0.4561147 0.2733878 0.08992652 0.1197539
10 0.1569425 0.1675659 0.2144417 0.2001381 0.1672243 0.1206465 0.1305424 0.07154638 0.8269083 0.4488854 0.2851543 0.09739354 0.1316665
11 0.1322649 0.1451447 0.1827299 0.1857131 0.1261926 0.09623455 0.1268452 0.07966237 2.554901 0.5046751 0.3000478 0.09411756 0.1364901
13 0.1610725 0.1860148 0.2289673 0.2000463 0.2067518 0.1144732 0.1107495 0.08571757 7.64746 0.530786 0.3263303 0.1161488 0.1779603
15 0.1540778 0.1595538 0.2234805 0.1994229 0.1873131 0.1089956 0.1139611 0.08942763 3.758047 0.5040508 0.3100006 0.112461 0.1529045
16 0.1268057 0.1476497 0.17657 0.1874368 0.1085037 0.08251881 0.1257236 0.0709843 1.055777 0.5426235 0.2915074 0.09790345 0.1372241
17 0.1468838 0.1331604 0.2038481 0.1589875 0.1591122 0.09499293 0.07669325 0.08517895 37.8629 0.6204904 0.3484084 0.1096442 0.1755628
18 0.1248593 0.1377267 0.1832111 0.1772449 0.1235081 0.08309626 0.09476234 0.07165712 0.8356024 0.4322611 0.2828296 0.07465106 0.1093582
20 0.1442109 0.1664495 0.1990446 0.2197375 0.1524606 0.1171253 0.1409657 0.09648639 1.934841 0.4287646 0.3092516 0.0822872 0.1001465
21 0.1441844 0.1552957 0.1998434 0.1776327 0.1443162 0.08065775 0.07870794 0.07890155 1.573358 0.6396881 0.2958907 0.08623405 0.1637067
22 0.1481598 0.1480834 0.2023693 0.1760524 0.1460085 0.09023494 0.08367319 0.07111558 1.013395 0.6550043 0.3550023 0.08647996 0.1471342
23 0.1375865 0.1326375 0.1908346 0.1581292 0.1320921 0.06967372 0.08145118 0.0597333 2.011961 0.5280957 0.3148456 0.1031833 0.1522301
24 0.1311553 0.1227465 0.1885361 0.1659761 0.1369262 0.08347023 0.09409242 0.06170695 0.9924792 0.4595691 0.310382 0.1096516 0.1394797
25 0.1372693 0.1634022 0.1858345 0.2126496 0.1253679 0.09230158 0.1394923 0.08433165 1.132954 0.4280412 0.2895574 0.09923145 0.1082959
26 0.1798936 0.1644995 0.2490901 0.1717638 0.245447 0.1279932 0.0815772 0.07041507 12.64942 0.6499264 0.3618025 0.1382605 0.2441983
28 0.1441853 0.1157384 0.2041666 0.1479152 0.1577669 0.08542541 0.07472924 0.07898313 1.167034 0.5313421 0.3098268 0.07138206 0.1139329
29 0.1446941 0.1701789 0.1966658 0.2083888 0.1406193 0.1025108 0.1273085 0.08521145 1.413779 0.4143686 0.2922175 0.08718599 0.1172399
30 0.1532763 0.1617316 0.2143109 0.203878 0.1666796 0.1075838 0.1235604 0.08656019 1.823124 0.4915166 0.2925594 0.08510871 0.1254884
31 0.1496729 0.1566942 0.2074432 0.1923109 0.1522051 0.1025449 0.1167124 0.08532586 1.23371 0.4647781 0.2928768 0.100063 0.1308556
32 0.1566692 0.163235 0.22884 0.1987438 0.1864492 0.1085186 0.09852565 0.08516586 1.561026 0.4786884 0.3148479 0.08792564 0.1244642
34 0.1456481 0.160256 0.2007964 0.2002038 0.1599922 0.1203219 0.1332241 0.07266803 2.728948 0.5892318 0.3714025 0.1122884 0.1846388
35 0.1383022 0.1404639 0.2040697 0.1805831 0.1452853 0.09232321 0.1111193 0.08019117 1.34414 0.5266867 0.3176402 0.09938788 0.1410905
36 0.1206694 0.1317104 0.1711253 0.1740868 0.1111164 0.07724231 0.09162865 0.08585426 6.910461 0.5788283 0.3118904 0.1163438 0.1730678
37 0.151167 0.1676494 0.2070123 0.2019529 0.146651 0.1008903 0.1352973 0.09307537 1.369974 0.5471463 0.3159962 0.08819554 0.1490064
38 0.1607877 0.2043705 0.208358 0.2182551 0.1613438 0.1117881 0.1266631 0.08772283 1.406948 0.6438534 0.363484 0.09813378 0.1683139
39 0.1504075 0.1563316 0.1989099 0.1880707 0.1799182 0.1171729 0.1018333 0.1038117 1.049876 0.4957627 0.3176508 0.08291868 0.1280499
40 0.1352994 0.1438758 0.1863954 0.1825161 0.1227613 0.08058156 0.09324189 0.07362189 1.437994 0.5181983 0.3148582 0.09610274 0.1362548
41 0.1546652 0.1247971 0.2136468 0.1719875 0.1703399 0.1016026 0.08874911 0.1062711 1.131857 0.506781 0.3185312 0.08628664 0.1296399
42 0.153934 0.1918468 0.2157243 0.2316219 0.1737725 0.1204424 0.1666062 0.1059184 4.126689 0.4171741 0.3053383 0.08617788 0.1147548
43 0.1594157 0.132474 0.228418 0.1813015 0.1878975 0.1117003 0.115455 0.07442318 3.03279 0.4955643 0.2856634 0.07604801 0.1133651
44 0.1526504 0.134709 0.2049244 0.1749398 0.1485597 0.09737848 0.0964293 0.07650925 1.224032 0.5706467 0.3034956 0.08656405 0.1485943
45 0.1483678 0.176576 0.2032101 0.2114252 0.1429936 0.106463 0.1258153 0.07986271 1.101985 0.4218057 0.3120398 0.0841839 0.1065902
46 0.1450591 0.1723944 0.2114933 0.2045202 0.1690194 0.1015426 0.1222483 0.07686823 1.298152 0.4775623 0.3232004 0.1077675 0.1561868
47 0.132965 0.1519813 0.18913 0.2097796 0.1239146 0.1057713 0.1552208 0.07271433 0.9129275 0.4722215 0.3071278 0.07791243 0.09988513
48 0.1300066 0.1755798 0.1816421 0.2262667 0.1124654 0.09175667 0.1354636 0.08380388 1.235509 0.4903934 0.288491 0.08660103 0.1180789
49 0.1276539 0.1397834 0.1766593 0.1719566 0.1179486 0.07955275 0.09172086 0.0766932 1.062851 0.5267811 0.3185005 0.08638783 0.133933
50 0.1610233 0.1423015 0.2247821 0.1905835 0.1747816 0.1075036 0.1041757 0.09042076 1.222708 0.4643553 0.2957137 0.09327835 0.1106333
51 0.145807 0.1580776 0.2009114 0.210811 0.142477 0.1012858 0.1325262 0.08279888 1.665359 0.5755955 0.2987111 0.1043018 0.1645996
52 0.1415534 0.1886329 0.2004805 0.2252662 0.1464158 0.1030422 0.121128 0.08593626 3.23057 0.5310418 0.3261804 0.09771764 0.1390778
53 0.1392092 0.1607077 0.1978338 0.1986137 0.1425772 0.09384989 0.1202992 0.08160633 1.446396 0.4716287 0.3256187 0.08736523 0.1184429
54 0.1323233 0.2035155 0.1866915 0.2038802 0.1345841 0.0852969 0.1145873 0.07696157 1.561602 0.5177407 0.3327885 0.1259042 0.1888617
55 0.1559662 0.1493928 0.2242431 0.2000409 0.1773753 0.1068101 0.1170061 0.09014829 1.071011 0.3650459 0.2938678 0.08171157 0.09381789
56 0.1549257 0.1384006 0.2255488 0.1777104 0.1895242 0.1032491 0.0966985 0.07123574 1.811866 0.5221786 0.3139593 0.1054378 0.1648956
57 0.1348479 0.1388043 0.1912199 0.1742297 0.1377199 0.088959 0.09389483 0.08103237 3.430192 0.6038093 0.3019758 0.1001781 0.1771225
58 0.1309216 0.1754021 0.1896502 0.2099487 0.1339844 0.1013739 0.1351634 0.09605224 2.837123 0.5021223 0.295064 0.08594319 0.1245136
59 0.1560091 0.1829245 0.2125138 0.2246808 0.1722191 0.1131436 0.1427113 0.1062575 1.246795 0.4847198 0.3230548 0.08833004 0.1317692
60 0.1244381 0.1424092 0.1818782 0.1743911 0.1196503 0.07475083 0.08903092 0.07733819 1.123197 0.5109978 0.303292 0.08278867 0.1260086
61 0.1548565 0.1747037 0.215542 0.2068248 0.1650422 0.1136971 0.1300466 0.09093978 2.819302 0.5970568 0.2958529 0.08197898 0.1485604
62 0.1484635 0.1219983 0.2071904 0.1540736 0.1574177 0.08918748 0.08671677 0.07145448 1.282383 0.4495567 0.2801911 0.09631614 0.1331788
63 0.1879429 0.1734095 0.2663641 0.202045 0.2601232 0.1228841 0.115349 0.1040955 12.94898 0.4653082 0.3332306 0.09621298 0.1364837
64 0.1708221 0.1594762 0.2251904 0.1970046 0.1972259 0.1331823 0.1315352 0.1014254 0.7077664 0.3227642 0.2655937 0.07638407 0.09060567
65 0.128847 0.1293722 0.1806564 0.1648948 0.1248553 0.08437341 0.08113579 0.09261193 1.184368 0.5447754 0.2998164 0.08720854 0.1426875
66 0.1716499 0.2250552 0.2294639 0.222535 0.189327 0.1167404 0.1318536 0.09556568 1.042863 0.5946558 0.3134191 0.09324967 0.1954692
67 0.152733 0.1850153 0.2139109 0.2051626 0.1696577 0.1034481 0.1209747 0.0966652 4.302704 0.48602 0.2879268 0.1008668 0.1610229
68 0.1638722 0.1965622 0.2245521 0.2313602 0.1913969 0.1414811 0.1352741 0.09611599 2.251009 0.4728193 0.2926716 0.09206052 0.1308355
71 0.1428296 0.2021027 0.2003885 0.2652342 0.1456804 0.1338304 0.2507607 0.0694687 4.126095 0.4704004 0.3174369 0.09844216 0.1149373
72 0.1399651 0.1539111 0.1915858 0.1874156 0.1423675 0.09879894 0.1017309 0.09321232 4.900527 0.6755709 0.3419642 0.09936647 0.1799346
73 0.1363009 0.1733789 0.1855925 0.1971938 0.1321462 0.0921048 0.09650424 0.08623124 1.578546 0.4880033 0.3135953 0.1133074 0.1653671
74 0.1476013 0.1665384 0.2095577 0.2036027 0.1575878 0.1086674 0.1208079 0.08999118 1.079983 0.4772375 0.2996702 0.09482053 0.1377905
77 0.1239453 0.1367716 0.1753924 0.1685185 0.117663 0.07652081 0.1011534 0.06418479 0.8059771 0.4555972 0.2972932 0.08655366 0.1098679
78 0.1417042 0.126998 0.1921317 0.1483885 0.1388192 0.07437014 0.07160132 0.07564163 1.253844 0.5437092 0.3053197 0.08421556 0.136713
79 0.1410169 0.1414381 0.198554 0.1817661 0.1470129 0.09584715 0.1189693 0.09175499 1.131437 0.5172135 0.3036056 0.09483138 0.1366402
80 0.173616 0.1780298 0.2399545 0.2195131 0.2221121 0.1537056 0.1470191 0.1274119 15.56032 0.6661195 0.3593254 0.114975 0.2079359
81 0.1232235 0.1358491 0.178649 0.1869688 0.1105819 0.08308775 0.1035448 0.0750064 1.946166 0.8090936 0.3402215 0.1053773 0.2076773
82 0.135507 0.1456178 0.196733 0.1860271 0.142042 0.08806025 0.1018368 0.06642956 1.494129 0.4483631 0.316211 0.09987427 0.1252358
83 0.151109 0.127431 0.2153322 0.1620139 0.1659849 0.0863048 0.08278359 0.07245706 0.9684437 0.3583242 0.2646348 0.08057422 0.0992916
84 0.1608214 0.1690315 0.2228195 0.2008216 0.1783413 0.1090718 0.1173077 0.08108814 3.480527 0.5283842 0.3188054 0.08880536 0.1424873
86 0.1587034 0.1341284 0.2148025 0.1669723 0.1591233 0.09554793 0.08571042 0.07664765 1.489045 0.4754538 0.2850456 0.0925138 0.1361889
87 0.1505603 0.1151934 0.2157164 0.1427827 0.1756396 0.08558853 0.07990227 0.08143422 0.9637331 0.5241009 0.3288165 0.0809185 0.1208583
88 0.198659 0.1736918 0.2691324 0.2116587 0.2690016 0.153118 0.1613069 0.09202998 2.336104 0.460166 0.312893 0.1096635 0.1569806
89 0.1535245 0.2134613 0.2124763 0.2689114 0.1709251 0.152382 0.2326446 0.08176169 4.133126 0.4853721 0.3135436 0.09384949 0.1304331
90 0.1402896 0.1519619 0.2028678 0.1922555 0.1666601 0.101163 0.1081655 0.08556809 1.733343 0.5166796 0.3084367 0.09017397 0.1272437
92 0.1657745 0.1652494 0.2307516 0.1946919 0.1902794 0.1173045 0.1079319 0.096256 1.903871 0.4965264 0.2938312 0.09439303 0.1574173
93 0.1370201 0.1573065 0.1970428 0.194049 0.148217 0.1024956 0.1052428 0.07783676 2.396948 0.6049712 0.3271104 0.09707402 0.1580166
94 0.1267392 0.1435631 0.1715572 0.1725303 0.1126277 0.07920886 0.08851269 0.0735197 1.825971 0.6280419 0.3089239 0.09053368 0.1568633
95 0.1779194 0.1751423 0.24148 0.1914248 0.2177795 0.1102693 0.09647779 0.1034248 2.172809 0.5614811 0.3502932 0.1019144 0.1680474
96 0.163538 0.1539069 0.2208425 0.1869981 0.1895456 0.1182537 0.0975572 0.1144447 3.445957 0.5325648 0.3311973 0.09193021 0.1361915
97 0.1509706 0.169836 0.2080921 0.2040388 0.1570072 0.08717126 0.1104306 0.06874743 0.7994585 0.4546979 0.3169994 0.08286764 0.1150874
98 0.1274069 0.1490236 0.170475 0.1878355 0.1057569 0.07607973 0.1122163 0.07969511 0.7847718 0.4438479 0.2931055 0.09117109 0.1184753
99 0.1406095 0.1574423 0.1941639 0.1910897 0.1310036 0.08510145 0.1093178 0.07786056 1.771723 0.4645638 0.3020938 0.08697008 0.1109664
100 0.1473687 0.1753344 0.2070621 0.2146664 0.1558857 0.1068179 0.1217486 0.08599735 1.200545 0.4466539 0.3078509 0.08512363 0.1107455
101 0.1496262 0.1259394 0.2205326 0.1521936 0.1758235 0.08182697 0.06557339 0.07398748 1.672673 0.5472493 0.2972869 0.09270276 0.1547377
102 0.1453791 0.1542316 0.2168582 0.2049149 0.1636516 0.1123388 0.1299899 0.07550196 1.366882 0.4892732 0.3029429 0.09417225 0.1338919
103 0.1708147 0.1545343 0.2378536 0.1788077 0.2139847 0.115155 0.1111108 0.07994885 6.457322 0.5828995 0.3182939 0.1133206 0.180375
104 0.1482364 0.1420118 0.2112903 0.1788499 0.1619932 0.09674034 0.09780682 0.08418343 1.430755 0.4567137 0.281141 0.09153126 0.1245635
106 0.1472835 0.134085 0.2122153 0.1643272 0.1779989 0.1022794 0.08944535 0.0948274 3.855833 0.7580941 0.36483 0.1209722 0.2135063
107 0.1506651 0.1605709 0.2077402 0.2085047 0.1507053 0.1001067 0.119451 0.08956059 1.080132 0.3429213 0.2796253 0.07761144 0.08776826
109 0.1504867 0.1389362 0.2151222 0.1759426 0.1772796 0.1064795 0.09961406 0.09930528 10.91968 0.5140666 0.3176559 0.130973 0.1926599
110 0.1566123 0.1723263 0.2171311 0.1958093 0.1807991 0.1022964 0.1462601 0.07656378 3.01429 0.4661526 0.3115956 0.09746701 0.1334397
112 0.1512957 0.1469691 0.2053648 0.191301 0.1450047 0.09095445 0.1031881 0.06559844 1.803422 0.4881281 0.280203 0.09164018 0.1199954
113 0.1683683 0.1851184 0.2353247 0.2207142 0.1935407 0.1214259 0.1266867 0.1071282 1.11915 0.4484426 0.2902852 0.08756913 0.1204682
114 0.1358332 0.3167527 0.1831591 0.2681034 0.1389283 0.1244841 0.09746122 0.1260501 2.649319 0.8610033 0.2924111 0.1196775 0.3176027
115 0.1549037 0.139796 0.2082837 0.1615472 0.1533396 0.08083355 0.07104795 0.07071504 1.620827 0.5498249 0.319138 0.09072068 0.1408807
116 0.1518586 0.160175 0.2061385 0.1784153 0.1550367 0.09495416 0.08237093 0.08994593 1.781722 0.4970615 0.2882632 0.09833849 0.1534347
117 0.1682427 0.1711004 0.223548 0.2038609 0.1954587 0.1256825 0.1146127 0.08753785 1.341047 0.5676132 0.3095957 0.09915957 0.1603002
118 0.1391432 0.1348216 0.2029084 0.1704634 0.1445514 0.0952651 0.08314565 0.0816611 0.9795658 0.4978501 0.3152191 0.08176687 0.1148672
119 0.1479137 0.1962409 0.2049358 0.2367809 0.1628972 0.1342279 0.1586955 0.1174849 1.881605 0.5641701 0.3079574 0.09611847 0.1686096
