2 2.874845 1.165072 1.169224 9.046953 1.079096 1.197831
5 1.76956 1.292689 1.362169 3.970058 1.360705 1.394246
6 3.191414 2.148366 2.089206 7.361182 2.24956 2.10185
8 1.224831 0.9980504 1.015458 3.33666 1.049263 1.077195
10 2.252631 1.333559 1.380805 7.23737 1.359422 1.4958
11 1.844419 0.793904 0.8719245 4.264826 0.810698 0.787263
13 1.677546 1.180053 1.230127 4.807191 1.192134 1.145895
15 1.814882 1.051951 1.078978 5.579756 1.119583 1.078575
16 1.835886 1.250327 1.19603 5.382012 1.191187 1.160363
17 4.167268 2.877542 2.88542 6.903809 2.88575 2.959639
18 3.655054 2.290979 2.645507 8.955418 2.388593 2.213519
20 3.584627 2.470942 2.424943 7.708801 2.567224 2.506357
21 2.659542 1.892523 1.858928 5.940006 2.020556 1.979185
22 3.804979 2.905059 2.918651 6.824303 2.995839 3.00337
23 1.278269 0.5951457 0.568846 4.028554 0.5711754 0.6029231
24 2.343166 1.485685 1.424476 5.872653 1.424358 1.36421
25 2.310423 1.711756 1.613055 7.520962 1.719736 1.554912
26 2.970552 1.747174 1.726874 6.244882 1.65634 1.717093
28 2.232591 1.943136 1.972663 5.765015 1.998343 2.013782
29 2.07448 1.476621 1.433334 7.295591 1.656822 1.698174
30 2.560089 1.70482 1.635365 6.296617 1.497138 1.599868
31 3.565919 2.446059 2.364507 9.34638 2.274173 2.324068
32 2.233376 1.488294 1.531097 6.415498 1.39782 1.332252
34 3.099591 1.912579 1.977043 6.497911 1.850998 1.880814
35 2.838122 1.53969 1.606698 6.926105 1.479455 1.499906
36 1.912401 1.28197 1.325942 4.115144 1.275028 1.278526
37 3.467364 1.971517 2.157137 9.087082 2.300976 2.256763
38 4.054724 1.949342 1.872041 8.655037 2.233923 2.310373
39 1.798623 1.295968 1.259009 5.383178 1.312191 1.306214
40 1.987784 1.680256 1.676434 5.245473 1.861958 1.689181
41 2.69722 1.641939 1.646926 8.17794 1.707317 1.686314
42 2.613767 1.537597 1.507843 6.303313 1.447077 1.646903
43 1.767589 1.38268 1.402594 4.783723 1.467181 1.413393
44 1.748995 1.165198 1.13036 6.772984 1.094898 1.137502
45 2.706191 1.782887 1.852403 8.05195 1.650373 1.72899
46 3.618858 2.600223 2.444293 9.536764 2.374052 2.318085
47 2.01596 1.700628 1.605619 5.706391 1.767022 1.686811
48 1.138719 0.9006413 0.8962264 3.508356 1.020143 1.005272
49 2.914378 1.972998 2.012527 5.743286 2.018168 2.043633
50 1.84091 1.350438 1.352949 7.754432 1.731127 1.746423
51 1.672039 1.183185 1.120343 6.068998 1.159173 1.113585
52 2.153647 1.401414 1.400162 5.304879 1.304333 1.318958
53 2.987042 2.116452 2.033556 6.527617 2.032147 2.007682
54 3.405255 2.07149 1.954491 7.433459 1.927776 1.906241
55 2.878952 2.024117 2.10585 7.221203 2.142432 2.005965
56 2.996421 2.299597 2.299474 6.976341 2.370577 2.303959
57 2.012018 1.156487 1.160389 5.334687 1.267396 1.249979
58 2.045057 1.434483 1.460345 4.576648 1.472906 1.401252
59 3.427681 2.175593 2.056628 8.935422 2.466965 2.28335
60 2.126633 1.474792 1.452626 6.075787 1.632449 1.544033
61 1.693771 1.082587 1.126397 5.128112 1.172784 1.169524
62 3.08633 2.49108 2.397855 7.775864 2.434011 2.38567
63 2.991367 1.633283 1.715077 6.384276 1.546009 1.531493
64 4.708756 2.723601 2.861546 11.65369 3.015429 3.05825
65 2.856157 1.876354 1.890741 6.536857 1.969401 2.058475
66 3.22735 1.615579 1.725361 10.61125 1.699815 1.713736
67 2.163526 1.457774 1.491681 6.096089 1.564339 1.479488
68 2.309513 1.382063 1.416013 6.35827 1.277098 1.309248
71 2.503996 1.430714 1.397868 6.2516 1.514323 1.45064
72 2.435826 1.733838 1.665342 5.480756 1.850953 1.851937
73 2.406746 1.454798 1.486571 6.291866 1.50926 1.485727
74 3.482346 1.957993 1.965591 8.758148 2.019793 2.027649
77 1.895176 1.334334 1.380976 3.295521 1.245738 1.233748
78 1.926181 1.599571 1.586889 5.063366 1.674792 1.781481
79 2.487361 1.508945 1.546862 6.955847 1.555253 1.547011
80 2.6731 1.447855 1.394462 6.239976 1.590085 1.528717
81 2.086105 1.450675 1.494823 4.977007 1.423505 1.411714
82 1.575923 1.053433 1.003191 5.476766 1.004007 1.080331
83 1.795784 1.199859 1.219019 5.914141 1.321303 1.304907
84 2.207662 1.415623 1.363225 5.773368 1.403069 1.390105
86 2.177958 1.690741 1.683883 6.989595 1.72451 1.768425
87 3.406938 2.581499 2.521975 8.576271 2.767628 2.778766
88 4.035909 2.86661 2.831713 9.14715 2.923777 2.892652
89 2.94441 1.582529 1.569872 7.778829 1.569686 1.608437
90 5.355512 4.025303 4.303187 8.871313 4.03732 4.181139
92 3.01579 2.16714 2.098163 9.073995 1.93209 2.145849
93 2.4431 1.465374 1.465505 6.302959 1.453336 1.490403
94 1.637491 1.133285 1.123422 4.696897 1.252157 1.172115
95 2.2243 1.244233 1.308201 5.907616 1.312735 1.306059
96 2.667669 2.17205 2.170237 6.611899 2.269544 2.261477
97 2.947879 1.801068 1.698971 8.664687 1.584466 1.602171
98 3.957913 2.582608 2.260171 7.628378 2.181879 2.28609
99 1.553458 1.286572 1.336516 2.883978 1.222894 1.28959
100 2.308099 1.274975 1.28193 6.846792 1.291183 1.181109
101 2.168355 1.545042 1.570744 6.123176 1.799873 1.67371
102 3.220439 2.287676 2.243857 8.504172 2.315139 2.425422
103 2.079676 1.374604 1.466681 5.712976 1.533639 1.517726
104 1.518243 1.236304 1.250167 3.697035 1.350339 1.339394
106 3.031007 1.457357 1.394035 6.618819 1.600414 1.562768
107 4.012197 2.999867 3.240153 8.331941 3.312298 3.126075
109 2.437272 1.575983 1.653964 5.831793 1.632795 1.584354
110 3.609792 2.31898 2.194192 7.235435 2.421822 2.404529
112 1.28276 1.074873 1.051087 4.168793 1.132166 1.204347
113 2.180538 1.533346 1.481231 9.106342 1.679349 1.736068
114 2.248743 1.59217 1.588002 4.445005 1.625229 1.597498
115 2.204677 1.173663 1.222102 5.011349 1.013365 1.100286
116 1.826037 1.120184 1.085781 5.598036 1.307435 1.266542
117 3.631749 2.33454 2.31682 9.803079 2.413001 2.407869
118 2.074194 1.538762 1.528987 5.71423 1.616813 1.552428
119 2.46808 1.60594 1.64664 6.627176 1.77408 1.760595
