2 4100002
5 4100005
6 4100006
8 4100008
10 4100010
11 4100011
13 4100013
15 4100015
16 4100016
17 4100017
18 4100018
20 4100020
21 4100021
22 4100022
23 4100023
24 4100024
25 4100025
26 4100026
28 4100028
29 4100029
30 4100030
31 4100031
32 4100032
34 4100034
35 4100035
36 4100036
37 4100037
38 4100038
39 4100039
40 4100040
41 4100041
42 4100042
43 4100043
44 4100044
45 4100045
46 4100046
47 4100047
48 4100048
49 4100049
50 4100050
51 4100051
52 4100052
53 4100053
54 4100054
55 4100055
56 4100056
57 4100057
58 4100058
59 4100059
60 4100060
61 4100061
62 4100062
63 4100063
64 4100064
65 4100065
66 4100066
67 4100067
68 4100068
71 4100071
72 4100072
73 4100073
74 4100074
77 4100077
78 4100078
79 4100079
80 4100080
81 4100081
82 4100082
83 4100083
84 4100084
86 4100086
87 4100087
88 4100088
89 4100089
90 4100090
92 4100092
93 4100093
94 4100094
95 4100095
96 4100096
97 4100097
98 4100098
99 4100099
100 4100100
101 4100101
102 4100102
103 4100103
104 4100104
106 4100106
107 4100107
109 4100109
110 4100110
112 4100112
113 4100113
114 4100114
115 4100115
116 4100116
117 4100117
118 4100118
119 4100119
