1 1706.757 1714.223 1715.703 1746.379 1752.658 1754.406
2 1688.627 1697.265 1702.82 1723.5 1731.197 1737.224
3 1614.459 1619.284 1640.151 1658.088 1662.508 1683.107
4 1611.41 1618.347 1629.009 1658.08 1663.616 1674.143
5 1672.821 1672.521 1683.703 1727.067 1726.85 1737.792
6 1566.161 1567.81 1591.372 1686.259 1690.689 1714.768
7 1575.326 1594.939 1599.231 1617.579 1636.846 1641.055
8 1528.972 1527.461 1542.847 1595.634 1595.138 1610.87
9 1589.642 1598.002 1599.816 1642.874 1644.914 1646.729
10 1785.407 1788.338 1798.036 1860.773 1858.884 1868.522
11 1671.933 1680.721 1692.259 1750.456 1759.025 1770.53
12 1695.523 1708.449 1710.847 1743.967 1756.79 1758.77
13 1654.981 1661.972 1671.805 1691.677 1694.871 1704.49
14 1635.351 1656.587 1664.214 1653.799 1676.685 1684.406
15 1615.893 1622.354 1625.102 1671.562 1674.825 1677.676
16 1573.008 1584.895 1597.607 1610.343 1623.402 1635.574
17 1595.937 1607.25 1615.842 1694.424 1700.759 1709.626
18 1525.64 1535.29 1548.201 1549.459 1559.435 1572.618
19 1684.183 1694.502 1696.229 1736.451 1743.299 1744.9
20 1729.554 1743.479 1748.029 1801.938 1815.82 1820.568
21 1598.59 1603.919 1619.209 1667.659 1672.394 1687.634
22 1767.952 1776.004 1781.241 1846.822 1852.704 1858.106
23 1595.726 1622.233 1623.478 1655.857 1680.086 1681.241
24 1628.925 1630.465 1651.146 1684.848 1684.689 1705.254
25 1621.643 1627.029 1634.702 1686.912 1692.223 1700.403
26 1589.728 1595.684 1602.4 1702.84 1705.348 1712.036
27 1649.505 1651.777 1667.635 1687.13 1688.419 1704.383
28 1649.302 1652.288 1663.354 1704.044 1707.238 1718.549
29 1723.351 1725.348 1732.448 1831.477 1828.224 1835.867
30 1563.837 1573.658 1582.969 1630.944 1639.371 1648.548
31 1681.686 1689.193 1698.757 1816.592 1825.784 1834.779
32 1537.741 1541.23 1559.662 1571.653 1573.404 1591.84
33 1678.032 1679.992 1699.672 1769.879 1770.926 1790.347
34 1557 1564.762 1577.412 1640.627 1641.623 1654.624
35 1760.24 1770.935 1776.203 1838.758 1849.392 1854.495
36 1619.613 1627.064 1638.716 1662.76 1669.14 1681.386
37 1655.603 1658.76 1673.436 1709.393 1707.735 1722.135
38 1693.07 1701.04 1718.855 1857.317 1871.528 1889.686
39 1619.071 1631.348 1637.022 1658.107 1666.877 1672.597
40 1715.338 1718.4 1740.584 1785.311 1789.963 1812.169
41 1555.977 1564.961 1584.633 1602.578 1610.852 1630.454
42 1586.488 1596.065 1606.352 1639.616 1643.371 1653.708
43 1655.677 1660.191 1667.67 1740.151 1744.187 1751.7
44 1485.069 1491.791 1511.904 1537.314 1540.267 1560.398
45 1658.829 1664.479 1678.427 1703.134 1709.683 1723.918
46 1590.655 1600.187 1624.204 1626.076 1637.197 1660.896
47 1541.115 1545.289 1570.549 1612.576 1614.347 1639.876
48 1577.339 1580.909 1592.763 1639.827 1642.235 1655.072
49 1758.574 1760.254 1764.376 1819.246 1818.849 1822.54
50 1697.585 1710.718 1713.607 1855.237 1867.543 1871.01
51 1732.445 1740.759 1742.628 1951.624 1953.398 1954.924
52 1469.52 1481.501 1497.698 1530.739 1535.467 1551.562
53 1605.815 1616.162 1622.664 1769.612 1783.837 1790.224
54 1592.623 1592.971 1607.601 1686.374 1687.224 1702.108
55 1608.574 1615.253 1620.901 1677.366 1680.276 1686.015
56 1736.828 1745.859 1747.987 1797.163 1808.019 1810.425
57 1700.371 1709.723 1717.931 1769.236 1780.013 1788.158
58 1621.531 1625.476 1641.841 1703.333 1699.276 1714.824
59 1657.416 1664.452 1672.928 1694.122 1702.151 1710.249
60 1583.118 1589.308 1604.401 1638.774 1646.491 1661.504
61 1603.492 1615.529 1619.002 1662.586 1668.825 1672.373
62 1705.065 1717.778 1722.9 1783.163 1795.741 1800.875
63 1653.279 1658.853 1668.024 1766.009 1774.962 1784.264
64 1746.164 1752.782 1761.259 1801.114 1805.93 1813.923
65 1798.978 1801.551 1814.267 1835.072 1836.249 1848.768
66 1555.477 1564.077 1571.985 1588.373 1594.528 1602.851
67 1786.093 1790.509 1795.438 1870.148 1872.575 1878.41
68 1643.921 1651.74 1653.134 1691.163 1698.624 1700.034
69 1617.827 1619.021 1626.862 1674.699 1675.817 1683.939
70 1621.631 1629.097 1645.401 1659.434 1664.572 1680.848
71 1652.504 1662.189 1664.126 1729.074 1737.818 1739.48
72 1569.965 1576.58 1585.775 1655.127 1660.043 1669.315
73 1589.826 1590.957 1603.144 1649.319 1648.349 1660.302
74 1635.917 1649.944 1649.937 1699.649 1712.295 1711.875
75 1589.108 1594.341 1608.129 1632.054 1636.58 1650.424
76 1758.383 1770.196 1770.655 1838.017 1848.601 1848.854
77 1638.686 1646.081 1658.447 1670.86 1675.433 1688.245
78 1658.763 1666.526 1674.54 1705.925 1712.007 1720.118
79 1534.722 1553.594 1561.03 1564.58 1583.383 1591.202
80 1793.988 1799.617 1798.007 1873.218 1874.444 1872.662
81 1578.121 1589.359 1598.54 1617.005 1627.199 1636.335
82 1738.348 1740.393 1747.579 1795.956 1796.505 1803.876
83 1547.719 1553.369 1572.306 1641.907 1643.332 1662.408
84 1674.057 1680.255 1684.982 1729.498 1736.153 1740.95
85 1636.608 1644.569 1649.457 1702.878 1712.287 1716.862
86 1590.321 1602.853 1604.894 1642.306 1653.548 1655.628
87 1519.885 1529.336 1556.248 1551.899 1559.618 1586.602
88 1664.659 1671.962 1680.107 1734.64 1738.459 1746.46
89 1522.813 1538.538 1535.986 1575.174 1590.481 1587.885
90 1694.285 1696.679 1715.672 1829.523 1831.38 1850.657
91 1657.179 1667.146 1674.443 1714.383 1724.963 1732.369
92 1605.007 1611.467 1619.813 1654.671 1659.066 1667.661
93 1604.556 1616.424 1629.619 1704.322 1715.879 1728.89
94 1614.447 1617.409 1625.719 1694.127 1693.453 1701.784
95 1630.989 1636.929 1655.696 1681.7 1685.079 1703.406
96 1619.017 1618.758 1648.677 1707.782 1705.02 1734.579
97 1685.084 1696.842 1706.289 1732.608 1745.044 1754.644
98 1660.426 1671.494 1678.687 1729.522 1741.982 1749.045
99 1818.975 1821.355 1831.283 1876.587 1879.564 1889.407
100 1761.713 1763.99 1767.749 1863.757 1867.606 1871.668
