1 1740.624 1745.485 1741.755 1777.641 1781.315 1777.853
2 1722.494 1728.527 1728.871 1754.762 1759.854 1760.671
3 1648.326 1650.546 1666.202 1689.35 1691.165 1706.554
4 1645.277 1649.609 1655.06 1689.342 1692.273 1697.589
5 1706.688 1703.783 1709.755 1758.329 1755.507 1761.239
6 1600.028 1599.072 1617.424 1717.521 1719.346 1738.215
7 1609.193 1626.201 1625.283 1648.841 1665.503 1664.501
8 1562.839 1558.724 1568.898 1626.896 1623.795 1634.316
9 1623.509 1629.264 1625.868 1674.136 1673.571 1670.176
10 1819.275 1819.6 1824.088 1892.035 1887.541 1891.969
11 1705.801 1711.983 1718.311 1781.718 1787.682 1793.977
12 1729.39 1739.711 1736.899 1775.229 1785.447 1782.216
13 1688.848 1693.234 1697.857 1722.94 1723.528 1727.937
14 1669.219 1687.849 1690.265 1685.061 1705.342 1707.852
15 1649.76 1653.616 1651.154 1702.824 1703.482 1701.123
16 1606.875 1616.157 1623.658 1641.605 1652.059 1659.02
17 1629.804 1638.512 1641.894 1725.686 1729.416 1733.073
18 1559.508 1566.552 1574.252 1580.721 1588.092 1596.064
19 1718.051 1725.764 1722.28 1767.713 1771.956 1768.346
20 1763.421 1774.741 1774.08 1833.2 1844.477 1844.014
21 1632.457 1635.181 1645.261 1698.921 1701.051 1711.08
22 1801.819 1807.266 1807.292 1878.084 1881.361 1881.552
23 1629.594 1653.495 1649.53 1687.119 1708.743 1704.687
24 1662.792 1661.727 1677.198 1716.111 1713.346 1728.701
25 1655.51 1658.291 1660.754 1718.174 1720.88 1723.85
26 1623.595 1626.946 1628.452 1734.102 1734.005 1735.483
27 1683.372 1683.039 1693.687 1718.392 1717.075 1727.83
28 1683.169 1683.55 1689.406 1735.306 1735.895 1741.995
29 1757.218 1756.611 1758.5 1862.739 1856.881 1859.314
30 1597.704 1604.92 1609.021 1662.206 1668.028 1671.995
31 1715.553 1720.455 1724.808 1847.854 1854.441 1858.225
32 1571.609 1572.492 1585.714 1602.915 1602.061 1615.286
33 1711.899 1711.254 1725.724 1801.141 1799.583 1813.793
34 1590.867 1596.024 1603.463 1671.889 1670.28 1678.071
35 1794.108 1802.197 1802.255 1870.02 1878.049 1877.942
36 1653.48 1658.326 1664.768 1694.022 1697.797 1704.832
37 1689.47 1690.022 1699.488 1740.655 1736.392 1745.582
38 1726.937 1732.302 1744.907 1888.579 1900.184 1913.133
39 1652.938 1662.61 1663.074 1689.369 1695.534 1696.043
40 1749.205 1749.662 1766.636 1816.573 1818.62 1835.616
41 1589.845 1596.223 1610.685 1633.84 1639.509 1653.9
42 1620.356 1627.327 1632.404 1670.878 1672.028 1677.155
43 1689.544 1691.453 1693.721 1771.413 1772.844 1775.146
44 1518.936 1523.053 1537.955 1568.576 1568.924 1583.844
45 1692.696 1695.741 1704.479 1734.396 1738.34 1747.365
46 1624.522 1631.449 1650.256 1657.338 1665.854 1684.342
47 1574.983 1576.551 1596.6 1643.838 1643.004 1663.322
48 1611.206 1612.171 1618.814 1671.089 1670.892 1678.519
49 1792.442 1791.517 1790.428 1850.508 1847.505 1845.987
50 1731.452 1741.98 1739.658 1886.499 1896.2 1894.457
51 1766.312 1772.021 1768.679 1982.886 1982.055 1978.371
52 1503.387 1512.763 1523.75 1562.001 1564.124 1575.009
53 1639.682 1647.424 1648.715 1800.874 1812.494 1813.671
54 1626.49 1624.233 1633.653 1717.636 1715.881 1725.555
55 1642.442 1646.515 1646.953 1708.628 1708.933 1709.461
56 1770.695 1777.121 1774.039 1828.425 1836.676 1833.872
57 1734.238 1740.985 1743.983 1800.498 1808.67 1811.605
58 1655.398 1656.738 1667.892 1734.595 1727.933 1738.27
59 1691.284 1695.714 1698.979 1725.384 1730.808 1733.695
60 1616.985 1620.57 1630.452 1670.036 1675.148 1684.95
61 1637.359 1646.791 1645.053 1693.848 1697.482 1695.82
62 1738.932 1749.04 1748.951 1814.425 1824.398 1824.321
63 1687.146 1690.115 1694.075 1797.271 1803.619 1807.711
64 1780.032 1784.044 1787.31 1832.376 1834.587 1837.369
65 1832.845 1832.813 1840.318 1866.334 1864.906 1872.215
66 1589.345 1595.339 1598.036 1619.635 1623.185 1626.298
67 1819.96 1821.772 1821.49 1901.41 1901.232 1901.857
68 1677.789 1683.002 1679.186 1722.425 1727.281 1723.48
69 1651.694 1650.283 1652.914 1705.961 1704.474 1707.385
70 1655.498 1660.359 1671.452 1690.696 1693.229 1704.294
71 1686.371 1693.451 1690.178 1760.336 1766.475 1762.926
72 1603.832 1607.842 1611.827 1686.389 1688.7 1692.762
73 1623.694 1622.219 1629.196 1680.581 1677.006 1683.748
74 1669.784 1681.206 1675.989 1730.911 1740.952 1735.321
75 1622.975 1625.603 1634.181 1663.316 1665.237 1673.871
76 1792.25 1801.458 1796.707 1869.279 1877.257 1872.301
77 1672.554 1677.343 1684.498 1702.122 1704.09 1711.691
78 1692.63 1697.788 1700.592 1737.187 1740.664 1743.565
79 1568.59 1584.856 1587.081 1595.842 1612.04 1614.648
80 1827.855 1830.879 1824.059 1904.48 1903.101 1896.109
81 1611.988 1620.621 1624.592 1648.267 1655.856 1659.781
82 1772.216 1771.655 1773.631 1827.218 1825.162 1827.322
83 1581.586 1584.631 1598.358 1673.169 1671.989 1685.855
84 1707.924 1711.517 1711.034 1760.76 1764.809 1764.396
85 1670.475 1675.831 1675.508 1734.14 1740.943 1740.309
86 1624.188 1634.115 1630.946 1673.568 1682.205 1679.074
87 1553.753 1560.598 1582.299 1583.161 1588.274 1610.049
88 1698.526 1703.224 1706.159 1765.902 1767.116 1769.907
89 1556.68 1569.8 1562.037 1606.436 1619.138 1611.332
90 1728.152 1727.941 1741.724 1860.785 1860.036 1874.104
91 1691.046 1698.408 1700.495 1745.645 1753.62 1755.816
92 1638.875 1642.729 1645.865 1685.933 1687.723 1691.108
93 1638.423 1647.686 1655.671 1735.584 1744.536 1752.337
94 1648.314 1648.671 1651.771 1725.389 1722.11 1725.23
95 1664.856 1668.191 1681.748 1712.962 1713.736 1726.852
96 1652.884 1650.02 1674.729 1739.044 1733.677 1758.025
97 1718.951 1728.104 1732.341 1763.87 1773.701 1778.09
98 1694.293 1702.756 1704.739 1760.784 1770.639 1772.492
99 1852.842 1852.617 1857.335 1907.849 1908.22 1912.853
100 1795.58 1795.252 1793.801 1895.019 1896.262 1895.114
