1 0.49
2 0.53
3 0.48
4 0.47
5 0.47
6 0.5
7 0.49
8 0.51
9 0.48
10 0.41
11 0.51
12 0.57
13 0.51
14 0.56
15 0.51
16 0.48
17 0.55
18 0.55
19 0.57
20 0.47
21 0.42
22 0.44
23 0.49
24 0.51
25 0.48
26 0.49
27 0.45
28 0.41
29 0.45
30 0.57
31 0.56
32 0.64
33 0.53
34 0.54
35 0.41
36 0.51
37 0.56
38 0.38
39 0.55
40 0.47
41 0.51
42 0.64
43 0.46
44 0.64
45 0.52
46 0.52
47 0.6
48 0.58
49 0.41
50 0.48
51 0.47
52 0.63
53 0.49
54 0.5
55 0.56
56 0.5
57 0.53
58 0.53
59 0.45
60 0.48
61 0.55
62 0.49
63 0.5
64 0.49
65 0.42
66 0.51
67 0.6
68 0.5
69 0.41
70 0.46
71 0.56
72 0.55
73 0.43
74 0.54
75 0.47
76 0.46
77 0.5
78 0.55
79 0.55
80 0.39
81 0.58
82 0.45
83 0.61
84 0.55
85 0.52
86 0.57
87 0.55
88 0.48
89 0.52
90 0.4
91 0.45
92 0.48
93 0.57
94 0.54
95 0.5
96 0.45
97 0.5
98 0.5
99 0.4
100 0.43
