1 -730.6623 -736.5535 -743.3717 -766.7171 -770.3246 -777.2569
2 -749.3192 -755.746 -765.5722 -779.7032 -784.6752 -794.5498
3 -735.5258 -745.18 -749.5516 -761.5369 -772.8449 -777.3583
4 -802.5715 -809.044 -815.2284 -823.0331 -827.748 -833.8845
5 -812.7149 -817.9686 -821.5586 -893.7531 -894.5797 -897.8657
7 -773.115 -776.941 -781.8703 -791.1292 -793.8816 -798.9009
8 -785.9255 -794.098 -800.4081 -807.2047 -813.9734 -820.3976
9 -850.3049 -854.2151 -857.4091 -889.9892 -891.6919 -895.1357
10 -792.8439 -798.0258 -804.0913 -809.2835 -812.7401 -818.8931
11 -822.3552 -825.1554 -833.5225 -841.1437 -843.5672 -851.8496
12 -753.0432 -757.6476 -764.4192 -781.0675 -784.1437 -791.1476
14 -764.0527 -766.4539 -781.4296 -793.9892 -794.8615 -809.9354
17 -798.1658 -805.1588 -809.4443 -837.2696 -841.8661 -846.2284
19 -836.4068 -840.6234 -844.0285 -861.0384 -864.5106 -868.0074
20 -825.0455 -832.5107 -839.2169 -852.0066 -858.0515 -864.7736
21 -818.8051 -821.9462 -827.3372 -851.0686 -853.5601 -859.0932
22 -750.831 -754.643 -766.799 -796.1892 -796.1155 -807.9676
23 -767.1799 -770.8773 -786.5598 -787.9868 -792.8453 -808.5648
24 -799.4431 -803.3706 -808.3582 -819.1932 -822.2506 -827.0785
26 -769.9579 -773.5441 -778.4913 -805.9919 -808.1941 -812.8599
27 -759.7072 -772.624 -778.3497 -776.9171 -788.5619 -794.2067
28 -834.884 -838.0085 -846.4309 -859.671 -861.2385 -869.8917
29 -846.0699 -852.0945 -855.662 -887.0254 -892.0036 -895.7637
30 -796.4879 -803.1258 -808.9108 -820.0026 -824.3434 -829.8186
31 -848.5408 -850.4113 -855.6307 -910.8617 -912.1997 -917.3347
32 -806.0609 -808.8926 -813.0649 -827.6935 -830.1304 -834.1392
33 -755.5651 -761.5655 -767.6189 -783.9877 -787.8693 -793.9215
35 -809.8471 -816.1209 -821.6532 -841.1224 -848.3414 -854.0023
37 -841.217 -850.4847 -852.6813 -872.9452 -882.8275 -885.3583
38 -800.3564 -802.5093 -809.8012 -831.2489 -832.4978 -839.6849
39 -800.3991 -805.2243 -812.1911 -823.6025 -828.1788 -835.027
40 -827.0101 -831.171 -835.8219 -865.9376 -868.5572 -872.9948
41 -813.5914 -816.1978 -825.2029 -861.164 -862.7077 -871.6152
42 -807.2743 -814.556 -816.982 -857.3534 -864.452 -866.7996
43 -838.7731 -843.463 -848.4208 -859.6114 -863.4092 -868.5962
44 -819.1653 -821.1092 -829.3603 -866.9275 -867.5295 -875.8775
45 -777.3094 -788.1346 -801.1188 -801.6933 -812.2965 -825.3608
46 -760.3983 -768.7694 -773.3323 -776.8006 -785.3267 -789.8272
47 -843.1312 -847.9461 -853.21 -895.7469 -900.966 -906.257
48 -832.0594 -837.7451 -842.0563 -850.8889 -855.2666 -859.4212
50 -824.6179 -826.6332 -841.5852 -858.6189 -859.7944 -874.7095
51 -840.8538 -846.1169 -848.1274 -870.8121 -875.3121 -877.5944
52 -870.5635 -876.7996 -879.1992 -916.0491 -921.4261 -924.1778
53 -865.29 -874.982 -883.1308 -888.0312 -897.8523 -905.7647
54 -781.3087 -784.7035 -789.5497 -830.4565 -833.1058 -838.0281
55 -764.4261 -771.467 -777.7385 -777.6266 -784.6549 -791.01
56 -792.3597 -796.1965 -811.5635 -825.7275 -830.3056 -845.6698
57 -779.3204 -782.346 -788.3871 -797.5072 -798.8524 -804.7867
58 -831.1171 -834.6387 -839.3128 -846.3058 -848.0705 -852.9357
59 -797.3683 -801.5506 -810.0083 -828.4402 -832.931 -841.7537
60 -809.4723 -811.7403 -817.4027 -852.8298 -854.1441 -859.7353
61 -890.6923 -894.8349 -899.6315 -957.0505 -961.8429 -966.6185
62 -814.6625 -817.4856 -826.8531 -840.3795 -841.4557 -850.7284
63 -774.0623 -782.6481 -786.9106 -799.2866 -808.055 -812.1428
64 -836.1791 -846.2909 -849.6609 -884.1778 -899.6258 -902.8774
68 -848.7797 -851.2144 -855.1837 -937.8286 -940.1453 -944.0767
69 -747.2776 -752.9772 -758.1009 -765.9705 -770.7591 -775.8354
70 -837.6597 -842.9152 -846.2034 -882.8672 -887.7372 -891.2505
71 -742.5126 -748.6759 -757.6178 -756.8439 -762.7139 -771.8682
72 -790.2299 -796.9746 -802.2454 -814.0834 -820.5906 -826.1477
74 -778.8503 -791.1826 -800.0685 -806.2952 -817.1443 -826.1239
76 -796.6604 -796.9799 -809.5832 -840.1434 -839.6898 -852.3005
77 -732.9366 -735.8986 -750.0067 -771.5929 -773.2047 -787.2139
78 -790.2524 -798.2769 -803.0843 -813.7048 -821.4918 -826.6237
80 -737.2837 -740.2443 -750.6552 -759.8573 -761.8068 -772.2228
82 -793.2245 -795.265 -810.6561 -827.2819 -829.3051 -844.6993
83 -811.243 -814.2055 -820.9171 -844.8774 -845.119 -851.6612
84 -869.6753 -875.2225 -876.662 -913.4838 -916.6796 -918.3129
85 -851.4599 -852.507 -859.4654 -869.962 -870.5042 -877.7288
86 -831.5368 -836.8795 -847.1154 -874.9422 -878.2739 -888.8638
87 -793.8613 -794.0701 -803.0233 -815.3862 -813.5305 -822.382
88 -741.1104 -745.5296 -755.3287 -754.2645 -757.4241 -767.166
89 -809.2615 -817.0716 -822.3253 -850.7696 -860.6882 -865.9266
90 -787.4579 -792.0164 -798.2873 -816.398 -819.0309 -825.1742
91 -734.1005 -740.3317 -753.1277 -760.0122 -765.2416 -778.1265
92 -807.7365 -809.0385 -821.5608 -839.6118 -838.1665 -850.7823
93 -831.4998 -837.1197 -839.0214 -882.1672 -887.4897 -889.4811
94 -822.1926 -824.5455 -832.69 -854.3923 -855.635 -863.9153
95 -735.4177 -738.5667 -753.1541 -755.2213 -758.3026 -772.7965
96 -774.9696 -779.944 -786.5104 -798.7068 -802.2316 -808.8784
97 -801.9175 -810.3838 -814.0882 -831.9375 -839.5997 -843.3831
98 -775.3043 -785.3333 -789.4171 -813.846 -824.4645 -828.2328
99 -795.9943 -798.4625 -801.6799 -837.0089 -839.0266 -842.179
100 -844.4261 -846.5632 -851.2837 -876.4178 -878.4002 -883.028
101 -804.2533 -807.3439 -812.635 -829.6085 -831.6001 -836.8337
102 -763.5508 -767.6597 -781.3067 -777.7186 -782.4455 -795.9955
103 -803.2211 -809.073 -814.1571 -826.8616 -832.8544 -838.0786
104 -787.4573 -801.938 -806.6798 -846.7408 -863.6848 -868.3809
105 -777.9716 -787.674 -791.4493 -816.3343 -826.3623 -829.8679
106 -765.8124 -769.2807 -780.3103 -787.0729 -788.7104 -799.7796
107 -805.6822 -809.4689 -819.637 -889.7024 -893.5552 -903.6346
108 -830.999 -836.8579 -838.946 -866.7342 -870.0874 -872.2177
109 -823.2626 -827.0139 -832.3336 -861.9286 -863.8296 -869.2054
110 -858.0467 -859.7875 -868.7569 -949.6552 -950.609 -959.5546
111 -849.184 -853.8322 -857.6454 -883.1975 -886.0023 -890.1367
112 -823.0878 -828.4005 -833.0616 -852.9521 -855.8078 -860.2887
113 -741.5876 -750.247 -763.6453 -756.8832 -764.7145 -778.2092
114 -804.4233 -808.6557 -814.87 -843.9607 -846.0929 -852.3637
115 -819.6738 -825.9653 -830.3376 -875.9313 -879.9846 -884.1966
116 -807.6541 -814.9576 -821.4219 -828.9223 -836.876 -843.174
