1 1.017732 0.7992472 0.7901666 1.702558 0.8017578 0.7843375
2 1.129695 0.9362146 0.9310649 1.586482 0.958423 0.929633
3 0.9527951 0.8124297 0.8111194 1.344177 0.7768232 0.831337
4 1.146996 0.8920416 0.8763206 1.888118 0.8809354 0.8453689
5 1.228199 1.207501 1.189545 1.525892 1.229955 1.22591
6 1.054126 0.98062 0.9312374 2.077625 0.9859076 1.00966
7 1.302352 0.9664815 1.010249 2.00933 0.9504536 0.9494665
8 0.8533302 0.8506952 0.8312285 0.9390509 0.8467132 0.8439372
9 1.066703 0.8031492 0.8112806 1.576462 0.7640485 0.8148654
10 1.078915 0.9974819 0.9746464 1.719259 1.018259 1.003609
11 1.27979 1.052013 1.060399 2.570885 1.082998 1.07981
12 1.247397 1.079381 1.052101 1.853 1.096659 1.079762
13 1.1454 0.926721 0.9301554 1.992947 0.9231363 0.9326565
14 1.164601 0.7649774 0.7453853 1.933152 0.7996553 0.7622232
15 1.181869 0.9292412 0.9373078 1.759212 0.9440613 0.9204111
16 1.171097 0.9311462 0.9432979 1.930573 0.9508871 0.9675059
17 0.9060044 0.7143187 0.7346887 1.717697 0.7042868 0.7446073
18 0.9564422 0.8090363 0.8228231 1.456536 0.8438704 0.8323233
19 1.072443 0.9447832 0.9622443 1.818705 0.9098395 0.9278838
20 1.339256 0.9862904 1.022087 2.201307 1.057416 1.010103
21 1.057781 0.9172256 0.9179249 1.593909 0.9075855 0.906712
22 1.002737 0.8439806 0.8564227 1.655097 0.8661337 0.8330768
23 1.345364 1.032938 1.052235 1.954392 1.050319 1.063207
24 1.079791 1.018434 1.03002 1.435276 1.019705 1.034069
25 1.364017 1.274552 1.267822 1.637461 1.299459 1.312787
26 1.165236 1.067672 1.071739 1.635132 1.100789 1.112567
27 1.224996 1.081141 1.101058 1.581642 1.043714 1.116485
28 1.155488 1.029558 1.050557 1.580189 1.016423 1.065792
29 1.380817 1.240351 1.197117 1.937824 1.288689 1.232796
30 0.8315136 0.7629488 0.7498884 1.497872 0.7601865 0.7697588
31 1.026086 0.9798034 0.9986051 1.658339 1.008924 1.008305
32 1.044779 0.8769998 0.8767806 1.864623 0.9237215 0.8680793
33 1.046283 0.8291153 0.8199475 1.934968 0.8740424 0.8788433
34 1.108615 0.9305632 0.9165243 2.085931 0.948584 0.9523627
35 1.346612 1.010917 0.9976545 2.336944 1.00884 0.9705323
36 0.9313467 0.8176124 0.8032723 1.853243 0.8355189 0.8464247
37 1.224128 1.05112 1.07726 2.406913 1.047529 0.9964633
38 1.416845 1.142375 1.137772 2.667939 1.217506 1.185844
39 1.135603 0.8172945 0.8010336 1.674109 0.813062 0.7840585
40 1.305102 1.135535 1.150393 2.273429 1.201806 1.201622
41 0.9509356 0.8184715 0.8176054 1.338745 0.7943854 0.8045548
42 1.365761 1.078452 1.088749 2.384627 1.077773 1.097312
43 1.094048 0.9177095 0.9028541 1.257964 0.9805887 0.9937373
44 1.366157 1.010404 1.017816 2.199718 1.006322 1.033196
45 1.315683 1.066534 1.073086 2.346589 1.138781 1.08885
46 1.156163 0.914122 0.8783371 1.842498 0.8821417 0.9147975
47 1.342481 1.241995 1.236029 1.997357 1.287751 1.29319
48 1.135751 0.9669159 0.9505795 1.904258 0.9545752 0.9426391
49 0.9095213 0.8294902 0.8380301 1.179834 0.8195139 0.8690306
50 1.169597 0.9095264 0.9159241 2.766278 0.8920397 0.884512
51 1.758295 1.431857 1.38644 2.894503 1.404979 1.442194
52 1.048319 0.8563847 0.8149811 1.869655 0.8237995 0.7998547
53 1.134085 1.050756 1.055431 2.137113 1.120015 1.146164
54 0.866901 0.8145518 0.8334262 1.34717 0.8626918 0.875031
55 1.061604 0.945764 0.9432982 1.684392 0.9919221 0.9565731
56 1.275484 1.035723 1.023408 2.368887 1.0144 0.9599263
57 1.277417 1.049834 1.086944 2.182796 1.066859 1.096363
58 1.016392 0.912065 0.9440439 2.095733 0.9140539 0.9144119
59 1.251018 1.045895 1.063965 1.795616 1.050316 1.058638
60 1.598513 1.420643 1.422521 2.073387 1.453325 1.476132
61 1.208638 0.9999432 1.028968 1.681586 1.057937 1.035327
62 1.255934 0.887139 0.897346 1.972582 0.9200555 0.9097767
63 0.8989509 0.7544779 0.7388465 1.833391 0.7844744 0.7338715
64 0.9584744 0.9594668 0.9528953 1.452141 0.9642931 0.9731823
65 1.172069 0.9823405 0.9951681 1.611995 1.0423 1.083534
66 1.164299 0.9056462 0.8791855 1.763577 0.8599891 0.8813349
67 1.208658 1.030429 1.019159 2.001497 1.026403 1.026169
68 1.135661 0.9283453 0.9499834 1.591832 0.943438 0.9445413
69 1.098945 0.997055 0.9772405 1.563534 0.9967285 0.9838709
70 1.193347 1.068812 1.05025 1.515184 1.036677 1.036606
71 0.9168667 0.8105758 0.7981953 1.804301 0.8566296 0.8394547
72 1.057796 0.9658573 0.9843937 1.666839 0.9968159 1.003899
73 0.9627382 0.8806473 0.9012924 1.518103 0.9083833 0.8961743
74 1.190948 0.9747367 0.9970919 2.081462 0.9795792 0.9848912
75 1.092824 0.9060879 0.9327271 1.359567 0.9498047 0.9534184
76 1.154153 0.9977229 0.9692563 1.885134 1.013032 0.9845987
77 0.948843 0.713462 0.7289633 1.475688 0.7549171 0.7169945
78 1.071028 0.8945014 0.8674721 2.023949 0.9174946 0.9114378
79 1.353101 0.9921979 0.9856905 2.120089 1.023391 0.9602585
80 1.037373 0.8626453 0.8474579 1.488392 0.8613023 0.8760317
81 1.334946 1.100532 1.086188 1.952226 1.089504 1.059594
82 1.134129 1.055676 1.046285 1.720121 1.088854 1.056912
83 1.129653 0.9601714 1.013184 2.170953 0.9988085 0.9996566
84 1.051595 0.8959101 0.883262 1.720806 0.9422708 0.9283797
85 1.072782 1.034554 1.034914 1.674554 1.025746 1.027379
86 1.166871 1.013743 1.023665 1.590159 1.020024 1.021456
87 1.30512 1.107223 1.084906 1.951678 1.078381 1.084285
88 1.25951 1.062659 1.094588 2.001062 1.016128 1.05077
89 1.122274 0.995211 0.9858377 1.674328 0.960333 1.002225
90 1.026244 0.953035 1.004426 2.071786 0.9168442 0.9575437
91 0.9997457 0.8997259 0.9215579 1.633344 0.9491297 0.8753858
92 0.9523866 0.8653378 0.8554633 1.379359 0.8475841 0.8606636
93 0.8974262 0.7583874 0.7507473 1.993407 0.8350305 0.8169782
94 1.035229 0.9844194 0.9845722 1.567757 0.9404178 0.961201
95 1.230744 1.047412 1.07834 1.729193 1.106421 1.062652
96 0.7374148 0.6748962 0.7280718 1.096118 0.7708069 0.7030979
97 1.497372 1.064777 1.080594 2.624969 1.116077 1.111092
98 1.171075 1.00694 0.9967143 1.510439 1.021137 1.039625
99 1.389682 1.202069 1.210303 1.897241 1.23811 1.194717
100 1.152105 1.083331 1.050091 1.805608 1.070619 1.092828
