1 0.302033 0.2771416 0.2833183 0.4352107 0.3144153 0.2942964
2 0.2691974 0.2158289 0.2186425 0.394988 0.2200107 0.2197232
3 0.3072488 0.2963902 0.2929387 0.3224466 0.2884337 0.3026394
4 0.2335259 0.1840467 0.1802644 0.3809626 0.1801031 0.1743396
5 0.2450206 0.2561301 0.2533312 0.2883078 0.2612274 0.263171
6 0.2534726 0.2589676 0.2510067 0.4337263 0.2525716 0.2644588
7 0.3057167 0.2277566 0.2352065 0.4698484 0.2183425 0.2182127
8 0.2197947 0.2251795 0.2199427 0.2245321 0.2259694 0.2214837
9 0.2358254 0.1859437 0.1879112 0.3341048 0.1807545 0.1915563
10 0.2524424 0.2587474 0.2504649 0.342325 0.2678213 0.2611823
11 0.2604747 0.2341484 0.2300111 0.5103649 0.2509399 0.2453611
12 0.3192901 0.2874666 0.2664091 0.4270201 0.2827415 0.2790537
13 0.2799264 0.2548999 0.2573018 0.4274664 0.2608924 0.2549281
14 0.2677134 0.2353788 0.2213714 0.4322445 0.2576795 0.2520175
15 0.2555198 0.2280441 0.2244663 0.3701999 0.2389889 0.2194104
16 0.3427388 0.2635413 0.2794838 0.5411131 0.2676913 0.2730057
17 0.6397663 0.2655978 0.2815773 0.6469984 0.271026 0.2438307
18 0.2768928 0.2713321 0.2708572 0.3458842 0.2756441 0.2698386
19 1.093365 1.559491 1.523661 0.8765267 1.604643 1.370313
20 0.2658631 0.2000863 0.2083962 0.4516885 0.2196453 0.208783
21 0.2093899 0.1949947 0.1955763 0.307494 0.1917597 0.1941323
22 0.6567007 0.716635 0.6940979 0.5881757 0.6801678 0.6911789
23 0.385143 0.3383708 0.358681 0.4673225 0.3962464 0.3682229
24 0.2090963 0.2010018 0.2039161 0.2743285 0.2005878 0.205345
25 0.3201096 0.314977 0.3076342 0.366702 0.3174307 0.324821
26 0.5543652 0.3985786 0.6765967 0.3988443 0.8320221 0.8141464
27 0.2887179 0.2752681 0.2848733 0.3379734 0.2634354 0.290135
28 0.2423468 0.2207962 0.2297649 0.3069357 0.2280878 0.2256408
29 0.8610144 1.000585 0.9799916 0.822632 0.9914273 1.027762
30 0.2134756 0.2167962 0.2138759 0.3378773 0.2189062 0.2232287
31 0.4071676 0.4430438 0.4664541 0.4530554 0.4400084 0.4298565
32 0.2115225 0.1902423 0.186213 0.3644179 0.1987903 0.1864301
33 0.2304608 0.1963705 0.195154 0.3792395 0.2002446 0.1971342
34 0.2204784 0.1981462 0.198989 0.4263156 0.2047865 0.2040662
35 0.2966061 0.2259644 0.2204502 0.5250041 0.2247649 0.2193373
36 0.1753686 0.1571358 0.1540881 0.3731802 0.166606 0.1702038
37 0.2598881 0.242604 0.2497333 0.4955516 0.2435237 0.2326261
38 0.2769675 0.2654378 0.2743697 0.6261994 0.2995349 0.3002019
39 0.4165241 0.2693534 0.2712514 0.551443 0.2929774 0.2673913
40 0.2378204 0.207706 0.195989 0.450681 0.2102117 0.2132025
41 0.2156267 0.2049363 0.2040956 0.2833407 0.2013534 0.1996429
42 0.3216737 0.3036095 0.3160079 0.5073582 0.3022779 0.3110673
43 0.8296551 0.8755198 0.8679782 0.7639217 0.8995571 0.8654601
44 0.3442284 0.2921489 0.3076071 0.4738277 0.3140691 0.3131284
45 0.3651412 0.3517139 0.3553065 0.4877749 0.3840982 0.3626787
46 0.3556739 0.3347257 0.316118 0.4811732 0.3367546 0.3300541
47 0.2492616 0.2457744 0.2449562 0.3474162 0.2524689 0.2555886
48 0.2430564 0.201819 0.2030232 0.41021 0.1909803 0.1928103
49 0.2147691 0.206626 0.2093139 0.2631254 0.2048553 0.2173257
50 0.2316838 0.1857943 0.1883517 0.5889063 0.1803311 0.1778721
51 0.3520006 0.3193329 0.3155369 0.5696272 0.3098506 0.3207937
52 0.2350882 0.2472011 0.2425606 0.4055475 0.2409075 0.240864
53 0.8154409 0.9246724 0.9030942 0.7767255 0.9609714 1.037054
54 0.2256076 0.2131882 0.2206826 0.3048017 0.2295145 0.2267298
55 0.2220285 0.2243709 0.2275661 0.3428776 0.234312 0.2341476
56 0.2548908 0.2165326 0.2131266 0.4796546 0.2099294 0.19198
57 0.2998882 0.2817928 0.298125 0.4843042 0.2957584 0.2969797
58 0.226319 0.2072484 0.2129092 0.4292528 0.2053228 0.2064277
59 0.4176819 0.3911811 0.4034445 0.4880923 0.3980509 0.4032073
60 0.3496823 0.3422071 0.3457274 0.4311148 0.3555201 0.3536606
61 0.3887006 0.4011393 0.4406445 0.3331252 0.494546 0.4972061
62 3.165603 2.100899 1.749816 2.404501 1.395113 1.470818
63 0.1955337 0.1694315 0.1669752 0.3857112 0.1799202 0.1625358
64 0.5255818 1.010035 0.9837839 0.5996138 1.100301 1.054522
65 0.3088933 0.2759536 0.2734367 0.3947581 0.2920052 0.2994465
66 0.2409619 0.1986319 0.1927328 0.359163 0.1939002 0.1951875
67 0.4168805 0.3571409 0.3774869 0.6363693 0.3355153 0.3317104
68 0.3103365 0.2854166 0.2961072 0.3844474 0.2771806 0.2814195
69 0.2299634 0.2150408 0.2063232 0.3110336 0.2065366 0.2036828
70 0.2236044 0.2086776 0.2033933 0.2862761 0.198048 0.1989639
71 0.7015878 0.7380935 0.7648021 0.6186301 0.8250976 0.8121185
72 0.2594702 0.2555766 0.2634329 0.3383867 0.2718617 0.2725578
73 0.2318512 0.253784 0.2811036 0.3341377 0.2851132 0.2803241
74 0.3027848 0.3233667 0.3574368 0.4670542 0.3690144 0.3612053
75 0.2261454 0.1819153 0.1905675 0.269094 0.1921375 0.1916055
76 0.2844505 0.3093558 0.2975771 0.4054633 0.3242259 0.318856
77 0.2122415 0.1974131 0.2025297 0.3293738 0.2234837 0.2115909
78 0.2369958 0.1901127 0.1874852 0.4459357 0.2068653 0.2015345
79 0.448451 0.4412557 0.4324863 0.5827777 0.4703108 0.447821
80 0.2825091 0.2580544 0.2476627 0.3691374 0.2513901 0.2620739
81 0.2689935 0.2282322 0.2190428 0.3766205 0.2413847 0.2249339
82 0.2594312 0.2537224 0.2577188 0.3460992 0.2593062 0.252371
83 0.4495881 0.3773255 0.4499119 0.5885362 0.494232 0.5240338
84 0.2480187 0.2357611 0.2309931 0.3697733 0.2478414 0.2419571
85 0.287539 0.312805 0.300994 0.3950304 0.3018507 0.310078
86 0.2823412 0.2773425 0.2765185 0.3273754 0.2773756 0.2816001
87 0.4520388 0.486291 0.4449742 0.5819118 0.4606749 0.4732043
88 0.2946652 0.2582043 0.2707839 0.4550864 0.2440752 0.2545965
89 0.402112 0.3823781 0.4072166 0.4464615 0.4048945 0.3828488
90 0.2125529 0.2100558 0.2185033 0.4119803 0.2002771 0.2106668
91 0.8434425 0.8772081 1.069708 0.6944751 1.08242 0.9756934
92 0.2317935 0.2200112 0.22107 0.31015 0.2161063 0.2228147
93 0.1897242 0.1806419 0.1777241 0.4079166 0.2119937 0.2033104
94 0.3500245 0.3490967 0.3448065 0.4168035 0.3257389 0.3406266
95 0.2726898 0.2517418 0.2631233 0.3547646 0.2672056 0.2564845
96 0.1563988 0.1463925 0.1578319 0.2152212 0.1655079 0.1505399
97 0.3277758 0.2339828 0.2496266 0.6286669 0.2399317 0.2780166
98 0.3669202 0.3089601 0.3058206 0.4168753 0.2983762 0.3059255
99 0.2353139 0.2138296 0.2134281 0.3317914 0.218076 0.2107872
100 0.2656492 0.2571794 0.248212 0.375209 0.2442715 0.2529265
