1 0.1452602 0.1311768 0.2061978 0.183111 0.1533747 0.1015515 0.1099569 0.0662704 2.553006 0.40379 0.3139131 0.06848229
2 0.1472277 0.122376 0.2009133 0.1602465 0.1422251 0.08285941 0.07880593 0.07034 2.974732 0.3596399 0.2963484 0.06903713
3 0.1326301 0.1169616 0.1897068 0.1516347 0.1264414 0.07306338 0.0717899 0.0574554 1.895608 0.3853476 0.3593518 0.0749016
4 0.1510329 0.1048001 0.2174225 0.1412224 0.1685617 0.08228178 0.05947416 0.07207777 1.442121 0.4004469 0.3276511 0.07617131
5 0.1229296 0.1196128 0.1714714 0.1652489 0.1062986 0.07610244 0.08661943 0.06991386 1.199297 0.472367 0.3171666 0.08431951
6 0.1308027 0.1182177 0.1864647 0.1491548 0.1243093 0.07128325 0.06651368 0.0656771 0.8841145 0.3886657 0.3286664 0.07397221
7 0.1222529 0.1016115 0.1880735 0.1467681 0.1185735 0.06788844 0.06461202 0.0584939 1.555063 0.33881 0.3273588 0.06871055
8 0.1265899 0.09779803 0.1787088 0.1339736 0.1053731 0.05523327 0.05274139 0.04844521 1.242381 0.4609872 0.3166681 0.08090514
9 0.1418986 0.09401756 0.1984825 0.1244725 0.1407436 0.06140635 0.04928064 0.05652099 1.415278 0.4032534 0.3112573 0.07294546
10 0.1522499 0.1218435 0.2183347 0.1743201 0.1630929 0.09783446 0.1017678 0.06623081 1.413538 0.4286948 0.3516277 0.07264951
11 0.1604519 0.1238534 0.2213159 0.1645987 0.1706442 0.09173996 0.08363933 0.06956333 1.293471 0.3675183 0.3173592 0.06738504
12 0.1395342 0.1145197 0.2022782 0.1583816 0.1523067 0.07830745 0.08038034 0.06450905 1.786377 0.3283576 0.2904963 0.06336962
13 0.1391394 0.1083116 0.2047579 0.1513234 0.1457898 0.07588767 0.07097968 0.07249167 2.202479 0.3780075 0.3196596 0.07266078
14 0.143136 0.1018989 0.2076548 0.1440256 0.1550588 0.08182054 0.06481606 0.08189541 3.365508 0.3626827 0.298773 0.06932225
15 0.1409707 0.1146617 0.2025501 0.1601479 0.1496321 0.08652683 0.0882688 0.06094217 1.6828 0.3519675 0.3093855 0.0696248
16 0.1380671 0.1031225 0.1934411 0.1346873 0.130445 0.06687957 0.05746614 0.05961746 2.196859 0.3794974 0.3283358 0.07724814
17 0.1337839 0.09728311 0.1819844 0.1251959 0.1163175 0.05629121 0.0488158 0.05413297 0.8652825 0.3585721 0.3000104 0.06406915
18 0.1163471 0.09100412 0.1749322 0.1369313 0.1053943 0.05969288 0.0597948 0.05979392 2.776076 0.4064206 0.3097432 0.07680587
19 0.1480113 0.1017515 0.2077091 0.1390688 0.1467756 0.0736475 0.06315084 0.06941988 1.280989 0.3290216 0.2840378 0.06515227
20 0.1558177 0.1222027 0.2134375 0.160242 0.1659044 0.08526103 0.08038429 0.07005513 1.310957 0.342362 0.32455 0.06534632
21 0.1121117 0.115646 0.1641285 0.157796 0.09400443 0.06332079 0.07521836 0.06073494 1.324488 0.4661392 0.3602875 0.08342988
22 0.1588736 0.111541 0.213063 0.14402 0.1590196 0.07181005 0.06535754 0.07090702 0.9286301 0.368298 0.3294335 0.0681095
23 0.1333119 0.1033212 0.180391 0.1386963 0.1185449 0.06665672 0.06826089 0.05857626 1.039219 0.3526674 0.3056566 0.06959028
24 0.125614 0.08887929 0.1958999 0.1317002 0.1284259 0.06237771 0.05518626 0.05880655 1.655715 0.3949894 0.3569307 0.0793842
25 0.1433784 0.1201202 0.1933913 0.1537558 0.1308638 0.06877109 0.0742155 0.05260732 1.240658 0.3444811 0.3105568 0.06407417
26 0.1340247 0.09042218 0.1941149 0.1270796 0.1327254 0.06180739 0.05391022 0.04801633 0.731753 0.3992161 0.3087312 0.07452248
27 0.1381753 0.1148325 0.192888 0.149822 0.1286101 0.0744828 0.07528883 0.06362131 1.919035 0.3968503 0.3476115 0.07700352
28 0.1336885 0.1122139 0.1835821 0.1463751 0.1157701 0.06653701 0.06988714 0.05864186 1.368669 0.4224215 0.3574942 0.07186655
29 0.165409 0.1352697 0.2193181 0.173929 0.1660488 0.0919789 0.09474805 0.06186366 0.8679507 0.3944311 0.3283009 0.06654863
30 0.1371875 0.1206676 0.2009901 0.1669908 0.1394331 0.09099908 0.0888623 0.06754312 1.6207 0.3435837 0.3081082 0.06557406
31 0.1399422 0.1374238 0.1856089 0.1789548 0.1173288 0.07989201 0.09603653 0.07012538 0.7919023 0.3549836 0.2911687 0.06447192
32 0.1399472 0.1181829 0.1951388 0.1502539 0.1351579 0.07783574 0.06868317 0.08554334 1.811844 0.3706684 0.2781896 0.0707678
33 0.1598374 0.1286224 0.206676 0.1711556 0.1498329 0.09652268 0.09098021 0.06950935 0.9623323 0.451136 0.3105196 0.07507192
34 0.1555224 0.1118623 0.23383 0.1616761 0.2007399 0.09915762 0.08094077 0.06339432 1.262093 0.3646429 0.3069039 0.0670586
35 0.1438768 0.1212923 0.1960029 0.1580079 0.1336284 0.0747148 0.08166429 0.06100922 0.9794775 0.4242393 0.332739 0.07709139
36 0.1489 0.1141924 0.2283349 0.1671218 0.1726816 0.09104862 0.08747499 0.05871138 2.462877 0.3748936 0.3392719 0.07005874
37 0.1595961 0.1287343 0.2313573 0.1767129 0.190319 0.1056796 0.101889 0.07301203 1.704233 0.3735278 0.2925209 0.06847451
38 0.121011 0.1121833 0.1789201 0.158973 0.1050238 0.06859392 0.08060733 0.05427238 0.9299521 0.3684048 0.4096135 0.07440016
39 0.1587168 0.1373758 0.2069939 0.1725887 0.1516235 0.08745589 0.08543349 0.07601209 1.890653 0.3443209 0.2941174 0.06315805
40 0.1572198 0.1355004 0.226194 0.179859 0.1710229 0.09259364 0.08613891 0.08060327 1.364369 0.3699494 0.3442331 0.06958098
41 0.143462 0.1119757 0.1870572 0.1388007 0.120851 0.061704 0.05512398 0.06342373 1.33337 0.3729597 0.317604 0.06747657
42 0.1434347 0.1278733 0.2084731 0.1738356 0.1548892 0.0935899 0.09813854 0.08494092 1.212005 0.3330879 0.2758763 0.06483552
43 0.1466208 0.1090056 0.2050005 0.1450426 0.1547643 0.07306969 0.07281001 0.0521232 1.135037 0.3413299 0.3367368 0.06812721
44 0.1303605 0.1285864 0.1864372 0.1747331 0.1267875 0.08123997 0.08769829 0.07710675 2.092443 0.3460034 0.2933972 0.06579778
45 0.1358836 0.1161737 0.1998892 0.1626378 0.1435325 0.0806215 0.08275008 0.0847975 1.549793 0.3805738 0.3150336 0.06986285
46 0.1376661 0.1347551 0.1954219 0.1803489 0.1328647 0.0917349 0.1072445 0.06833422 2.099057 0.401609 0.3169085 0.07618564
47 0.1342675 0.102258 0.206595 0.1527235 0.1442752 0.07637284 0.06968998 0.06283709 1.296595 0.3521355 0.3114933 0.06706043
48 0.1377591 0.1194201 0.2067332 0.1724179 0.1593043 0.08328614 0.09805305 0.06651593 1.446717 0.355253 0.2960332 0.06709945
49 0.1456572 0.1220486 0.1964917 0.1600519 0.1312293 0.07527221 0.08206655 0.0638224 1.103974 0.4147128 0.3358016 0.07170906
50 0.1497298 0.1240858 0.1987888 0.1697233 0.1323535 0.07814685 0.0859751 0.06554265 0.641005 0.350489 0.3115096 0.05934619
51 0.1641081 0.1546587 0.2192117 0.2012872 0.161529 0.101803 0.1143182 0.06782061 0.9687802 0.3061817 0.3172039 0.05054477
52 0.1354457 0.1201953 0.1884411 0.1610599 0.1208688 0.07621748 0.07555592 0.05979198 1.413367 0.3339394 0.2833416 0.06155394
53 0.1259954 0.0918505 0.1901408 0.1303768 0.1222103 0.06148423 0.05644435 0.05762893 0.6913145 0.3432349 0.3213259 0.06838006
54 0.1104882 0.1096293 0.1551482 0.1416116 0.08314193 0.0511525 0.05901551 0.04980268 0.7252004 0.4186753 0.3168416 0.07838595
55 0.1337952 0.08896081 0.1955107 0.1279604 0.1284689 0.0632895 0.05217992 0.06239961 0.9973702 0.3505675 0.3014612 0.06576317
56 0.1868336 0.1181434 0.2599338 0.1632078 0.2305525 0.1081759 0.08895146 0.06702994 1.879436 0.3690135 0.3011497 0.06498775
57 0.1621235 0.139693 0.2166555 0.1741332 0.1644471 0.094058 0.09885187 0.06963076 1.268793 0.332366 0.3013144 0.06767461
58 0.1642362 0.1260515 0.2391398 0.1704664 0.2059505 0.09876046 0.08974316 0.0644525 1.811009 0.3716694 0.3155188 0.06862862
59 0.1404191 0.1207755 0.1969121 0.1725753 0.1385722 0.08253573 0.09615613 0.06047959 2.263449 0.3852239 0.3334421 0.07345639
60 0.1181669 0.1347023 0.1647399 0.1807637 0.1002611 0.07673162 0.1078886 0.0612358 1.230272 0.3612773 0.3415166 0.07419842
61 0.151313 0.1187246 0.2076574 0.1567307 0.1470163 0.08500531 0.08329007 0.06397379 1.426735 0.3645202 0.2932897 0.06566557
62 0.1553559 0.1341069 0.1935327 0.1637163 0.1213812 0.06928385 0.07331166 0.07111972 0.7579407 0.3564397 0.3071783 0.06792446
63 0.1253338 0.1107337 0.1873966 0.1528159 0.117578 0.06951915 0.06973162 0.06744026 1.14501 0.3649547 0.3224986 0.06721556
64 0.1227534 0.09969629 0.1917293 0.1454023 0.1422947 0.07323337 0.07281022 0.07609115 1.350707 0.3748326 0.3211439 0.07012372
65 0.1609739 0.1151435 0.2325344 0.1597384 0.1844238 0.09095765 0.08371166 0.06726166 2.157349 0.383281 0.3658251 0.07243931
66 0.1398994 0.1108705 0.1942031 0.1503711 0.1336172 0.06790641 0.0646257 0.06151448 2.536657 0.3711747 0.3058052 0.0709912
67 0.1437926 0.1372993 0.2160342 0.1872801 0.1560251 0.09563353 0.1146042 0.08246951 0.9052965 0.3180542 0.2908751 0.05609583
68 0.1452164 0.1178748 0.2002029 0.1576228 0.138928 0.07636966 0.08200235 0.06329139 2.09165 0.38214 0.3035069 0.06716915
69 0.1225073 0.1087969 0.1731218 0.1454762 0.1015576 0.06065899 0.0638008 0.05392367 1.484389 0.4525824 0.3448096 0.08676358
70 0.1719933 0.1233009 0.2323379 0.1565154 0.1948755 0.08945428 0.07203578 0.05682357 2.696054 0.3516956 0.3402734 0.06395401
71 0.1621493 0.1035104 0.2377676 0.1520606 0.1854842 0.08982445 0.06865069 0.08120184 1.209203 0.3342709 0.2995648 0.06232279
72 0.1570999 0.1224315 0.2131594 0.161008 0.1540008 0.08426543 0.0762253 0.05953537 1.389603 0.3805893 0.297491 0.06766676
73 0.149631 0.09137875 0.2234887 0.1391965 0.1659745 0.07575683 0.06106013 0.05193095 1.5189 0.4627227 0.3591008 0.08484533
74 0.1379614 0.1180599 0.1985507 0.1710564 0.1282976 0.08343711 0.0961727 0.06842253 1.098896 0.3446302 0.2933228 0.06461604
75 0.1223071 0.08618966 0.1963822 0.1264427 0.1340807 0.0660255 0.05484453 0.0540336 1.504265 0.3838378 0.3713453 0.07618098
76 0.1236505 0.1057454 0.1813282 0.1515591 0.1164006 0.07143234 0.07889682 0.06994846 0.8319324 0.3557212 0.3184035 0.0673309
77 0.1306652 0.1129584 0.1795505 0.1478925 0.1124735 0.0684581 0.07334721 0.0621988 3.160446 0.4071807 0.317911 0.07772539
78 0.1380161 0.1125539 0.2047737 0.1546999 0.1465387 0.0739791 0.07732027 0.06790967 1.891696 0.3538571 0.2987061 0.06735148
79 0.1372696 0.1200972 0.1947512 0.154801 0.1395337 0.07784898 0.07012271 0.06336807 2.644601 0.3616464 0.2971934 0.06575148
80 0.1564256 0.1215231 0.216357 0.169589 0.1727529 0.09007995 0.08884667 0.06492249 1.16626 0.4037276 0.3467213 0.07302254
81 0.117113 0.1100644 0.1853783 0.1688592 0.1153893 0.07796035 0.09141374 0.06541292 2.11264 0.3583325 0.3159358 0.06613333
82 0.1653947 0.1356784 0.219497 0.1746597 0.1609335 0.09385077 0.09122683 0.07140762 1.391217 0.3941736 0.320052 0.06884059
83 0.1731667 0.1425659 0.2455702 0.1855462 0.2077258 0.1052097 0.09748586 0.06690057 1.060936 0.3322013 0.2915415 0.06235705
84 0.123375 0.1017761 0.1949052 0.1517408 0.1258252 0.07189155 0.07175868 0.07183603 0.9932803 0.3566441 0.3033031 0.06634247
85 0.1406199 0.1255127 0.2059859 0.1810131 0.1482762 0.08918209 0.1023725 0.06221745 1.03902 0.3408002 0.3157853 0.06418196
86 0.1191589 0.09002202 0.1832355 0.1322207 0.1151251 0.0617269 0.0568092 0.05776483 1.32781 0.3354112 0.2923996 0.06288312
87 0.157301 0.1307004 0.20439 0.1580818 0.1351989 0.07322478 0.06949904 0.06820972 3.031773 0.3962086 0.3072402 0.07199108
88 0.1597582 0.1145701 0.229113 0.1519948 0.1905226 0.08328368 0.07738384 0.06494828 1.236164 0.3564039 0.3206031 0.06876541
89 0.1224683 0.1026175 0.1728081 0.1406261 0.1046935 0.0621016 0.06381177 0.05322257 1.380214 0.3466272 0.2978854 0.06728192
90 0.1359895 0.09804418 0.1961539 0.1329924 0.1268128 0.06190904 0.05494299 0.06095642 0.8781923 0.4124529 0.4089256 0.07761475
91 0.1365281 0.1172659 0.1963773 0.1544568 0.1313654 0.07077788 0.06831084 0.06201257 1.327153 0.3965591 0.3324606 0.07168018
92 0.1454877 0.1011038 0.2035522 0.1346285 0.148255 0.06871496 0.05900676 0.04793658 1.927899 0.3954457 0.3143164 0.07256597
93 0.1265304 0.1151963 0.1836914 0.1575182 0.1232106 0.07112526 0.07498213 0.05738835 0.9479625 0.3385662 0.318201 0.06452086
94 0.1507019 0.1148854 0.1971509 0.1462892 0.1434151 0.07501146 0.06476698 0.06027825 1.1235 0.397154 0.2986069 0.0688368
95 0.1488965 0.1154591 0.2050371 0.1521104 0.1441124 0.07637379 0.07221285 0.06191928 1.916971 0.3591366 0.3316206 0.07010329
96 0.1512645 0.1224818 0.2043772 0.152367 0.1386635 0.06896731 0.06088333 0.06079805 1.049384 0.4488784 0.3606186 0.07994726
97 0.1564306 0.1234754 0.2286564 0.167172 0.1933498 0.09989132 0.0942068 0.0788339 1.277563 0.3548806 0.3062854 0.06487825
98 0.1141967 0.1133331 0.1718729 0.1611187 0.1060119 0.06944149 0.08678883 0.05830418 1.220868 0.3346722 0.3537958 0.06474898
99 0.1776131 0.147383 0.234221 0.1824431 0.1816542 0.1002879 0.09714643 0.08154288 1.525943 0.4102607 0.3430926 0.07158307
100 0.1578834 0.1120007 0.2085403 0.1454062 0.144376 0.0700109 0.06957846 0.06349342 0.7944212 0.4031477 0.327813 0.07103572
