1 0.1602389 0.1501982 0.2180792 0.2090077 0.2306489 0.1515925 0.1450209 0.1894479 0.40379 0.3139131 0.06848229
2 0.1627378 0.1428796 0.2240743 0.1898568 0.2252251 0.1313944 0.1206741 0.1373231 0.3596399 0.2963484 0.06903713
3 0.143389 0.1313784 0.2080926 0.1746416 0.1957035 0.1176797 0.1086102 0.1280593 0.3853476 0.3593518 0.0749016
4 0.1738693 0.1247469 0.2497356 0.1694543 0.272707 0.1545782 0.1086952 0.1566618 0.4004469 0.3276511 0.07617131
5 0.1470342 0.1431976 0.2072228 0.2000116 0.229086 0.1525555 0.1481428 0.1459701 0.472367 0.3171666 0.08431951
6 0.1770596 0.1758061 0.2493914 0.2251925 0.376323 0.2741906 0.2573224 0.3199987 0.3886657 0.3286664 0.07397221
7 0.1393951 0.1203104 0.2151852 0.1730225 0.2201902 0.1321354 0.1163716 0.1149899 0.33881 0.3273588 0.06871055
8 0.1483538 0.1210859 0.212584 0.1704964 0.2146569 0.1276699 0.1180679 0.1106383 0.4609872 0.3166681 0.08090514
9 0.1709808 0.1054444 0.2345185 0.1423922 0.2348855 0.1188529 0.09164867 0.1283028 0.4032534 0.3112573 0.07294546
10 0.1728784 0.1552925 0.2452547 0.2142009 0.2629627 0.1677704 0.1731445 0.1976901 0.4286948 0.3516277 0.07264951
11 0.1908222 0.1517813 0.2733372 0.2099323 0.3291689 0.1842506 0.1521366 0.2633629 0.3675183 0.3173592 0.06738504
12 0.1723358 0.1270067 0.2470247 0.1737624 0.2579077 0.1357609 0.1127013 0.1639635 0.3283576 0.2904963 0.06336962
13 0.1523934 0.1229548 0.225428 0.171788 0.2194029 0.1218596 0.1025389 0.1461578 0.3780075 0.3196596 0.07266078
14 0.1594809 0.1164786 0.2285185 0.1596011 0.2313828 0.1347631 0.1043496 0.1435133 0.3626827 0.298773 0.06932225
15 0.1538876 0.1374306 0.2227712 0.1915831 0.25001 0.165634 0.1407262 0.189386 0.3519675 0.3093855 0.0696248
16 0.1496103 0.1206281 0.2132945 0.1582333 0.2121894 0.1200754 0.09876754 0.1274557 0.3794974 0.3283358 0.07724814
17 0.1792326 0.1226592 0.246362 0.1579697 0.2546941 0.1319693 0.08916652 0.1595181 0.3585721 0.3000104 0.06406915
18 0.1268364 0.1107583 0.1950968 0.1618708 0.1746943 0.1065035 0.102131 0.1017285 0.4064206 0.3097432 0.07680587
19 0.1810413 0.1295727 0.2424643 0.1678238 0.2502338 0.1373568 0.1068606 0.1487196 0.3290216 0.2840378 0.06515227
20 0.1829738 0.1473883 0.2567789 0.1940692 0.2747444 0.1466906 0.131015 0.190629 0.342362 0.32455 0.06534632
21 0.1388626 0.1281209 0.2070998 0.1815317 0.1997629 0.1226301 0.1212468 0.1205427 0.4661392 0.3602875 0.08342988
22 0.2010624 0.1343598 0.277806 0.1790961 0.3162864 0.1509732 0.1224515 0.1648994 0.368298 0.3294335 0.0681095
23 0.1681478 0.1262175 0.2314801 0.163072 0.2425316 0.1403461 0.1214929 0.1505836 0.3526674 0.3056566 0.06959028
24 0.1510593 0.1121881 0.2362235 0.1607065 0.222512 0.1121651 0.09692635 0.1296866 0.3949894 0.3569307 0.0793842
25 0.182079 0.1466525 0.2397442 0.1857038 0.2302608 0.1192981 0.1217027 0.1288751 0.3444811 0.3105568 0.06407417
26 0.1751469 0.13017 0.2443394 0.1725088 0.2610986 0.1447514 0.112643 0.1774988 0.3992161 0.3087312 0.07452248
27 0.1529676 0.135178 0.2130323 0.1759971 0.2032814 0.1194757 0.112143 0.1293167 0.3968503 0.3476115 0.07700352
28 0.1610137 0.1391723 0.2231152 0.1822118 0.2078953 0.1152369 0.1188841 0.1308598 0.4224215 0.3574942 0.07186655
29 0.2286542 0.1668889 0.3019747 0.2146862 0.4109461 0.259809 0.206788 0.2904919 0.3944311 0.3283009 0.06654863
30 0.1422785 0.1351265 0.2164263 0.1889743 0.2324861 0.1570856 0.1353828 0.1595286 0.3435837 0.3081082 0.06557406
31 0.2118843 0.1797453 0.2808469 0.2302132 0.3453515 0.1946936 0.1868974 0.2493263 0.3549836 0.2911687 0.06447192
32 0.1626926 0.1546562 0.2196065 0.2009131 0.2477925 0.1628476 0.1491519 0.1557796 0.3706684 0.2781896 0.0707678
33 0.2047377 0.1739123 0.2711157 0.2223707 0.3441616 0.2184437 0.1641573 0.245074 0.451136 0.3105196 0.07507192
34 0.1911959 0.1362653 0.2796308 0.1881937 0.3486578 0.1851541 0.1300737 0.2394108 0.3646429 0.3069039 0.0670586
35 0.1692229 0.151089 0.2355897 0.2040022 0.2423986 0.1503135 0.1506438 0.1485296 0.4242393 0.332739 0.07709139
36 0.1511872 0.1242111 0.2389468 0.1835995 0.2420667 0.1394631 0.1211148 0.1869897 0.3748936 0.3392719 0.07005874
37 0.1855269 0.1435473 0.2636645 0.1955482 0.3055656 0.1698405 0.1417567 0.2317088 0.3735278 0.2925209 0.06847451
38 0.1648758 0.1635923 0.2340979 0.2172405 0.2336652 0.1451716 0.1565917 0.1671632 0.3684048 0.4096135 0.07440016
39 0.1863496 0.1595959 0.2446942 0.1922023 0.2857286 0.1781751 0.1463404 0.1542846 0.3443209 0.2941174 0.06315805
40 0.1986213 0.1525746 0.2828854 0.2005559 0.3284278 0.1647988 0.1382532 0.1947108 0.3699494 0.3442331 0.06958098
41 0.173473 0.131511 0.2332375 0.1613839 0.2302384 0.1173178 0.0948764 0.1290064 0.3729597 0.317604 0.06747657
42 0.1743898 0.1545109 0.2499405 0.2013292 0.3073501 0.1824204 0.1822749 0.2542351 0.3330879 0.2758763 0.06483552
43 0.1875656 0.1305964 0.2722385 0.1758602 0.2944175 0.1441825 0.1397276 0.1473548 0.3413299 0.3367368 0.06812721
44 0.1605728 0.1409192 0.2342793 0.1939047 0.2789913 0.1840833 0.1541512 0.2118549 0.3460034 0.2933972 0.06579778
45 0.169578 0.1287367 0.2463165 0.1787384 0.2754509 0.1597583 0.1369393 0.1699979 0.3805738 0.3150336 0.06986285
46 0.1533334 0.1648739 0.210647 0.210251 0.2204109 0.1531039 0.151173 0.1695561 0.401609 0.3169085 0.07618564
47 0.1685381 0.1238484 0.2609469 0.1811893 0.2873233 0.1528163 0.1228 0.1735577 0.3521355 0.3114933 0.06706043
48 0.1818346 0.1373085 0.2697619 0.2019488 0.3004097 0.1545426 0.1560719 0.2263983 0.355253 0.2960332 0.06709945
49 0.166892 0.1385267 0.2325499 0.1849421 0.2382848 0.1374009 0.1279998 0.1427981 0.4147128 0.3358016 0.07170906
50 0.2275584 0.17998 0.3115371 0.2403193 0.4126608 0.2335485 0.1937 0.3176604 0.350489 0.3115096 0.05934619
51 0.2871393 0.1748034 0.4005129 0.2277917 0.7000786 0.3414856 0.2426929 0.460559 0.3061817 0.3172039 0.05054477
52 0.1542802 0.1615174 0.2178995 0.2214406 0.2344635 0.1587761 0.159873 0.1701243 0.3339394 0.2833416 0.06155394
53 0.161321 0.1630624 0.2353016 0.219549 0.2812282 0.1964729 0.1942776 0.177879 0.3432349 0.3213259 0.06838006
54 0.1494617 0.1440687 0.202566 0.1817482 0.1954823 0.1223494 0.112074 0.1166254 0.4186753 0.3168416 0.07838595
55 0.1581484 0.114713 0.239653 0.1664771 0.2589974 0.1446563 0.1208401 0.137475 0.3505675 0.3014612 0.06576317
56 0.1979615 0.1323816 0.2692608 0.1793377 0.3041873 0.1592862 0.1442068 0.2111346 0.3690135 0.3011497 0.06498775
57 0.1819146 0.1524801 0.2489809 0.1965288 0.2875064 0.1692499 0.1501887 0.2236739 0.332366 0.3013144 0.06767461
58 0.2032867 0.1555432 0.3004849 0.2134889 0.4768361 0.2544138 0.2007098 0.4834664 0.3716694 0.3155188 0.06862862
59 0.1568836 0.1451798 0.2235429 0.1953715 0.2114773 0.1239779 0.1251033 0.145785 0.3852239 0.3334421 0.07345639
60 0.140517 0.1604261 0.2010499 0.2130983 0.214189 0.1513841 0.1713599 0.1652186 0.3612773 0.3415166 0.07419842
61 0.1639058 0.1386349 0.2286098 0.1844816 0.2601096 0.156277 0.1373681 0.1913145 0.3645202 0.2932897 0.06566557
62 0.2011672 0.1658184 0.2555061 0.2016841 0.2891556 0.1681486 0.1620809 0.1619252 0.3564397 0.3071783 0.06792446
63 0.1627056 0.1369295 0.2445835 0.194267 0.2777235 0.1582602 0.145523 0.1565523 0.3649547 0.3224986 0.06721556
64 0.1632418 0.1334726 0.235127 0.1841645 0.2608676 0.1534549 0.1337492 0.1462281 0.3748326 0.3211439 0.07012372
65 0.1728237 0.1272289 0.2554781 0.1775389 0.2729019 0.1440249 0.1321447 0.1370892 0.383281 0.3658251 0.07243931
66 0.1592864 0.1256204 0.2199282 0.1658099 0.2098663 0.1115492 0.09453624 0.1239657 0.3711747 0.3058052 0.0709912
67 0.1874018 0.1775502 0.2771667 0.2448723 0.3367877 0.2011909 0.2049935 0.2458367 0.3180542 0.2908751 0.05609583
68 0.1644975 0.1422224 0.2234185 0.1868305 0.2312808 0.1360242 0.1393367 0.1431821 0.38214 0.3035069 0.06716915
69 0.1366904 0.1224198 0.1940879 0.1678268 0.1657055 0.1027003 0.0984081 0.1182797 0.4525824 0.3448096 0.08676358
70 0.1880966 0.1377552 0.2608371 0.170677 0.2742343 0.1337075 0.1024722 0.1438225 0.3516956 0.3402734 0.06395401
71 0.1787459 0.1387839 0.2715602 0.2010033 0.3151592 0.1723931 0.1374437 0.2120139 0.3342709 0.2995648 0.06232279
72 0.1653763 0.1506881 0.2298072 0.2004052 0.2466304 0.1519917 0.134505 0.1719763 0.3805893 0.297491 0.06766676
73 0.1506228 0.1066054 0.2338455 0.1610232 0.2338661 0.1177768 0.09615566 0.1605933 0.4627227 0.3591008 0.08484533
74 0.1542653 0.1584167 0.2177215 0.2234068 0.2356913 0.1580669 0.1731703 0.1800059 0.3446302 0.2933228 0.06461604
75 0.145354 0.1061424 0.2303 0.1546852 0.2350426 0.1329042 0.1039505 0.1092732 0.3838378 0.3713453 0.07618098
76 0.1595925 0.1467964 0.2265424 0.205138 0.2471261 0.1563099 0.1683555 0.1698343 0.3557212 0.3184035 0.0673309
77 0.1454684 0.1212257 0.1990888 0.159093 0.1802237 0.1089251 0.1047137 0.110054 0.4071807 0.317911 0.07772539
78 0.1662906 0.1320164 0.2379767 0.1768446 0.2448203 0.1354701 0.1285939 0.1708307 0.3538571 0.2987061 0.06735148
79 0.1570471 0.1305295 0.2225279 0.1709188 0.2259233 0.1337634 0.1118222 0.1390511 0.3616464 0.2971934 0.06575148
80 0.1864319 0.1348034 0.2622432 0.1846768 0.280329 0.1499419 0.1196471 0.1882665 0.4037276 0.3467213 0.07302254
81 0.1334858 0.1260672 0.2137171 0.1947533 0.219651 0.1504149 0.1470582 0.1358034 0.3583325 0.3159358 0.06613333
82 0.1926531 0.163601 0.2515391 0.2058786 0.2634338 0.1488429 0.1386706 0.1687811 0.3941736 0.320052 0.06884059
83 0.2240822 0.1760979 0.3163365 0.2276673 0.5136756 0.2925852 0.1982661 0.452357 0.3322013 0.2915415 0.06235705
84 0.1599018 0.1291576 0.2424077 0.1885544 0.2778044 0.171402 0.1765069 0.1594951 0.3566441 0.3033031 0.06634247
85 0.1603761 0.1514339 0.2403909 0.2204441 0.2687322 0.1734769 0.1830215 0.2283789 0.3408002 0.3157853 0.06418196
86 0.1445586 0.1177002 0.2190246 0.1672344 0.2287073 0.1373288 0.1225485 0.118155 0.3354112 0.2923996 0.06288312
87 0.1706004 0.1628737 0.2182614 0.1923172 0.2119628 0.1252967 0.1351987 0.1312331 0.3962086 0.3072402 0.07199108
88 0.1945541 0.1442568 0.2781828 0.1896982 0.3215118 0.1574288 0.1536069 0.2304536 0.3564039 0.3206031 0.06876541
89 0.1449151 0.1197126 0.2079492 0.1690535 0.1978021 0.1194828 0.1178543 0.1332014 0.3466272 0.2978854 0.06728192
90 0.1662818 0.1310703 0.2422972 0.1784142 0.2519305 0.13918 0.1224483 0.160319 0.4124529 0.4089256 0.07761475
91 0.1573472 0.129873 0.2254922 0.1798427 0.2172115 0.1194484 0.1121293 0.1425234 0.3965591 0.3324606 0.07168018
92 0.1656341 0.1131395 0.2303358 0.1509671 0.2209483 0.1126615 0.08682572 0.1372388 0.3954457 0.3143164 0.07256597
93 0.1633927 0.1357333 0.2519225 0.1948578 0.2688319 0.149565 0.125348 0.2127496 0.3385662 0.318201 0.06452086
94 0.200981 0.1352516 0.2704298 0.1786468 0.3159108 0.1764207 0.1141566 0.1843806 0.397154 0.2986069 0.0688368
95 0.1648029 0.1347998 0.2348609 0.1775983 0.2586798 0.1574006 0.1386402 0.1437708 0.3591366 0.3316206 0.07010329
96 0.178113 0.1490767 0.2442558 0.1886762 0.2480853 0.1348473 0.1161395 0.1792369 0.4488784 0.3606186 0.07994726
97 0.1932357 0.1540647 0.2745403 0.2049435 0.346191 0.2016392 0.169524 0.2005934 0.3548806 0.3062854 0.06487825
98 0.1385135 0.1315962 0.2163299 0.196455 0.2206835 0.1398427 0.1681139 0.1484583 0.3346722 0.3537958 0.06474898
99 0.2050569 0.1874701 0.2719578 0.234518 0.3197743 0.1888457 0.1996255 0.1598933 0.4102607 0.3430926 0.07158307
100 0.1827704 0.1611922 0.2498288 0.2149929 0.2671469 0.1578765 0.1545671 0.1970555 0.4031477 0.327813 0.07103572
