1 5.14334 -0.349368 0.4460757 -0.5603029 0.8919689 0.6785443 0.04218388 0.2531065 -2.471277 -0.8288998 0.1746211
2 5.193076 -0.4198618 -0.1178549 -0.447632 1.224843 0.2665342 0.1810426 0.232153 -2.532487 -0.51895 0.2353662
3 5.414233 -0.4086146 -0.1781283 -0.4161049 0.8626145 0.324903 0.1559086 0.2994117 -2.354954 -0.5881115 0.1326742
4 5.245846 -0.3737057 -0.2267251 -0.4216233 1.026891 0.245648 0.2498484 0.3656339 -2.691791 -0.7308083 0.1735226
5 5.017222 -0.3301967 0.1180053 -0.7538667 1.393197 1.525191 -0.1246066 0.3162242 -2.584755 -0.3683323 0.1534056
7 5.360447 -0.2870097 -0.1264501 -0.5743191 0.9654546 0.1887691 0.1493064 0.268762 -3.086179 -0.2155073 0.2232419
8 5.191854 -0.5766431 0.003566822 -0.3109086 1.106256 0.3738738 0.2277482 0.20643 -2.052651 -0.8822419 0.1149242
9 5.488222 -0.02899509 0.1639326 -0.9021052 1.235554 0.8616867 0.3438569 0.4496923 -2.808351 -0.2552289 0.1370028
10 5.077099 -0.2292696 0.1983038 -0.7478779 0.9857879 0.3771579 0.2551693 0.2585152 -2.666967 -0.4244473 0.2007094
11 5.333638 -0.3407122 -0.2863948 -0.5026014 0.8658661 0.3824116 0.2288135 0.1799441 -2.749245 -0.9606431 0.1866927
12 5.255689 -0.4176011 -0.0389337 -0.6584346 1.02501 0.2676179 0.2576188 0.3548134 -2.616238 -0.2869718 0.2190149
14 5.622501 -0.4584166 -0.04915142 -0.6329168 1.084765 0.6481895 0.1615188 0.0880593 -2.688207 -1.194441 0.2494031
17 5.158983 -0.1917038 0.09534809 -1.041153 1.087616 0.5282202 0.2553801 0.2236009 -2.576042 -0.4108812 0.1524623
19 5.36053 -0.4602628 0.008250756 -0.6480567 1.00403 0.1830257 0.1887516 0.3696339 -2.596695 -0.4349798 0.1352855
20 5.502177 -0.4528585 0.009745888 -0.6061056 1.154622 0.6205171 0.2696646 0.3064877 -2.090235 -1.000463 0.08767414
21 4.966644 -0.3044503 0.5890325 -0.7688289 1.094868 0.5525212 0.2294896 0.2924964 -2.477073 -0.6644608 0.1594978
22 5.491809 -0.3944224 -0.2382854 -0.6838732 1.16357 0.9972434 0.1072487 0.106331 -2.78701 -0.6156965 0.2729558
23 5.285636 -0.543139 0.1232819 -0.7114087 1.076679 0.1317993 0.1574563 0.4062365 -2.560604 -1.236818 0.2588852
24 5.251432 -0.3820205 -0.274236 -0.5124682 0.9845914 0.5633218 0.2477414 0.1543731 -2.72747 -0.3684748 0.1852831
26 5.057755 -0.3975671 0.3452151 -0.6904478 1.119472 0.6605133 0.1818892 0.08443476 -2.231086 -0.6535653 0.1351869
27 5.326821 -0.5710361 -0.1919307 -0.3681567 0.8508259 0.3853757 0.150355 0.08823261 -2.30142 -0.7450833 0.1385025
28 5.346327 -0.4514583 -0.1618028 -0.4413109 0.9906968 0.4155273 0.267091 0.2863903 -3.189909 -0.5863795 0.2581121
29 5.420202 -0.34306 -0.2242985 -0.6485774 1.18687 0.440226 0.1157371 0.1773427 -2.397791 -0.826522 0.06034141
30 5.31539 -0.2406979 -0.2277174 -0.7131079 1.084148 0.5971467 0.1595578 0.1975494 -2.354556 -0.6425854 0.1444592
31 5.19228 -0.3414473 0.1883959 -0.8474036 1.284638 0.7658117 0.2924814 0.1624923 -3.025422 -0.5526244 0.1903418
32 5.539867 -0.5193991 -0.2671772 -0.4003484 0.9551478 0.2265698 0.2408858 0.3619191 -2.617453 -0.5971833 0.1379977
33 5.350057 -0.498547 -0.08244821 -0.4853298 0.9704651 0.4731831 0.2224325 0.1615485 -2.601586 -0.5340178 0.1872413
35 5.580822 -0.268407 -0.18265 -0.9351651 1.099184 0.4959687 0.2500627 0.1933855 -2.323809 -0.579394 0.138958
37 5.331923 -0.4331727 -0.1753276 -0.7780882 1.239822 0.6597421 0.2840913 0.2117608 -2.345507 -0.3983981 0.0875469
38 5.106764 -0.2584442 0.4686244 -0.7019238 1.144717 0.3735534 0.1773032 0.148887 -2.548473 -0.8904603 0.1769742
39 5.44624 -0.1961691 0.1449252 -0.8616534 1.043619 0.4528737 0.2513084 0.3861544 -2.712142 -0.5123169 0.20059
40 5.279471 -0.2174637 0.06692371 -0.7858216 1.000203 0.4202838 0.2903 0.2758464 -2.611267 -0.4627158 0.1545501
41 5.411748 -0.3536977 -0.3930771 -0.5606652 1.044129 0.364946 0.232626 0.2445859 -2.986347 -0.7368343 0.233246
42 5.613405 -0.4217818 -0.4939737 -0.4405271 1.000205 0.5607293 0.3461279 0.316534 -2.450184 -0.4932112 0.08882843
43 4.858503 -0.1960582 0.5156928 -0.6401224 1.191387 0.5219246 0.3662758 0.3255896 -2.400657 -0.6569429 0.1407268
44 5.527108 -0.4651903 -0.146755 -0.4071272 1.40673 0.3435949 0.2430273 0.5060308 -2.96331 -0.4651525 0.2420177
45 5.311863 -0.2814056 -0.07621776 -0.6751698 0.9090728 0.2618257 0.1652076 0.4112917 -2.102153 -1.413294 0.1321674
46 5.179447 -0.2863507 0.007586235 -0.5344388 0.8884409 0.5869461 0.3299985 0.2260833 -2.53132 -0.5076506 0.1542484
47 5.261696 -0.3600284 0.04169074 -0.7772774 1.305307 0.6487808 0.2484396 0.2733987 -2.816066 -0.4488223 0.1852881
48 5.177989 -0.4035299 0.1466269 -0.6631659 1.131538 0.6326478 0.2936439 0.1974526 -2.519912 -0.3789677 0.1603503
50 5.183351 -0.3793211 -0.0004054599 -0.6752659 1.144133 1.001594 0.1939495 0.09304853 -2.863502 -1.321897 0.2647524
51 5.513163 -0.559379 -0.2888734 -0.3119547 1.058343 0.5716915 0.1737486 0.354369 -2.472419 -0.3918572 0.09654249
52 5.485563 -0.4143928 -0.3904412 -0.4381947 1.474396 1.014622 0.5077958 0.3161648 -2.306028 -0.4634713 0.07786181
53 5.540614 -0.511488 -0.2808761 -0.2624892 1.198338 0.7093506 0.3646517 0.2786993 -2.12925 -1.188217 0.08633542
54 5.368678 -0.3308462 0.05944768 -0.6188028 1.132823 0.2135576 0.1501861 0.3902938 -2.583802 -0.3693605 0.1698014
55 5.376084 -0.4435222 0.0178205 -0.524397 0.9408626 0.4639831 0.2539914 0.1990728 -2.566703 -0.594936 0.1825328
56 5.743221 -0.4287412 -0.2818336 -0.551608 1.240164 0.9765141 0.3126274 0.2088225 -2.71738 -0.9441955 0.24934
57 5.265174 -0.5344635 -0.07514465 -0.3415521 0.8592685 0.4348447 0.2274016 0.1694514 -2.863289 -0.329362 0.2237117
58 5.322541 -0.352986 0.03828209 -0.5548713 0.9313267 0.7470227 0.3325995 0.1991783 -2.960526 -0.1175279 0.1957323
59 5.152723 -0.4314677 0.1455846 -0.5920953 1.07419 0.3912577 0.1918299 0.1620793 -2.522346 -0.777985 0.2023972
60 5.226554 -0.2349828 0.07529863 -0.9417125 1.08381 0.3389741 0.2011045 0.2159589 -2.658029 -0.6255711 0.1663996
61 5.207132 -0.5418688 -0.19324 -0.6224344 1.861228 0.9031195 0.4317711 0.3246254 -2.353788 -0.6377401 0.1280778
62 5.432817 -0.3200083 -0.09514088 -0.6992932 1.137657 0.6056085 0.3167472 0.2291052 -2.983111 -0.5811396 0.2463696
63 5.541607 -0.4895252 -0.3245525 -0.4399823 0.9599743 0.2200262 0.1553919 0.2946337 -2.271845 -0.5907466 0.1195195
64 5.247015 -0.2367874 -0.07967541 -0.5449856 1.580538 0.2712224 0.2209944 0.4944851 -2.3498 -0.4481604 0.1174784
68 5.739055 -0.417537 -0.2806822 -0.6815827 1.738392 0.5073482 0.1424692 0.35002 -2.673017 -0.2642654 0.1525209
69 5.374738 -0.3112098 -0.2009649 -0.5177013 0.8021628 0.3902953 0.2302832 0.1762615 -2.728952 -0.2818128 0.1969312
70 5.56494 -0.4119117 -0.6042235 -0.5078399 1.170302 0.8900363 0.3587145 0.2093385 -2.3844 -0.5126148 0.1001932
71 5.310513 -0.3679713 0.08181758 -0.6851721 0.7319809 0.2887463 0.208366 0.2136376 -2.324342 -1.066012 0.1496288
72 5.186257 -0.3223255 0.05497409 -0.7548892 0.9877124 0.4534819 0.2133472 0.2181153 -2.690463 -0.5074247 0.1849222
74 5.486841 -0.391558 -0.08153322 -0.6097405 0.9890568 0.722615 0.2874624 0.2047317 -2.335899 -1.014141 0.1517751
76 5.377055 -0.226889 -0.2044861 -0.8482233 1.161854 0.4531487 0.2406483 0.2294149 -2.903274 -0.8761202 0.2626479
77 5.310821 -0.3385214 -0.01853349 -0.6443169 1.020526 0.3225437 0.187509 0.2020176 -2.838766 -0.7779726 0.2977937
78 5.181602 -0.5176601 0.1230974 -0.3440884 0.9812359 0.2655044 0.2614271 0.3375339 -2.615025 -0.4549532 0.1810906
80 5.539256 -0.4214144 -0.5613457 -0.6015891 0.9090397 0.3574951 0.2386874 0.2316864 -3.007143 -0.2993379 0.2811045
82 5.773618 -0.3102457 -0.6341204 -0.6419107 1.202389 0.3582202 0.1710018 0.1381266 -2.489972 -1.256141 0.2056703
83 5.640772 -0.3974233 -0.3968596 -0.6109386 1.053781 0.6627276 0.2242324 0.1529873 -2.559452 -0.5426402 0.1825339
84 5.364362 -0.3053095 -0.09327928 -0.7415135 1.362955 0.5784797 0.1650088 0.1648243 -2.624963 -0.2542888 0.09453099
85 5.08795 -0.3568636 0.2169249 -0.5786064 1.132687 0.3726995 0.2087214 0.1829678 -2.806278 -0.6499546 0.2116987
86 5.186965 -0.398639 -0.1935836 -0.5216258 1.45387 0.715576 0.1457966 0.1709814 -2.486119 -0.8088686 0.2123062
87 5.180382 -0.289787 -0.06782454 -0.4530849 1.071077 0.3825431 0.08152209 0.192519 -3.608582 0.1239653 0.3303869
88 5.434718 -0.3471987 -0.01358013 -0.8592947 0.8673 0.2278584 0.2126786 0.2857866 -2.960767 -0.4069057 0.2789132
89 5.406962 -0.3467768 0.03920416 -0.5633334 1.257528 0.4244154 0.2002398 0.3123291 -2.347446 -0.7941774 0.1222459
90 5.384601 0.0586763 -0.1805321 -1.029483 1.123256 0.4681774 0.1539894 0.2776235 -2.582547 -0.4576372 0.1760496
91 5.426671 -0.2156232 -0.29451 -0.8310459 0.9008401 0.2762205 0.1994926 0.2045305 -2.492107 -1.011322 0.2207581
92 5.19039 -0.2158013 0.4125931 -0.7578959 1.181968 0.5786076 0.2355267 0.1763873 -3.052041 -0.8015367 0.2957699
93 5.51228 -0.5296712 -0.2948448 -0.5239094 1.266364 0.7127964 0.2397274 0.12403 -2.350535 -0.3940166 0.08714933
94 5.62493 -0.5332063 -0.1464321 -0.4962166 1.141672 0.3872754 0.2431012 0.2105308 -2.476954 -0.9090421 0.1649396
95 5.261513 -0.2723852 0.005548659 -0.7085097 0.9721139 0.4589497 0.1843568 0.1309102 -2.884289 -0.7022524 0.3143687
96 5.371493 -0.4268754 0.02435393 -0.4349148 1.167543 0.3570923 0.1557718 0.1867037 -2.658174 -0.5150595 0.2110598
97 5.276396 -0.1782487 -0.1594135 -0.9846606 1.149955 0.3579324 0.2617787 0.2814887 -2.415852 -0.2864059 0.141947
98 5.513976 -0.4192223 -0.4352031 -0.7549202 1.059777 0.7682073 0.2732976 0.1397314 -2.219615 -0.6286173 0.09685078
99 5.521936 -0.4527518 -0.06322845 -0.6609623 0.9790575 0.3984604 0.1507054 0.1405521 -3.138128 -0.1408884 0.1894241
100 5.328801 -0.4462883 -0.2914424 -0.5432177 1.206245 0.6100739 0.3186401 0.3003699 -2.735833 -0.2776698 0.179738
101 5.488398 -0.2098076 -0.4380958 -0.7262765 1.059432 0.2210748 0.07462668 0.1341172 -2.903276 -0.6121173 0.1771289
102 5.601983 -0.3436017 -0.2418131 -0.8092338 0.9849685 0.2234572 0.1325499 0.205835 -2.99429 -0.8743655 0.2903103
103 5.314943 -0.387876 0.04089272 -0.7168338 1.153094 0.4520296 0.2711431 0.2540375 -2.442765 -0.4134743 0.165774
104 5.323253 -0.3953593 -0.09385814 -0.4780972 1.317662 0.2972958 0.2875299 0.3949024 -1.866339 -0.8433915 0.05461494
105 5.500792 -0.5579343 -0.2821989 -0.520674 0.993469 0.4294515 0.2722055 0.2395918 -2.036901 -0.705233 0.06656363
106 5.298794 -0.3910842 -0.01077551 -0.5907373 0.9639269 0.3445419 0.1278045 0.1284733 -2.855046 -0.9984845 0.2527381
107 5.23861 -0.3200593 -0.07773041 -0.6530849 1.249297 1.127842 0.3316423 0.1977397 -2.711112 -0.9295051 0.2153397
108 5.280527 -0.3483051 0.01698944 -0.7938877 1.228677 0.73405 0.0382964 0.3955265 -2.403924 -0.2408202 0.112231
109 5.119043 -0.2024479 0.2729233 -0.8297738 1.283507 0.3402952 0.05850953 0.1086397 -2.716101 -0.4579981 0.1942867
110 5.018005 -0.3742359 -0.01776896 -0.6435746 1.294382 0.5075439 0.7231189 1.19265 -2.844199 -0.8659174 0.2175193
111 5.295921 -0.5765174 -0.297991 -0.3805653 1.166848 0.8485895 -0.03591159 0.3143052 -2.631354 -0.4908272 0.1463215
112 5.063045 -0.3244181 0.2740388 -0.628441 1.217449 0.6618026 0.1673214 0.1212585 -2.583966 -0.6072486 0.1551129
113 4.985374 -0.505914 0.3232593 -0.4899694 0.8743292 0.5160405 0.1999365 0.1314501 -2.242424 -1.253132 0.20214
114 4.969186 -0.2381979 0.05434968 -0.8393127 1.239377 0.2868388 0.1395384 0.1719988 -2.558948 -0.5814308 0.1889732
115 5.514525 -0.368306 -0.09922874 -0.6497379 1.176581 0.3565516 0.1912986 0.3683386 -2.50755 -0.7312915 0.1140277
116 5.571526 -0.3932697 -0.133666 -0.7575666 1.06578 0.5391877 0.2095388 0.1179894 -2.569009 -0.8087737 0.1543257
