1 5.48151 -0.159539 -0.1614407 -1.123512 0.5563 0.4529579 -0.0193982 0.4099679 8.003835 -2.856225 0.04787995 0.1528749
2 5.148612 -0.4922824 0.2778256 -0.6087339 0.6104114 0.3690472 0.1981837 0.2137867 9.14224 -2.520166 -0.4729609 0.1664031
3 5.496162 -0.4476206 -0.1243095 -0.6750701 0.4612671 0.3780998 0.1165542 0.2264441 6.830665 -2.513102 -1.296325 0.189165
4 5.270903 -0.3153194 -0.1828651 -0.6818719 0.5377769 0.5252032 0.06529536 0.1253338 5.383811 -2.735425 -0.6850804 0.2076581
5 5.640075 -0.5155798 -0.4203408 -0.4612755 0.5250992 0.1718645 0.07905757 0.2738292 4.885618 -3.423655 -0.1044374 0.2896283
6 5.180135 -0.1696776 0.124941 -0.708581 0.4692205 0.2991338 0.1114693 0.1571296 4.174387 -2.603849 -1.131414 0.2421653
7 5.214934 -0.6462571 -0.2341668 -0.3778734 0.4407198 0.3483876 0.1285302 0.1948603 5.8289 -2.406516 -0.6320716 0.125121
8 5.587934 -0.3060267 -0.5153832 -0.6494621 0.3771424 0.340343 0.1158051 0.1430776 5.323491 -3.31446 -0.2153552 0.3008798
9 5.390267 -0.2907156 -0.3264272 -0.6503564 0.4433873 0.4655628 0.05040022 0.1041009 5.468052 -2.748422 -0.1847987 0.1548429
10 5.479565 -0.414209 -0.2882017 -0.5970835 0.5474894 0.5572214 -0.07207943 0.3572312 5.63306 -3.114578 -0.541267 0.2079069
11 5.511513 -0.4249548 -0.3666247 -0.5709143 0.5300465 0.5797022 -0.004292151 0.2477482 5.243545 -2.581803 -0.7087463 0.1860101
12 5.31353 -0.4039551 -0.1225884 -0.4725796 0.5362989 0.4340721 0.06985263 0.2363625 6.561542 -2.239964 -0.4836738 0.106009
13 5.115037 -0.2966516 0.2197268 -0.7103632 0.5636776 0.427337 0.09035964 0.1652259 7.08037 -2.635974 -0.702709 0.1895675
14 5.5029 -0.4251353 -0.245866 -0.5703574 0.6467509 0.4029391 0.02343631 0.1114277 8.982921 -2.399507 -0.6242363 0.1590615
15 5.213792 -0.4003484 -0.2505609 -0.5076265 0.4976699 0.449363 0.03445365 0.2591995 6.192372 -2.405769 -0.4634178 0.127537
16 5.268744 -0.5015666 -0.0235771 -0.5324526 0.4964952 0.3827238 0.1018998 0.1332136 7.574815 -2.497962 -0.966742 0.1828727
17 5.537553 -0.3927143 -0.1602645 -0.5920336 0.4190145 0.3326976 0.1092611 0.08910724 4.150373 -2.235261 -0.7417792 0.1265677
18 5.242534 -0.2360466 0.2002334 -0.8616434 0.449931 0.2750354 0.1433835 0.1501924 7.804629 -2.931686 -0.4372074 0.2574879
19 5.048644 -0.3566047 0.2052465 -0.5541728 0.5135714 0.4728725 0.07669781 0.1430426 5.044697 -2.137372 -0.5053665 0.09695641
20 5.201202 -0.4185692 0.1138019 -0.4066767 0.5418524 0.5112897 0.106385 0.2362241 5.197614 -2.216008 -0.7957677 0.07651141
21 5.439054 -0.4437832 0.1132204 -0.4271405 0.4824779 0.1625832 0.07937931 0.2392821 5.553727 -3.276521 -0.7569043 0.2722934
22 5.608536 -0.5145947 -0.06382076 -0.4246344 0.5445403 0.4849689 0.1892046 0.1568677 4.214937 -2.511179 -0.7218984 0.121572
23 5.399981 -0.5857578 -0.003444175 -0.3261633 0.465836 0.2887109 0.1397969 0.1655139 4.491314 -2.329886 -0.5009556 0.09976492
24 5.282082 -0.5037423 0.004242166 -0.487272 0.4596696 0.4091508 0.1356507 0.1299451 6.046316 -2.894053 -1.082656 0.2674663
25 5.481704 -0.5344923 -0.1476717 -0.560715 0.3908681 0.4507906 0.1609684 0.2510735 4.997061 -2.294227 -0.8082222 0.1249023
26 5.321422 -0.3305373 0.05421078 -0.5975017 0.3396952 0.4765811 0.03225923 0.154165 3.511117 -2.816905 -0.385983 0.2013826
27 5.197129 -0.4075621 0.02657035 -0.6031427 0.5044716 0.3700617 0.06161014 0.2159378 6.438231 -2.594672 -1.072138 0.1881979
28 5.44692 -0.1914458 -0.4504988 -0.7598193 0.4750101 0.3233739 0.08692083 0.1946796 5.481213 -2.818851 -0.7498456 0.1795622
29 5.608871 -0.3212834 -0.605807 -0.668624 0.4529246 0.6095168 -0.04101508 0.3255818 4.030031 -2.62915 -0.5400664 0.1555964
30 5.526561 -0.4532714 0.02787589 -0.4783117 0.5095258 0.4068616 -0.09293981 0.2629152 6.265718 -2.278779 -0.7787998 0.1491286
31 5.293474 -0.3994957 0.07308606 -0.5068365 0.4952004 0.278869 0.001936299 0.3197355 3.780488 -2.399509 -0.5810826 0.1736766
32 5.294573 -0.4468893 -0.07574031 -0.5221696 0.5702777 0.3048319 0.1143729 0.1215054 5.996425 -2.540653 -0.5830796 0.2654015
33 5.712842 -0.1864506 -0.426802 -0.7679922 0.5207876 0.413253 0.04021451 0.2823168 4.30579 -3.105157 -0.411134 0.2873606
34 5.396287 -0.4326156 -0.002361492 -0.6275683 0.4617575 0.7319629 -0.01353746 0.2302235 5.158622 -2.580653 -0.6177015 0.2083571
35 5.36697 -0.610515 -0.0374782 -0.338966 0.4936142 0.3884705 0.1570202 0.2673233 4.459414 -3.112973 -0.3125143 0.2021615
36 5.254316 -0.2548652 0.1181993 -0.658618 0.4708498 0.6975651 -0.05623249 0.2975968 7.829436 -2.671945 -0.781291 0.1922933
37 5.106534 -0.2744511 0.3317887 -0.7370869 0.5582045 0.6592535 0.01842415 0.298511 6.076742 -2.891943 -0.3859487 0.2593943
38 5.045148 -0.2629472 -0.09044851 -0.7430604 0.4293997 0.297579 0.1095287 0.2915561 4.433678 -2.377279 -1.579222 0.1151804
39 5.340133 -0.5304665 -0.09879369 -0.6364455 0.5864446 0.393437 0.2012187 0.2221451 6.355503 -2.243678 -0.5243576 0.1387907
40 5.419865 -0.6407303 -0.06646277 -0.3982133 0.6109802 0.5487919 0.1461099 0.2613545 5.451551 -2.650576 -1.185019 0.2267509
41 5.572571 -0.2912277 -0.05658062 -0.6340677 0.4601143 0.3303081 0.0912422 0.1046252 5.105869 -2.263285 -1.165642 0.166681
42 5.323775 -0.5682193 -0.2358975 -0.3439068 0.5826908 0.4036388 0.08819126 0.1970008 4.859009 -2.405026 -0.3908015 0.2116718
43 5.401627 -0.4036499 -0.2049115 -0.6888626 0.4212154 0.5341134 0.1281409 0.2161362 4.891194 -2.333314 -0.8921952 0.1096681
44 5.466386 -0.5767882 -0.0557583 -0.3220567 0.5906577 0.2421499 0.1117916 0.2145467 7.229848 -2.384889 -0.8294808 0.2350227
45 5.366415 -0.4415005 0.107544 -0.5388817 0.6496305 0.3020353 0.07278619 0.1835326 5.908642 -2.747915 -0.7168099 0.2247796
46 5.335385 -0.3810861 -0.1395733 -0.6247006 0.5129918 0.3802584 0.03098239 0.3390673 7.00251 -2.694597 -1.024306 0.2640112
47 5.245595 -0.46275 0.2922213 -0.3857451 0.4615599 0.4746846 0.05988246 0.1843275 5.308846 -2.881573 -0.8182064 0.3021685
48 5.225313 -0.3968875 0.1388519 -0.631664 0.5118038 0.4745552 0.1836298 0.262078 5.716242 -2.629858 -0.423308 0.2236474
49 5.389877 -0.4123572 -0.1767676 -0.5574139 0.4844324 0.4011921 0.1245634 0.2805403 4.618864 -3.001112 -0.321224 0.1738204
50 5.394941 -0.3645589 -0.1978297 -0.6753802 0.4453916 0.4043386 0.09029562 0.2928522 3.318805 -2.435077 -0.4512427 0.1143167
51 5.295708 -0.6447764 -0.006286324 -0.5165123 0.5422843 0.5269054 -0.06131933 0.4147192 4.73142 -2.279478 -0.5274625 0.0764367
52 5.126828 -0.3128766 0.1689086 -0.7151168 0.446047 0.3437442 0.1412979 0.1980111 5.496128 -2.433502 -0.5387071 0.2260415
53 5.362339 -0.5303056 -0.1767405 -0.5093394 0.4083818 0.3680521 0.1153752 0.1290414 3.472699 -2.343224 -0.7589713 0.1277529
54 5.52049 -0.4561948 -0.4030163 -0.5707972 0.3276074 0.2132934 0.03542335 0.1962922 3.475968 -2.742854 -0.7042254 0.2285225
55 5.303937 -0.3774715 -0.2798791 -0.5910709 0.4515499 0.4016559 0.06614573 0.09441745 4.382745 -2.545533 -0.3521634 0.1685106
56 5.163007 -0.1585279 0.3811951 -0.9664728 0.5460387 0.9769797 -0.1031526 0.2620244 6.935291 -2.74544 -0.131959 0.1517796
57 5.041391 -0.2278752 0.1455118 -0.6458554 0.5301018 0.53248 -0.03026204 0.2791354 5.115356 -2.126152 -0.8501698 0.1175168
58 5.342478 -0.3901819 -0.08853545 -0.449404 0.5157869 0.7917901 0.05492083 0.2730642 6.615263 -2.667372 -0.7473061 0.2277103
59 5.305731 -0.5279337 0.06628339 -0.4680116 0.4819688 0.439191 0.104922 0.3436907 7.042759 -2.63156 -0.7692689 0.1652839
60 5.187394 -0.2810175 0.1265831 -0.8634683 0.472505 0.1718612 0.1009699 0.3765066 5.062891 -2.305981 -1.148684 0.1545561
61 5.414892 -0.3059246 0.1033035 -0.7672111 0.4957742 0.4770715 0.03719445 0.2358524 5.598903 -2.427639 -0.376505 0.1412815
62 5.199525 -0.287501 -0.1418895 -0.7610682 0.5034837 0.2864145 0.146253 0.1923394 3.624536 -2.166577 -0.7263938 0.1018042
63 5.18683 -0.3072956 0.3185075 -0.6461306 0.5138069 0.2886581 0.07536562 0.1906377 5.07855 -2.689773 -0.5883359 0.1865896
64 5.281043 -0.1514761 0.1322726 -0.8736739 0.6382048 0.2457136 0.1371024 0.1390387 5.476445 -2.589524 -0.7382074 0.1618924
65 5.398884 -0.4293707 -0.2665654 -0.6116669 0.5676926 0.6864686 0.2168733 0.2622444 7.215379 -2.770467 -1.004249 0.1782996
66 5.451708 -0.5758023 -0.2597824 -0.3799961 0.4848768 0.4175556 0.08796152 0.1661023 7.758334 -2.497799 -0.6465032 0.1725986
67 5.467586 -0.4460657 -0.4404852 -0.4771028 0.5891308 0.4484926 0.1426727 0.3572144 4.105971 -2.376361 -0.2823383 0.1414377
68 5.331806 -0.2110528 0.04977192 -0.7151195 0.5325496 0.4190652 0.1662926 0.2343983 7.577688 -2.624757 -0.1984434 0.1378561
69 5.396977 -0.4666874 -0.3287715 -0.4654531 0.445067 0.2670724 0.02817463 0.2079362 5.979575 -3.110626 -0.5109436 0.2304736
70 5.379252 -0.4212961 -0.1804593 -0.6229241 0.4827296 0.7645277 0.1798628 0.2300616 8.294878 -2.254224 -1.172292 0.1330089
71 5.428054 -0.3072398 -0.2253513 -0.5108214 0.5802173 0.6412025 0.1126059 0.139021 4.976313 -2.33196 -0.3437065 0.1209296
72 5.448502 -0.3918689 -0.3578466 -0.3807615 0.4438622 0.5614823 -0.05519097 0.2476993 5.603796 -2.643866 -0.4035021 0.200652
73 5.179564 -0.2669957 -0.006989484 -0.8090041 0.4196148 0.6770449 -0.0136658 0.180372 5.84536 -3.390584 -0.3288226 0.2842174
74 5.313922 -0.2923599 0.006681603 -0.6327521 0.4963779 0.3769004 0.00649217 0.2922196 4.707703 -2.392281 -0.2123474 0.1121407
75 5.036427 -0.2572375 0.1990733 -0.6336455 0.4414625 0.4034779 0.1612001 0.1212934 5.789278 -2.658905 -1.07034 0.186876
76 5.30492 -0.3557968 -0.1120676 -0.6166025 0.5117637 0.2515134 0.07921849 0.2294487 3.845187 -2.467979 -0.4522229 0.09235286
77 5.403942 -0.4019411 -0.2345198 -0.7542039 0.5296509 0.2720418 0.06586232 0.2016452 9.374543 -2.657186 -0.7319411 0.2022575
78 5.236427 -0.3738597 -0.1598722 -0.6426255 0.5338244 0.4564921 0.106579 0.2039906 6.754739 -2.489624 -0.5282737 0.1748192
79 5.578929 -0.5771442 -0.4642584 -0.4259812 0.5203443 0.3919907 0.1247398 0.168096 8.07645 -2.489672 -0.4425005 0.1754168
80 5.421695 -0.1482786 -0.2524141 -0.8839552 0.5111068 0.5746441 -0.08021439 0.3330381 4.958574 -2.629185 -0.3230301 0.0696486
81 5.537137 -0.4366526 -0.1479221 -0.5102011 0.5037849 0.2795596 0.1035526 0.2682728 7.033268 -2.568951 -0.5099165 0.1853772
82 5.370888 -0.451635 -0.3345189 -0.4904434 0.5342046 0.5481237 0.0006599318 0.3039592 5.411793 -2.791426 -0.449894 0.1885864
83 5.455797 -0.2621778 -0.0164542 -0.9792814 0.4705771 0.8184016 -0.04922785 0.2972306 4.570306 -2.236651 -0.8124018 0.2077369
84 5.370862 -0.4090159 -0.1377723 -0.6717491 0.5043653 0.3253564 0.08706144 0.1856477 4.225533 -2.63661 -0.2261299 0.1710908
85 5.32657 -0.3194877 -0.08821208 -0.6963608 0.4160957 0.5210162 -0.0684675 0.3607384 4.267926 -2.404653 -0.5386311 0.1336131
86 5.378915 -0.312481 0.1566209 -0.5430268 0.4410975 0.3084473 0.1332521 0.1388437 5.248107 -2.387543 -0.3769438 0.1239531
87 5.530596 -0.4260533 -0.3509135 -0.8461242 0.5299201 0.4096671 0.07881861 0.1572953 9.226401 -2.428114 -0.9788569 0.2487325
88 5.246848 -0.5339283 -0.281273 -0.3572013 0.4890605 0.6960198 0.1394354 0.2089032 5.01022 -2.496227 -0.696757 0.1597791
89 5.373465 -0.4266402 -0.1822669 -0.566901 0.4065001 0.2831397 0.08904469 0.1741912 5.377468 -2.359545 -0.0624433 0.07614766
90 5.431454 -0.3818383 -0.1907798 -0.636428 0.4658135 0.3964768 0.07693256 0.1377088 4.281643 -2.754114 -1.400647 0.1874308
91 5.329211 -0.312346 0.003577624 -0.6725104 0.4626499 0.4229732 0.05106262 0.2265581 5.277081 -2.772252 -0.5664239 0.1756769
92 5.372228 -0.4810396 -0.04731064 -0.4642823 0.4037261 0.557171 0.03889488 0.1742832 6.863806 -2.774465 -0.5683422 0.192981
93 5.235575 -0.2996267 0.09846409 -0.618338 0.4336123 0.3362099 0.0146072 0.2364677 4.380234 -2.34949 -0.9258141 0.1653333
94 5.323646 -0.2571814 -0.1049597 -0.646986 0.4627213 0.4012775 0.144663 0.1649979 4.78708 -2.87893 -0.1160951 0.2186975
95 5.285755 -0.4864273 -0.09280657 -0.2031708 0.5127653 0.4686571 0.1993543 0.199264 6.865636 -2.471436 -1.171184 0.1950738
96 5.414687 -0.3302221 -0.2295831 -0.7167592 0.4541352 0.4662349 0.04097475 0.1680905 4.529067 -3.001435 -1.189655 0.2887614
97 5.118088 -0.4047704 0.3207728 -0.6248404 0.5882555 0.595418 0.2618166 0.238399 4.951372 -2.746245 -0.4622073 0.2065828
98 5.537216 -0.458679 -0.608053 -0.7756267 0.4642531 0.2299108 0.1585575 0.2789052 5.079673 -2.257211 -0.8664381 0.09290217
99 5.311682 -0.2625834 0.009095124 -0.6928348 0.6671833 0.5819884 0.3104618 0.285489 6.044118 -2.740316 -0.7805597 0.1712843
100 5.588641 -0.3307113 -0.3480723 -0.6141727 0.4636077 0.4828284 0.08360258 0.2000544 3.751345 -2.843271 -0.3544134 0.1597104
