1 0.1454025 0.1310001 0.2062749 0.1805717 0.1511399 0.0999863 0.1087479 0.06681442 2.545343 0.150434
2 0.1469885 0.1237662 0.2006371 0.1613311 0.1437814 0.08281525 0.07956978 0.07017068 2.993312 0.1453983
3 0.132598 0.1134859 0.1900982 0.1495726 0.125474 0.07285641 0.07242967 0.05951011 1.896197 0.1518406
4 0.151735 0.1020828 0.2177825 0.1403226 0.1681743 0.08114604 0.05932593 0.07260666 1.429213 0.1536832
5 0.122849 0.1176383 0.1714907 0.162462 0.1052846 0.0756028 0.08679793 0.07083459 1.203814 0.1533419
6 0.131049 0.1181138 0.1860494 0.1492914 0.125486 0.07241174 0.06678481 0.06508555 0.888328 0.1496216
7 0.1225164 0.1032425 0.1879076 0.1476023 0.1173858 0.06754365 0.06450469 0.05944586 1.549543 0.1506536
8 0.1260197 0.1001587 0.1778766 0.1337972 0.1057202 0.05627691 0.05308556 0.04872527 1.246415 0.148063
9 0.1422095 0.09387059 0.1988139 0.125616 0.1377469 0.06198404 0.04985955 0.05644731 1.407063 0.1519228
10 0.1520204 0.1223539 0.218103 0.1743135 0.1630706 0.09859823 0.1038877 0.06715056 1.424808 0.1627608
11 0.1599765 0.1247536 0.2214218 0.1639224 0.1693452 0.09070198 0.08381129 0.06859632 1.300079 0.1480994
12 0.1393614 0.1147483 0.202312 0.1559053 0.1521655 0.07753964 0.07932777 0.06306056 1.80214 0.1407531
13 0.1392829 0.107139 0.2048296 0.1475654 0.1453104 0.07507648 0.0707684 0.07270184 2.21006 0.1479559
14 0.1432753 0.1007024 0.2077207 0.1427826 0.1574566 0.08262709 0.06513084 0.08173145 3.409252 0.142085
15 0.1411284 0.1163489 0.202771 0.1628426 0.1482271 0.08637608 0.08987749 0.06124056 1.69338 0.1480994
16 0.1374213 0.1048395 0.1927323 0.1361579 0.130559 0.06638414 0.05629126 0.060257 2.198122 0.1519898
17 0.1338517 0.09520145 0.1814878 0.1219321 0.116764 0.05549399 0.04737648 0.05383051 0.8667069 0.1430557
18 0.1166664 0.09361547 0.1751172 0.1389011 0.1057131 0.06043643 0.06116876 0.06043845 2.741091 0.1432995
19 0.1477057 0.1015598 0.2072174 0.1410304 0.1491762 0.07468203 0.062994 0.06973725 1.303255 0.1408642
20 0.1559485 0.123778 0.2138244 0.161249 0.1652014 0.08418244 0.08064622 0.07002884 1.31401 0.1532294
21 0.112552 0.1171634 0.1644967 0.1568793 0.0927241 0.06305632 0.07435791 0.06025737 1.323207 0.1613131
22 0.1586649 0.113636 0.2127743 0.1457446 0.1587686 0.07175437 0.06620906 0.07119914 0.9295306 0.1577713
23 0.134092 0.1067565 0.1814875 0.1413159 0.1208052 0.06716744 0.06875765 0.05921642 1.049176 0.1505676
24 0.1254008 0.08653749 0.1956479 0.1316504 0.1290604 0.06135415 0.05652797 0.05884274 1.674758 0.1477836
25 0.1432004 0.1161938 0.1927863 0.1520095 0.1300034 0.06865343 0.0744656 0.05151748 1.230271 0.1518732
26 0.133711 0.09106635 0.1934384 0.1270351 0.1324124 0.06115126 0.05419532 0.04813846 0.7327702 0.1505507
27 0.1392442 0.1133909 0.193603 0.1510328 0.1299011 0.07454048 0.07526169 0.06385662 1.909887 0.1562383
28 0.1339435 0.1113405 0.1839418 0.1454145 0.1162824 0.06656779 0.06911092 0.05877325 1.374155 0.1629707
29 0.1656029 0.1355404 0.2190233 0.1744126 0.1665607 0.09315949 0.09623132 0.06043032 0.8608682 0.1563157
30 0.1370418 0.1185219 0.2011278 0.1639713 0.1382647 0.08985379 0.08655717 0.06641766 1.600724 0.1413819
31 0.1404138 0.1370939 0.1861865 0.1787116 0.1186747 0.07968761 0.09634456 0.06978115 0.7842187 0.1421817
32 0.1410656 0.1137621 0.1967538 0.1499926 0.1359366 0.07723753 0.07032342 0.08222351 1.836887 0.1349655
33 0.1602629 0.1315072 0.2077742 0.1724186 0.1490202 0.09498693 0.09055393 0.07110859 0.9581016 0.1456172
34 0.1552644 0.1126355 0.2329787 0.1632252 0.1985291 0.1013001 0.08167485 0.06380391 1.26419 0.1449347
35 0.143997 0.1232307 0.1972618 0.1604701 0.1360204 0.07451175 0.08209246 0.06154833 0.9900567 0.1627473
36 0.148652 0.1131833 0.2281902 0.1652474 0.1732107 0.09195708 0.08780236 0.05997225 2.521027 0.148045
37 0.1585651 0.1277227 0.2286588 0.1766115 0.1807852 0.09649619 0.09408585 0.07286407 1.579022 0.1423411
38 0.121323 0.1116335 0.1789024 0.1575735 0.1052883 0.06841661 0.07981038 0.05408907 0.9252657 0.1685204
39 0.1590216 0.1404609 0.2072401 0.1726165 0.1491913 0.0866738 0.08512029 0.07497321 1.886922 0.1435175
40 0.1575222 0.1328881 0.2272094 0.1772193 0.1721241 0.09222639 0.08864472 0.08121534 1.37445 0.1535602
41 0.1431217 0.1104917 0.1864546 0.137119 0.1194071 0.06118681 0.0543038 0.06147433 1.309265 0.1480812
42 0.1436569 0.1317402 0.2078048 0.1765523 0.1522237 0.0929111 0.09478741 0.08398226 1.209193 0.1349655
43 0.1464127 0.1083809 0.2047738 0.1453081 0.1529314 0.07275413 0.07088076 0.05228022 1.13733 0.1546691
44 0.1302018 0.1286425 0.1865179 0.1718151 0.1284767 0.08238014 0.09128794 0.0755448 2.08012 0.1352995
45 0.1356639 0.1165193 0.2002135 0.1613413 0.144273 0.08162001 0.08146235 0.0855768 1.545044 0.1469709
46 0.1375034 0.128919 0.1953708 0.1762256 0.1335484 0.09193321 0.1088005 0.06721421 2.134819 0.146914
47 0.1344158 0.1080444 0.2066588 0.1582091 0.1459522 0.07592532 0.07164078 0.06172452 1.295885 0.1384437
48 0.1383424 0.1207182 0.2072344 0.1766182 0.1609783 0.08246599 0.09436312 0.0666711 1.441847 0.1405487
49 0.1455739 0.1210948 0.1964869 0.1595866 0.1304393 0.07457098 0.08271966 0.0629294 1.105744 0.1627608
50 0.1501093 0.128163 0.1985457 0.1762882 0.1322133 0.07951801 0.08674125 0.06581543 0.6463814 0.1521452
51 0.1643636 0.1511885 0.2192494 0.1960843 0.160994 0.1014875 0.1176276 0.0682665 0.965065 0.1534411
52 0.1353278 0.1165953 0.1884656 0.1583521 0.1216111 0.07626812 0.07611281 0.06039795 1.415715 0.1359809
53 0.1258966 0.0897501 0.1901438 0.1287447 0.1206428 0.06115767 0.05504904 0.05682871 0.6881013 0.1507237
54 0.1106114 0.1074601 0.1551729 0.1395739 0.0820825 0.05072282 0.05743927 0.04828443 0.7158339 0.1490878
55 0.1340392 0.08914626 0.1962436 0.1279831 0.1293476 0.06330852 0.05264087 0.06263808 0.9986975 0.1421427
56 0.1867572 0.117402 0.2597462 0.1628204 0.228941 0.1062925 0.08528186 0.06615912 1.899017 0.1491045
57 0.1637754 0.1374746 0.2176055 0.1722009 0.1625826 0.09261118 0.09518545 0.07037049 1.274741 0.1454519
58 0.1642959 0.1244699 0.2392901 0.1689948 0.2054964 0.09793822 0.09070756 0.06434136 1.80814 0.1458683
59 0.1405728 0.1235754 0.1971607 0.1722028 0.1385645 0.08179922 0.09475395 0.06037931 2.277017 0.1563001
60 0.1182702 0.1363513 0.164655 0.1805126 0.09996551 0.07609677 0.1080705 0.0613076 1.235613 0.1521452
61 0.1513161 0.1199745 0.2074517 0.1598957 0.1478311 0.08539809 0.08366515 0.065194 1.454243 0.1433972
62 0.1548801 0.1318785 0.1927188 0.1595137 0.1208156 0.06932492 0.07331597 0.07053812 0.761381 0.1505002
63 0.1253904 0.1109365 0.1874344 0.1540225 0.1167408 0.07055419 0.07025721 0.06762244 1.149085 0.149328
64 0.1232313 0.09709882 0.1926406 0.1447684 0.1447377 0.07481048 0.07353192 0.07683201 1.37337 0.1503689
65 0.1607676 0.1119872 0.2325709 0.1562422 0.1844199 0.09164499 0.08449585 0.06702192 2.165307 0.1608857
66 0.1402334 0.1094395 0.1952562 0.1468004 0.1359099 0.0695945 0.06590799 0.06176207 2.584681 0.1481731
67 0.1431583 0.1342065 0.2172274 0.1864953 0.1562419 0.09531843 0.111058 0.08234611 0.908511 0.1379926
68 0.1453692 0.1203052 0.2003152 0.1601555 0.1402641 0.0776615 0.08131051 0.0628018 2.106076 0.1492753
69 0.1225247 0.1089115 0.1731274 0.145799 0.1018816 0.06137228 0.06421342 0.05430318 1.509562 0.1628993
70 0.1716898 0.1250887 0.2321802 0.1560898 0.1932714 0.08998014 0.07205376 0.05678182 2.66131 0.1549079
71 0.1616731 0.1033489 0.2386096 0.1548809 0.1852945 0.09106756 0.06855589 0.08114806 1.226888 0.1425066
72 0.1568887 0.1274178 0.2129246 0.164777 0.1533652 0.08565616 0.07616354 0.05982272 1.387606 0.1435584
73 0.1499124 0.09030458 0.2238854 0.1396318 0.1653613 0.07564686 0.06200334 0.05296891 1.528671 0.1596184
74 0.1390161 0.1167201 0.1992685 0.1690871 0.1278873 0.08277909 0.09540315 0.06793296 1.100262 0.1445469
75 0.1224724 0.0855234 0.196307 0.1252479 0.1334798 0.06408471 0.05215461 0.05469479 1.498131 0.1532932
76 0.1236433 0.1045638 0.1820037 0.1506543 0.1166731 0.07183688 0.07749671 0.07042262 0.828813 0.1545929
77 0.1308242 0.1120434 0.1793827 0.1483648 0.1112367 0.06738773 0.07263653 0.06143387 3.123699 0.148957
78 0.1380941 0.1141505 0.2050022 0.1567718 0.1450304 0.07236709 0.07688757 0.06852364 1.870681 0.1431852
79 0.137625 0.112202 0.1954551 0.1478913 0.1392446 0.07684636 0.06770957 0.0626306 2.642681 0.1435584
80 0.1565966 0.1201183 0.2164586 0.167337 0.1743701 0.09025301 0.0878478 0.06476929 1.18036 0.1664675
81 0.117714 0.1097568 0.186515 0.1715063 0.1171941 0.07865695 0.09139845 0.06445424 2.072467 0.1401614
82 0.1654973 0.1396737 0.2192654 0.1757489 0.1598244 0.09450297 0.09285367 0.07104095 1.387558 0.1563314
83 0.1745782 0.1400147 0.2463008 0.1820467 0.2078042 0.1105421 0.09907201 0.06652607 1.057119 0.1379564
84 0.1232468 0.1004956 0.1950638 0.1516774 0.126154 0.07415778 0.07290184 0.07285919 1.010243 0.143242
85 0.1407367 0.1224488 0.2055899 0.1765037 0.1487075 0.09028951 0.1082318 0.06147687 1.031537 0.1469328
86 0.1188012 0.09022995 0.1826533 0.1316684 0.1168519 0.06428331 0.05622073 0.05730478 1.339369 0.1409018
87 0.1580548 0.1314434 0.2048573 0.1571285 0.1369307 0.0740345 0.07031208 0.06788045 3.01422 0.1435789
88 0.1601249 0.1173028 0.2294011 0.1546371 0.1909119 0.085024 0.07649526 0.06296768 1.230239 0.1520753
89 0.1229128 0.1032719 0.1731387 0.1418575 0.1043109 0.06190044 0.06418908 0.05354853 1.386601 0.1468952
90 0.1353272 0.09674709 0.1953097 0.1330816 0.1253725 0.06109544 0.05454174 0.06071668 0.8830797 0.1647185
91 0.136472 0.1132979 0.1961423 0.1512537 0.1300145 0.07123716 0.0675987 0.06189711 1.316357 0.1563157
92 0.1456951 0.102221 0.2038973 0.1350904 0.1487961 0.06899855 0.05974645 0.0476077 1.937377 0.151697
93 0.1253238 0.1127892 0.1831342 0.1567288 0.1234237 0.07166494 0.07460336 0.05793176 0.9470447 0.1410954
94 0.1507756 0.1163136 0.1969058 0.147407 0.1403527 0.07322674 0.0642409 0.06145588 1.119961 0.1444888
95 0.148422 0.1141162 0.2044563 0.1527641 0.1437352 0.07537843 0.07423502 0.061682 1.888142 0.1492405
96 0.1506997 0.1215232 0.2040172 0.1501623 0.1378946 0.06812991 0.06047313 0.06094977 1.048838 0.156427
97 0.1567757 0.1229116 0.2287434 0.1660473 0.1917084 0.09862452 0.095413 0.08117238 1.284109 0.1495462
98 0.1144888 0.1104191 0.1717069 0.1591577 0.1055888 0.06924284 0.08922084 0.05752714 1.204674 0.1490382
99 0.1776806 0.1467879 0.2343151 0.1798124 0.1813524 0.100588 0.09755525 0.0820576 1.536902 0.1647883
100 0.1574263 0.1149086 0.2082793 0.1465191 0.1444958 0.0707758 0.06949868 0.06337063 0.7947877 0.1593937
