1 5.146271 -0.3552967 0.4433925 -0.555837 0.8938234 0.6821357 0.04303113 0.2529895 -2.153185
2 5.195305 -0.4192587 -0.124772 -0.4469366 1.226362 0.2640392 0.179036 0.2309959 -1.850131
3 5.417986 -0.4150755 -0.186286 -0.407038 0.8651627 0.3226061 0.1542436 0.2955579 -2.117908
4 5.24885 -0.3789714 -0.2246422 -0.4198323 1.025765 0.2468531 0.2506831 0.3659275 -2.313885
5 5.010748 -0.3237092 0.1229153 -0.7571549 1.385781 1.524426 -0.120007 0.3148579 -2.188113
7 5.360793 -0.2849392 -0.1314318 -0.5737134 0.9675007 0.1886108 0.1486457 0.2677855 -2.27098
8 5.199043 -0.5820735 -0.003191912 -0.3043579 1.109163 0.3693722 0.2249719 0.2047655 -2.025753
9 5.484859 -0.02827839 0.1712872 -0.9053157 1.241428 0.8623206 0.3473188 0.4510232 -2.322833
10 5.070671 -0.2243075 0.1983845 -0.7492395 0.9876741 0.3744298 0.2534506 0.2577553 -2.0678
11 5.330553 -0.3410205 -0.2791291 -0.5046889 0.8642901 0.3810817 0.2275868 0.178878 -2.414667
12 5.257232 -0.4184574 -0.03836951 -0.6580524 1.030546 0.2688564 0.2592249 0.3565092 -1.894617
14 5.627634 -0.4597604 -0.05633667 -0.6279968 1.087329 0.6508775 0.1624296 0.08810334 -2.150813
17 5.159643 -0.1880289 0.098989 -1.048399 1.089348 0.5347097 0.2594801 0.2265851 -2.190399
19 5.360542 -0.4596401 0.01111333 -0.6506576 1.006095 0.1826468 0.1877143 0.3664458 -2.268684
20 5.494691 -0.4486174 0.01833002 -0.6117053 1.15492 0.6188168 0.2691659 0.3064674 -2.192679
21 4.963656 -0.3039852 0.5883605 -0.7677875 1.098018 0.5494716 0.226761 0.289733 -2.179287
22 5.486783 -0.3864099 -0.2307792 -0.6952287 1.156049 0.9932546 0.1044232 0.105885 -1.96861
23 5.280824 -0.5380781 0.1252443 -0.7137183 1.077605 0.1303016 0.1548697 0.4013532 -2.106045
24 5.243737 -0.3746397 -0.2613755 -0.5224342 0.9810783 0.5627175 0.24689 0.1538038 -2.170196
26 5.057236 -0.3969078 0.3487957 -0.6926348 1.112067 0.6607713 0.1818324 0.08432076 -2.034464
27 5.327741 -0.5704769 -0.1867474 -0.3744267 0.8492738 0.3844239 0.1491579 0.08723664 -2.114207
28 5.34607 -0.4520734 -0.1635407 -0.4396944 0.9956388 0.4180439 0.2693948 0.2876882 -2.391533
29 5.422903 -0.3462062 -0.2255786 -0.6453238 1.191932 0.4405733 0.1157961 0.1783386 -2.534114
30 5.314539 -0.2403247 -0.2234017 -0.7152449 1.076967 0.5970916 0.1584347 0.1973364 -2.084147
31 5.199252 -0.3434542 0.1860889 -0.8484676 1.282212 0.76497 0.2917686 0.1621142 -2.521509
32 5.535006 -0.5124545 -0.2649629 -0.4054635 0.9520665 0.2278845 0.2419665 0.3624361 -2.333908
33 5.347812 -0.494234 -0.07871603 -0.4912726 0.9704656 0.4701043 0.2208314 0.1606774 -2.108429
35 5.580355 -0.2677801 -0.1891222 -0.9301127 1.102388 0.494186 0.2487798 0.1929738 -2.025374
37 5.325968 -0.4304317 -0.1696263 -0.7802437 1.248923 0.6579513 0.2820606 0.2098331 -2.204004
38 5.108656 -0.2581433 0.4659156 -0.7024665 1.141811 0.3715866 0.1764833 0.1488897 -2.232071
39 5.45406 -0.1991582 0.1376299 -0.8571512 1.041016 0.4525565 0.250939 0.3855479 -2.091165
40 5.283962 -0.2201143 0.06700007 -0.7865062 0.9955267 0.4175586 0.2881601 0.2740281 -2.197225
41 5.411722 -0.3540812 -0.395297 -0.5579991 1.041934 0.3645219 0.2320941 0.2440771 -2.36214
42 5.612416 -0.41941 -0.4984667 -0.4383204 0.9985097 0.5562097 0.3418277 0.312679 -2.324564
43 4.855892 -0.19678 0.5206817 -0.6414202 1.19761 0.5225866 0.3675014 0.3273285 -2.163323
44 5.53065 -0.4707591 -0.1506875 -0.400893 1.409722 0.3444143 0.2420153 0.5052534 -2.160269
45 5.310106 -0.2775375 -0.07433379 -0.6793399 0.9104811 0.262358 0.1676054 0.4142471 -2.188296
46 5.173978 -0.283556 0.006312006 -0.5331681 0.8871568 0.5832841 0.3266824 0.2233951 -2.157913
47 5.264446 -0.3592849 0.0416334 -0.7822568 1.306056 0.6506079 0.2483368 0.2717139 -2.289456
48 5.178917 -0.4049748 0.1450616 -0.6627813 1.127625 0.6371588 0.2956302 0.1987334 -2.081754
50 5.178185 -0.37614 0.003108484 -0.6778503 1.143271 1.012535 0.1964398 0.09328063 -2.333908
51 5.512431 -0.557867 -0.2863165 -0.3157491 1.063785 0.5699914 0.1721709 0.3537097 -2.281079
52 5.488574 -0.4173587 -0.3960645 -0.4351003 1.485765 1.016911 0.5104128 0.3183494 -2.213298
53 5.548483 -0.5168679 -0.2841136 -0.2596018 1.192323 0.7129475 0.3663169 0.2793914 -2.276722
54 5.367727 -0.3282632 0.05943019 -0.6234845 1.134755 0.2148271 0.1505326 0.3907742 -2.065455
55 5.374131 -0.4421499 0.02022077 -0.5235422 0.942608 0.4617215 0.2527886 0.198391 -2.108429
56 5.731719 -0.4195765 -0.2744593 -0.5558539 1.240192 0.9938907 0.3204712 0.2115068 -2.053156
57 5.264399 -0.5318782 -0.07675473 -0.3437697 0.857208 0.4316901 0.225737 0.168671 -2.133256
58 5.322705 -0.3525579 0.02973066 -0.548698 0.9350249 0.7475366 0.3322904 0.1989242 -2.201659
59 5.156122 -0.4360137 0.1422602 -0.589703 1.083336 0.3916339 0.1917372 0.1620529 -2.086362
60 5.230993 -0.2357513 0.07351178 -0.9426953 1.081944 0.3361872 0.1984349 0.2139956 -2.291656
61 5.207508 -0.5406542 -0.1951925 -0.6245812 1.86038 0.8983845 0.4275204 0.3214729 -2.194954
62 5.432186 -0.3167284 -0.09363481 -0.7029168 1.135381 0.602126 0.3156663 0.2289987 -2.227495
63 5.543333 -0.4907432 -0.333535 -0.4322364 0.9562295 0.219123 0.1540683 0.2930972 -2.077124
64 5.243698 -0.2362169 -0.0723417 -0.547312 1.576202 0.2740401 0.2242646 0.4977793 -2.103196
68 5.742292 -0.4177504 -0.282985 -0.6843167 1.736979 0.5102913 0.142434 0.3480551 -2.157219
69 5.372626 -0.3091049 -0.1982293 -0.5177146 0.8013392 0.3937631 0.2333797 0.178706 -2.065455
70 5.562941 -0.4086144 -0.6010181 -0.5108094 1.175934 0.8990822 0.3638071 0.2120843 -2.238047
71 5.311933 -0.37212 0.0831436 -0.6823776 0.7353855 0.2905991 0.209639 0.2144985 -2.201749
72 5.176955 -0.3173569 0.06710731 -0.7611072 0.9939662 0.4571209 0.2153501 0.2190284 -2.215574
74 5.49338 -0.3932329 -0.08691334 -0.6095999 0.9910793 0.7235864 0.2891 0.2056441 -2.178917
76 5.372135 -0.2219162 -0.2066275 -0.847668 1.162055 0.4551345 0.2425322 0.2312765 -2.208732
77 5.303674 -0.332966 -0.008194766 -0.6518989 1.018237 0.322028 0.1874742 0.2022608 -1.983461
78 5.18579 -0.5204051 0.1208467 -0.3417696 0.9886328 0.2666301 0.2617652 0.3366328 -2.121801
80 5.542894 -0.4237524 -0.5621963 -0.5995433 0.9090834 0.3571326 0.2377082 0.2303698 -2.027173
82 5.779421 -0.3143222 -0.6366347 -0.6414305 1.202262 0.3635689 0.1744783 0.1404206 -2.156403
83 5.637607 -0.3964009 -0.3885015 -0.6155179 1.04972 0.6650401 0.2263761 0.1543782 -2.0726
84 5.359903 -0.305715 -0.08415018 -0.7437535 1.368839 0.5861015 0.1677939 0.1653782 -2.380837
85 5.095997 -0.3626286 0.2079188 -0.5743162 1.139672 0.3738553 0.2100088 0.1842619 -2.253482
86 5.18828 -0.3971664 -0.188286 -0.5281345 1.46566 0.7074287 0.1428109 0.1715464 -2.024382
87 5.182289 -0.2937904 -0.06949737 -0.449678 1.068641 0.3804808 0.08125994 0.1928003 -2.158715
88 5.436936 -0.3496098 -0.01094787 -0.860975 0.8661303 0.2249092 0.2099274 0.2836708 -2.01369
89 5.409506 -0.3491397 0.04105585 -0.5627348 1.25705 0.4230189 0.20055 0.3125134 -2.206441
90 5.392246 0.0536155 -0.1932272 -1.023891 1.120168 0.4667049 0.1533229 0.2776861 -2.069963
91 5.424146 -0.2116841 -0.2868685 -0.839525 0.9027708 0.2757339 0.1987708 0.2034911 -2.067579
92 5.190768 -0.2194274 0.4137545 -0.7548504 1.184519 0.5778891 0.2351685 0.17559 -2.154085
93 5.50288 -0.5225944 -0.2817297 -0.5347543 1.268976 0.7113137 0.2384828 0.1229596 -2.208499
94 5.615475 -0.5255183 -0.141315 -0.4999619 1.145275 0.3841828 0.2423543 0.211276 -2.206254
95 5.259613 -0.2694518 0.005371934 -0.7095799 0.9699938 0.4516933 0.1808963 0.1291208 -1.933518
96 5.370515 -0.4311793 0.03068599 -0.4340668 1.169776 0.3601071 0.1580049 0.1878596 -2.045865
97 5.274817 -0.1809138 -0.1604726 -0.9787596 1.15192 0.3542048 0.2583383 0.2780558 -1.999582
98 5.515398 -0.4214057 -0.4386084 -0.7508224 1.052268 0.7710043 0.2747476 0.1404907 -2.144761
99 5.522933 -0.4514277 -0.06539367 -0.6607083 0.9775353 0.4015024 0.1529056 0.1424302 -2.432757
100 5.322177 -0.4406813 -0.2875378 -0.5431338 1.203929 0.6115245 0.3200702 0.3009017 -2.157219
101 5.491728 -0.2134483 -0.441401 -0.7232901 1.057809 0.221837 0.07455808 0.1342647 -2.448848
102 5.602444 -0.3480329 -0.2434762 -0.8046577 0.9827398 0.2248814 0.1348268 0.2084055 -2.169637
103 5.31133 -0.3852941 0.044808 -0.7187554 1.156716 0.449603 0.2695525 0.2532336 -1.990035
104 5.319748 -0.3906092 -0.09251349 -0.4835553 1.316287 0.2980143 0.2879523 0.394885 -2.058388
105 5.496814 -0.5544939 -0.2786505 -0.526175 0.9875259 0.4310599 0.2736653 0.2408086 -2.124102
106 5.298188 -0.3920141 -0.007705401 -0.5917827 0.9648209 0.3446255 0.1282631 0.128078 -2.253578
107 5.228751 -0.3124997 -0.06421647 -0.6630506 1.246985 1.128992 0.3316268 0.1976164 -2.235822
108 5.277046 -0.3447586 0.01928699 -0.7978891 1.229663 0.733308 0.03948613 0.3955174 -2.102753
109 5.112932 -0.2021354 0.2818499 -0.8341497 1.285367 0.3394028 0.05777697 0.1080158 -2.161744
110 5.029315 -0.3797279 -0.03234089 -0.6334446 1.293764 0.5070969 0.722248 1.191056 -2.364279
111 5.294367 -0.5726445 -0.2934976 -0.3872076 1.173579 0.8479714 -0.03858637 0.3132303 -2.304757
112 5.067775 -0.328373 0.2763905 -0.6289339 1.212415 0.6672332 0.170326 0.1227756 -2.260403
113 4.992958 -0.5140146 0.3148778 -0.4843885 0.876198 0.5174681 0.2009699 0.1320805 -2.025753
114 4.970904 -0.237032 0.05108398 -0.8393422 1.241117 0.290191 0.1414254 0.1731253 -2.138912
115 5.511821 -0.3637965 -0.08929294 -0.6594072 1.172557 0.3563922 0.193891 0.3715413 -2.370026
116 5.565331 -0.3885073 -0.1301465 -0.7612841 1.061706 0.5354029 0.208446 0.1178297 -2.298131
