1 0.1701437 0.134172 0.2385807 0.1774915 0.2536114 0.1404117 0.1165267 0.2009892 0.1509233
2 0.1631117 0.1533411 0.2279692 0.201742 0.2585046 0.1647251 0.1602144 0.1899239 0.1377344
3 0.1458086 0.1401754 0.2044242 0.1848513 0.1994078 0.1222743 0.1162682 0.1602303 0.1482104
4 0.1485846 0.1426419 0.2088795 0.19196 0.2158009 0.1417091 0.1406629 0.1321392 0.1580331
5 0.2311724 0.1499118 0.326389 0.2003985 0.5959009 0.3515464 0.2960086 0.6142262 0.1506536
7 0.1410178 0.1301442 0.1982619 0.1793186 0.1762015 0.1092749 0.1074616 0.1265786 0.1565752
8 0.1629658 0.1424555 0.2270001 0.1836454 0.2388353 0.1426855 0.1352175 0.1539838 0.143457
9 0.194428 0.1542415 0.2740864 0.2142807 0.3929186 0.2245978 0.219285 0.3247005 0.1579698
10 0.1550866 0.1382669 0.218288 0.1922991 0.2204561 0.1301656 0.1248878 0.1558022 0.1444314
11 0.148325 0.1158463 0.2076006 0.1528505 0.1935429 0.1034285 0.09293999 0.1008349 0.1591691
12 0.1515084 0.1433501 0.2132258 0.2034702 0.2674135 0.1947088 0.1858793 0.1868756 0.1384664
14 0.1784308 0.127639 0.2491746 0.1630429 0.2585524 0.1321697 0.1008627 0.1500786 0.1509419
17 0.1704652 0.1393088 0.2396616 0.1848704 0.2640123 0.1540675 0.1278924 0.1668585 0.1506362
19 0.1426111 0.1346931 0.2003762 0.1862334 0.185895 0.1238234 0.1394048 0.1294235 0.1516196
20 0.1795115 0.1510912 0.2504181 0.1952363 0.2716448 0.1565238 0.150235 0.1977876 0.1506189
21 0.1722048 0.1432342 0.2413061 0.1897775 0.257676 0.1489403 0.1476301 0.1946523 0.149206
22 0.1996313 0.1303681 0.2798283 0.1729179 0.3260072 0.1574164 0.113695 0.2131468 0.1426566
23 0.1468167 0.1642934 0.2028777 0.2085504 0.2042343 0.1413082 0.1492016 0.1480398 0.1483054
24 0.1659926 0.1216701 0.2340624 0.1650652 0.2328665 0.1194338 0.1147969 0.1310702 0.1492753
26 0.1794276 0.1266399 0.2517522 0.1647049 0.2949029 0.1668792 0.1321469 0.1605297 0.144706
27 0.1487418 0.1104007 0.2085176 0.1426514 0.2019028 0.1161395 0.1108377 0.1073604 0.1454161
28 0.1578751 0.1337858 0.2213366 0.1773945 0.213552 0.1225846 0.1163947 0.1341784 0.1593219
29 0.1687372 0.1254562 0.2366453 0.168977 0.2521638 0.1393587 0.1095431 0.1645933 0.1685333
30 0.1743941 0.1436583 0.2441207 0.1863492 0.2466243 0.125931 0.1115019 0.1757548 0.1456549
31 0.1907548 0.1291295 0.2680996 0.1750304 0.3030274 0.1500412 0.1158325 0.1491797 0.1686118
32 0.1429462 0.1394817 0.2002649 0.1896039 0.2014943 0.1338866 0.1376541 0.1173532 0.1578921
33 0.1603965 0.1289826 0.2259242 0.1679486 0.2310974 0.129898 0.1040917 0.1371964 0.1482862
35 0.1693401 0.131441 0.2379046 0.1775573 0.2408984 0.1321543 0.1430346 0.153671 0.1409208
37 0.1840971 0.1374664 0.2592556 0.1872154 0.2853476 0.1512742 0.1287842 0.1814497 0.1505338
38 0.1640546 0.1299437 0.2292065 0.1712845 0.2423112 0.1500058 0.1282056 0.1529958 0.1534917
39 0.1633929 0.1517773 0.229475 0.2029285 0.2466738 0.1435176 0.1472525 0.197933 0.1455985
40 0.1584156 0.1268733 0.2220238 0.1732007 0.2218563 0.1293448 0.1239315 0.1303606 0.1476025
41 0.1578439 0.1351942 0.2205248 0.1766601 0.2131283 0.1214552 0.1144438 0.1316389 0.1576978
42 0.166725 0.1349068 0.2341417 0.1819546 0.2415997 0.1450193 0.123183 0.1423159 0.1561926
43 0.175588 0.15533 0.2459474 0.2030367 0.2921104 0.1858835 0.1615524 0.154775 0.149328
44 0.1749223 0.1735388 0.2454512 0.2346286 0.2851678 0.1766836 0.1928292 0.2376667 0.1508678
45 0.1449558 0.1566956 0.2012202 0.1981655 0.1874594 0.1199074 0.1323067 0.1520472 0.149138
46 0.1637472 0.1316122 0.2294126 0.1735344 0.2350036 0.1319494 0.1212328 0.1186773 0.1508862
47 0.1858456 0.1420223 0.2620316 0.1934245 0.2780921 0.146612 0.1277248 0.1844233 0.1547313
48 0.1781836 0.1331321 0.2503341 0.1780737 0.2662004 0.1430973 0.1261157 0.1493206 0.144319
50 0.1992091 0.122285 0.2793321 0.1591512 0.308148 0.1360475 0.09303558 0.1527388 0.1578921
51 0.1705153 0.1386944 0.2403141 0.1896024 0.2527281 0.1435592 0.126616 0.1874787 0.1531356
52 0.212927 0.1595586 0.2996708 0.2163479 0.4026239 0.2270097 0.1793979 0.1958923 0.1520238
53 0.1854239 0.1393534 0.2597933 0.188874 0.288277 0.1542592 0.127305 0.1658033 0.1531666
54 0.1533686 0.1519475 0.2149592 0.2029773 0.2404115 0.1500482 0.1446217 0.1946452 0.1444505
55 0.1588087 0.1321872 0.2233115 0.1735025 0.2199065 0.124155 0.120659 0.1369328 0.1482862
56 0.2039899 0.1530846 0.2853287 0.1994442 0.3346326 0.1661229 0.1347024 0.2186829 0.1459083
57 0.1516843 0.1173186 0.2137519 0.1608496 0.2136678 0.1254586 0.1086375 0.1203883 0.1466584
58 0.1738326 0.1145225 0.2457149 0.1624244 0.2525094 0.1262861 0.1076725 0.1276304 0.1490382
59 0.161926 0.1285858 0.226732 0.1718991 0.2410078 0.1371572 0.1197164 0.1472959 0.1442823
60 0.1580437 0.1334949 0.2213213 0.1779748 0.2469187 0.1660515 0.1523429 0.1570401 0.1547157
61 0.2219751 0.1794366 0.3119007 0.2344011 0.4058462 0.2101563 0.1820918 0.2542436 0.1506018
62 0.1771812 0.1416925 0.2484724 0.1875732 0.2823094 0.1648641 0.1581543 0.1669687 0.1535258
63 0.1435352 0.135677 0.2011301 0.1845301 0.1826949 0.1140346 0.1105345 0.1384862 0.1443562
64 0.1792246 0.1746997 0.2511703 0.2369471 0.2868274 0.181487 0.1968048 0.230064 0.1468952
68 0.1978116 0.161473 0.2780062 0.2248635 0.3323912 0.1923153 0.1683448 0.2538761 0.1479034
69 0.1465429 0.1208483 0.2057928 0.1615097 0.2034292 0.1260365 0.1088503 0.1062456 0.1444505
70 0.1940405 0.1334698 0.2725439 0.1775647 0.3096317 0.1494499 0.1198086 0.1610465 0.1518406
71 0.1355158 0.1196675 0.1893005 0.1582264 0.1639966 0.09774568 0.09656415 0.1041351 0.1505507
72 0.1609155 0.1311294 0.2254679 0.1728797 0.2150917 0.1192793 0.1111298 0.1461409 0.1520068
74 0.1775321 0.1439788 0.2481985 0.1829103 0.2552722 0.133799 0.1148767 0.1581587 0.1507237
76 0.1702488 0.1433566 0.2380433 0.1876706 0.2516745 0.1504118 0.13241 0.1682253 0.1520581
77 0.1554449 0.1336833 0.21703 0.1771657 0.2238976 0.1374865 0.1278157 0.1638452 0.1425277
78 0.1485548 0.140691 0.20853 0.1913077 0.2396947 0.1695043 0.1567828 0.1251288 0.1467478
80 0.1511556 0.1399035 0.2115194 0.1832196 0.2068072 0.1237233 0.1383414 0.1479842 0.1447672
82 0.1672293 0.1456717 0.232625 0.1809958 0.2500311 0.1436294 0.1177713 0.143616 0.1493814
83 0.1758608 0.1217171 0.2472608 0.1643189 0.2581856 0.1362049 0.1032753 0.1555697 0.1430739
84 0.1848528 0.1287862 0.2603871 0.1771842 0.2800258 0.1503752 0.1424327 0.1934814 0.1593937
85 0.1627097 0.126547 0.2280784 0.1711874 0.2416052 0.1433435 0.1273554 0.1422002 0.1517284
86 0.198161 0.1463619 0.2768103 0.1953653 0.3410131 0.192115 0.1476205 0.239387 0.1421817
87 0.1589283 0.1196697 0.2244108 0.1716214 0.2239945 0.1323517 0.1110526 0.168133 0.1493635
88 0.1387863 0.1353388 0.1945182 0.1816603 0.1761379 0.1093463 0.1327343 0.1211956 0.1435584
89 0.1727237 0.1536172 0.241564 0.2010416 0.2624446 0.1568814 0.1388269 0.1877476 0.1520753
90 0.1685295 0.1433952 0.2361888 0.1922441 0.2610256 0.1486816 0.1348003 0.2035759 0.1457699
91 0.1459096 0.1475087 0.2028115 0.1837968 0.2000959 0.1250253 0.1279658 0.1269192 0.1457894
92 0.1779646 0.1384783 0.2494694 0.1809231 0.2835034 0.1700715 0.1312409 0.1661617 0.1493994
93 0.1882284 0.1261152 0.2645325 0.1725803 0.3391964 0.2041049 0.1468708 0.1714411 0.1505002
94 0.1642044 0.1319018 0.2297337 0.1756016 0.2614774 0.1544229 0.1381066 0.1406323 0.150517
95 0.160742 0.1312184 0.2251882 0.1694677 0.2381826 0.1344309 0.1057138 0.1554114 0.1404818
96 0.1646148 0.1361709 0.2309161 0.1858465 0.2693459 0.1658985 0.1537075 0.2274707 0.145969
97 0.1625763 0.1388877 0.2289761 0.1941973 0.2568529 0.1628358 0.1724822 0.1842963 0.1411352
98 0.182739 0.1304461 0.2559933 0.173457 0.2709608 0.1306813 0.1065813 0.1405165 0.1494721
99 0.1550112 0.1116365 0.2188206 0.1537635 0.2066587 0.114383 0.08674348 0.1281393 0.1628851
100 0.179904 0.1377886 0.2538973 0.1931584 0.2716066 0.1496696 0.1372351 0.1789865 0.1479034
101 0.1476201 0.1184075 0.2069953 0.1603089 0.1943523 0.1221377 0.09741591 0.1298306 0.1648024
102 0.1459001 0.137248 0.203131 0.1754718 0.192729 0.1204982 0.1026548 0.1385356 0.1507951
103 0.169332 0.1421298 0.2377174 0.1931492 0.2565964 0.1481329 0.1359138 0.1699429 0.1412159
104 0.1694483 0.1727831 0.2365698 0.2223032 0.2851844 0.1969339 0.190984 0.1810036 0.1445081
105 0.1594082 0.1349447 0.2230474 0.1766027 0.2296867 0.1388881 0.1356551 0.138333 0.1467298
106 0.1521374 0.1216063 0.2130296 0.1597232 0.2051209 0.120488 0.1014327 0.1347293 0.1549911
107 0.2095966 0.142039 0.2938335 0.1860266 0.3431017 0.1673563 0.1367184 0.1924559 0.1518569
108 0.1880892 0.1566334 0.2642281 0.2114848 0.3236147 0.18374 0.1484816 0.2505748 0.1455063
109 0.1682646 0.1225483 0.2360352 0.167762 0.2371911 0.1316336 0.1037726 0.1674347 0.1478688
110 0.1779399 0.2026143 0.2495026 0.279282 0.2913093 0.2046281 0.281475 0.1570339 0.1576833
111 0.1903055 0.1375494 0.2683798 0.1880058 0.3034373 0.1631693 0.1329977 0.2185403 0.1546232
112 0.1833588 0.1285607 0.2579707 0.1706758 0.2684972 0.1331418 0.1016575 0.1655199 0.154941
113 0.1602904 0.1272408 0.2235017 0.1633048 0.2251565 0.1234013 0.09633706 0.1311512 0.143457
114 0.1635887 0.1344915 0.2284969 0.1779851 0.2439488 0.14473 0.1172502 0.1547045 0.148045
115 0.162866 0.1457783 0.2286781 0.1994609 0.2307731 0.140871 0.1510972 0.1784075 0.159467
116 0.1689684 0.1212175 0.2368829 0.15803 0.2526125 0.1362551 0.1136397 0.1283024 0.1563789
