1 5.481222 -0.1581845 -0.1639088 -1.121479 0.5518738 0.4573332 -0.01804393 0.407859 8.020964 -2.217427
2 5.147503 -0.4927037 0.2780655 -0.6057959 0.6109396 0.3725286 0.2005148 0.2148757 9.153752 -2.116483
3 5.497092 -0.4472927 -0.1256935 -0.6757094 0.4629698 0.3780158 0.1155402 0.22813 6.819357 -2.238047
4 5.274962 -0.3174468 -0.1887795 -0.6766583 0.5389701 0.523373 0.0641658 0.1244607 5.365439 -2.206636
5 5.63822 -0.5157219 -0.4170312 -0.4630974 0.5240226 0.1715137 0.07976188 0.2753283 4.890865 -2.252411
6 5.185756 -0.1766224 0.1181536 -0.7009223 0.4691772 0.2966884 0.1094064 0.1545755 4.170302 -2.125848
7 5.220303 -0.6517303 -0.2381579 -0.375 0.4407688 0.3501418 0.1304481 0.1972607 5.835633 -2.188113
8 5.587451 -0.3032481 -0.5122673 -0.6535937 0.3771802 0.3399125 0.1152659 0.141522 5.34113 -2.1366
9 5.38903 -0.2907135 -0.3262527 -0.6485926 0.44343 0.4635025 0.04979892 0.1027973 5.464851 -2.226873
10 5.481384 -0.4166276 -0.2899692 -0.5949458 0.546029 0.5528818 -0.0733354 0.3609085 5.62546 -2.451846
11 5.511483 -0.4257794 -0.3639458 -0.5726883 0.5303784 0.5785269 -0.002632905 0.2476425 5.23725 -2.13196
12 5.316033 -0.407548 -0.122285 -0.4717124 0.5334335 0.4359227 0.06923587 0.2368974 6.560828 -2.045994
13 5.11897 -0.3012294 0.2099262 -0.7009772 0.5622683 0.4274666 0.08970137 0.1650635 7.074309 -2.150393
14 5.502332 -0.426291 -0.2443168 -0.5697344 0.6507112 0.4065878 0.02531783 0.1119535 9.01052 -2.036105
15 5.213574 -0.4031136 -0.2475072 -0.5062574 0.4961823 0.4510583 0.02934703 0.2591168 6.190281 -2.13196
16 5.269966 -0.5014713 -0.02246324 -0.5344691 0.4947067 0.3834988 0.102078 0.1329043 7.541721 -2.217844
17 5.545236 -0.3997809 -0.1718132 -0.5824108 0.4157988 0.332553 0.1095984 0.08965701 4.143468 -2.074886
18 5.244544 -0.237217 0.1943923 -0.8602881 0.4512938 0.2766789 0.1449945 0.151469 7.810397 -2.044756
19 5.051805 -0.3581637 0.2028946 -0.552918 0.5136986 0.4752415 0.07779463 0.1440973 5.05434 -2.032295
20 5.206914 -0.4210949 0.1085709 -0.4052669 0.5365802 0.511684 0.1071982 0.2355446 5.167886 -2.26795
21 5.435822 -0.4421085 0.1165942 -0.4284876 0.4814509 0.1636433 0.08069731 0.2415929 5.543273 -2.376013
22 5.604225 -0.5104082 -0.06208726 -0.4292101 0.5469657 0.4818986 0.1868946 0.1558573 4.217069 -2.351375
23 5.402501 -0.5878954 -0.00879923 -0.3231773 0.4687774 0.2911114 0.14062 0.1657393 4.493064 -2.19949
24 5.280013 -0.5011051 0.003812164 -0.4884503 0.4615422 0.4102232 0.1365051 0.1303844 6.060592 -2.172968
25 5.481002 -0.5336593 -0.146693 -0.5639584 0.3865656 0.449824 0.1591419 0.248404 4.975802 -2.233592
26 5.320328 -0.3312067 0.05272667 -0.5955904 0.3408953 0.4731361 0.02969666 0.1531766 3.511595 -2.201749
27 5.200201 -0.4117187 0.02115215 -0.5963919 0.5052063 0.3720843 0.06196619 0.2141958 6.428201 -2.318021
28 5.448311 -0.1905807 -0.4536209 -0.7590505 0.4758525 0.3228592 0.08758211 0.1953881 5.483406 -2.419826
29 5.605135 -0.3172701 -0.6027627 -0.6720592 0.452096 0.6063661 -0.04178984 0.3259359 4.016889 -2.30702
30 5.524397 -0.4537958 0.03060983 -0.4794277 0.5048199 0.4082184 -0.09311269 0.2626237 6.251049 -1.970664
31 5.295435 -0.4024431 0.07141765 -0.5043946 0.4934036 0.2800828 -0.0006599636 0.3194529 3.763335 -2.024382
32 5.301001 -0.4522171 -0.07977045 -0.519257 0.5710872 0.309345 0.11757 0.1242332 6.019104 -1.796954
33 5.71395 -0.1861417 -0.4281138 -0.7662125 0.5214952 0.4152597 0.04041764 0.2844829 4.299327 -2.088831
34 5.394974 -0.4334929 -0.002961549 -0.6241508 0.4676633 0.7259478 -0.01415103 0.2301665 5.187305 -2.007468
35 5.37592 -0.5954078 -0.06731423 -0.376162 0.4932727 0.3913634 0.1529976 0.2680931 4.470991 -2.453944
36 5.253529 -0.2554305 0.1187578 -0.6583127 0.472706 0.6965306 -0.05663784 0.2995311 7.870823 -2.138912
37 5.101187 -0.2745926 0.2848969 -0.7729309 0.5603938 0.6199431 0.04331842 0.2820439 5.833712 -2.005334
38 5.047904 -0.2631128 -0.09316033 -0.7418971 0.4293223 0.2976181 0.108961 0.2899403 4.436426 -2.5362
39 5.34052 -0.5268015 -0.0994829 -0.6387937 0.5840686 0.3957197 0.2039968 0.2241568 6.364653 -2.018533
40 5.419151 -0.6375842 -0.06498392 -0.4019869 0.6154908 0.5464066 0.1458805 0.2622306 5.460161 -2.222897
41 5.572261 -0.2940123 -0.05556942 -0.6326804 0.4565404 0.3312467 0.09097632 0.1049907 5.09873 -2.134282
42 5.320303 -0.5630258 -0.2301668 -0.3525763 0.5814676 0.3986522 0.0837967 0.1932683 4.837775 -1.796954
43 5.3981 -0.4032192 -0.2038303 -0.6894054 0.4218423 0.529815 0.1266019 0.2154316 4.900766 -2.298228
44 5.464714 -0.580184 -0.05315554 -0.3217161 0.5911045 0.242785 0.1125932 0.2139221 7.232368 -1.762695
45 5.366 -0.4401899 0.1045435 -0.5380731 0.6508464 0.3016587 0.07255115 0.18315 5.925893 -2.093762
46 5.336453 -0.3792282 -0.141191 -0.6282824 0.5126779 0.3816658 0.03102026 0.3388458 7.013366 -2.100845
47 5.24464 -0.4604314 0.2946706 -0.3902933 0.4639801 0.4775473 0.06340549 0.1860716 5.319049 -1.89712
48 5.221755 -0.3949922 0.1452273 -0.6374553 0.509322 0.4779395 0.1878167 0.2635804 5.705942 -1.926009
49 5.391072 -0.4143745 -0.175743 -0.5550792 0.4819096 0.4003519 0.125027 0.2802606 4.606449 -2.451846
50 5.395786 -0.3672659 -0.1947019 -0.6742607 0.4471519 0.404908 0.09101626 0.2931957 3.329307 -2.197225
51 5.298447 -0.6438915 -0.008279977 -0.51829 0.5432206 0.5247515 -0.06445766 0.4176056 4.727647 -2.238897
52 5.125395 -0.3109614 0.170512 -0.7137537 0.4431252 0.3448401 0.1417198 0.1992031 5.476167 -1.802286
53 5.36077 -0.5306212 -0.1717338 -0.5112156 0.4103381 0.3646189 0.1140008 0.1282685 3.475408 -2.178917
54 5.524091 -0.461548 -0.4066337 -0.5645963 0.3253584 0.2128522 0.03378372 0.1938183 3.466168 -2.195
55 5.308237 -0.3827387 -0.2860029 -0.5848509 0.4531727 0.4057005 0.06806575 0.09588223 4.403865 -2.029088
56 5.160657 -0.1550807 0.3823617 -0.9684554 0.5454101 0.9797307 -0.1026478 0.2622573 6.951519 -2.19277
57 5.04235 -0.2292499 0.1442544 -0.6437079 0.5350508 0.5316631 -0.02927482 0.2806666 5.150972 -2.109641
58 5.344441 -0.3920339 -0.08651098 -0.4508319 0.5169342 0.790146 0.05442526 0.2735131 6.589689 -2.057987
59 5.302306 -0.5258033 0.07147193 -0.4714945 0.4826103 0.4388306 0.1038046 0.3429619 7.060699 -2.30923
60 5.186738 -0.2789474 0.1242473 -0.8654773 0.4736234 0.1708944 0.09869653 0.3742991 5.079332 -2.197225
61 5.41956 -0.3121962 0.09612961 -0.7608636 0.4986522 0.4723823 0.03369311 0.2371797 5.608168 -2.032922
62 5.194496 -0.285728 -0.1396102 -0.7619359 0.5031891 0.2843854 0.1437073 0.1888846 3.619782 -2.208499
63 5.182611 -0.3041367 0.3237781 -0.6506117 0.5130864 0.2899997 0.07441928 0.1897434 5.08124 -2.163323
64 5.279275 -0.1495541 0.1354789 -0.8765014 0.6382371 0.2476762 0.1384863 0.1397614 5.481354 -2.226277
65 5.39728 -0.4288822 -0.2664253 -0.6132288 0.5702868 0.6849296 0.2182849 0.2625977 7.237387 -2.440274
66 5.447844 -0.5736873 -0.2556292 -0.3825399 0.4869444 0.4225332 0.09000167 0.1671731 7.83453 -2.122614
67 5.467276 -0.4492432 -0.4400823 -0.4721967 0.585376 0.4513659 0.1470385 0.3582441 4.108181 -1.948288
68 5.337124 -0.2142477 0.04817656 -0.712943 0.5349707 0.4191878 0.1663282 0.2334792 7.573227 -2.170196
69 5.397085 -0.4651091 -0.3293071 -0.4653479 0.4464003 0.2682593 0.02948015 0.2095006 6.01924 -2.430614
70 5.380331 -0.4192081 -0.1804955 -0.6272857 0.4816902 0.7669134 0.1793762 0.2298968 8.300514 -2.264928
71 5.428392 -0.3054152 -0.2274311 -0.5102288 0.5828372 0.6378438 0.1105714 0.1384144 4.991584 -1.985915
72 5.446425 -0.3920589 -0.3581089 -0.3793042 0.4437145 0.5620553 -0.05561689 0.2459094 5.601967 -2.01369
73 5.180704 -0.2677654 -0.01035153 -0.8076942 0.4219975 0.676264 -0.01335337 0.181596 5.87317 -2.348047
74 5.313441 -0.2921262 0.007044663 -0.6315431 0.496282 0.3759117 0.004742231 0.2887189 4.696793 -2.053649
75 5.034583 -0.2566728 0.2026856 -0.6352206 0.4397587 0.4029922 0.1602799 0.120198 5.773204 -2.2591
76 5.300572 -0.3519565 -0.108853 -0.621522 0.5103099 0.2532587 0.07927076 0.2265397 3.825809 -2.309086
77 5.405319 -0.4037798 -0.2337004 -0.7541685 0.5284607 0.2712384 0.06459056 0.1994721 9.320288 -2.21266
78 5.239676 -0.3753547 -0.1645289 -0.6392508 0.5315789 0.4572435 0.107702 0.2034234 6.756924 -2.058775
79 5.57975 -0.575274 -0.4645379 -0.4290132 0.5199063 0.3933498 0.1263027 0.1682298 8.105001 -2.01369
80 5.421041 -0.1487924 -0.2516047 -0.8838959 0.5118405 0.5785425 -0.07971917 0.3305016 4.984074 -2.516455
81 5.534639 -0.4323472 -0.1438646 -0.5140198 0.5068581 0.2773169 0.1000992 0.2668707 7.004192 -1.970242
82 5.36839 -0.4508279 -0.3314335 -0.4904626 0.5326482 0.5497938 0.000102836 0.3047925 5.390262 -2.304805
83 5.454797 -0.2592199 -0.01704995 -0.9823998 0.4734419 0.8210366 -0.04401828 0.301086 4.591762 -1.826662
84 5.372241 -0.4087953 -0.1399924 -0.6706499 0.5063363 0.3253706 0.08603014 0.1848904 4.231723 -2.05179
85 5.326595 -0.3211655 -0.08720397 -0.6960028 0.4180367 0.5222792 -0.06685777 0.3612006 4.27385 -2.09849
86 5.376195 -0.3111507 0.1644817 -0.5495945 0.4430157 0.307709 0.1330342 0.1389064 5.255675 -2.027686
87 5.528399 -0.4269814 -0.3485167 -0.8467026 0.5328564 0.4114254 0.07861295 0.1574856 9.191683 -2.01126
88 5.246208 -0.5318572 -0.2828876 -0.3603095 0.4828812 0.7030181 0.1440004 0.2118733 4.993447 -2.206441
89 5.373497 -0.4275209 -0.1829 -0.5648024 0.4071588 0.2840569 0.08988298 0.1738936 5.380381 -2.103196
90 5.436757 -0.3879666 -0.1966699 -0.6310265 0.4637142 0.3955289 0.07632977 0.1364069 4.285384 -2.461723
91 5.329719 -0.3121151 0.001886745 -0.6702636 0.4621709 0.4195296 0.05047569 0.2230942 5.275264 -2.30702
92 5.37023 -0.479059 -0.04663792 -0.4655876 0.4045519 0.5582109 0.03816147 0.1727312 6.882685 -2.257849
93 5.241746 -0.3050173 0.08878238 -0.6084359 0.4329868 0.3369885 0.01436941 0.2373653 4.369787 -2.004321
94 5.325344 -0.2576066 -0.1060163 -0.6492322 0.4652787 0.3989498 0.1415198 0.1633592 4.787952 -2.060749
95 5.2843 -0.486849 -0.08993808 -0.2039512 0.5083773 0.4683364 0.1997925 0.1999977 6.823089 -2.174752
96 5.413794 -0.3262702 -0.2293429 -0.7196135 0.4507733 0.4657447 0.03958127 0.1666822 4.525148 -2.291412
97 5.118695 -0.4032479 0.3191761 -0.6255681 0.5898828 0.5969158 0.2625769 0.2392247 4.949251 -2.135349
98 5.539176 -0.4596312 -0.6074734 -0.7736664 0.4625646 0.2297997 0.1585037 0.2797605 5.074659 -2.201659
99 5.317647 -0.2708986 -0.000592128 -0.6827095 0.6680104 0.5817639 0.3117638 0.2878895 6.06592 -2.451005
100 5.589924 -0.3313892 -0.3520911 -0.6112882 0.4637377 0.481977 0.08161098 0.1997026 3.749534 -2.380837
