1 5.143523 -0.710461 0.4600271 -0.3809841 1.0587 0.6166994 0.08895535 0.321812 0.02510809 -1.309794 0.7337343 -1.280855
2 5.230715 -0.8521211 -0.1653991 -0.2610377 1.426027 0.2847922 0.2202399 0.285752 -0.564286 -1.116166 0.6701405 -1.025433
3 5.380995 -0.8412734 -0.09564736 -0.1921354 0.9965608 0.3712706 0.2660904 0.3603295 0.7035812 -1.565196 0.6884109 -1.382985
4 5.285843 -0.6802332 -0.2856864 -0.2755556 1.100618 0.2627178 0.3078393 0.4720135 -0.7272494 -1.394283 0.5403986 -0.8799305
5 5.019061 -0.612427 0.1391428 -0.669884 1.596513 1.331776 -0.05881058 0.3938231 -1.123943 -0.9122791 0.5163919 -0.7972167
7 5.352099 -0.5331265 -0.1193338 -0.4941983 1.068931 0.178123 0.1642315 0.339476 -1.046715 -0.8114673 0.6389227 -0.935368
8 5.22571 -0.9322248 -0.01363036 -0.1237938 1.221653 0.3415917 0.2618876 0.2976202 0.2875498 -1.394337 0.3402855 -0.8562547
9 5.499889 -0.2692621 0.1620464 -0.8455461 1.346394 0.8670726 0.3950922 0.5032809 -1.34047 -0.8206433 0.48998 -0.6697365
10 5.112739 -0.5013483 0.1595551 -0.6508867 1.095779 0.3736682 0.2843564 0.3099899 -0.9252982 -0.9304273 0.5714744 -0.8275407
11 5.358943 -0.4958017 -0.2921737 -0.4035256 0.9060155 0.3483336 0.230893 0.1847692 -1.077847 -1.458158 0.4203503 -0.6159737
12 5.302358 -0.68508 -0.09088799 -0.6066686 1.122049 0.2741571 0.2748869 0.3828697 -1.027032 -0.7635514 0.5028121 -0.6945744
14 5.618255 -0.7080941 -0.05943654 -0.4551058 1.168749 0.6059552 0.1739866 0.1092205 -0.7165493 -1.730508 0.4712076 -0.6783729
17 5.166689 -0.5329265 0.1047085 -0.9055044 1.276684 0.4315941 0.2709125 0.3348424 -0.6573971 -1.390167 0.6743866 -1.080741
19 5.407392 -0.6339501 -0.008528647 -0.5959418 1.073091 0.1706527 0.1881612 0.3883267 -0.88136 -0.9332433 0.3391788 -0.6205259
20 5.511564 -0.7836742 0.008935118 -0.4132009 1.239865 0.6417419 0.3189541 0.4009249 -0.1341065 -1.649133 0.3673034 -0.7554268
21 4.963642 -0.5591489 0.6341065 -0.6355123 1.190022 0.5092372 0.2405228 0.3178709 -1.126946 -0.9318317 0.4541521 -0.6583624
22 5.480174 -0.758419 -0.2320776 -0.4992687 1.405444 0.9210094 0.1016948 0.1571119 -0.7675982 -1.464288 0.7348469 -1.01642
23 5.289543 -0.9119864 0.1488229 -0.4606741 1.168655 0.1095601 0.1479049 0.4645673 -0.7775688 -1.93933 0.5489675 -0.7644148
24 5.272765 -0.5913427 -0.3031152 -0.4439755 1.06211 0.5610002 0.2770218 0.1833688 -1.218654 -0.8750923 0.5728639 -0.78585
26 5.032447 -0.6099566 0.3760209 -0.5909083 1.194443 0.6093127 0.2099679 0.1069647 -0.3081792 -1.007098 0.2680079 -0.6143327
27 5.359882 -0.8415323 -0.198868 -0.2395692 0.9401353 0.3709357 0.196039 0.1242603 0.9019454 -1.485207 0.4101186 -1.145086
28 5.356478 -0.65293 -0.1464639 -0.3398132 1.072357 0.3849386 0.265003 0.3077257 -1.790346 -0.9542475 0.6045577 -0.7242362
29 5.413049 -0.5436725 -0.1985889 -0.5312768 1.250116 0.4632624 0.1557023 0.2083853 0.05935571 -1.716996 0.2616866 -0.768246
30 5.329949 -0.5593719 -0.2265253 -0.5582119 1.201085 0.6423988 0.2194824 0.2439187 -0.04799679 -1.564873 0.4735037 -0.8726457
31 5.191597 -0.4545761 0.1914086 -0.794546 1.325177 0.7247956 0.298385 0.1737356 -2.095108 -0.8832086 0.3855694 -0.4128249
32 5.54261 -0.6537798 -0.2730329 -0.3494002 0.980261 0.2169725 0.2471546 0.3877744 -1.284013 -0.934786 0.2919921 -0.4504774
33 5.350083 -0.7991092 -0.09499229 -0.3580615 1.098394 0.5217719 0.2702486 0.1976863 -0.5988894 -1.248437 0.6552642 -1.02144
35 5.620527 -0.5449962 -0.2207087 -0.8138142 1.20554 0.470139 0.2805001 0.2492905 0.0947668 -1.626766 0.3815702 -0.7737209
37 5.359779 -0.7533679 -0.2065157 -0.6735439 1.396021 0.6862982 0.3743286 0.3011348 -0.4191559 -1.354874 0.5264187 -1.019482
38 5.100427 -0.4575907 0.4717254 -0.5950804 1.212926 0.3235562 0.1817079 0.1848342 -0.6826945 -1.277662 0.3474899 -0.608497
39 5.457921 -0.5187759 0.1454169 -0.7218014 1.135574 0.4625317 0.2882124 0.4785457 -0.9975231 -1.194536 0.5991746 -0.7953355
40 5.316436 -0.3913247 0.06446794 -0.7264067 1.063001 0.4155305 0.2963493 0.2817413 -1.129428 -0.9387457 0.411976 -0.5907226
41 5.415983 -0.5622553 -0.3794177 -0.4353291 1.102441 0.3975699 0.2445515 0.2455816 -1.202037 -1.363023 0.5097001 -0.6994628
42 5.63356 -0.6484881 -0.50942 -0.3505748 1.057278 0.6468317 0.4199391 0.3670114 -0.652969 -1.287986 0.4555044 -0.7814795
43 4.824027 -0.4754294 0.569432 -0.5023454 1.271918 0.5330717 0.412073 0.3645351 -1.108507 -0.8652969 0.4405218 -0.641374
44 5.529115 -0.8333321 -0.1208927 -0.2798068 1.618836 0.3090108 0.2367129 0.5943533 -1.669025 -0.7441932 0.6590155 -0.8209343
45 5.347813 -0.6994578 -0.06531815 -0.3671539 1.018399 0.2142907 0.1662743 0.5067214 0.4125571 -2.296315 0.5460758 -1.061684
46 5.148502 -0.5946914 0.05255635 -0.4003002 0.9822049 0.5962688 0.3970458 0.2937822 -0.6746498 -1.082191 0.6547613 -0.9982481
47 5.292233 -0.6326469 0.01120424 -0.6745196 1.460099 0.5670728 0.281156 0.3204596 -1.453648 -1.210238 0.6371717 -0.8526476
48 5.167348 -0.6460963 0.1677179 -0.5811767 1.229357 0.617811 0.3299185 0.2499754 -1.011914 -0.7292432 0.4463123 -0.6994198
50 5.190332 -0.5924497 -0.01113264 -0.5217022 1.22178 1.016848 0.1976225 0.09888974 -1.471742 -1.840575 0.5781625 -0.6713782
51 5.546397 -0.7730954 -0.2862683 -0.2443527 1.141541 0.5444577 0.2239299 0.3849858 -0.9872956 -0.7754058 0.4396088 -0.7263184
52 5.528838 -0.6943444 -0.4440512 -0.3406211 1.607263 0.9401831 0.5630249 0.3944439 -1.221071 -0.9433171 0.4261514 -0.6310849
53 5.598822 -0.8641095 -0.3366672 -0.03860223 1.326723 0.6473166 0.4105573 0.3666822 -0.4715684 -1.583796 0.5015869 -0.8957371
54 5.371459 -0.5593733 0.06158407 -0.5458462 1.198361 0.2458859 0.191748 0.4040877 -0.8082568 -0.7971326 0.3644836 -0.6005137
55 5.36139 -0.7464488 0.03449011 -0.3798951 1.039702 0.4949629 0.3004429 0.2396756 -0.650183 -1.193444 0.6062404 -0.9320847
56 5.723327 -0.8564616 -0.2544136 -0.2968121 1.455843 1.019719 0.3489555 0.2093654 -1.319085 -1.686596 0.871722 -1.040071
57 5.292698 -0.6952099 -0.09319006 -0.2923005 0.9172207 0.4021412 0.2262668 0.1826476 -1.48412 -0.5542839 0.4889301 -0.6218622
58 5.385378 -0.5160512 -0.02471911 -0.5306809 1.015097 0.7172102 0.3375052 0.2110621 -1.639274 -0.4973462 0.5564409 -0.6924294
59 5.185872 -0.6954392 0.1257082 -0.4516594 1.175503 0.4003907 0.2138474 0.1771607 -0.6825058 -1.31839 0.480096 -0.7610872
60 5.234475 -0.3898276 0.08186523 -0.8622969 1.126834 0.343188 0.2019342 0.2263858 -1.03857 -1.170789 0.3078232 -0.4963587
61 5.208508 -0.8800146 -0.171761 -0.4629963 2.04139 0.889281 0.4805687 0.3778839 -1.427151 -1.230986 0.4516811 -0.6061246
62 5.414904 -0.5251831 -0.06830582 -0.5941668 1.211315 0.6048808 0.3176839 0.2275356 -1.686111 -1.010523 0.5108125 -0.5700366
63 5.580015 -0.8052777 -0.3406864 -0.2990612 1.050323 0.26399 0.2168632 0.3393396 0.04977083 -1.229225 0.4863537 -0.9618854
64 5.236904 -0.7789392 -0.01416558 -0.3631961 1.885949 0.2351545 0.2918922 0.7388104 0.7916283 -1.446687 0.5230852 -1.366377
68 5.762778 -0.6765146 -0.2815072 -0.6240254 1.888986 0.583297 0.2133037 0.3052394 -0.7515647 -0.985745 0.3461104 -0.6287201
69 5.380834 -0.5469999 -0.1825449 -0.4370399 0.8912767 0.3592824 0.254856 0.2111732 -0.6733228 -0.9554737 0.611576 -0.9140965
70 5.552414 -0.6197509 -0.5476023 -0.4235774 1.247527 0.8703913 0.3835711 0.2408906 -1.26637 -0.9351597 0.4409575 -0.6172316
71 5.325496 -0.6033466 0.0821532 -0.5347663 0.7778023 0.2856528 0.2282633 0.2447806 -0.2335409 -1.652163 0.4510028 -0.8015257
72 5.14039 -0.6208991 0.1558198 -0.6314681 1.124507 0.4820622 0.2667485 0.2412327 -0.7871625 -1.414905 0.7535715 -1.116292
74 5.475851 -0.7872983 -0.02803035 -0.3665702 1.125318 0.5988264 0.3256518 0.3342173 -0.5766109 -1.803385 0.719855 -1.071635
76 5.373792 -0.3564824 -0.2070463 -0.7652844 1.189976 0.4428147 0.2294484 0.2422732 -1.844653 -1.250004 0.3611089 -0.3123487
77 5.306756 -0.6864817 0.003784009 -0.4771245 1.192394 0.2775612 0.1814557 0.2251278 -0.4251213 -1.696609 0.6993883 -1.023873
78 5.199249 -0.8137238 0.1217543 -0.2432633 1.086625 0.2990487 0.3205546 0.3557071 -1.083064 -0.7104864 0.6495672 -0.9572499
80 5.51293 -0.6363611 -0.5200923 -0.5100866 0.9640634 0.3523983 0.2467994 0.2482947 -1.508955 -0.7887928 0.5418374 -0.6210448
82 5.793602 -0.6023228 -0.6442349 -0.4330724 1.299586 0.3346099 0.18427 0.1495866 -0.1477376 -2.135583 0.4102453 -0.7059336
83 5.691844 -0.6154393 -0.4279866 -0.5071015 1.155568 0.6199956 0.2035448 0.1697614 -0.859133 -1.070532 0.3960347 -0.5981667
84 5.357212 -0.5156511 -0.0591348 -0.6929881 1.501802 0.5478875 0.1983883 0.2223644 -0.2270738 -1.034363 0.319688 -0.8237155
85 5.097892 -0.4847137 0.2249798 -0.5172092 1.16288 0.3832835 0.2164635 0.1908673 -1.573976 -0.8678296 0.3173093 -0.3889384
86 5.256594 -0.8503643 -0.2646281 -0.2801272 1.811664 0.7084793 0.1705304 0.1740459 -0.1806154 -1.766933 0.6876507 -1.20782
87 5.209165 -0.4477047 -0.1060152 -0.4459853 1.170991 0.3976517 0.08139564 0.1859777 -1.740077 -0.2618702 0.5834092 -0.7072392
88 5.454298 -0.6243018 -0.03173643 -0.7548396 0.9646686 0.200318 0.2088343 0.3156019 -1.04476 -1.197556 0.6582559 -0.8608307
89 5.438437 -0.7600243 0.04094893 -0.3901833 1.450733 0.4390277 0.2891408 0.4217213 0.1868603 -2.037378 0.6606932 -1.220862
90 5.384526 -0.2742175 -0.1609569 -0.8839217 1.271989 0.4381248 0.1892214 0.3372052 -0.4884515 -1.415414 0.5843377 -0.8755563
91 5.421576 -0.5334995 -0.2603506 -0.6282615 0.9708818 0.2858438 0.2295708 0.2358267 0.04866817 -2.036981 0.4959346 -0.8416113
92 5.206677 -0.4749127 0.4102302 -0.6225822 1.310962 0.5284614 0.2240409 0.1912545 -1.346075 -1.213724 0.568747 -0.6890347
93 5.491787 -0.7024391 -0.2472936 -0.476891 1.321967 0.7195226 0.2884332 0.1536044 -0.4929788 -0.9377192 0.2269123 -0.573071
94 5.642815 -0.7289299 -0.1538155 -0.3833286 1.203013 0.3716339 0.2543596 0.207176 -0.7871841 -1.305674 0.3215966 -0.5391891
95 5.237994 -0.5860395 0.05618784 -0.555336 1.116274 0.4403745 0.1945877 0.135457 -0.9795277 -1.426884 0.7699533 -0.9531206
96 5.339511 -0.7844481 0.07493114 -0.3102463 1.377654 0.3225509 0.1738106 0.2826078 -0.1651864 -1.110979 0.6302908 -1.114582
97 5.337125 -0.5213436 -0.1891449 -0.8812079 1.298106 0.3820413 0.3199118 0.3493581 -0.1782267 -1.3285 0.5161266 -0.9249561
98 5.50077 -0.7566029 -0.3803848 -0.6010539 1.194959 0.7997699 0.3585069 0.2040214 0.462802 -2.192453 0.5180984 -1.081008
99 5.507033 -0.5583328 -0.03000819 -0.638071 1.021513 0.3914646 0.1574569 0.1563612 -1.325492 -0.6440854 0.3502822 -0.5696092
100 5.37473 -0.6233122 -0.3492446 -0.4940099 1.263264 0.6551653 0.3399403 0.3060571 -1.636371 -0.6587831 0.4216256 -0.5068892
101 5.48647 -0.3823026 -0.4354435 -0.6403169 1.13218 0.224753 0.09270641 0.1516141 0.13045 -1.814292 0.3622084 -0.8362631
102 5.600236 -0.6716444 -0.2087559 -0.6200633 1.115583 0.1908891 0.130471 0.2479296 -0.3415421 -2.150032 0.724529 -1.07966
103 5.343182 -0.6717912 0.04469232 -0.6136564 1.265379 0.4368995 0.2964281 0.2829561 -0.9082009 -0.8830316 0.4813904 -0.7183452
104 5.343445 -0.9318481 -0.05863408 -0.1847918 1.482353 0.2908044 0.3742017 0.6059744 1.093745 -1.635937 0.3176616 -1.083242
105 5.504536 -0.8635182 -0.2457256 -0.3597558 1.066336 0.422932 0.324238 0.3246382 0.1937048 -1.41325 0.3223833 -0.8124196
106 5.31435 -0.6628072 -0.03962793 -0.4231341 1.070334 0.3355069 0.1493307 0.1596127 -0.07585106 -1.928538 0.5787248 -1.019119
107 5.265577 -0.5637059 -0.1032963 -0.5135256 1.345518 1.110777 0.3630031 0.2073848 -1.590384 -1.40647 0.5558629 -0.6322956
108 5.276377 -0.6973346 0.1066614 -0.6995263 1.472531 0.6596056 0.133356 0.3969536 -0.4414357 -1.011538 0.5470522 -1.015165
109 5.119171 -0.4509208 0.3048885 -0.7461997 1.475391 0.3162149 0.04468989 0.1599268 0.1266398 -1.324136 0.4813748 -1.009698
110 5.061767 -0.5704673 -0.05828444 -0.5504601 1.335035 0.5017096 0.7392153 1.216943 -2.324333 -1.085844 0.4658206 -0.3837967
111 5.333283 -0.8385914 -0.3163885 -0.2808033 1.337931 0.7532753 0.0517463 0.3139785 -0.8718939 -0.9857278 0.5569455 -0.9710538
112 5.049599 -0.6165755 0.2967369 -0.4976108 1.397068 0.679711 0.2218364 0.1525274 -0.178801 -1.159916 0.5253496 -1.062944
113 5.035563 -0.8783981 0.2612766 -0.2407674 0.9871619 0.5571343 0.2447678 0.1520981 -0.01043164 -1.803893 0.6653224 -1.12786
114 4.946922 -0.4999081 0.1090485 -0.7256285 1.377911 0.2723856 0.144525 0.2087499 -0.3302521 -1.375481 0.4063896 -0.7992854
115 5.557171 -0.6472097 -0.1184243 -0.5247744 1.28588 0.3322762 0.1811103 0.4951376 -0.3936622 -1.575041 0.4378745 -0.8262214
116 5.572733 -0.6614865 -0.1408845 -0.6137145 1.174136 0.5118852 0.2613942 0.160294 0.1932632 -2.066868 0.5121414 -1.026453
