1 0.1431891 0.1179615 0.2001685 0.1566074 0.1436184 0.07978254 0.07907761 0.0485911 2.344676 0.5744448 0.3317519 0.1212705 0.1696252
2 0.1283672 0.1332476 0.1738918 0.167263 0.1286209 0.08053278 0.0862124 0.08171929 1.160249 0.5395379 0.3067812 0.101674 0.14765
3 0.1382583 0.1345781 0.1898907 0.1647736 0.1273398 0.07706103 0.08520342 0.05383124 1.681367 0.6382438 0.3549375 0.1303618 0.2006064
4 0.1336276 0.1381503 0.1849178 0.1812196 0.1252647 0.08736081 0.1123597 0.06923814 2.259985 0.5805453 0.3762585 0.1285135 0.1728288
5 0.1546898 0.1168719 0.2159467 0.1603059 0.1634599 0.08648389 0.08898528 0.05784268 0.8155827 0.4425827 0.3284976 0.09681724 0.1201046
7 0.131731 0.1142353 0.1840456 0.1533985 0.1159489 0.06974459 0.0768394 0.06714033 2.461584 0.6343876 0.3449444 0.1220687 0.1556579
8 0.152764 0.1428758 0.2165864 0.1746179 0.1589953 0.088166 0.1022448 0.07197239 2.128808 0.5364671 0.3296396 0.09415445 0.149799
9 0.1644401 0.1182223 0.2312845 0.1661423 0.1926082 0.09724821 0.0998318 0.06598012 1.065803 0.5195774 0.344963 0.0996076 0.1258622
10 0.1444403 0.1337782 0.2024267 0.1692056 0.1460116 0.08461196 0.09589449 0.07035022 3.762319 0.526578 0.3194313 0.1150323 0.1585075
11 0.1324146 0.1003092 0.1811411 0.1305555 0.1127664 0.05984204 0.0569479 0.05919257 2.240462 0.6248373 0.3792384 0.1135632 0.1588908
12 0.1253259 0.1164823 0.1759588 0.1584029 0.1171303 0.07729052 0.08578148 0.06331291 1.209799 0.5023002 0.3069315 0.09708955 0.1330418
14 0.1368606 0.1155856 0.1890497 0.1425875 0.1331511 0.06725543 0.05858731 0.06670828 1.111747 0.6761586 0.3686994 0.1007607 0.1638664
17 0.1501332 0.1259175 0.2032947 0.1568595 0.150623 0.08039109 0.0800341 0.06552538 1.477863 0.485181 0.3502254 0.1194964 0.1628123
19 0.1334914 0.1286981 0.1831365 0.170645 0.1155918 0.07832456 0.09871505 0.06097296 2.011932 0.5282665 0.3387586 0.09326336 0.1283516
20 0.1623428 0.1460364 0.2250795 0.1858395 0.1850182 0.09934104 0.1135138 0.06920702 2.500463 0.4887896 0.3562219 0.09470024 0.1305591
21 0.1478351 0.120275 0.2063216 0.1536898 0.1472099 0.07562725 0.07686835 0.06343703 1.302589 0.4685833 0.3153025 0.0954143 0.1298452
22 0.1463923 0.118364 0.2086692 0.1557182 0.1622529 0.08144148 0.0757832 0.05781976 0.8365069 0.5509778 0.3336665 0.1050922 0.13591
23 0.1303063 0.1611489 0.179074 0.1929365 0.1157235 0.07918356 0.1009112 0.07154195 2.040742 0.581335 0.3735679 0.1165786 0.1679879
24 0.1468518 0.1123557 0.200192 0.147204 0.1474553 0.07209802 0.06944868 0.06555789 2.366674 0.5093479 0.3278415 0.1139803 0.1538607
26 0.1641255 0.1113477 0.2161428 0.1369546 0.1548128 0.07043507 0.05637895 0.06450829 0.9516885 0.5521233 0.3133335 0.08129555 0.1359071
27 0.1354868 0.1037109 0.1838185 0.1317795 0.1170596 0.06165503 0.061244 0.06613001 3.011164 0.6106989 0.3461457 0.1143124 0.1664807
28 0.1447888 0.1225552 0.1976242 0.1612353 0.1386731 0.08078873 0.08674307 0.0624282 2.543643 0.5769995 0.35067 0.124413 0.1621214
29 0.1427252 0.1112952 0.2060681 0.1491644 0.1463668 0.07852947 0.07454023 0.0630575 1.174463 0.6073205 0.4056616 0.1026088 0.1388811
30 0.1561722 0.1283308 0.2256342 0.1698577 0.1858722 0.09303584 0.09278104 0.06362625 3.284027 0.5449737 0.3508065 0.09982008 0.1339923
31 0.1536906 0.1086524 0.2126371 0.1438962 0.153818 0.07855196 0.0685502 0.06368412 1.247258 0.5387857 0.371146 0.1061798 0.1298166
32 0.1265878 0.1232456 0.1732696 0.1676879 0.1143415 0.07625498 0.09113241 0.06170499 2.3857 0.5379429 0.3490703 0.09893568 0.1318064
33 0.1441904 0.1195059 0.1972272 0.1427179 0.1398058 0.06887034 0.05619867 0.06118848 1.482281 0.5853208 0.3449956 0.1378776 0.208072
35 0.140638 0.1155814 0.201763 0.1536824 0.1402933 0.07695688 0.08010767 0.06453635 1.635176 0.5306442 0.3560552 0.08751775 0.1208753
37 0.1576934 0.1303587 0.2120999 0.173505 0.1622679 0.086887 0.09371998 0.07273257 1.399186 0.4802923 0.3524029 0.1014938 0.1318891
38 0.1325613 0.1182332 0.1875264 0.144248 0.1219055 0.06577934 0.06242698 0.07121433 1.0719 0.7144071 0.3523903 0.09659985 0.1839319
39 0.1568083 0.1355246 0.2190078 0.1808171 0.1678761 0.0992745 0.1155748 0.06081653 2.403363 0.5200285 0.3349683 0.1071772 0.1363639
40 0.1266265 0.09762348 0.1787581 0.1361032 0.1181411 0.06098057 0.06734105 0.05813896 1.154979 0.5049341 0.3263711 0.09701114 0.1186592
41 0.1304001 0.09434035 0.1799305 0.1200013 0.1211892 0.05999625 0.05025086 0.05604658 0.8759533 0.6433329 0.3823863 0.1063451 0.1576429
42 0.134534 0.1015228 0.1939067 0.1461803 0.1341623 0.06892052 0.06929146 0.05163341 1.059581 0.5092204 0.3708823 0.1086242 0.1324336
43 0.164502 0.1514073 0.2229482 0.1813627 0.1733322 0.0978926 0.08976753 0.08342605 2.399547 0.4721066 0.315594 0.1081458 0.1578248
44 0.1566108 0.1458475 0.2240177 0.1928333 0.1642157 0.09632613 0.1211513 0.06930809 1.141388 0.5183522 0.3189061 0.09580013 0.1216221
45 0.136283 0.1458246 0.1867736 0.1856832 0.1226621 0.08252775 0.1064511 0.05583714 2.314121 0.5493515 0.3857557 0.1155354 0.151738
46 0.1411605 0.1353456 0.2034031 0.1630663 0.1544758 0.08404453 0.08145117 0.06595971 3.876669 0.5333669 0.3416644 0.143439 0.1944052
47 0.1318285 0.1139936 0.1904206 0.161773 0.130514 0.07537297 0.0867872 0.06542711 0.9729749 0.4580977 0.3470891 0.1054533 0.1269838
48 0.1591843 0.1343666 0.2204269 0.1688252 0.183099 0.09521245 0.09278717 0.07563305 3.300233 0.4687172 0.3084307 0.1016463 0.1423052
50 0.1570515 0.1039349 0.2268257 0.1327267 0.1835244 0.07437616 0.05266475 0.06608201 1.195371 0.5927939 0.3920893 0.1174599 0.1611657
51 0.1534083 0.1183374 0.2134479 0.1602707 0.1693756 0.08647591 0.08516113 0.05994462 1.851466 0.4850454 0.32604 0.1070249 0.1355321
52 0.1598159 0.1256352 0.2197095 0.1707613 0.1700617 0.09215367 0.08887778 0.08126729 0.856097 0.400011 0.3336939 0.0907011 0.1013068
53 0.1615177 0.1329306 0.2278759 0.1654887 0.1891323 0.09503246 0.08867596 0.07913005 1.993265 0.4803168 0.3638985 0.1152527 0.1553533
54 0.1182976 0.119239 0.1672197 0.1586813 0.09473622 0.06127855 0.07390697 0.05447421 0.7756316 0.5428174 0.3119682 0.08603945 0.1259891
55 0.1503821 0.1281177 0.2120853 0.1613487 0.1581496 0.0836444 0.08165547 0.0680181 5.74219 0.5400203 0.3414943 0.1249553 0.1648476
56 0.1686753 0.1324169 0.2330076 0.1645555 0.1928963 0.09574173 0.07723008 0.07397949 1.407251 0.52454 0.3509795 0.1142566 0.1447025
57 0.1415295 0.106583 0.1920033 0.1398953 0.1327512 0.0722987 0.06879934 0.0601816 2.580286 0.5325058 0.3087667 0.110275 0.1456959
58 0.1650833 0.1090988 0.2332498 0.1495019 0.1933959 0.08923652 0.07949151 0.06099203 6.196075 0.5142336 0.3197948 0.1167073 0.1515887
59 0.1473056 0.1070504 0.2031716 0.1350949 0.1433812 0.07080884 0.05707617 0.06735922 1.476674 0.5267729 0.3255019 0.09712044 0.1353875
60 0.1327655 0.1157956 0.1768417 0.1481242 0.107631 0.0638574 0.07009991 0.0580992 0.8710871 0.6122685 0.3648188 0.09208443 0.1402991
61 0.1570271 0.1330226 0.214567 0.1635904 0.1715673 0.09253332 0.09015037 0.09133569 0.8358031 0.4006856 0.3424749 0.09235494 0.1137335
62 0.1555242 0.1151439 0.2107842 0.1535114 0.158482 0.08291934 0.0850382 0.0746387 1.507133 0.5560168 0.346118 0.1094812 0.1413393
63 0.13584 0.1304743 0.1896374 0.1598721 0.1212986 0.07529129 0.08016514 0.05721582 1.972373 0.5598277 0.3281119 0.1074753 0.1567941
64 0.1494956 0.1582991 0.212241 0.1978534 0.1567307 0.1015705 0.126315 0.08943866 1.273275 0.5864484 0.344335 0.09643577 0.1637008
68 0.1492094 0.1213627 0.2187396 0.1647252 0.1578809 0.086313 0.08139368 0.06212645 0.6936793 0.5598519 0.3350595 0.0756559 0.1138459
69 0.1312406 0.1005667 0.18551 0.1336867 0.1223141 0.06742806 0.06163451 0.05766342 3.097272 0.5787333 0.3307719 0.117232 0.1550916
70 0.1483691 0.1185003 0.2024975 0.1551151 0.1432649 0.07431774 0.07382137 0.06122885 0.8536509 0.4212122 0.3285188 0.09927847 0.1131681
71 0.1290619 0.1211846 0.1771224 0.150087 0.1102344 0.06365748 0.0693229 0.05233273 4.830809 0.5703311 0.3589275 0.1134887 0.1626011
72 0.1504169 0.1145814 0.2119442 0.1502053 0.157318 0.07557284 0.06809815 0.06173662 2.189036 0.534432 0.360038 0.1350652 0.1758674
74 0.1660873 0.1529983 0.2319261 0.1855114 0.1906207 0.09703824 0.1065398 0.05697318 2.179137 0.501215 0.3703341 0.142076 0.1695252
76 0.1508951 0.117548 0.2068928 0.1454326 0.1428529 0.07239809 0.06504228 0.06419845 1.198921 0.7195977 0.3846738 0.09293293 0.1559345
77 0.1186252 0.1126768 0.1671959 0.1484191 0.1001478 0.06218157 0.06923566 0.05543589 0.8680993 0.6338761 0.3424178 0.1045389 0.1579045
78 0.1293183 0.1165767 0.181148 0.1551533 0.1171918 0.07735996 0.08879047 0.06813729 2.246334 0.4711327 0.312534 0.1298566 0.1565582
80 0.1380125 0.1248899 0.1890786 0.1561254 0.1199977 0.07248956 0.08016064 0.05906133 1.708592 0.5725057 0.3333473 0.1047655 0.1405665
82 0.1425229 0.1104265 0.184918 0.1363428 0.1191934 0.06518444 0.05571779 0.07205216 0.9171398 0.6639543 0.3966709 0.08788434 0.1390733
83 0.1424543 0.1259244 0.1963534 0.1622942 0.1353919 0.07752939 0.07974843 0.06214057 1.480207 0.6070964 0.3336746 0.09376618 0.1517517
84 0.1648994 0.1071586 0.23185 0.1514084 0.1786113 0.08793467 0.08119127 0.07194326 0.96169 0.5574607 0.3532039 0.09317266 0.1315771
85 0.1498545 0.1125911 0.2057768 0.148385 0.1438453 0.07914443 0.0744902 0.07573735 1.912644 0.5966823 0.326882 0.08997924 0.1334631
86 0.1587917 0.125673 0.2221099 0.1533507 0.179745 0.09128037 0.07787727 0.08616754 0.8741728 0.6938205 0.3947164 0.1232204 0.242403
87 0.1438402 0.1118095 0.2095417 0.1638912 0.154406 0.09622898 0.08957945 0.06617343 2.367022 0.7557763 0.3235742 0.1008161 0.1673117
88 0.1225139 0.1336372 0.1746048 0.1771996 0.1092416 0.07215193 0.09921863 0.06447887 5.028037 0.6084375 0.3602154 0.1325952 0.190936
89 0.1495573 0.1127305 0.2128599 0.1562184 0.1571851 0.08774046 0.08665668 0.06956146 1.280758 0.534175 0.3747979 0.1071596 0.1512588
90 0.1526035 0.1361611 0.2068756 0.1747345 0.1519375 0.08958445 0.09632085 0.06585268 1.370751 0.5661084 0.3534772 0.09962461 0.1347261
91 0.1242195 0.1113526 0.176022 0.1356544 0.1100274 0.06281383 0.06482437 0.05997602 1.722252 0.670257 0.4028516 0.1125611 0.1700653
92 0.1450693 0.1158188 0.2066826 0.1565859 0.1542829 0.08504893 0.08007669 0.07263962 1.215061 0.6009416 0.3338613 0.1041737 0.1502382
93 0.1392419 0.1010368 0.2029113 0.1398987 0.1504764 0.0782428 0.06102012 0.07074131 1.00952 0.4881834 0.3379146 0.08605701 0.1095495
94 0.1424548 0.113742 0.1884561 0.1395148 0.1316581 0.06804312 0.06345477 0.0723744 1.175126 0.6306276 0.3486661 0.08959922 0.1539555
95 0.1444539 0.1291227 0.2012351 0.1580426 0.1460252 0.07767448 0.06799213 0.06338012 2.463054 0.6112619 0.3335987 0.1222084 0.1760587
96 0.1475706 0.1190638 0.2118134 0.1539473 0.1614439 0.08896198 0.08174874 0.07779252 1.706774 0.5935706 0.3207971 0.1122131 0.1724937
97 0.1422678 0.1323662 0.1988478 0.1684691 0.1411117 0.08700463 0.0939072 0.07461528 1.385207 0.5471857 0.3514857 0.1053265 0.154373
98 0.1434621 0.104707 0.2042555 0.1387208 0.1465721 0.06476952 0.05752263 0.05928886 1.013881 0.5528804 0.4031367 0.09739021 0.1368545
99 0.1271907 0.08872356 0.1827753 0.127869 0.1213495 0.0601625 0.05289227 0.05227524 1.135474 0.6580515 0.3586451 0.101942 0.1327453
100 0.154341 0.1188794 0.2170738 0.170426 0.1652993 0.09172051 0.09505776 0.06761409 1.246413 0.4812605 0.3221094 0.09186394 0.1111142
101 0.1386462 0.09544392 0.1907359 0.1292346 0.1338778 0.07502717 0.0576919 0.06798156 1.508637 0.8046822 0.4470993 0.1058507 0.173483
102 0.1334043 0.1293663 0.1910213 0.1681342 0.1346577 0.08139757 0.07959884 0.07050033 4.086226 0.7064425 0.4186673 0.1327306 0.180795
103 0.1463255 0.1215677 0.202116 0.1611914 0.1462664 0.08439875 0.08692823 0.07542928 1.582665 0.4600312 0.3045815 0.09424103 0.1199297
104 0.124733 0.1323096 0.182478 0.170012 0.1171929 0.07805273 0.094694 0.06581332 0.8793037 0.5252299 0.3406513 0.08488617 0.1279839
105 0.1307659 0.1157909 0.1799111 0.1495851 0.1180259 0.06678729 0.07270175 0.05667541 1.088975 0.4882738 0.333055 0.09039724 0.1220812
106 0.1324824 0.1033526 0.1941655 0.1405107 0.1384438 0.07505545 0.06996499 0.06352508 1.832922 0.7236966 0.3959368 0.1226389 0.189557
107 0.1343573 0.1116934 0.1795255 0.1431293 0.1099831 0.06199723 0.06477137 0.05694971 0.6243213 0.4853832 0.3532205 0.1086332 0.122779
108 0.1674517 0.1364977 0.2304841 0.1735037 0.1869129 0.1021201 0.09574288 0.06751039 1.638069 0.4966819 0.3245718 0.09759151 0.1420138
109 0.1467495 0.1226716 0.2046283 0.1645965 0.1474251 0.089146 0.08319905 0.07026326 1.502418 0.6586204 0.3433317 0.09565795 0.1573607
110 0.1197321 0.1073488 0.170359 0.14017 0.1003397 0.06041283 0.07148014 0.06014493 0.6098025 0.429642 0.3498486 0.1125595 0.1228264
111 0.1591205 0.1254869 0.2261701 0.1716505 0.1834751 0.1002827 0.09572874 0.06459632 1.683618 0.5354905 0.3387932 0.1055593 0.1428098
112 0.1622833 0.1145106 0.2291287 0.1482814 0.1843577 0.08332929 0.06592555 0.07151415 1.453614 0.579937 0.3366852 0.1040503 0.1551156
113 0.1547387 0.124142 0.2123531 0.1518151 0.166357 0.08532891 0.06730262 0.06099768 5.422205 0.5612077 0.3499569 0.1385146 0.2066029
114 0.1314304 0.1147266 0.1823257 0.145598 0.133601 0.075727 0.07162261 0.07230651 1.212887 0.6153052 0.3617108 0.09931129 0.1706923
115 0.1381098 0.1166268 0.1925642 0.1549847 0.1295779 0.0759054 0.08527906 0.05678176 0.8836156 0.5493382 0.3864386 0.1127922 0.1524071
116 0.149716 0.1055346 0.2102904 0.1372287 0.1561378 0.07303158 0.0622214 0.07505246 2.252433 0.6345859 0.4246049 0.1194353 0.1785151
