1 5.50003 -0.2458178 -0.1719902 -1.125368 0.5729651 0.4793122 -0.001960068 0.4239921 8.615822 -1.439119 -0.5330261 0.291201 -0.4149796
2 5.156557 -0.6011472 0.2823121 -0.558763 0.6314474 0.3913232 0.220017 0.2283985 9.831607 -1.422749 -0.7156665 0.2962582 -0.3834167
3 5.517406 -0.5548808 -0.1386014 -0.593578 0.4688299 0.4022427 0.1091505 0.2470255 7.192101 -1.265804 -1.621229 0.2932739 -0.37085
4 5.277153 -0.4186288 -0.1947199 -0.6240281 0.5550037 0.561157 0.08369144 0.1289835 5.636381 -1.365055 -1.077249 0.3417523 -0.427704
5 5.641903 -0.55181 -0.420068 -0.4557786 0.5325825 0.1464129 0.09796844 0.2592937 4.865836 -2.786067 -0.2314015 0.3409163 -0.184412
6 5.181064 -0.2620591 0.1274183 -0.6438809 0.4773894 0.2995328 0.09090727 0.1873986 4.251789 -1.692411 -1.320882 0.3133469 -0.2628457
7 5.222156 -0.7995386 -0.224217 -0.288784 0.4886853 0.3077558 0.1989146 0.1994057 6.436468 -0.6778738 -1.126194 0.3639357 -0.6727065
8 5.585517 -0.3233 -0.5171805 -0.6482948 0.3957443 0.2889083 0.1516713 0.1138944 5.369704 -2.808529 -0.3532932 0.3570267 -0.154634
9 5.387605 -0.3643945 -0.3141585 -0.6284664 0.4578154 0.4998189 0.04852234 0.1209877 5.708652 -0.892752 -0.6800585 0.2586357 -0.4912959
10 5.484714 -0.4668164 -0.2864446 -0.5810735 0.5544929 0.558424 -0.07918871 0.3592051 5.639489 -2.174407 -0.84267 0.3251373 -0.3032041
11 5.530508 -0.5511415 -0.3816394 -0.496543 0.5501882 0.5611093 0.009346232 0.2542447 5.311448 -1.186892 -1.034491 0.3154563 -0.4315417
12 5.336205 -0.5198623 -0.1285553 -0.4206 0.5567071 0.4627151 0.09263417 0.2416036 7.128448 -0.9691345 -0.7711896 0.2611433 -0.4346657
13 5.134972 -0.410144 0.1909585 -0.6433533 0.5796698 0.4489208 0.08910743 0.1791045 7.249687 -1.122067 -1.040669 0.3210462 -0.4612617
14 5.540176 -0.6288814 -0.2636536 -0.4701164 0.7414801 0.3925752 0.05282313 0.1435949 12.069 0.6572088 -1.402276 0.3119533 -0.8547116
15 5.225997 -0.4879876 -0.2513237 -0.480449 0.5060102 0.4706635 0.0315685 0.2921494 6.600393 -1.246676 -0.7760655 0.2404993 -0.3668218
16 5.266965 -0.6411749 -0.01628529 -0.4418876 0.523978 0.3584208 0.1074691 0.1602615 8.26025 -0.744162 -1.33607 0.3403573 -0.5843957
17 5.560286 -0.503378 -0.169744 -0.525906 0.434291 0.3475766 0.1029275 0.1096517 4.30965 -0.1374242 -1.332432 0.208682 -0.5038985
18 5.260128 -0.343043 0.1789277 -0.8169897 0.4905502 0.2570352 0.1599049 0.1543238 8.976701 -1.402926 -0.9121848 0.4437181 -0.515921
19 5.066549 -0.4573843 0.2104916 -0.5317737 0.5394642 0.5262474 0.07596374 0.1695303 5.548446 -0.4561609 -0.792246 0.186009 -0.4711672
20 5.217003 -0.5398632 0.1015385 -0.339551 0.5556935 0.5192398 0.1295449 0.2675401 5.436693 -0.8953086 -1.077823 0.2334882 -0.4520582
21 5.437394 -0.542595 0.1140637 -0.3644341 0.5015839 0.1429807 0.09728991 0.2402505 5.632526 -1.976834 -1.034497 0.4225674 -0.4295143
22 5.618267 -0.5941254 -0.08132115 -0.3824376 0.5618318 0.4954575 0.197199 0.1706041 4.329972 -1.452438 -0.9270896 0.2420771 -0.3530269
23 5.397681 -0.7353365 -0.007297791 -0.2829213 0.5057817 0.3295281 0.1811606 0.2352611 5.144555 -0.3422425 -0.8803785 0.3344836 -0.7394751
24 5.282977 -0.5489474 -0.0007808743 -0.456569 0.4654144 0.4112362 0.1343642 0.1318948 6.12433 -2.19134 -1.18255 0.3533914 -0.2463729
25 5.485178 -0.597782 -0.1455242 -0.5331202 0.3983762 0.4531802 0.1665731 0.2567302 5.114015 -1.393499 -1.018125 0.2351974 -0.3032612
26 5.325217 -0.3856856 0.04751141 -0.580207 0.3530263 0.4873454 0.03141174 0.168445 3.618558 -1.605496 -0.6967429 0.3239878 -0.3777781
27 5.201339 -0.4749771 0.02259118 -0.5599338 0.5139227 0.3727652 0.06725606 0.2195338 6.629203 -1.643245 -1.327976 0.2699052 -0.2860583
28 5.445548 -0.2575879 -0.4398486 -0.7180526 0.4880358 0.326966 0.0978903 0.1947922 5.611689 -1.841632 -1.115916 0.2951058 -0.2992168
29 5.607078 -0.3783575 -0.6001637 -0.6429208 0.4576447 0.6344295 -0.05349923 0.3438756 4.097107 -1.764981 -0.8839335 0.2337453 -0.2417646
30 5.535463 -0.594062 0.03612318 -0.4000677 0.5161088 0.4402781 -0.1020123 0.3022974 6.530215 -0.420277 -1.107863 0.2128306 -0.4573422
31 5.307879 -0.483428 0.06642409 -0.4727365 0.5056032 0.2759802 0.01990193 0.3151041 3.84615 -1.600362 -0.8104742 0.2896779 -0.2820155
32 5.306372 -0.5445952 -0.08730195 -0.4832256 0.6025338 0.2777693 0.1440128 0.1151311 6.408917 -1.40617 -0.8152606 0.3382837 -0.3194308
33 5.725486 -0.260812 -0.4349155 -0.7376905 0.5341581 0.414897 0.06180113 0.2649151 4.345535 -2.358347 -0.6828419 0.4091729 -0.2608243
34 5.395852 -0.5361912 0.007520917 -0.5886752 0.4698717 0.7665843 -0.02458436 0.2573809 5.356609 -1.364868 -0.9796097 0.3406713 -0.3844042
35 5.368693 -0.7033478 -0.0287874 -0.2885682 0.5172795 0.3844166 0.1657638 0.2762061 4.545115 -2.334693 -0.4673798 0.4559297 -0.4555557
36 5.26601 -0.3659696 0.1072671 -0.59343 0.4930856 0.7090422 -0.03615531 0.3077421 8.544908 -1.423814 -1.068573 0.3542593 -0.4249659
37 5.108616 -0.3656432 0.3316687 -0.7031743 0.5782576 0.6636956 0.00677639 0.2955277 6.195315 -1.914041 -0.5943073 0.3716803 -0.3214926
38 5.048674 -0.3572675 -0.08304457 -0.6634292 0.4404131 0.3020927 0.1106595 0.3117149 4.556325 -1.174898 -1.920371 0.2597924 -0.4095835
39 5.329044 -0.6782991 -0.09064208 -0.56692 0.618553 0.3820025 0.2225844 0.2429291 6.73681 -0.9030183 -0.9376769 0.2787467 -0.4412659
40 5.414895 -0.7466069 -0.05872303 -0.322204 0.628683 0.5668501 0.1722835 0.2569989 5.673592 -1.925615 -1.30858 0.3242989 -0.260718
41 5.576139 -0.4193047 -0.05042556 -0.5484164 0.4822931 0.3492469 0.1032051 0.115066 5.539932 -0.4724446 -1.641662 0.2834504 -0.470144
42 5.317791 -0.748197 -0.2097174 -0.2559123 0.6053169 0.4382447 0.04036848 0.2881849 5.352111 -1.083991 -0.618766 0.3230021 -0.4251682
43 5.405556 -0.4734933 -0.2046001 -0.6388498 0.4250694 0.5539696 0.1359585 0.2347722 5.058996 -1.711919 -1.054051 0.2433982 -0.2696135
44 5.494744 -0.7522429 -0.1009562 -0.2367191 0.6121359 0.268166 0.1143346 0.2428759 7.7567 -0.9112214 -1.055104 0.3369536 -0.4265618
45 5.366258 -0.5578979 0.1142939 -0.480773 0.6879812 0.3030044 0.09262098 0.1645118 6.150803 -1.32605 -1.01193 0.3236804 -0.4041535
46 5.327748 -0.5489282 -0.1110725 -0.5289492 0.5456239 0.3721345 0.05491369 0.3468766 7.622313 -1.155895 -1.4977 0.4455547 -0.5224682
47 5.24834 -0.5399681 0.2975265 -0.3564762 0.4784069 0.4722177 0.06247032 0.1808068 5.47667 -2.18768 -0.8165783 0.4373724 -0.2974668
48 5.224107 -0.499353 0.1309719 -0.6029508 0.5153299 0.5103774 0.1950192 0.2998686 6.093681 -1.825724 -0.6006911 0.3303859 -0.2839339
49 5.391821 -0.4630745 -0.1663574 -0.5310549 0.4896986 0.4085384 0.1234858 0.2833932 4.671664 -2.321361 -0.5263066 0.2768905 -0.2368152
50 5.403367 -0.4745528 -0.207212 -0.6380781 0.4614002 0.4258604 0.08187007 0.3320571 3.380441 -0.9959768 -0.8538396 0.2424602 -0.42382
51 5.302849 -0.7382285 -0.007008494 -0.4684784 0.550593 0.5452929 -0.07504908 0.442481 4.831057 -1.523726 -0.6844803 0.1901449 -0.2884614
52 5.138486 -0.4585823 0.1604538 -0.6479708 0.4769113 0.3395387 0.1542649 0.2007017 5.657689 -1.244536 -0.9099696 0.4486456 -0.475924
53 5.359213 -0.5997108 -0.1647041 -0.4794209 0.4254704 0.376821 0.1326957 0.1438891 3.591804 -1.056296 -1.17134 0.202884 -0.3595387
54 5.524661 -0.4996628 -0.3985715 -0.5448143 0.3342624 0.2158096 0.03644143 0.197608 3.53098 -1.974312 -0.9593611 0.2746594 -0.2014644
55 5.310776 -0.4468076 -0.278198 -0.5640185 0.4736395 0.3935072 0.07472522 0.09650141 4.54109 -1.31196 -0.7111754 0.2821953 -0.3745207
56 5.185578 -0.2422074 0.3582662 -0.9559903 0.5727382 0.9965567 -0.07924611 0.2551265 7.294698 -1.389006 -0.5012468 0.3248996 -0.4548623
57 5.034909 -0.3628616 0.1579819 -0.5577948 0.5520125 0.5648099 -0.0331565 0.32126 5.560999 -0.9813635 -1.083054 0.2189445 -0.3654146
58 5.341345 -0.4939328 -0.08232484 -0.3862967 0.5250569 0.8075575 0.05229081 0.2755191 6.66073 -1.819341 -0.9668055 0.3572999 -0.3062101
59 5.310292 -0.6362737 0.07212909 -0.4095466 0.501665 0.4568212 0.1388947 0.3448551 7.667594 -1.570108 -1.03421 0.3261035 -0.3989642
60 5.196886 -0.4197395 0.1161101 -0.7717946 0.4785955 0.1945259 0.1045019 0.4344646 5.430947 -1.159957 -1.489868 0.2578119 -0.3578344
61 5.445095 -0.4441679 0.08122447 -0.7044849 0.5063115 0.5167606 0.01515201 0.2956668 5.885533 -0.655053 -0.7785608 0.2509776 -0.4787211
62 5.220024 -0.4149932 -0.1568353 -0.6817402 0.5289735 0.2853152 0.1750351 0.205796 3.773577 -0.8229368 -1.158468 0.2261759 -0.4243758
63 5.190543 -0.395461 0.3199866 -0.6029289 0.5587409 0.1896317 0.1482512 0.1508896 5.173637 -1.555943 -0.867884 0.2947053 -0.3472015
64 5.284124 -0.2295751 0.1370409 -0.8451965 0.6574777 0.259291 0.1509698 0.1421876 5.658238 -1.166616 -1.120568 0.2698387 -0.39652
65 5.406923 -0.4986524 -0.2705929 -0.5572262 0.5782587 0.6926728 0.2133966 0.2728095 7.481844 -2.067847 -1.167248 0.2971068 -0.2724804
66 5.471123 -0.6962989 -0.2879954 -0.318455 0.5009501 0.452818 0.09516446 0.1874955 8.628574 -0.9828067 -0.9081795 0.3121165 -0.484763
67 5.469196 -0.5328278 -0.426376 -0.4427141 0.6094473 0.4543765 0.1470104 0.3699022 4.236221 -1.680291 -0.4956054 0.2296512 -0.2302718
68 5.335304 -0.3007433 0.0612502 -0.6951301 0.5444218 0.4424397 0.1812245 0.253455 7.884229 -1.271809 -0.5843681 0.2576046 -0.3864167
69 5.401022 -0.512529 -0.336013 -0.4404146 0.4499104 0.268833 0.02746466 0.2155122 6.093537 -2.135665 -0.7112302 0.2852227 -0.2716506
70 5.377191 -0.538473 -0.1688977 -0.5356213 0.4897291 0.7854674 0.179852 0.245028 8.567519 -1.199302 -1.540741 0.2915594 -0.3731553
71 5.439928 -0.4071353 -0.2461518 -0.479361 0.5960246 0.6488807 0.1260734 0.1659069 5.191082 -0.9901026 -0.6068853 0.2167712 -0.3776225
72 5.459501 -0.4831449 -0.369164 -0.3356452 0.4508927 0.5626743 -0.05656797 0.2475057 5.561093 -1.552236 -0.668476 0.3210509 -0.3396159
73 5.179878 -0.3076105 -0.01137519 -0.7947001 0.4289158 0.6655565 -0.01935806 0.186954 5.9879 -2.550507 -0.6280164 0.3882476 -0.2779001
74 5.323022 -0.3890029 -0.008851205 -0.637371 0.5128655 0.4004923 0.0232396 0.3285754 4.961265 -0.9117079 -0.5418864 0.2414307 -0.4472115
75 5.043436 -0.3313938 0.1965252 -0.5802392 0.4625279 0.3944255 0.1886486 0.1170393 6.039056 -1.416838 -1.346346 0.3007653 -0.3834878
76 5.32056 -0.4299793 -0.1179239 -0.600861 0.538944 0.250793 0.09764051 0.2452688 3.98049 -1.046585 -0.8070968 0.2232632 -0.4409876
77 5.42504 -0.505787 -0.241553 -0.69731 0.5483102 0.2639944 0.07891954 0.2018632 9.742153 -1.046154 -1.311855 0.3253282 -0.4685523
78 5.247773 -0.4794296 -0.1526917 -0.5982121 0.5577066 0.4688535 0.1015433 0.2147489 7.231489 -1.190397 -0.9321869 0.2969043 -0.404657
79 5.568708 -0.763699 -0.427921 -0.3349563 0.567957 0.3723499 0.1504927 0.1950969 9.266539 -0.5633804 -1.030802 0.4027279 -0.6663779
80 5.422256 -0.211002 -0.2435733 -0.8604285 0.5176253 0.6026284 -0.07828413 0.348982 5.078015 -1.242412 -0.853273 0.1631714 -0.3657843
81 5.549715 -0.5550505 -0.1529696 -0.4649567 0.5349694 0.2691686 0.1225993 0.2767119 7.631113 -1.151186 -0.8745055 0.3435378 -0.4554701
82 5.368361 -0.5039958 -0.3255775 -0.4700355 0.542837 0.5545822 0.006304981 0.3023791 5.51327 -2.166834 -0.6058475 0.289973 -0.2321945
83 5.449536 -0.3864353 -0.009859244 -0.9032591 0.4816089 0.8653377 -0.0437812 0.3271219 4.847607 -1.448165 -1.075053 0.3254618 -0.2798064
84 5.389737 -0.4830004 -0.1518429 -0.6550568 0.5288676 0.3080016 0.1020885 0.1908246 4.429367 -1.560322 -0.5547188 0.2652968 -0.3229926
85 5.33494 -0.4027041 -0.0905183 -0.6654595 0.4289231 0.5283903 -0.05778898 0.3756533 4.402273 -1.489408 -0.7857233 0.2550518 -0.313894
86 5.389835 -0.4146598 0.1580309 -0.5138927 0.4797334 0.288301 0.1831676 0.137489 5.738345 -0.4702854 -0.723831 0.2531612 -0.5298156
87 5.542517 -0.6071809 -0.3633338 -0.7306553 0.5632988 0.410547 0.1088239 0.1508998 10.1051 -0.4936963 -1.830463 0.4095437 -0.5607509
88 5.247354 -0.6317328 -0.2741655 -0.3061285 0.4958233 0.7082706 0.1364861 0.242879 5.195746 -1.535956 -0.9383518 0.3030039 -0.3631558
89 5.37817 -0.5335004 -0.1727922 -0.5389519 0.4237492 0.3107067 0.08331117 0.2286463 5.95744 -0.6188397 -0.4076093 0.1990062 -0.5170975
90 5.440304 -0.4521783 -0.2032689 -0.5823102 0.4754044 0.4024944 0.08462433 0.1381881 4.345398 -1.481974 -1.726855 0.2745147 -0.3505404
91 5.332714 -0.4172916 0.005675767 -0.614113 0.4815503 0.424926 0.06005122 0.2459794 5.642854 -1.526808 -0.9477331 0.3555199 -0.4466017
92 5.370223 -0.5553132 -0.03256996 -0.4274451 0.4247894 0.5569224 0.05834108 0.1619508 7.115631 -1.467217 -0.8567756 0.3479603 -0.4385345
93 5.257209 -0.4460754 0.08545546 -0.5185 0.4504048 0.3522959 0.0277963 0.254928 4.500134 -0.6242732 -1.23107 0.2956607 -0.4970594
94 5.336115 -0.317863 -0.1128244 -0.6318282 0.4702383 0.4135304 0.1284726 0.1814885 4.931993 -2.122138 -0.3172191 0.3241046 -0.2579678
95 5.295901 -0.5929015 -0.0966635 -0.1303291 0.5299089 0.469116 0.2028157 0.2127749 7.278996 -1.498865 -1.266509 0.3372196 -0.3660655
96 5.4123 -0.3746552 -0.2280594 -0.6829029 0.4535384 0.4647414 0.03741314 0.1651611 4.519682 -2.411304 -1.358482 0.3464775 -0.1738182
97 5.10091 -0.5459119 0.3562752 -0.5696033 0.6410608 0.5877475 0.2924237 0.2615505 5.482708 -1.864602 -0.7139442 0.4671668 -0.4753907
98 5.549368 -0.5529015 -0.6190986 -0.7166853 0.4723337 0.2393783 0.1664422 0.3006832 5.228202 -1.14179 -1.316581 0.2235036 -0.3700313
99 5.307826 -0.3532797 0.01171341 -0.6265695 0.6781235 0.58238 0.3306161 0.2900008 6.176725 -2.068221 -1.031753 0.2720416 -0.2301739
100 5.590689 -0.3751456 -0.3465677 -0.5936851 0.469535 0.4831713 0.08062239 0.2138786 3.835622 -2.099716 -0.5622806 0.2275167 -0.2186568
