1 0.17436 0.1334723 0.2441336 0.1885192 NA 0.04532053 0.1100095 NA 0.6000069 0.3759122 0.1072897 NA
2 0.1740711 0.1646803 0.2435344 0.2144866 0.3108667 0.1972647 0.1853149 0.2614977 0.5839012 0.3675625 0.1644487 0.2019393
3 0.160833 0.2906756 0.2314231 0.2164881 0.4088386 0.3345578 0.1580102 0.597806 0.8612071 0.7862531 0.6454799 1.09546
4 0.1557846 0.1926089 0.2181719 0.2181198 0.2407739 0.1637148 0.1733757 0.2151897 0.6331963 0.4787297 0.2428709 0.3813256
5 0.2314121 0.1651616 0.3250129 0.218397 0.3388676 0.1802371 0.1998055 NA 0.4640835 0.3589107 0.1059387 0.08151688
7 0.1712439 1.312695 0.2679124 0.4408659 1.854846 1.198811 0.1399703 2.787248 1.198951 2.047822 3.02978 4.563213
8 0.1673524 0.1696035 0.2331251 0.1997753 0.2684232 0.1622639 0.1585617 0.2353367 0.5794248 0.3884016 0.1375101 0.236078
9 0.1992789 0.1637771 0.2810738 0.2242381 0.4051184 0.2527749 0.2227665 0.3864344 0.5534774 0.4213866 0.1609772 0.2207989
10 0.161438 0.1639431 0.2260934 0.199997 0.2521726 0.1522437 0.1503519 0.2148727 0.5335801 0.3574982 0.1905858 0.2677523
11 0.1485916 0.1259935 0.2075804 0.1554781 0.2015087 0.1062684 0.09758925 0.1212898 0.6324353 0.4044592 0.158092 0.2285729
12 0.1545621 0.08020433 0.2169056 0.2043394 0.2627434 0.1814569 0.198906 NA 0.3199015 0.1356513 NA NA
14 0.1797422 0.2356563 0.2509383 0.2349891 0.3088146 0.1625084 0.112102 0.3029246 0.7913948 0.4538113 0.2329552 0.4240299
17 0.1731586 0.1205798 0.2428944 0.2005967 0.2067382 0.1280292 0.1616001 NA 0.4876762 0.2425654 NA NA
19 0.146546 0.1545505 0.2048655 0.1917528 0.2169036 0.1443154 0.1483846 0.1777641 0.572066 0.3821543 0.1457665 0.2392007
20 0.1832163 NA 0.2564133 0.1015737 NA NA NA NA NA 0.07359608 NA NA
21 0.1747228 0.1526601 0.2444134 0.1966708 0.2838672 0.1632907 0.1715386 0.2545393 0.4383816 0.3300763 0.1311328 0.1668897
22 0.2082562 0.1615384 0.2898016 0.1963327 0.5336782 0.3163391 0.2076605 0.6495622 0.6257314 0.6085795 0.2959802 0.4477771
23 0.1503922 NA 0.206838 0.06106989 0.05400495 0.09007857 0.1682522 NA 0.4860163 NA NA NA
24 0.1699027 0.129864 0.2392088 0.1689464 0.255431 0.1338444 0.1334299 0.1756716 0.4709498 0.3440278 0.19016 0.2321969
26 0.1854795 1.014011 0.2705888 0.5557449 1.524656 0.5890883 0.1534087 1.858383 4.215796 1.021151 0.5992258 2.02334
27 0.1527028 0.1237798 0.2136405 0.1544721 0.2315128 0.1313324 0.1277225 0.1231016 0.6682386 0.389554 0.1499899 0.2313872
28 0.1591532 0.05231293 0.2239971 0.1799319 NA 0.07683506 0.1212891 NA 0.4795913 0.2778297 NA NA
29 0.1725973 0.1379451 0.2421904 0.17581 0.2587146 0.1504015 0.1213163 0.1876743 0.6865048 0.4773971 0.141121 0.2254607
30 0.1824184 0.149881 0.2557217 0.1906283 0.2830472 0.1532512 0.142019 0.2445412 0.5873371 0.4045178 0.1423564 0.1986207
31 0.1903224 0.1384557 0.2676863 0.1786197 0.3095406 0.1549414 0.1235421 0.1711009 0.5036572 0.3837654 0.1557545 0.1962546
32 0.1441484 0.1415812 0.2016429 0.1923614 0.2070128 0.1436255 0.1427599 0.1311022 0.5412218 0.3611356 0.1138394 0.1501208
33 0.1700567 0.1479973 0.2389763 0.1839383 0.2693297 0.1537258 0.1231919 0.1986628 0.5607348 0.3922563 0.20191 0.2631989
35 0.1739704 0.1698278 0.2438375 0.2003889 0.2722435 0.1582448 0.1604048 0.2307169 0.6190487 0.447573 0.1334743 0.2208666
37 0.1898943 NA 0.2688315 0.1861426 NA NA 0.1533675 NA 0.52393 NA NA NA
38 0.1644444 0.1446977 0.2295227 0.1792431 0.2658482 0.1725303 0.153713 0.1944563 0.6395649 0.3780105 0.1207069 0.2057692
39 0.1687181 NA 0.2360225 0.2032953 NA NA 0.1782743 NA 0.5020188 0.2118618 NA NA
40 0.1615644 0.1375368 0.2267663 0.1796191 0.2425442 0.1447944 0.1413507 0.1517211 0.5376334 0.3501685 0.1374568 0.1842811
41 0.1624871 0.1622341 0.2276073 0.1885742 0.2362088 0.1466487 0.1266584 0.1927054 0.6456118 0.4323624 0.1866708 0.2987212
42 0.1749171 0.1869159 0.2456559 0.1962629 0.2764306 0.1799266 0.1393857 0.2119483 0.5664631 0.5244342 0.2761667 0.3894822
43 0.09104393 NA 0.09305883 0.1416248 NA NA NA NA NA NA NA NA
44 0.183876 0.2141857 0.2575526 0.2500283 0.4669404 0.2906107 0.24747 0.5509422 0.5291405 0.3735436 0.2400551 0.3423707
45 0.1476912 0.1789388 0.2051294 0.2164219 0.2266823 0.1437871 0.1519522 0.2266198 0.6083213 0.4506455 0.1885988 0.2555782
46 0.169523 0.1552914 0.2379699 0.1905596 0.2732217 0.1558296 0.1577959 0.1549814 0.5550758 0.3817416 0.1974655 0.2522646
47 0.1895156 0.1617129 0.2663018 0.2020727 0.3341793 0.1787472 0.1532156 0.2794908 0.4527014 0.4543359 0.2213936 0.2883913
48 0.1829989 0.2074582 0.2558281 0.1939875 0.338727 0.1865099 0.157358 0.4008199 0.5087531 0.356891 0.2554177 0.4171807
50 0.2021398 0.1625964 0.283698 0.1771216 0.3293729 0.1572518 0.1035365 0.2347313 0.5532725 0.4731297 0.2503887 0.3440302
51 0.1730716 0.1740782 0.2428553 0.1977827 0.3360031 0.2007335 0.1475258 0.3616032 0.5268376 0.3973016 0.277864 0.3827244
52 0.2133385 0.1776713 0.3008702 0.2252207 0.4472384 0.2644404 0.2111272 0.2651816 0.4302186 0.379032 0.1597899 0.1904078
53 0.1883788 0.2638157 0.2635188 0.2417976 0.4117784 0.263707 0.1584137 0.4062103 0.5063292 0.4194954 0.3187671 0.4969735
54 0.159276 0.1632658 0.2235 0.2133657 0.2381929 0.1573454 0.1561775 0.1941451 0.5623965 0.3345915 0.1145732 0.1789653
55 0.166067 0.152683 0.2327861 0.1814385 0.2664189 0.1678097 0.1467944 0.2159504 0.5635861 0.3976122 0.2244582 0.3006813
56 0.2138233 0.1601413 0.2986933 0.2036635 0.4019121 0.1983937 0.171543 0.3422745 0.586405 0.4829837 0.2760471 0.3392878
57 0.133738 NA 0.2096513 0.1537413 NA 0.1163761 0.1226115 NA NA 0.1671851 NA NA
58 0.1765919 0.127872 0.2488689 0.1701067 0.2776495 0.1411241 0.1270972 0.1950614 0.5164711 0.3623394 0.223749 0.3073406
59 0.1662921 NA 0.2334136 0.1455594 0.1738918 0.09270115 0.1279435 NA 0.2280124 NA NA NA
60 0.1608327 0.1481755 0.2260685 0.1830768 0.2553632 0.1735805 0.1603217 0.1849707 0.690373 0.4134715 0.1249614 0.221913
61 0.2286782 0.1877509 0.3204174 0.2380958 0.46311 0.24403 0.2198201 0.3021627 0.4093311 0.3888414 0.1360558 0.1518965
62 0.1786199 NA 0.2525284 NA NA NA 0.1522133 NA NA NA NA NA
63 0.1523116 0.1582935 0.2126959 0.1914293 0.214484 0.1427379 0.1270052 0.196809 0.5849119 0.3759671 0.1971157 0.2704758
64 0.1927685 0.2613606 0.2704047 0.2795674 0.4951226 0.3353642 0.2889501 0.5319801 0.7710691 0.5293286 0.1990923 0.4867102
68 0.205921 NA 0.2922639 0.2176046 NA NA NA NA NA NA NA NA
69 0.1531001 0.2528923 0.2093238 0.1983373 0.2254965 0.1317713 0.155086 0.1920706 0.6020836 0.474267 0.5011633 0.6853937
70 0.1955333 0.0931928 0.2736346 0.1856535 0.2976855 0.1518811 0.1292681 0.06443644 0.4360977 0.3269819 NA NA
71 0.1383941 0.1345095 0.1925042 0.167177 0.1736978 0.1044415 0.1080334 0.1157399 0.5673102 0.3847564 0.1716499 0.2331777
72 0.1744042 0.2039974 0.2515545 0.1822444 0.4851277 0.3260769 0.203994 0.6653238 0.5562733 0.8231215 0.6003383 0.8572222
74 0.1776854 0.168242 0.2471438 0.2032059 0.2996719 0.173937 0.1631729 0.2673641 0.5543951 0.4217255 0.2023985 0.238876
76 0.1703337 0.1504602 0.2386051 0.1877978 0.2503486 0.1465758 0.1322013 0.1692356 0.6422788 0.4023986 0.1124798 0.1703776
77 0.1601689 0.113177 0.2248848 0.1924339 0.0983493 0.1255323 0.1283509 NA 0.3298127 NA NA NA
78 0.155691 0.1504418 0.2179589 0.1979632 0.2728079 0.1753323 0.1594507 0.1505368 0.5301716 0.3511646 0.1883467 0.235043
80 0.1561652 0.3144967 0.2235032 0.196128 0.4731531 0.2440578 0.2027024 0.6759666 1.18552 0.5606402 0.4322656 0.8283337
82 0.1699215 0.1585795 0.2366295 0.1896685 0.2714591 0.1610969 0.134309 0.1742742 0.7118006 0.445169 0.1280474 0.209218
83 0.1785585 0.1567598 0.250174 0.1779057 0.2968728 0.1567522 0.118397 0.2660881 0.6238441 0.3796605 0.1571843 0.2593169
84 0.1886136 0.195655 0.2667075 0.19056 0.4831945 0.2703304 0.1857719 0.6030568 1.063682 0.7119469 0.2557805 0.6040374
85 0.1648838 0.1469723 0.2312528 0.1787412 0.238867 0.1385219 0.1247061 0.1392953 0.6911853 0.3473405 0.1129924 0.2092506
86 0.2116288 0.1679333 0.2961302 0.2068229 0.437056 0.2526354 0.1776439 0.4133932 0.5769571 0.4539174 0.1830666 0.2665048
87 0.1649332 0.1400091 0.2335885 0.1776156 0.267492 0.1524112 0.1219379 0.2641903 0.7456277 0.3868807 0.2437961 0.4142134
88 0.1426108 0.143906 0.2000738 0.1873359 0.2048129 0.1252787 0.1449154 0.1681182 0.5611851 0.3832525 0.1716403 0.2159363
89 0.1819349 0.1675936 0.2549439 0.2166566 0.3113863 0.1982538 0.1815333 0.2471779 0.5480117 0.5146911 0.1817574 0.2476862
90 0.1743353 0.1646017 0.2440195 0.2063553 0.3265375 0.191853 0.1651911 0.3336143 0.5900816 0.4386213 0.1963061 0.2582152
91 0.150022 0.1609044 0.2088471 0.1864998 0.2319749 0.1461677 0.1604488 0.1770915 0.6946756 0.4550436 0.1592344 0.2370631
92 0.1809634 0.1563451 0.2531061 0.1909544 0.3221767 0.1963014 0.1528711 0.2450329 0.6156927 0.3744183 0.1487923 0.2325455
93 0.1905953 0.156614 0.2683909 0.1843225 0.3285246 0.1928323 0.146906 0.1908131 0.5957114 0.3777986 0.1146858 0.2032096
94 0.1663828 0.1493576 0.232862 0.1813997 0.2633945 0.1563554 0.1402305 0.175968 0.6426847 0.3733766 0.1197965 0.2131042
95 0.167247 0.1181346 0.233433 0.1719654 0.2337299 0.1257145 0.1180045 NA 0.576703 0.3386225 0.09600973 NA
96 0.1726883 0.1400211 0.2417299 0.2029097 0.2696026 0.1722512 0.1828267 0.1450583 0.5969272 0.3620088 0.07735289 NA
97 0.1807934 0.3314138 0.2433665 0.2419925 0.5583531 0.2690817 0.2352792 0.7993573 0.912588 0.7243933 0.336663 0.681783
98 0.1904229 0.1622729 0.2668278 0.1946453 0.3058346 0.1520959 0.1397218 0.1873978 0.6298483 0.5779202 0.191235 0.2974702
99 0.1568238 0.1223455 0.2210921 0.1591109 0.2230566 0.1226384 0.09564738 0.1674151 0.7084323 0.3892588 0.1359707 0.2042132
100 0.1892758 0.1995332 0.2682885 0.2084164 0.3300095 0.1931915 0.1544933 0.332891 0.5260002 0.3919384 0.2121426 0.3095509
101 0.1520439 0.1256706 0.2130589 0.1642873 0.220619 0.1412276 0.1139599 0.1596432 0.8216442 0.5184989 0.1393175 0.2268122
102 0.1516045 0.2663905 0.212338 0.216455 0.3930642 0.2089826 0.1302408 0.5090438 0.8547255 1.032443 0.5429031 0.8538663
103 0.1728484 0.09419525 0.2434964 0.1999231 0.2288719 0.1355865 0.1507127 NA 0.4436262 0.2973782 NA NA
104 0.1773848 0.1999178 0.2468603 0.2502836 0.3339221 0.2206021 0.2382218 0.2219614 0.5914186 0.4110602 0.123184 0.1825536
105 0.1635505 0.1591311 0.2279045 0.1936949 0.2550841 0.1592763 0.1662126 0.1690157 0.52528 0.3722777 0.13217 0.1930093
106 0.1574686 0.1430843 0.2203445 0.1711642 0.2532956 0.1504193 0.1253342 0.2192028 0.8283445 0.5414072 0.1990193 0.3499208
107 0.2121897 0.1636991 0.2975047 0.197608 0.387919 0.2026419 0.1618394 0.2785323 0.4894388 0.3850639 0.1728545 0.1876056
108 0.1945136 0.1569006 0.2723187 0.2181457 0.2166131 0.1400606 0.1401917 NA 0.4987064 0.3538164 0.1179459 0.07477279
109 0.1753951 0.1085488 0.2445983 0.1814005 0.1877803 0.1203686 0.1194488 NA 0.3154348 NA NA NA
110 0.1801728 0.2436068 0.2526357 0.2870421 0.2989939 0.2104007 0.3078133 0.2113902 0.4013711 0.3750709 0.198348 0.2023385
111 0.1924808 0.1243758 0.2707438 0.1919488 0.2130601 0.07334721 0.1131492 NA 0.5685517 0.3690344 NA NA
112 0.1919724 0.1631321 0.2694749 0.1875389 0.3419535 0.1849483 0.1391323 0.3213876 0.6807297 0.4170906 0.2230614 0.41052
113 0.1679607 0.4102313 0.2342935 0.3557335 0.5196813 0.3840544 0.2285466 0.7025821 0.7328 0.4842245 0.5557832 0.9969641
114 0.1716134 0.1813168 0.240426 0.1992353 0.2834093 0.1673616 0.133652 0.2599123 0.7100114 0.4625378 0.1620001 0.342346
115 0.163058 NA 0.2290821 0.1933956 NA NA 0.1555819 NA NA NA NA NA
116 0.1730276 0.1431111 0.241856 0.1727773 0.2905175 0.1661057 0.1403928 0.1871666 0.6825465 0.5614334 0.1925636 0.305515
