1 1.579 1.063385 1.00799 3.581255 1.091716 1.006891
2 2.785466 2.097016 2.158065 4.206305 2.025511 2.074537
3 1.76967 1.468542 1.406507 2.807748 1.322977 1.389382
4 2.176006 1.404075 1.36843 4.770897 1.393163 1.302153
5 3.065057 2.923637 2.862056 4.382331 3.029703 2.995226
6 2.59452 2.119248 1.499639 5.950315 1.926704 1.949513
7 2.723737 1.689512 1.790568 5.323255 1.683731 1.660826
8 1.184297 1.161127 1.17917 1.400712 1.160673 1.189788
9 1.804627 1.013073 1.020805 3.164511 0.8833704 0.99095
10 2.187527 1.881836 1.805557 4.471888 1.88081 1.926363
11 2.571824 1.783747 1.854548 8.302773 1.945864 1.93172
12 2.437718 1.77963 1.713783 4.725501 1.862986 1.818213
13 1.919424 1.306392 1.310638 4.952293 1.362986 1.352956
14 2.03466 0.9687916 0.9546748 4.662124 1.046029 1.010723
15 2.19309 1.476937 1.482531 4.232795 1.518619 1.472345
16 2.388247 1.467919 1.507869 5.004994 1.58279 1.629066
17 1.310189 0.8067254 0.8518231 3.719487 0.7773839 0.8373964
18 1.426076 1.144259 1.144006 2.81616 1.168382 1.168343
19 2.089165 1.636157 1.7101 4.454895 1.554545 1.590467
20 3.157444 2.000165 2.071755 6.434962 2.184143 2.072931
21 2.234216 1.619752 1.666987 3.794119 1.664558 1.566655
22 1.786579 1.27693 1.322535 3.589308 1.347327 1.284387
23 3.862572 2.335537 2.326188 5.891657 2.206818 2.264172
24 2.424917 2.250119 2.249496 3.62367 2.213237 2.229194
25 2.932555 2.744335 2.821431 4.213889 2.921354 3.046107
26 3.103365 2.232743 2.233579 4.682813 2.253334 2.351991
27 2.663483 2.153722 2.158195 3.913513 2.182653 2.308472
28 2.302813 1.871839 1.919912 3.785622 1.801377 1.927485
29 4.715682 3.442821 3.213034 6.123847 3.517413 3.310383
30 1.060837 0.9642846 0.9513068 2.834299 0.9838122 1.05207
31 1.733103 1.50608 1.536938 3.836092 1.599525 1.570611
32 1.861548 1.381388 1.390246 4.556843 1.562172 1.417498
33 1.992233 1.144706 1.122251 4.709039 1.257699 1.232144
34 1.985197 1.30422 1.314663 5.40343 1.358165 1.333344
35 2.982695 1.717815 1.709642 6.523156 1.726024 1.567284
36 1.906229 1.601609 1.619089 4.787567 1.554916 1.58575
37 2.589155 2.066991 2.1858 7.538468 2.030774 1.893324
38 4.797958 3.816347 3.887302 10.22863 3.869571 3.969462
39 2.593184 1.516623 1.402544 3.967976 1.431596 1.373053
40 3.642855 2.836471 2.880777 7.507328 3.137636 2.997554
41 1.552961 1.107594 1.067471 2.575804 1.063724 1.093998
42 3.662785 2.595836 2.642117 7.876935 2.65596 2.704784
43 2.935081 1.771565 1.62957 3.257216 2.199219 2.203687
44 3.522972 2.143926 1.997929 6.304316 1.906092 2.040442
45 3.330839 2.346633 2.357682 7.534393 2.522609 2.343141
46 2.061628 1.489527 1.41358 4.591881 1.42522 1.447086
47 3.423728 2.892981 2.854386 6.367597 3.029307 3.1028
48 2.426354 1.78102 1.776265 5.127254 1.80774 1.73713
49 1.404926 1.256156 1.295947 2.070271 1.137374 1.317598
50 2.642206 1.635718 1.641177 9.134334 1.49904 1.532648
51 5.97281 3.218324 2.868822 10.73595 2.942539 2.967596
52 1.900039 1.315877 1.228923 4.672353 1.310325 1.223583
53 1.885355 1.618311 1.644417 5.675061 1.799864 1.891104
54 1.302045 1.124884 1.188878 2.634866 1.265231 1.276789
55 2.707924 2.059147 1.996473 4.650907 2.132042 2.054155
56 3.023747 2.03996 1.930333 7.556723 2.173278 2.085774
57 2.944695 2.204542 2.322095 6.16627 2.303791 2.330962
58 2.074963 1.727958 1.742749 5.915754 1.806106 1.69747
59 2.522629 1.729987 1.828599 4.429447 1.756764 1.784961
60 6.266862 5.102365 5.097843 7.654637 4.738217 4.97864
61 2.663365 1.70453 1.794672 4.258149 1.748892 1.715589
62 2.596509 1.397241 1.423455 4.797323 1.440841 1.448807
63 1.232638 0.9209555 0.8998614 4.190531 0.9185005 0.9244247
64 2.043922 1.83636 1.808326 3.31507 1.927245 1.919237
65 2.341502 1.76795 1.850232 3.618943 1.831894 1.929699
66 3.101912 2.346312 2.243306 4.890777 2.12196 2.150761
67 2.305977 1.762079 1.735229 5.289742 1.722877 1.699755
68 2.355582 1.495668 1.558091 3.783622 1.535928 1.543608
69 1.691736 1.467656 1.465416 3.298149 1.463222 1.501489
70 3.120584 2.547619 2.485086 4.22383 2.522501 2.377675
71 1.380335 1.171347 1.169938 4.182847 1.389932 1.285583
72 2.196582 1.829664 1.860671 4.310506 1.95541 1.971197
73 1.402389 1.12515 1.162103 3.230877 1.258767 1.16548
74 2.490884 1.679326 1.694591 5.960096 1.601142 1.656454
75 2.154161 1.503804 1.507393 2.972385 1.56737 1.560608
76 2.918747 1.934804 1.97976 5.492661 2.025575 1.994466
77 1.321564 0.8038225 0.8420325 2.718246 0.8837997 0.8133681
78 1.987687 1.437223 1.371522 5.424439 1.56309 1.494924
79 2.98111 1.838588 1.752204 5.636279 1.986804 1.802058
80 2.348089 1.762819 1.744439 3.454137 1.572034 1.712786
81 3.533243 2.691421 2.637348 5.913678 2.610274 2.603552
82 2.363315 2.127787 2.091329 4.547251 2.228591 2.06202
83 3.239427 2.498017 2.755446 6.688508 2.793367 2.696272
84 1.588385 1.19227 1.165883 3.803539 1.25405 1.246538
85 2.234287 1.988714 1.9204 4.145375 1.908274 1.843735
86 2.166835 1.637388 1.697167 3.860421 1.642109 1.719529
87 4.749474 3.580275 3.750535 6.963433 3.629281 3.584936
88 3.048458 1.928624 2.057983 5.292152 1.791336 1.832741
89 3.840553 3.036094 2.915573 5.633396 2.897045 2.989118
90 1.584041 1.41391 1.536815 5.263828 1.322392 1.361608
91 1.61792 1.404277 1.448544 3.71624 1.560726 1.403872
92 1.453242 1.156066 1.103874 2.679469 1.111967 1.125707
93 1.260169 0.9118345 0.8935656 4.883858 1.013847 1.020446
94 2.279713 1.97997 1.853456 3.649121 1.774017 1.818598
95 2.820957 2.034061 2.116217 4.716915 2.212258 2.060055
96 0.8453869 0.7181848 0.7953515 1.743872 0.9397351 0.8584102
97 4.088811 2.43464 2.528066 9.021547 2.67326 2.627303
98 2.114867 1.536257 1.550795 3.216812 1.650647 1.660778
99 3.604456 2.827123 2.862044 5.725657 3.096832 2.899558
100 2.751813 2.357836 2.324927 5.31551 2.442675 2.557057
