1 2100001
2 2100002
3 2100003
4 2100004
5 2100005
7 2100007
8 2100008
9 2100009
10 2100010
11 2100011
12 2100012
14 2100014
17 2100017
19 2100019
20 2100020
21 2100021
22 2100022
23 2100023
24 2100024
26 2100026
27 2100027
28 2100028
29 2100029
30 2100030
31 2100031
32 2100032
33 2100033
35 2100035
37 2100037
38 2100038
39 2100039
40 2100040
41 2100041
42 2100042
43 2100043
44 2100044
45 2100045
46 2100046
47 2100047
48 2100048
50 2100050
51 2100051
52 2100052
53 2100053
54 2100054
55 2100055
56 2100056
57 2100057
58 2100058
59 2100059
60 2100060
61 2100061
62 2100062
63 2100063
64 2100064
68 2100068
69 2100069
70 2100070
71 2100071
72 2100072
74 2100074
76 2100076
77 2100077
78 2100078
80 2100080
82 2100082
83 2100083
84 2100084
85 2100085
86 2100086
87 2100087
88 2100088
89 2100089
90 2100090
91 2100091
92 2100092
93 2100093
94 2100094
95 2100095
96 2100096
97 2100097
98 2100098
99 2100099
100 2100100
101 2100101
102 2100102
103 2100103
104 2100104
105 2100105
106 2100106
107 2100107
108 2100108
109 2100109
110 2100110
111 2100111
112 2100112
113 2100113
114 2100114
115 2100115
116 2100116
