       est.beta   est.upper  est.lower   alpha
1    8.13696106  9.28261622  6.9913059   0.001
2   -0.13996410 -0.12531935 -0.1546088   0.001
3   -3.96120403 -3.05619933 -4.8662087   0.001
4   -0.45735652  0.10316755 -1.0178806   0.001
5    0.58461313  1.51321266 -0.3439864   0.001
6   -0.05606949  0.56215286 -0.6742918   0.001
7    8.12366738  9.26247932  6.9848554   0.010
8   -0.13959879 -0.12277032 -0.1564273   0.010
9   -3.95768619 -3.11715997 -4.7982124   0.010
10  -0.45307979  0.10885394 -1.0150135   0.010
11   0.59344672  1.53694404 -0.3500506   0.010
12  -0.05317573  0.56342666 -0.6697781   0.010
13   8.14080713  9.36708452  6.9145297   0.050
14  -0.14162261 -0.12582009 -0.1574251   0.050
15  -3.97312822 -3.07510042 -4.8711560   0.050
16  -0.45463140  0.12579926 -1.0350621   0.050
17   0.59783998  1.56111194 -0.3654320   0.050
18  -0.04673988  0.56593448 -0.6594142   0.050
19   8.14516985  9.26684159  7.0234981   0.100
20  -0.14075266 -0.12729619 -0.1542091   0.100
21  -3.97158320 -3.11102640 -4.8321400   0.100
22  -0.45429148  0.10735143 -1.0159344   0.100
23   0.59024252  1.53173075 -0.3512457   0.100
24  -0.05775849  0.56895934 -0.6844763   0.100
25   8.14270997  9.33366418  6.9517558   0.500
26  -0.14081775 -0.09986960 -0.1817659   0.500
27  -3.96440071 -3.02901784 -4.8997836   0.500
28  -0.45586549  0.12870484 -1.0404358   0.500
29   0.58811170  1.58673126 -0.4105079   0.500
30  -0.05586579  0.59259619 -0.7043278   0.500
31   8.12289467  9.53625424  6.7095351   1.000
32  -0.13865223 -0.10534957 -0.1719549   1.000
33  -3.96110030 -2.65105784 -5.2711428   1.000
34  -0.45403080  0.12368103 -1.0317426   1.000
35   0.59465099  1.51413251 -0.3248305   1.000
36  -0.05582896  0.55421384 -0.6658718   1.000
37   8.14179056  9.33133524  6.9522459   2.000
38  -0.14021754 -0.12634499 -0.1540901   2.000
39  -3.97230491 -3.12049395 -4.8241159   2.000
40  -0.45705824  0.12139295 -1.0355094   2.000
41   0.58756950  1.56176549 -0.3866265   2.000
42  -0.05049167  0.58551026 -0.6864936   2.000
43   8.13587582  9.30294385  6.9688078   4.000
44  -0.14186820 -0.12448479 -0.1592516   4.000
45  -3.96767373 -3.11140701 -4.8239404   4.000
46  -0.45582018  0.25148367 -1.1631240   4.000
47   0.59634708  1.51324911 -0.3205550   4.000
48  -0.04923662  0.57431621 -0.6727895   4.000
49   8.12420004  9.28142481  6.9669753   8.000
50  -0.13881688 -0.12080405 -0.1568297   8.000
51  -3.96998637 -2.60995315 -5.3300196   8.000
52  -0.45450920  0.11554291 -1.0245613   8.000
53   0.60048895  1.74196839 -0.5409905   8.000
54  -0.05631063  1.01826868 -1.1308899   8.000
55   8.12420004  9.28142481  6.9669753  16.000
56  -0.13881688 -0.12080405 -0.1568297  16.000
57  -3.96998637 -2.60995315 -5.3300196  16.000
58  -0.45450920  0.11554291 -1.0245613  16.000
59   0.60048895  1.74196839 -0.5409905  16.000
60  -0.05631063  1.01826868 -1.1308899  16.000
61   8.14020447  9.28657396  6.9938350  -0.001
62  -0.13984947 -0.12679328 -0.1529057  -0.001
63  -3.96641354 -3.09203651 -4.8407906  -0.001
64  -0.45741373  0.10402036 -1.0188478  -0.001
65   0.58711155  1.51663480 -0.3424117  -0.001
66  -0.05555011  0.57039119 -0.6814914  -0.001
67   8.12637715  9.42163242  6.8311219  -0.010
68  -0.13843713 -0.12373319 -0.1531411  -0.010
69  -3.95868366 -3.02957835 -4.8877890  -0.010
70  -0.45890352  0.10980823 -1.0276153  -0.010
71   0.58455387  1.55367103 -0.3845633  -0.010
72  -0.04676059  0.56799858 -0.6615198  -0.010
73   8.13734601  9.32279547  6.9518966  -0.050
74  -0.13859625 -0.12546613 -0.1517264  -0.050
75  -3.97490677 -3.12110832 -4.8287052  -0.050
76  -0.45525692  0.12322645 -1.0337403  -0.050
77   0.58672042  1.53825961 -0.3648188  -0.050
78  -0.05189983  0.60460732 -0.7084070  -0.050
79   8.13119807  9.28729563  6.9751005  -0.100
80  -0.13931997 -0.12531963 -0.1533203  -0.100
81  -3.97178088 -3.12091752 -4.8226442  -0.100
82  -0.45756433  0.11596029 -1.0310889  -0.100
83   0.59161266  1.51133335 -0.3281080  -0.100
84  -0.04791414  0.57456256 -0.6703908  -0.100
85   8.13116617  9.32265438  6.9396780  -0.500
86  -0.13888732 -0.12583713 -0.1519375  -0.500
87  -3.97654448 -3.01848016 -4.9346088  -0.500
88  -0.45696881  0.14502016 -1.0589578  -0.500
89   0.60026289  1.64355944 -0.4430337  -0.500
90  -0.04693963  0.58046391 -0.6743432  -0.500
91   8.15363203  9.31405370  6.9932104  -1.000
92  -0.14240839 -0.12869764 -0.1561191  -1.000
93  -3.96965210 -3.10517927 -4.8341249  -1.000
94  -0.45850433  0.11374242 -1.0307511  -1.000
95   0.58941980  1.53034838 -0.3515088  -1.000
96  -0.05539702  0.59193058 -0.7027246  -1.000
97   8.12652459  9.29312821  6.9599210  -2.000
98  -0.13832043 -0.12310332 -0.1535375  -2.000
99  -3.96192814 -3.11060746 -4.8132488  -2.000
100 -0.45656080  0.11563716 -1.0287588  -2.000
101  0.59273599  1.53588633 -0.3504144  -2.000
102 -0.05569701  0.56029116 -0.6716852  -2.000
103  8.14886106  9.27132256  7.0263996  -4.000
104 -0.14103145 -0.13236483 -0.1496981  -4.000
105 -3.96407566 -3.15271769 -4.7754336  -4.000
106 -0.45889298  0.09308040 -1.0108664  -4.000
107  0.58382696  1.50769994 -0.3400460  -4.000
108 -0.05100714  0.55240020 -0.6544145  -4.000
109  8.14010733  9.29415206  6.9860626  -8.000
110 -0.14033252 -0.12897234 -0.1516927  -8.000
111 -3.97560871 -3.16803006 -4.7831874  -8.000
112 -0.45534818  0.10301202 -1.0137084  -8.000
113  0.59276078  1.53407286 -0.3485513  -8.000
114 -0.04834242  0.55558860 -0.6522734  -8.000
115  8.13788534  9.26063432  7.0151363 -16.000
116 -0.13904582 -0.12759852 -0.1504931 -16.000
117 -3.97705007 -3.11788280 -4.8362173 -16.000
118 -0.45433890  0.09172829 -1.0004061 -16.000
119  0.59392773  1.50972068 -0.3218652 -16.000
120 -0.05464640  0.50161807 -0.6109109 -16.000