1 3353.418 3378.062 3389.577 3445.547 3466.906 3478.19
2 3208.85 3220.374 3242.958 3471.006 3481.729 3503.533
3 3391.312 3405.558 3424.583 3541.07 3548.628 3567.462
4 3281.297 3308.621 3322.084 3434.126 3454.373 3467.824
5 3185.66 3204.643 3240.008 3369.336 3388.167 3424.017
6 3376.206 3391.289 3409.05 3509.919 3522.515 3540.49
7 3340.87 3362.6 3377.722 3465.426 3486.566 3501.154
8 3316.374 3333.49 3356.932 3473.042 3493.875 3516.816
9 3257.659 3272.982 3291.396 3406.912 3421.955 3440.907
10 3166.854 3185.005 3214.462 3315.999 3326.202 3356.312
11 3174.952 3210.939 3235.448 3233.189 3267.502 3292.129
12 3245.344 3260.231 3272.144 3451.334 3462.791 3475.158
13 3220.598 3234.573 3255.331 3367.769 3373.521 3394.175
14 3278.181 3292.704 3325.634 3387.927 3400.521 3433.56
15 3251.245 3263.167 3300.106 3449.226 3451.461 3488.989
16 3238.208 3256.113 3274.744 3333.152 3348.602 3367.192
17 3414.299 3421.842 3442.985 3568.777 3576.201 3597.229
18 3275.697 3294.979 3331.178 3477.5 3495.252 3531.511
19 3346.208 3356.855 3384.187 3471.034 3480.496 3507.928
20 3027.012 3044.852 3074.581 3096.668 3110.246 3139.647
21 3224.689 3240.159 3263.962 3321.118 3334.712 3358.415
22 3320.883 3352.267 3353.767 3417.296 3447.302 3448.888
23 3256.59 3265.393 3292.984 3379.076 3386.675 3414.119
24 3377.236 3391.327 3400.787 3537.283 3548.001 3557.625
25 3236.137 3255.116 3268.424 3424.881 3441.895 3454.578
26 3189.41 3199.642 3230.296 3299.455 3307.117 3337.845
27 3455.635 3467.846 3482.905 3576.924 3587.302 3602.62
28 3113.146 3122.517 3150.737 3209.27 3212.863 3241.361
29 3209.25 3225.673 3244.658 3372.331 3383.572 3401.506
30 3261.143 3287.943 3289.186 3588.599 3613.095 3614.936
31 3223.194 3254.699 3266.389 3302.171 3335.692 3346.153
32 3247.161 3268.888 3289.189 3446.471 3469.145 3489.397
33 3264.247 3280.086 3311.578 3446.742 3454.156 3485.605
34 3310.923 3317.589 3345.525 3457.008 3462.002 3490.551
35 3204.835 3222.722 3247.644 3304.317 3317.16 3342.059
36 3363.168 3371.287 3384.031 3489.676 3496.857 3509.358
37 3246.009 3248.188 3276.023 3395.826 3399.417 3427.533
38 3324.383 3337.153 3354.879 3483.739 3495.294 3512.515
39 3284.302 3303.602 3313.981 3390.615 3405.197 3416.407
40 3155.802 3174.003 3187.824 3379.274 3392.211 3405.497
41 3377.374 3388.274 3408.187 3533.533 3540.989 3561.677
42 3178.361 3187.139 3213.314 3279.583 3282.041 3308.511
43 3212.338 3223.646 3245.793 3412.202 3420.155 3441.705
44 3149.891 3176.156 3190.593 3241.621 3259.891 3275.28
45 3274.6 3288.831 3304.075 3392.373 3402.456 3418.228
46 3300.845 3311.422 3338.72 3528.99 3529.728 3556.878
47 3187.624 3204.22 3222.848 3342.707 3357.717 3376.152
48 3250.5 3263.528 3285.013 3381.345 3387.461 3409.197
49 3259.959 3273.917 3302.454 3370.007 3380.876 3409.957
50 3243.903 3260.964 3276.453 3409.243 3421.376 3437.33
51 3319.062 3334.644 3352.963 3405.251 3419.283 3437.069
52 3370.772 3374.746 3406.486 3510.685 3513.449 3545.221
53 3227.218 3239.87 3258.61 3352.505 3361.163 3380.263
54 3192.934 3226.575 3246.976 3305.495 3337.926 3359.184
55 3253.318 3274.64 3283.674 3415.887 3433.225 3441.652
56 3088.296 3107.127 3148.343 3198.969 3215.098 3256.342
57 3409.855 3424.324 3455.751 3580.797 3590.45 3621.914
58 3257.655 3267.805 3301.717 3449.557 3455.919 3490.228
59 3404.413 3431.165 3441.175 3537.824 3563.442 3573.843
60 3216.849 3230.121 3256.79 3316.508 3322.456 3349.796
61 3310.91 3342.629 3363.914 3423.459 3451.136 3473.051
62 3254.64 3270.266 3289.459 3363.551 3373.471 3391.935
63 3338.613 3353.22 3370.275 3494.502 3506.083 3523.174
64 3171.899 3186.354 3213.564 3268.238 3276.332 3303.774
65 3302.5 3317.927 3337.812 3465.763 3483.702 3503.841
66 3052.504 3078.044 3114.568 3184.578 3211.864 3248.111
67 3345.453 3354.672 3370.136 3528.043 3537.972 3553.99
68 3367.84 3387.791 3405.756 3481.08 3494.428 3512.427
69 3140.088 3152.738 3174.777 3309.193 3320.839 3343.019
70 3132.165 3154.336 3186.45 3263.765 3281.7 3314.249
71 3201.395 3213.015 3226.086 3330.638 3342.48 3356.477
72 3232.603 3256.096 3275.087 3491.494 3517.121 3535.224
73 3344.667 3364.687 3400.091 3491.887 3509.071 3544.87
74 3186.264 3203.207 3238.646 3339.317 3354.581 3390.531
75 3294.637 3304.964 3335.227 3380.481 3387.954 3417.511
76 3275.014 3282.873 3308.413 3381.3 3388.496 3414.045
77 3254.425 3260.952 3282.801 3390.839 3398.204 3420.472
78 3374.414 3385.816 3409.51 3496.694 3499.957 3523.753
79 3380.549 3396.781 3413.229 3521.814 3532.18 3548.414
80 3092.508 3112.705 3126.365 3198.782 3212.525 3226.616
81 3236.327 3258.764 3273.892 3361.361 3382.743 3398.43
82 3267.26 3303.975 3318.312 3372.962 3406.235 3421.347
83 3355.672 3380.567 3396.65 3494.301 3520.779 3536.913
84 3318.215 3328.269 3340.096 3631.583 3644.79 3657.845
85 3286.89 3301.914 3330.029 3375.272 3387.379 3415.464
86 3151.802 3169.345 3203.629 3246.586 3259.412 3293.138
87 3300.625 3309.498 3327.846 3392.271 3396.701 3415.402
88 3239.524 3263.727 3283.027 3435.737 3447.884 3467.374
89 3447.644 3461.414 3472.904 3612.753 3621.705 3633.215
90 3198.705 3210.488 3244.712 3325.692 3335.342 3370.091
91 3330.17 3346.275 3365.28 3445.715 3459.23 3478.385
92 3455.559 3467.828 3485.422 3680.646 3692.344 3709.85
93 3447.831 3462.376 3478.361 3616.939 3628.489 3644.252
94 3307.566 3328.071 3335.024 3534.459 3551.418 3558.55
95 3224.122 3249.474 3268.938 3330.234 3354.093 3373.637
96 3353.223 3371.418 3375.551 3503.419 3515.704 3519.024
97 3361.133 3384.776 3391.415 3499.519 3523.279 3529.668
98 3250.757 3271.004 3303.882 3359.692 3373.559 3406.38
99 3167.935 3188.007 3198.763 3292.262 3309.1 3319.42
100 3278.282 3293.51 3321.818 3371.684 3383.306 3410.91
