1 3396.297 3417.642 3422.56 3485.127 3503.188 3507.875
2 3251.728 3259.954 3275.942 3510.585 3518.01 3533.218
3 3434.191 3445.138 3457.566 3580.65 3584.909 3597.147
4 3324.175 3348.201 3355.067 3473.706 3490.654 3497.509
5 3228.539 3244.223 3272.991 3408.916 3424.448 3453.702
6 3419.084 3430.869 3442.033 3549.499 3558.797 3570.175
7 3383.748 3402.18 3410.705 3505.006 3522.848 3530.839
8 3359.252 3373.07 3389.915 3512.622 3530.156 3546.501
9 3300.537 3312.562 3324.379 3446.492 3458.236 3470.592
10 3209.732 3224.585 3247.445 3355.579 3362.483 3385.997
11 3217.831 3250.519 3268.431 3272.769 3303.784 3321.814
12 3288.222 3299.811 3305.127 3490.913 3499.072 3504.843
13 3263.476 3274.152 3288.314 3407.349 3409.802 3423.86
14 3321.059 3332.284 3358.617 3427.507 3436.803 3463.245
15 3294.124 3302.747 3333.089 3488.805 3487.743 3518.674
16 3281.086 3295.692 3307.727 3372.731 3384.884 3396.877
17 3457.177 3461.421 3475.968 3608.357 3612.483 3626.914
18 3318.575 3334.558 3364.161 3517.08 3531.534 3561.196
19 3389.086 3396.435 3417.17 3510.614 3516.777 3537.613
20 3069.89 3084.432 3107.564 3136.248 3146.527 3169.332
21 3267.567 3279.739 3296.946 3360.698 3370.994 3388.1
22 3363.761 3391.847 3386.75 3456.876 3483.583 3478.573
23 3299.468 3304.973 3325.968 3418.656 3422.956 3443.804
24 3420.114 3430.907 3433.77 3576.863 3584.282 3587.31
25 3279.016 3294.696 3301.407 3464.461 3478.177 3484.263
26 3232.288 3239.222 3263.279 3339.035 3343.399 3367.53
27 3498.513 3507.426 3515.888 3616.504 3623.583 3632.305
28 3156.024 3162.097 3183.72 3248.85 3249.145 3271.046
29 3252.128 3265.253 3277.641 3411.911 3419.854 3431.191
30 3304.022 3327.523 3322.169 3628.178 3649.377 3644.62
31 3266.072 3294.279 3299.372 3341.751 3371.974 3375.838
32 3290.039 3308.468 3322.172 3486.051 3505.426 3519.082
33 3307.125 3319.665 3344.561 3486.321 3490.438 3515.29
34 3353.801 3357.169 3378.508 3496.587 3498.283 3520.236
35 3247.713 3262.302 3280.628 3343.897 3353.442 3371.744
36 3406.046 3410.867 3417.014 3529.256 3533.139 3539.043
37 3288.887 3287.768 3309.006 3435.405 3435.698 3457.218
38 3367.261 3376.733 3387.862 3523.319 3531.576 3542.2
39 3327.18 3343.181 3346.964 3430.194 3441.478 3446.092
40 3198.68 3213.583 3220.807 3418.854 3428.492 3435.182
41 3420.252 3427.854 3441.17 3573.113 3577.271 3591.362
42 3221.239 3226.719 3246.297 3319.163 3318.323 3338.196
43 3255.216 3263.226 3278.777 3451.782 3456.436 3471.39
44 3192.77 3215.735 3223.577 3281.201 3296.172 3304.965
45 3317.478 3328.411 3337.058 3431.953 3438.737 3447.913
46 3343.723 3351.001 3371.703 3568.57 3566.009 3586.563
47 3230.502 3243.8 3255.831 3382.287 3393.998 3405.837
48 3293.378 3303.108 3317.996 3420.925 3423.743 3438.882
49 3302.837 3313.497 3335.438 3409.587 3417.157 3439.642
50 3286.781 3300.544 3309.436 3448.823 3457.657 3467.015
51 3361.94 3374.224 3385.946 3444.831 3455.565 3466.754
52 3413.65 3414.325 3439.469 3550.265 3549.731 3574.906
53 3270.097 3279.449 3291.594 3392.085 3397.445 3409.948
54 3235.812 3266.155 3279.96 3345.075 3374.207 3388.868
55 3296.196 3314.22 3316.658 3455.467 3469.506 3471.337
56 3131.174 3146.707 3181.327 3238.549 3251.379 3286.027
57 3452.733 3463.903 3488.734 3620.377 3626.732 3651.598
58 3300.533 3307.385 3334.701 3489.137 3492.2 3519.913
59 3447.291 3470.745 3474.158 3577.404 3599.724 3603.528
60 3259.727 3269.701 3289.773 3356.088 3358.738 3379.481
61 3353.788 3382.209 3396.897 3463.039 3487.417 3502.736
62 3297.518 3309.846 3322.442 3403.131 3409.752 3421.62
63 3381.491 3392.8 3403.258 3534.081 3542.365 3552.859
64 3214.777 3225.934 3246.547 3307.818 3312.614 3333.459
65 3345.378 3357.507 3370.795 3505.342 3519.984 3533.526
66 3095.382 3117.624 3147.551 3224.158 3248.145 3277.795
67 3388.331 3394.252 3403.119 3567.623 3574.254 3583.675
68 3410.718 3427.371 3438.74 3520.659 3530.709 3542.112
69 3182.967 3192.318 3207.76 3348.772 3357.12 3372.704
70 3175.043 3193.916 3219.433 3303.345 3317.981 3343.934
71 3244.273 3252.595 3259.069 3370.218 3378.761 3386.162
72 3275.481 3295.676 3308.07 3531.074 3553.403 3564.909
73 3387.545 3404.267 3433.074 3531.466 3545.352 3574.555
74 3229.142 3242.786 3271.63 3378.896 3390.862 3420.215
75 3337.516 3344.544 3368.21 3420.061 3424.235 3447.196
76 3317.892 3322.453 3341.396 3420.88 3424.778 3443.73
77 3297.303 3300.532 3315.784 3430.419 3434.485 3450.157
78 3417.293 3425.396 3442.493 3536.273 3536.239 3553.438
79 3423.427 3436.361 3446.212 3561.393 3568.461 3578.098
80 3135.386 3152.285 3159.349 3238.362 3248.807 3256.3
81 3279.205 3298.343 3306.875 3400.941 3419.025 3428.115
82 3310.138 3343.555 3351.295 3412.542 3442.516 3451.032
83 3398.55 3420.147 3429.634 3533.881 3557.06 3566.598
84 3361.093 3367.849 3373.079 3671.163 3681.071 3687.53
85 3329.768 3341.494 3363.012 3414.852 3423.66 3445.149
86 3194.68 3208.924 3236.612 3286.166 3295.693 3322.822
87 3343.503 3349.078 3360.829 3431.851 3432.982 3445.087
88 3282.402 3303.306 3316.01 3475.317 3484.166 3497.059
89 3490.522 3500.994 3505.887 3652.333 3657.986 3662.9
90 3241.583 3250.068 3277.695 3365.271 3371.624 3399.776
91 3373.048 3385.854 3398.263 3485.295 3495.512 3508.07
92 3498.437 3507.408 3518.405 3720.226 3728.626 3739.535
93 3490.71 3501.955 3511.344 3656.519 3664.771 3673.937
94 3350.444 3367.651 3368.007 3574.039 3587.7 3588.235
95 3267 3289.054 3301.921 3369.814 3390.374 3403.322
96 3396.101 3410.998 3408.535 3542.998 3551.986 3548.709
97 3404.011 3424.356 3424.399 3539.099 3559.561 3559.353
98 3293.635 3310.584 3336.865 3399.271 3409.841 3436.065
99 3210.813 3227.587 3231.747 3331.841 3345.382 3349.105
100 3321.16 3333.09 3354.801 3411.264 3419.587 3440.595
