1 0.42
2 0.46
3 0.5
4 0.505
5 0.505
6 0.53
7 0.5
8 0.51
9 0.505
10 0.545
11 0.52
12 0.55
13 0.495
14 0.525
15 0.46
16 0.465
17 0.42
18 0.45
19 0.47
20 0.565
21 0.52
22 0.5
23 0.495
24 0.465
25 0.54
26 0.51
27 0.46
28 0.53
29 0.53
30 0.55
31 0.47
32 0.485
33 0.52
34 0.485
35 0.53
36 0.435
37 0.455
38 0.505
39 0.45
40 0.54
41 0.43
42 0.475
43 0.44
44 0.49
45 0.5
46 0.485
47 0.495
48 0.5
49 0.505
50 0.49
51 0.48
52 0.42
53 0.51
54 0.57
55 0.46
56 0.54
57 0.505
58 0.495
59 0.495
60 0.57
61 0.525
62 0.56
63 0.445
64 0.525
65 0.48
66 0.495
67 0.54
68 0.48
69 0.44
70 0.49
71 0.525
72 0.53
73 0.51
74 0.525
75 0.46
76 0.47
77 0.475
78 0.485
79 0.5
80 0.54
81 0.485
82 0.54
83 0.415
84 0.485
85 0.56
86 0.52
87 0.495
88 0.515
89 0.445
90 0.515
91 0.465
92 0.5
93 0.415
94 0.485
95 0.525
96 0.45
97 0.47
98 0.525
99 0.535
100 0.5
