1 -1663.709 -1677.031 -1684.789 -1710.773 -1722.453 -1730.095
2 -1591.425 -1598.187 -1611.479 -1723.503 -1729.864 -1742.766
3 -1682.656 -1690.779 -1702.291 -1758.535 -1763.314 -1774.731
4 -1627.649 -1642.31 -1651.042 -1705.063 -1716.186 -1724.912
5 -1579.83 -1590.322 -1610.004 -1672.668 -1683.083 -1703.008
6 -1675.103 -1683.645 -1694.525 -1742.959 -1750.258 -1761.245
7 -1657.435 -1669.3 -1678.861 -1720.713 -1732.283 -1741.577
8 -1645.187 -1654.745 -1668.466 -1724.521 -1735.937 -1749.408
9 -1615.829 -1624.491 -1635.698 -1691.456 -1699.977 -1711.453
10 -1570.427 -1580.503 -1597.231 -1646 -1652.101 -1669.156
11 -1574.476 -1593.469 -1607.724 -1604.595 -1622.751 -1637.064
12 -1609.672 -1618.115 -1626.072 -1713.667 -1720.395 -1728.579
13 -1597.299 -1605.286 -1617.665 -1671.885 -1675.76 -1688.088
14 -1626.091 -1634.352 -1652.817 -1681.964 -1689.261 -1707.78
15 -1612.623 -1619.583 -1640.053 -1712.613 -1714.731 -1735.495
16 -1606.104 -1616.056 -1627.372 -1654.576 -1663.301 -1674.596
17 -1694.15 -1698.921 -1711.493 -1772.388 -1777.101 -1789.615
18 -1624.849 -1635.489 -1655.589 -1726.75 -1736.626 -1756.756
19 -1660.104 -1666.427 -1682.094 -1723.517 -1729.248 -1744.964
20 -1500.506 -1510.426 -1527.29 -1536.334 -1544.123 -1560.823
21 -1599.344 -1608.079 -1621.981 -1648.559 -1656.356 -1670.208
22 -1647.441 -1664.133 -1666.884 -1696.648 -1712.651 -1715.444
23 -1615.295 -1620.697 -1636.492 -1677.538 -1682.337 -1698.059
24 -1675.618 -1683.663 -1690.393 -1756.642 -1763 -1769.813
25 -1605.069 -1615.558 -1624.212 -1700.441 -1709.948 -1718.289
26 -1581.705 -1587.821 -1605.148 -1637.728 -1642.559 -1659.923
27 -1714.817 -1721.923 -1731.453 -1776.462 -1782.651 -1792.31
28 -1543.573 -1549.258 -1565.368 -1592.635 -1595.432 -1611.681
29 -1591.625 -1600.837 -1612.329 -1674.166 -1680.786 -1691.753
30 -1617.572 -1631.972 -1634.593 -1782.299 -1795.548 -1798.468
31 -1598.597 -1615.35 -1623.195 -1639.085 -1656.846 -1664.077
32 -1610.581 -1622.444 -1634.595 -1711.236 -1723.572 -1735.699
33 -1619.124 -1628.043 -1645.789 -1711.371 -1716.078 -1733.803
34 -1642.462 -1646.795 -1662.763 -1716.504 -1720.001 -1736.275
35 -1589.417 -1599.361 -1613.822 -1640.159 -1647.58 -1662.03
36 -1668.584 -1673.644 -1682.016 -1732.838 -1737.429 -1745.679
37 -1610.004 -1612.094 -1628.011 -1685.913 -1688.708 -1704.767
38 -1649.191 -1656.577 -1667.44 -1729.87 -1736.647 -1747.258
39 -1629.151 -1639.801 -1646.99 -1683.307 -1691.598 -1699.204
40 -1564.901 -1575.001 -1583.912 -1677.637 -1685.105 -1693.749
41 -1675.687 -1682.137 -1694.093 -1754.767 -1759.495 -1771.839
42 -1576.18 -1581.57 -1596.657 -1627.791 -1630.021 -1645.256
43 -1593.169 -1599.823 -1612.897 -1694.101 -1699.077 -1711.852
44 -1561.946 -1576.078 -1585.297 -1608.81 -1618.945 -1628.64
45 -1624.3 -1632.415 -1642.037 -1684.187 -1690.228 -1700.114
46 -1637.423 -1643.711 -1659.36 -1752.495 -1753.864 -1769.439
47 -1580.812 -1590.11 -1601.424 -1659.354 -1667.858 -1679.076
48 -1612.25 -1619.764 -1632.507 -1678.672 -1682.731 -1695.598
49 -1616.979 -1624.958 -1641.227 -1673.004 -1679.438 -1695.979
50 -1608.952 -1618.482 -1628.226 -1692.622 -1699.688 -1709.665
51 -1646.531 -1655.322 -1666.481 -1690.625 -1698.642 -1709.534
52 -1672.386 -1675.373 -1693.243 -1743.343 -1745.725 -1763.611
53 -1600.609 -1607.935 -1619.305 -1664.253 -1669.582 -1681.132
54 -1583.467 -1601.288 -1613.488 -1640.747 -1657.963 -1670.592
55 -1613.659 -1625.32 -1631.837 -1695.943 -1705.612 -1711.826
56 -1531.148 -1541.563 -1564.172 -1587.484 -1596.549 -1619.171
57 -1691.928 -1700.162 -1717.876 -1778.398 -1784.225 -1801.957
58 -1615.828 -1621.903 -1640.859 -1712.779 -1716.959 -1736.114
59 -1689.206 -1703.583 -1710.588 -1756.912 -1770.721 -1777.921
60 -1595.424 -1603.06 -1618.395 -1646.254 -1650.228 -1665.898
61 -1642.455 -1659.315 -1671.957 -1699.73 -1714.568 -1727.526
62 -1614.32 -1623.133 -1634.73 -1669.776 -1675.735 -1686.968
63 -1656.307 -1664.61 -1675.138 -1735.251 -1742.042 -1752.587
64 -1572.949 -1581.177 -1596.782 -1622.119 -1627.166 -1642.887
65 -1638.25 -1646.964 -1658.906 -1720.881 -1730.851 -1742.921
66 -1513.252 -1527.022 -1547.284 -1580.289 -1594.932 -1615.055
67 -1659.727 -1665.336 -1675.068 -1752.021 -1757.986 -1767.995
68 -1670.92 -1681.896 -1692.878 -1728.54 -1736.214 -1747.214
69 -1557.044 -1564.369 -1577.388 -1642.596 -1649.419 -1662.509
70 -1553.082 -1565.168 -1583.225 -1619.883 -1629.85 -1648.125
71 -1587.698 -1594.508 -1603.043 -1653.319 -1660.24 -1669.239
72 -1603.301 -1616.048 -1627.543 -1733.747 -1747.561 -1758.612
73 -1659.333 -1670.344 -1690.045 -1733.943 -1743.535 -1763.435
74 -1580.132 -1589.603 -1609.323 -1657.658 -1666.29 -1686.265
75 -1634.319 -1640.482 -1657.613 -1678.24 -1682.977 -1699.756
76 -1624.507 -1629.436 -1644.207 -1678.65 -1683.248 -1698.022
77 -1614.212 -1618.476 -1631.401 -1683.42 -1688.102 -1701.236
78 -1674.207 -1680.908 -1694.755 -1736.347 -1738.979 -1752.877
79 -1677.275 -1686.391 -1696.614 -1748.907 -1755.09 -1765.207
80 -1533.254 -1544.352 -1553.183 -1587.391 -1595.263 -1604.308
81 -1605.164 -1617.382 -1626.946 -1668.68 -1680.372 -1690.215
82 -1620.63 -1639.987 -1649.156 -1674.481 -1692.117 -1701.674
83 -1664.836 -1678.283 -1688.325 -1735.151 -1749.389 -1759.457
84 -1646.107 -1652.134 -1660.048 -1803.791 -1811.395 -1819.923
85 -1630.445 -1638.957 -1655.015 -1675.636 -1682.689 -1698.732
86 -1562.901 -1572.672 -1591.814 -1611.293 -1618.706 -1637.569
87 -1637.312 -1642.749 -1653.923 -1684.136 -1687.351 -1698.701
88 -1606.762 -1619.863 -1631.513 -1705.868 -1712.942 -1724.687
89 -1710.822 -1718.707 -1726.452 -1794.377 -1799.852 -1807.608
90 -1586.352 -1593.244 -1612.356 -1650.846 -1656.671 -1676.046
91 -1652.085 -1661.137 -1672.64 -1710.858 -1718.615 -1730.192
92 -1714.78 -1721.914 -1732.711 -1828.323 -1835.172 -1845.925
93 -1710.916 -1719.188 -1729.181 -1796.469 -1803.245 -1813.126
94 -1640.783 -1652.036 -1657.512 -1755.23 -1764.709 -1770.275
95 -1599.061 -1612.737 -1624.469 -1653.117 -1666.046 -1677.819
96 -1663.611 -1673.709 -1677.776 -1739.709 -1746.852 -1750.512
97 -1667.567 -1680.388 -1685.708 -1737.76 -1750.64 -1755.834
98 -1612.379 -1623.502 -1641.941 -1667.846 -1675.78 -1694.19
99 -1570.968 -1582.004 -1589.382 -1634.131 -1643.55 -1650.71
100 -1626.141 -1634.755 -1650.909 -1673.842 -1680.653 -1696.455
