1 1.168777 0.9730236 0.9741876 1.673718 0.9983476 0.9786535
2 1.031138 0.9202328 0.90904 1.576075 0.9588043 0.9464754
3 1.039423 0.973533 0.9619479 1.712779 0.9498979 0.979076
4 1.183972 0.9838953 0.9944624 1.875768 1.003947 1.010583
5 1.454985 1.194827 1.20808 2.28841 1.195134 1.182147
6 1.104102 0.9011478 0.9172857 1.912586 0.9070527 0.8841012
7 1.105226 0.9470563 0.935125 1.710912 0.9464481 0.9671938
8 1.226166 1.086482 1.082267 2.131991 1.089529 1.12605
9 1.008567 0.8652499 0.8503192 1.558516 0.8997914 0.8723442
10 1.243049 1.037605 1.066332 1.68344 1.07519 1.054343
11 1.535946 1.088349 1.095829 2.174626 1.109599 1.085516
12 0.9950196 0.9209804 0.9280707 1.473668 0.9363783 0.9350598
13 1.116997 0.9746849 0.9772877 1.709711 0.9642707 0.9761246
14 0.9796441 0.8171222 0.8035365 1.850581 0.8259001 0.7826813
15 1.176601 1.026237 1.035709 1.614698 1.02208 1.029756
16 0.979396 0.8246432 0.8388023 1.498479 0.855128 0.8849685
17 1.049084 0.9742345 0.9596197 1.343941 0.9754418 0.951733
18 1.194512 0.9459983 0.9266165 1.946525 0.9778748 0.9557897
19 1.213105 1.075876 1.050439 1.723348 1.101588 1.103055
20 1.116543 0.8613156 0.860344 1.656794 0.8585787 0.8673554
21 1.177401 1.042539 1.046808 1.829478 1.061067 1.082582
22 1.010142 0.8451637 0.8556856 1.635205 0.8616987 0.8540079
23 1.072557 0.9259423 0.9401996 1.663206 0.951466 0.9461922
24 1.273276 1.056452 1.07266 1.925492 1.100678 1.075804
25 1.09585 0.9173606 0.9153015 1.925539 0.9149188 0.907935
26 1.002453 0.8895926 0.9142154 1.486616 0.9160252 0.9114794
27 1.230138 1.05046 1.037666 1.793944 1.025586 0.9995292
28 0.9881311 0.8523933 0.8338395 1.578809 0.8374598 0.8713383
29 1.037016 0.8683759 0.8698085 1.818148 0.8914328 0.907485
30 1.179729 0.9808145 0.96693 2.338632 0.9496912 0.9321431
31 1.250328 0.9776665 0.9667023 1.935114 0.9956326 0.9952975
32 1.145104 0.9612162 0.9650469 1.622023 0.9634857 0.9846096
33 1.014012 0.9495796 0.9795722 1.916509 0.9473104 0.9218768
34 1.05303 0.9734499 0.9790018 1.585345 0.9937466 0.9739545
35 1.06256 0.9177219 0.9022393 1.562394 0.9027763 0.8854887
36 1.055822 0.9403892 0.9401287 1.427962 0.9648475 0.9229355
37 1.023669 0.9502805 0.9435088 1.790198 0.9718679 0.9672859
38 0.9557814 0.8286399 0.8017642 1.608092 0.8165421 0.8304017
39 1.278229 1.087808 1.07945 1.698133 1.116802 1.107616
40 0.8845487 0.798848 0.7915954 1.751156 0.8351224 0.8150337
41 1.01441 0.9029015 0.8812649 1.600304 0.8962622 0.9181436
42 1.02649 0.9441551 0.928048 1.568298 0.9326324 0.9660126
43 0.9909029 0.8952806 0.8818998 1.484981 0.8584165 0.8946519
44 1.170037 0.888605 0.8957025 1.95854 0.8917071 0.9371266
45 1.00819 0.8458825 0.8559433 1.732833 0.8600921 0.8654286
46 1.118398 1.002648 0.9916993 1.827462 1.044992 1.035642
47 1.008598 0.9040508 0.9072306 1.645594 0.9593736 0.9087493
48 1.222609 1.085626 1.081123 1.769298 1.090985 1.081948
49 1.01489 0.9240473 0.9203399 1.672519 0.9128529 0.9551033
50 1.07727 0.9071675 0.9078217 1.501362 0.8853994 0.8817643
51 0.9502957 0.8191575 0.8395509 1.504741 0.800752 0.8457903
52 1.156268 1.023534 1.033478 1.555401 1.072466 1.0856
53 1.111801 0.9941392 0.9816442 1.662622 0.998859 1.011583
54 1.376088 1.062985 1.052794 2.263568 1.074717 1.050402
55 1.001955 0.9252096 0.9206808 1.477426 0.8941431 0.8848249
56 1.137139 0.9248466 0.9273875 1.932175 0.9324216 0.9507726
57 1.179566 0.9799264 0.9779234 2.180562 0.984699 0.992852
58 1.102919 1.001753 0.9960228 2.11486 1.030861 1.030653
59 1.037084 0.9225756 0.9012627 1.887046 0.9238156 0.9243254
60 0.9621511 0.8902788 0.8908247 1.514541 0.9025098 0.9077143
61 1.181544 0.9106178 0.911459 1.949385 0.9359022 0.9193774
62 0.9938455 0.8657975 0.8517526 1.528704 0.8624616 0.8933496
63 1.069662 0.8838683 0.8501666 1.929537 0.8752101 0.8851325
64 1.020564 0.8626053 0.8833164 1.585636 0.8777473 0.8922375
65 1.09034 0.9741838 1.012623 1.7177 1.006764 0.9937591
66 1.185011 0.8844902 0.8557647 2.006331 0.9228952 0.90912
67 1.035346 0.9441001 0.9521164 1.740799 0.9829466 0.9675421
68 1.250625 1.068281 1.074247 1.864894 1.041942 1.062375
69 0.9422835 0.8684727 0.8653562 1.36008 0.8647923 0.8761152
70 1.120691 0.8876592 0.8798922 1.87851 0.8503672 0.8530759
71 1.08431 1.002992 0.9951137 1.658018 1.012263 1.030375
72 0.9702454 0.8919694 0.8895024 1.715356 0.9171134 0.908114
73 0.9503513 0.752608 0.7730783 1.806951 0.737224 0.7682302
74 1.043264 0.8828838 0.90663 2.112414 0.8857727 0.8917237
75 1.002321 0.9110893 0.8947779 1.346425 0.9159256 0.9077011
76 0.9840676 0.9699973 0.9411983 1.532127 0.9577613 0.9936115
77 1.024907 0.9017351 0.9447523 1.636813 0.92667 0.9512961
78 1.226966 1.060298 1.039429 2.148276 1.015102 1.018981
79 1.022488 0.8971151 0.9025301 1.573567 0.8820993 0.8816151
80 1.07816 0.8741006 0.8825009 1.633927 0.8734684 0.8673248
81 1.18248 1.033303 1.029365 1.980105 1.013505 1.010185
82 1.234757 0.9652749 0.9761065 2.200496 0.9637272 0.9218177
83 1.238198 1.037816 1.034429 1.956612 1.018105 1.028157
84 0.9656115 0.9304767 0.8943507 1.425178 0.9099602 0.9204285
85 1.055439 0.8722164 0.8802487 1.477699 0.8935521 0.8832567
86 1.038852 0.7799773 0.7919495 1.794759 0.7695234 0.7647804
87 1.119604 0.9431658 0.9572648 1.601557 1.000425 0.9581799
88 1.350154 1.049125 1.018801 2.418562 1.036709 1.045323
89 0.9072965 0.8083858 0.7791547 1.541668 0.8116428 0.7976095
90 1.027047 0.8971376 0.917249 1.496965 0.9164445 0.9082957
91 0.9547939 0.7850949 0.8036162 1.703752 0.7554899 0.7903495
92 1.096748 0.9542029 0.9464854 1.612403 0.9638399 0.9424143
93 1.261294 1.116241 1.096409 1.763569 1.153169 1.136436
94 0.9620549 0.874194 0.8519061 1.622512 0.8578518 0.8555385
95 1.323084 1.073965 1.079961 2.286701 1.065914 1.096007
96 1.273728 0.983437 0.9766015 1.77848 1.00062 0.9830167
97 1.013464 0.8745409 0.8944072 1.71645 0.8994834 0.8687181
98 1.232736 0.9838385 0.9900952 1.99308 0.9734059 1.009886
99 1.102462 0.9893633 0.9922872 1.783059 1.026541 1.033158
100 1.30875 1.085328 1.075627 1.890688 1.091464 1.081908
