1 0.4129418 0.4226704 0.4093488 0.447067 0.4363329 0.4258756
2 0.3081846 0.344784 0.3247694 0.3745205 0.3539773 0.352221
3 0.3848364 0.3981791 0.4001234 0.4185737 0.3998175 0.3986453
4 0.3104724 0.2863983 0.2849973 0.4343444 0.2964386 0.2954133
5 0.2765391 0.2588881 0.2662099 0.4574393 0.2585101 0.2555997
6 0.3281075 0.2918578 0.3095487 0.4725725 0.3124518 0.2979392
7 0.2491906 0.2350094 0.2283028 0.3700594 0.2313349 0.2349941
8 0.3520254 0.3796925 0.3765835 0.4850157 0.3845032 0.3923405
9 0.2634317 0.2293775 0.2149446 0.3824706 0.2413979 0.2318219
10 0.3514003 0.3551961 0.3590309 0.3764101 0.3605011 0.3574444
11 0.3223798 0.2434501 0.2430643 0.443348 0.2525631 0.2423127
12 0.240461 0.235489 0.2411338 0.325326 0.2433472 0.2467567
13 0.3060273 0.3025123 0.3376363 0.4051164 0.3482116 0.3199506
14 0.2171253 0.1998123 0.2019582 0.3980603 0.2043521 0.1993374
15 0.2768855 0.2437341 0.2539501 0.34591 0.2561606 0.2601652
16 0.2496135 0.2510476 0.2452712 0.3240859 0.2750594 0.2867819
17 0.2430022 0.2410082 0.236924 0.2862558 0.2429434 0.2342806
18 0.2756733 0.2285796 0.2225298 0.4203326 0.2307265 0.2254184
19 0.2942019 0.2850209 0.2767695 0.381957 0.2873262 0.2855813
20 0.235913 0.1851599 0.1842254 0.3450684 0.1790436 0.1818451
21 0.4670564 0.5244696 0.5382025 0.5058995 0.559947 0.615317
22 0.2921959 0.3026085 0.3084083 0.40669 0.2999512 0.3285294
23 0.3065016 0.3196907 0.3031572 0.4026599 0.3428929 0.3191813
24 0.3860167 0.3379682 0.3505558 0.4476037 0.3484775 0.3543794
25 0.3458117 0.3928033 0.3647075 0.4477119 0.3622893 0.3337996
26 0.2349974 0.2385821 0.2438237 0.3169257 0.2437933 0.2428966
27 0.2830014 0.2435785 0.2398829 0.4051615 0.2378383 0.229559
28 0.2138464 0.1950311 0.1909434 0.3278788 0.1920649 0.1999634
29 0.2279366 0.2038039 0.2053461 0.3818131 0.2100772 0.2150187
30 0.3521407 0.2921026 0.2887129 0.6179422 0.2820247 0.2752229
31 3.334237 4.169484 4.416374 3.134758 4.176553 4.615316
32 0.2662653 0.2437054 0.2416946 0.3440595 0.239429 0.244496
33 0.2879703 0.3088618 0.312562 0.4516019 0.3221157 0.298904
34 0.5281441 0.5414087 0.5476798 0.569684 0.5872032 0.5662528
35 0.325294 0.2882796 0.281435 0.417313 0.2847651 0.2813953
36 0.3547577 0.3579249 0.3584869 0.3227307 0.3821738 0.4015843
37 0.2619174 0.2554599 0.2549652 0.3929624 0.2539411 0.2573864
38 0.2582839 0.2461628 0.2393653 0.3816274 0.2429246 0.2464139
39 0.3109143 0.2627437 0.264797 0.3770626 0.2893367 0.2871679
40 0.6024384 0.4575361 0.4690299 0.7965443 0.3641073 0.2764387
41 0.2430284 0.1975514 0.1901081 0.3470865 0.1955965 0.197285
42 0.2318516 0.2229182 0.2249738 0.3195027 0.2297387 0.2347056
43 0.223381 0.2050766 0.2007854 0.3219081 0.1951826 0.2017512
44 0.2901764 0.2725991 0.2839264 0.432794 0.2908998 0.3065879
45 0.2327755 0.203846 0.2074896 0.3699397 0.2114661 0.2099446
46 0.2482234 0.2492734 0.2497462 0.3386775 0.2645805 0.2695078
47 0.5642618 0.6180016 0.6080829 0.641259 0.6592577 0.6259805
48 0.3357144 0.3265588 0.3256695 0.4311843 0.320084 0.3260415
49 0.4827745 0.5210408 0.5359847 0.5742835 0.5689655 0.5788502
50 0.3172262 0.3132517 0.3356127 0.3695662 0.3269258 0.3253691
51 0.2509427 0.220163 0.2286318 0.3703685 0.2157091 0.2323148
52 0.2559318 0.2388534 0.2399398 0.3114615 0.2518022 0.2640891
53 2.441294 3.039529 2.9868 2.203855 2.860005 2.810462
54 0.4315144 0.3986051 0.3949734 0.5713745 0.4089965 0.4099891
55 0.3170205 0.2973177 0.3061505 0.4037963 0.3046428 0.2961124
56 0.3100119 0.2758416 0.2690176 0.4622985 0.2797282 0.2967278
57 0.2308375 0.1991081 0.1988856 0.4515241 0.2008971 0.200887
58 0.4140685 0.440328 0.4422855 0.5490855 0.4772444 0.5029013
59 0.4267727 0.4419534 0.3993786 0.5643177 0.4122358 0.4377068
60 0.234579 0.2293813 0.2315721 0.3277754 0.231096 0.2331242
61 0.2527312 0.2030747 0.2019755 0.4351122 0.2071524 0.2064771
62 0.2894797 0.3114138 0.3299531 0.3807351 0.3504952 0.3648153
63 0.2487817 0.2909207 0.254525 0.5787052 0.2568942 0.277464
64 0.2299962 0.208388 0.2157561 0.3443274 0.2173338 0.2229824
65 0.2331002 0.229822 0.2440362 0.3377405 0.2432324 0.2336261
66 0.3318946 0.2323122 0.215222 0.5524755 0.3307712 0.2622707
67 0.230652 0.2517045 0.257839 0.3737477 0.2618639 0.2689585
68 0.3635022 0.362808 0.3751947 0.4413491 0.3690923 0.383933
69 0.2829817 0.264102 0.2639655 0.3579929 0.2587631 0.2622904
70 0.2284483 0.1838402 0.1818943 0.38852 0.1791087 0.1794697
71 0.2411425 0.237779 0.2303481 0.35923 0.2347772 0.2399751
72 0.2608828 0.2632335 0.2634351 0.3875008 0.2664431 0.2614513
73 0.3022932 0.1928354 0.202097 0.5109354 0.1860622 0.1847888
74 0.2321349 0.2170821 0.220232 0.4461523 0.2198023 0.2262331
75 0.3016352 0.2983194 0.2991867 0.326652 0.3144778 0.3147957
76 0.2187846 0.2559561 0.2443777 0.3236566 0.2497013 0.2629065
77 0.2648729 0.2422424 0.2499223 0.4114558 0.2472487 0.2676894
78 0.2186547 0.1936555 0.189397 0.4026241 0.1845004 0.1847649
79 0.2951983 0.283982 0.286352 0.4149328 0.2801872 0.2806751
80 0.2774097 0.2463983 0.2494888 0.3747859 0.2538093 0.2460769
81 0.2624239 0.2375222 0.2361363 0.4144964 0.2311995 0.2295617
82 0.3711533 0.3038174 0.3244844 0.5852218 0.3352725 0.2919894
83 0.3816453 0.3387664 0.3218108 0.5638106 0.3481906 0.3227594
84 0.2429485 0.2445658 0.2310677 0.3696966 0.2436564 0.2343043
85 0.2781665 0.7621383 0.8031952 0.5096531 0.6002592 0.7057627
86 0.2079729 0.1700766 0.1719839 0.3622492 0.1659933 0.1707493
87 0.2179367 0.1908575 0.1936343 0.3067677 0.2029415 0.1935273
88 1.543761 1.837068 1.685304 1.533675 1.819307 1.907808
89 0.2094184 0.1963308 0.1909462 0.3459782 0.2010203 0.2041812
90 0.2007739 0.1859039 0.1884913 0.2926096 0.1887258 0.1883202
91 0.2413028 0.2300146 0.2376271 0.3879876 0.2297337 0.240627
92 0.6505656 0.59739 0.4884568 0.9975325 0.3239519 0.5007397
93 0.229042 0.2250099 0.2186836 0.3280459 0.2365036 0.2378295
94 0.2210302 0.214709 0.2104912 0.3489582 0.2192019 0.2158793
95 0.3599182 0.5388652 0.547638 0.6500314 0.5599466 0.6196763
96 0.3583609 0.283003 0.2874982 0.4191002 0.3004424 0.3010793
97 0.2676872 0.2722046 0.279881 0.3966566 0.2857356 0.277867
98 0.2431087 0.2067542 0.1989737 0.3993679 0.2096941 0.2108544
99 0.2628687 0.2747886 0.277153 0.3886765 0.2890108 0.2880584
100 0.3043044 0.2877349 0.2760838 0.395424 0.2995237 0.2968656
