1 5.436394 -0.3426121 -0.3029113 -0.6087982 1.086239 0.461093 0.2902765 0.2504621 -2.384562 -0.7523666 0.0872745
2 5.481789 -0.4212923 -0.307673 -0.6421225 1.152259 0.5001273 0.2711551 0.2417017 -2.642913 -0.6829141 0.1762057
3 5.431718 -0.2969027 -0.1007258 -0.7949724 1.168956 0.3883621 0.2352651 0.2675835 -2.606672 -0.5608552 0.1642459
4 5.176366 -0.2842503 -0.03648195 -0.6279361 1.156571 0.5912153 0.2588145 0.2361844 -2.377921 -0.5977814 0.1293648
5 5.267931 -0.3917392 -0.1690516 -0.6793624 1.190101 0.8608494 0.2538623 0.2069952 -2.568422 -0.8627557 0.2067279
6 5.539376 -0.5653249 -0.2838057 -0.4035216 1.306349 0.3994551 0.2753678 0.3236066 -2.602631 -0.4223399 0.1792689
7 5.281311 -0.3027917 0.1925899 -0.7169596 1.170588 0.3432006 0.2257952 0.2136827 -2.411029 -0.6539147 0.1340495
8 5.42907 -0.5172953 -0.3053069 -0.4737382 1.293362 0.3786211 0.2206676 0.2440461 -2.325917 -0.792188 0.1488362
9 5.366779 -0.4646396 -0.2221194 -0.5570091 1.070754 0.4572003 0.2059886 0.1939217 -2.476125 -0.6479881 0.1538506
10 5.372146 -0.4567061 -0.06096011 -0.65597 1.094068 0.5649826 0.3272276 0.2627584 -2.455726 -0.7722926 0.1862302
11 5.465815 -0.4150054 -0.1726116 -0.6591264 0.9996937 0.4421955 0.232989 0.1996623 -2.30181 -0.8860569 0.1364705
12 5.151855 -0.2798349 0.03690646 -0.7646824 1.226077 0.8144041 0.3658732 0.2282175 -2.397761 -0.4174518 0.1403486
13 5.455023 -0.5147515 -0.3721859 -0.4340433 1.05989 0.5660502 0.2237071 0.1591301 -2.433622 -0.7656474 0.1465489
14 5.399044 -0.335149 -0.03555125 -0.5979635 1.10454 0.4550673 0.170863 0.1171458 -2.745536 -0.7011979 0.2239436
15 5.283605 -0.2985449 0.04537355 -0.6677075 1.099258 0.8696636 0.2040025 0.1042172 -2.611259 -1.139264 0.1820771
16 5.247724 -0.3071859 0.1689559 -0.5967075 1.047833 0.5219318 0.1762618 0.09680737 -2.620616 -0.7149034 0.1626111
17 5.283544 -0.4581578 -0.1383064 -0.5537072 1.059438 0.5979007 0.3822329 0.296328 -2.833698 -0.6497493 0.1851396
18 5.443321 -0.4421088 0.02613063 -0.6204191 1.186829 0.3669786 0.2416208 0.2950378 -2.4891 -1.172241 0.1619818
19 5.225115 -0.6125847 -0.05119293 -0.3668988 1.153791 0.5605178 0.323478 0.2424849 -2.65936 -0.7311037 0.2173961
20 5.547322 -0.4871811 -0.2888943 -0.4770501 0.8907507 0.3027301 0.1785216 0.1611789 -2.688098 -0.560517 0.2258867
21 5.469496 -0.4518126 0.001159155 -0.5846054 1.101279 0.6950024 0.2635549 0.2311195 -2.591289 -0.625767 0.1861831
22 5.221048 -0.2138239 -0.01011393 -0.8258868 1.03243 0.3931677 0.2569262 0.2254814 -2.561958 -0.07708297 0.1056979
23 5.238846 -0.3528184 0.1706512 -0.6820452 1.192377 0.2604148 0.284121 0.4797171 -2.56732 -0.719712 0.1962103
24 5.377245 -0.4766893 0.01179038 -0.5563805 1.252435 0.4894939 0.2871628 0.2955597 -2.558721 -0.4909794 0.1280728
25 5.303584 -0.3613892 -0.1957311 -0.6614627 1.268585 0.4635953 0.2686595 0.3345475 -2.420758 -0.4568854 0.1451299
26 5.325684 -0.4438385 0.06572113 -0.5338233 0.9806615 0.5127787 0.3032517 0.2572486 -2.734745 -0.6912372 0.2243883
27 5.224825 -0.4987608 0.04498361 -0.4752125 1.274747 0.4704121 0.3471119 0.3495782 -2.490576 -0.6467272 0.141779
28 5.51302 -0.5159162 -0.4356689 -0.5641149 1.03014 0.4115864 0.08756213 0.08887861 -2.535104 -0.6829248 0.1991277
29 5.518618 -0.3980463 -0.2481245 -0.6284583 1.117585 0.5570193 0.2342508 0.1870624 -2.699925 -0.3677367 0.1927095
30 5.46368 -0.5445263 -0.1480568 -0.6532758 1.47129 0.4967744 -0.08119402 0.8024295 -2.309183 -0.1443224 0.08761504
31 5.242604 -0.321161 -0.05762668 -0.6308403 1.004793 0.50265 0.2244058 0.1646565 -2.420795 -0.6465097 0.1149404
32 5.411666 -0.2600747 -0.2192946 -0.6260751 1.116698 0.4492892 0.4179332 0.4806216 -2.463752 -0.7098344 0.1463882
33 5.352166 -0.2861337 -0.003007387 -0.5825747 1.16903 0.3145287 0.2541566 0.417764 -2.59297 -0.7637326 0.2061853
34 5.199482 -0.2873421 0.09240182 -0.70507 1.277334 0.5658651 0.2137475 0.1424695 -2.514724 -0.8152841 0.1851594
35 5.239161 -0.2626341 -0.1065364 -0.6351252 0.9982884 0.3201866 0.2382992 0.2383936 -2.888947 -0.3096694 0.2328622
36 5.365854 -0.5360351 0.04560282 -0.4145434 1.082938 0.3711244 0.2532632 0.235634 -2.842208 -0.5138339 0.1717493
37 5.062786 -0.277465 0.2273825 -0.7386238 1.19511 0.2904697 0.2170704 0.4079126 -3.068594 -0.4838225 0.2632607
38 5.456499 -0.4164535 -0.3806472 -0.5504922 1.155375 0.4042214 0.2506588 0.2836831 -2.706266 -0.4295013 0.1792479
39 5.354817 -0.2710059 -0.2513398 -0.5700389 0.9733131 0.715878 0.3610727 0.2188446 -2.648139 -0.4537274 0.1371601
40 5.389384 -0.3824817 0.03206287 -0.6644807 1.211836 0.7638732 0.1206565 0.2158441 -2.42407 -0.4881007 0.142804
41 5.358656 -0.2372429 -0.168098 -0.7435002 1.156811 0.4956836 0.2905434 0.249784 -2.848108 -0.6039104 0.1822893
42 5.251373 -0.243278 -0.07904549 -0.7615431 0.9920267 0.5991661 0.1799151 0.1356018 -2.763102 -0.6391678 0.2133974
43 5.312454 -0.4639032 -0.07715862 -0.6608666 0.9940782 0.5461058 0.1423502 0.3196116 -2.611765 -0.8139657 0.1622927
44 5.451414 -0.4326059 -0.04770623 -0.4943703 1.04553 0.7004592 0.1657663 0.09782118 -2.779419 -0.311202 0.1868785
45 5.442845 -0.5043601 -0.263186 -0.5024321 1.06918 0.4932761 0.2194749 0.1726674 -2.618694 -0.4748401 0.1685444
46 5.548021 -0.3537616 -0.1767472 -0.5716976 1.255336 0.7572599 0.2304299 0.2727883 -2.79247 -0.6408296 0.2060354
47 5.368096 -0.4410712 -0.1261073 -0.5557475 1.169999 0.4026112 0.2836278 0.2700548 -2.734889 -0.4092468 0.1934566
48 5.232603 -0.3028848 -0.3609415 -0.6083183 1.080015 0.6119655 0.2856979 0.2645541 -2.60278 -0.5742302 0.1850968
49 5.309586 -0.4507994 -0.02528024 -0.552254 1.073386 0.5530892 0.2363409 0.188968 -2.76609 -0.6461557 0.2238407
50 5.410815 -0.4958504 -0.1669965 -0.5055386 1.139558 0.4647268 0.2325182 0.1825719 -2.382946 -0.7024132 0.1231403
51 5.420845 -0.4568303 -0.09857265 -0.5608337 1.092912 0.567196 0.2704151 0.1996533 -2.672343 -0.5694565 0.1778749
52 5.388524 -0.3349411 -0.1113831 -0.7707931 1.150502 0.3337009 0.2737828 0.3705773 -2.904787 -0.9129474 0.2138134
53 5.227905 -0.4396713 0.164764 -0.7045595 1.057136 0.5339042 0.3167702 0.2692122 -2.516162 -0.5746971 0.1761678
54 5.42847 -0.4280373 -0.187985 -0.6671458 1.178373 0.3722328 0.2966199 0.3100552 -2.280461 -0.6240408 0.150783
55 5.343491 -0.3017728 -0.1842996 -0.6772599 1.066257 0.8730177 0.2733015 0.166844 -2.440729 -0.5257853 0.1072669
56 5.376733 -0.4573678 -0.1603915 -0.6614064 1.075841 0.4075849 0.2520241 0.2261901 -2.504553 -0.8885808 0.2215872
57 5.392117 -0.4339225 -0.359901 -0.5300247 1.373548 0.8726468 0.2820227 0.2648404 -2.593082 -0.8358645 0.1849679
58 5.481791 -0.502546 -0.3290979 -0.4363743 1.279336 0.5561295 0.1972275 0.1784236 -2.521768 -0.9042272 0.1850039
59 5.272752 -0.3040401 -0.1577177 -0.6893128 1.380603 0.4443439 0.3248024 0.3252936 -2.386881 -0.4920088 0.1144682
60 5.344946 -0.2657113 -0.1693364 -0.6759604 1.053866 0.4997515 0.1728481 0.1535896 -2.538332 -0.5909839 0.1966547
61 5.356398 -0.322003 -0.1782053 -0.6358743 1.186426 0.4111575 0.3035681 0.3000262 -2.334902 -0.7076552 0.142348
62 5.365825 -0.4255655 0.07024184 -0.6835886 1.102886 0.6075034 0.2837548 0.2127449 -2.271544 -0.6759255 0.1367792
63 5.281956 -0.4871304 -0.07375071 -0.5580418 1.161385 0.3233018 0.173065 0.2499352 -2.686965 -0.6601244 0.1661593
64 5.388629 -0.3683328 -0.09748081 -0.665533 1.063554 0.3340975 0.2509522 0.2754714 -2.369528 -0.8018289 0.1712321
65 5.56361 -0.4639791 -0.2568328 -0.4911796 1.227412 0.31116 0.2182997 0.2399978 -2.456265 -0.7354557 0.1482315
66 5.701514 -0.4070022 -0.1869364 -0.777757 1.002847 0.3801115 0.1258108 0.1841464 -2.568034 -0.993876 0.1840101
67 5.370794 -0.5758786 0.05705943 -0.3447204 1.368445 0.2994076 0.2861505 0.3889989 -2.501801 -0.4878301 0.1626703
68 5.245597 -0.3469906 0.1522925 -0.6219612 1.204101 0.5012328 0.3476241 0.3541584 -2.347456 -0.747028 0.1268895
69 5.224493 -0.4114986 0.01397942 -0.6225786 0.873685 0.6861453 0.368529 0.2550869 -2.749741 -0.6773805 0.1947284
70 5.477343 -0.3533859 -0.2398214 -0.6015273 1.02771 0.3663131 0.2503261 0.2665115 -2.625432 -0.7947006 0.2060393
71 5.303149 -0.5138964 -0.2229819 -0.6191586 1.050142 0.4786473 0.2074156 0.2782077 -2.675229 -0.2399277 0.1819945
72 5.258957 -0.2954923 -0.1545051 -0.8271749 1.267086 0.6086106 0.4001296 0.3350549 -2.292786 -0.7056286 0.1335532
73 5.448046 -0.3181514 -0.2983317 -0.6667076 1.240997 0.5988893 0.2672028 0.1953114 -2.634052 -0.8103737 0.2029828
74 5.290703 -0.2610075 0.04083263 -0.7091425 1.154665 0.264874 0.2152203 0.3046757 -2.499002 -0.855927 0.2020436
75 5.329794 -0.494686 -0.1356126 -0.312708 1.077076 0.4900251 0.3654311 0.3324826 -3.008206 -0.6442361 0.2433935
76 5.332183 -0.4322954 -0.1170107 -0.5879257 1.15025 0.3914806 0.2212267 0.1800454 -2.930103 -0.5125143 0.234807
77 5.455384 -0.4172207 -0.3792421 -0.5390852 1.202804 0.2698152 0.1969197 0.2921313 -3.040723 -0.2767903 0.2400959
78 5.363065 -0.2270694 -0.08568165 -0.7665988 1.230386 0.4482786 0.2286084 0.3033625 -2.697882 -0.6232788 0.1839259
79 5.473609 -0.4897111 -0.3623482 -0.4517019 1.144028 0.6702985 0.3628364 0.2744813 -2.64712 -0.4189999 0.1708031
80 5.273094 -0.3783025 -0.04685904 -0.6733111 0.9716683 0.3011647 0.2229079 0.2713041 -2.451353 -0.4482899 0.1568876
81 5.611501 -0.4249923 -0.4048895 -0.4338193 1.069217 0.5771328 0.314532 0.2600501 -2.46425 -0.5796294 0.1385149
82 5.451858 -0.3853563 -0.2582116 -0.6328381 1.137273 0.4715722 0.1740488 0.2315253 -2.452059 -0.4729949 0.1463325
83 5.277541 -0.2817914 -0.0871168 -0.7608378 1.131213 0.5945321 0.2890561 0.225302 -2.604063 -0.7354206 0.1418295
84 5.146323 -0.2828316 0.1415118 -0.9207744 1.373629 0.3118503 0.4458938 0.8639497 -2.468178 -0.5029106 0.1329701
85 5.364192 -0.3100572 -0.2181967 -0.704039 1.034875 0.5727207 0.2799641 0.1877754 -2.302086 -0.7756236 0.1596434
86 5.428424 -0.4075778 -0.1529234 -0.5377283 1.111895 0.3570758 0.2425662 0.2432788 -2.642528 -0.7224497 0.21989
87 5.348609 -0.3969651 0.05136634 -0.6194431 1.071996 0.8258715 0.3119084 0.1566937 -2.78136 -0.4284247 0.1906706
88 5.568285 -0.2327262 -0.3585783 -0.7387366 1.235397 0.4495593 0.4524809 0.6003176 -2.57851 -0.4492586 0.167639
89 5.291496 -0.3701272 -0.04369142 -0.5416886 1.137065 0.7683093 0.3508046 0.2374159 -2.591513 -0.5832776 0.1261923
90 5.571089 -0.3994431 -0.4497673 -0.5509942 1.040012 0.6331285 0.2511855 0.1353985 -2.623023 -0.7294724 0.2121226
91 5.342688 -0.4994216 -0.1536822 -0.4633563 1.110914 0.6309248 0.2249751 0.2297919 -2.689453 -0.6200128 0.1779673
92 5.295001 -0.4437828 0.0179605 -0.7263548 1.398658 0.8361509 0.4067837 0.2606476 -2.527117 -0.5941343 0.1546769
93 5.372417 -0.3293644 -0.04930201 -0.6807946 1.180104 0.6717583 0.2290469 0.1506478 -2.839867 -0.5977229 0.1680937
94 5.34437 -0.3004672 0.005340484 -0.7260614 1.144162 0.5687024 0.2381063 0.1449 -2.551569 -0.3753715 0.1184175
95 5.329348 -0.4077302 0.0318406 -0.5493096 1.118378 0.7000024 0.09166629 0.1339661 -2.438017 -0.6195414 0.1638389
96 5.401086 -0.4558439 -0.2699636 -0.5395796 1.08627 0.5827432 0.2673347 0.2148564 -2.849017 -0.03977828 0.138635
97 5.439068 -0.2720894 -0.08299685 -0.660372 1.159248 0.482625 0.2188757 0.2275796 -2.708784 -0.2499354 0.1354442
98 5.479858 -0.3855663 -0.2970615 -0.408896 1.098368 0.3828633 0.1780537 0.208143 -2.554886 -0.8781157 0.1954566
99 5.367073 -0.3275371 -0.1472187 -0.7186164 1.110234 0.3791706 0.2719454 0.2835533 -2.539497 -0.3025016 0.1475594
100 5.445475 -0.4258484 -0.3218437 -0.6134669 1.104662 0.2757586 0.1435591 0.2267979 -2.513681 -0.8039206 0.1820554
