1 0.1040893 0.08237227 0.1429847 0.1090253 0.1011518 0.05700253 0.05214098 0.04869658 1.345877 0.264243 0.2404449 0.05012893
2 0.08896237 0.08157038 0.1186806 0.1048596 0.06883931 0.04066995 0.04728053 0.0363383 0.5330528 0.2800014 0.2290436 0.0509972
3 0.09694583 0.07730303 0.1401288 0.1075614 0.09466878 0.05253671 0.05399088 0.04663885 0.8106916 0.2615458 0.2193399 0.04695284
4 0.1057798 0.07407268 0.1482565 0.1013405 0.108323 0.05562148 0.04840503 0.04343026 0.6924474 0.2517953 0.2166135 0.04787103
5 0.09599684 0.07826408 0.1390798 0.1072699 0.1003236 0.05470097 0.05115511 0.0442937 0.6225995 0.2647063 0.2285363 0.05029741
6 0.09598386 0.08825306 0.1350135 0.1201559 0.09207977 0.05352702 0.06153705 0.05175804 0.8163574 0.2584225 0.2099914 0.04699097
7 0.09831338 0.0744926 0.1357087 0.09983854 0.09182651 0.05213338 0.04870742 0.04954632 0.8173133 0.2546046 0.217431 0.04827331
8 0.1005512 0.06963786 0.1410979 0.09302525 0.101572 0.04588278 0.04002983 0.04977914 0.6496549 0.2546787 0.2181523 0.04850609
9 0.09955047 0.07414618 0.1431539 0.102695 0.1002034 0.05203739 0.04823971 0.04054183 0.8789039 0.260821 0.2207792 0.05004009
10 0.09026823 0.07753863 0.1305413 0.1070189 0.08722318 0.05135032 0.054879 0.04645928 0.706045 0.2535118 0.2193586 0.04830263
11 0.09494618 0.08285354 0.1418569 0.1131242 0.1062474 0.0586703 0.05585536 0.04655313 2.462456 0.2501997 0.2296507 0.04789533
12 0.1027122 0.08179265 0.1442825 0.1119633 0.1006875 0.05603662 0.05594201 0.04333696 0.6535786 0.2394217 0.2104714 0.04537233
13 0.09730736 0.07129383 0.142704 0.1022062 0.09937706 0.05117043 0.04533928 0.04058034 0.8963107 0.2531044 0.2278027 0.04867389
14 0.1041698 0.07138125 0.1433014 0.09848106 0.09891143 0.04732085 0.04239063 0.04625317 1.134579 0.2832821 0.2179559 0.05154687
15 0.09821869 0.06691956 0.1468847 0.09281911 0.1030304 0.04754884 0.03824208 0.04054109 0.8102065 0.2628168 0.2555067 0.04957277
16 0.09688251 0.06770301 0.14004 0.09057107 0.09963356 0.04587312 0.03612507 0.04632581 1.019622 0.2755743 0.2320243 0.05231765
17 0.09880103 0.0830838 0.1329401 0.1081581 0.08553344 0.04969998 0.04995302 0.04268015 0.7645359 0.286638 0.2376486 0.05198922
18 0.0906082 0.07019423 0.1273221 0.09286803 0.08064901 0.04161847 0.03977468 0.0436694 0.5355114 0.2664835 0.2499861 0.05002172
19 0.1167058 0.09054048 0.14969 0.1101673 0.1059915 0.05586807 0.05174364 0.05026222 1.028224 0.2743335 0.2207191 0.05239622
20 0.08740097 0.07492109 0.125353 0.1006552 0.08198511 0.04898429 0.04858341 0.04257667 1.463912 0.2777781 0.2146086 0.05164437
21 0.1117388 0.08224339 0.1575917 0.1138319 0.1246755 0.06264196 0.06130537 0.04603208 1.143127 0.2611423 0.2187849 0.04775369
22 0.09609431 0.0742362 0.1317541 0.1008565 0.08756763 0.04872936 0.04654519 0.04632332 1.136406 0.2635734 0.2146304 0.04826717
23 0.1058949 0.1061956 0.1375349 0.1330072 0.08839837 0.05890254 0.07418576 0.04738098 0.8644852 0.2677013 0.2180983 0.04862618
24 0.0908868 0.07545262 0.1375293 0.1120257 0.09124768 0.05217142 0.05606932 0.04875434 0.6904537 0.2536605 0.2270162 0.04793855
25 0.09407799 0.08354616 0.1447136 0.1189522 0.1014151 0.05918247 0.06395854 0.0439733 0.6726451 0.2462757 0.2151689 0.04699905
26 0.09770375 0.08044422 0.1386174 0.1056736 0.09357133 0.04808263 0.04876178 0.04167551 1.177257 0.2716822 0.217567 0.05059455
27 0.1114858 0.09545995 0.1475445 0.1223031 0.1037753 0.05902284 0.06199941 0.05268473 0.903871 0.2557307 0.2226768 0.04775835
28 0.09789009 0.0731608 0.1320565 0.09635328 0.0909981 0.04917532 0.04190638 0.04544081 1.164471 0.2774543 0.2191617 0.05269277
29 0.1000902 0.07490156 0.1377704 0.1004777 0.09718107 0.04959191 0.04798348 0.04189303 0.7724356 0.2704674 0.213288 0.04882881
30 0.08946156 0.08035707 0.1274994 0.1124581 0.08176826 0.05389942 0.05921855 0.04412266 0.6017374 0.230644 0.2058777 0.043076
31 0.09539975 0.07164074 0.1399593 0.1000836 0.09994777 0.05093093 0.04500818 0.04550579 1.552565 0.2600712 0.2302382 0.05048732
32 0.08804241 0.0910417 0.1225214 0.1222103 0.07439655 0.05343205 0.06990511 0.04180284 0.6503557 0.2639964 0.223434 0.04716726
33 0.100409 0.09216395 0.1323678 0.1158534 0.08558798 0.05107739 0.05939494 0.04402039 0.8336857 0.2600022 0.2133261 0.04706529
34 0.1089732 0.08055702 0.1491342 0.1033665 0.1051377 0.05238737 0.04298919 0.04975627 0.8064657 0.271785 0.2211915 0.05058148
35 0.09270175 0.08522025 0.123265 0.1084505 0.0803962 0.04979407 0.05202266 0.04503486 0.9367047 0.2902932 0.213997 0.0514998
36 0.08800174 0.06947674 0.1312804 0.09819292 0.08439458 0.04759166 0.04598315 0.04553332 0.8053027 0.2767578 0.2346063 0.05361217
37 0.09428966 0.08695549 0.1283128 0.1153286 0.08121523 0.04966396 0.057537 0.04615149 0.6811983 0.3132621 0.2258654 0.05775892
38 0.09453589 0.07726336 0.1330809 0.1085256 0.08545451 0.04947349 0.05186949 0.04414266 0.7191281 0.2736414 0.2218979 0.04978648
39 0.1061048 0.07600389 0.1457395 0.1052992 0.1050324 0.05377246 0.0474537 0.04232075 1.20425 0.2705804 0.229117 0.0487428
40 0.1036834 0.07027825 0.1536688 0.09737422 0.1146793 0.05166622 0.04027464 0.0408574 0.8402377 0.2410261 0.2153056 0.04484581
41 0.09561717 0.081619 0.132953 0.1101108 0.08831796 0.05253796 0.05467141 0.04605813 0.7626067 0.2909451 0.2393274 0.05200667
42 0.1098429 0.07875331 0.1505878 0.1012991 0.1130367 0.05470022 0.04526946 0.04218095 1.269542 0.2907208 0.2246571 0.0537509
43 0.1010721 0.08035005 0.1375883 0.1064029 0.09112173 0.04965064 0.05465131 0.03183537 0.73499 0.2756092 0.2379222 0.05292316
44 0.1125904 0.08457467 0.1557002 0.1099952 0.1197264 0.06041782 0.05143804 0.04535136 1.216203 0.2795427 0.2174002 0.05036059
45 0.1090658 0.08067139 0.1505583 0.107601 0.1113921 0.05811204 0.05268283 0.04332703 1.267483 0.2674557 0.2183159 0.05053427
46 0.09873321 0.08465718 0.1416845 0.1161675 0.09860223 0.06012264 0.058063 0.04596608 0.8975817 0.2765516 0.2255734 0.04922915
47 0.08504942 0.07619376 0.1233583 0.1038527 0.08250535 0.0487256 0.05046599 0.04726126 0.7191077 0.270976 0.22008 0.04940393
48 0.1084704 0.08555262 0.1482425 0.1138591 0.1102636 0.06044533 0.05719759 0.04273895 0.8251468 0.2681031 0.2205235 0.0505528
49 0.1011651 0.0803732 0.1407317 0.107224 0.1040792 0.05323754 0.0498889 0.04450267 1.114126 0.278168 0.2193514 0.05226281
50 0.09854425 0.07570605 0.142194 0.1013975 0.09947146 0.05175997 0.04854207 0.04332054 0.8637317 0.247672 0.2282709 0.04733162
51 0.1057425 0.08110982 0.1494382 0.1112275 0.1112494 0.05760883 0.05231933 0.04792169 1.253142 0.2731014 0.2230022 0.05104909
52 0.1001242 0.08228804 0.1375369 0.1088649 0.09369482 0.05244703 0.05398989 0.04646233 0.8593897 0.3029159 0.2546419 0.05608542
53 0.1121593 0.08645855 0.1469189 0.1125771 0.1009348 0.0564408 0.05559285 0.04278815 0.8999835 0.2606078 0.2132654 0.04977446
54 0.09332028 0.08382316 0.1366773 0.1164465 0.08772573 0.05107094 0.05726459 0.05142768 0.9246879 0.2346444 0.2090235 0.04415164
55 0.1038172 0.07521185 0.1430738 0.09923952 0.1022298 0.04830553 0.04410927 0.04063287 0.8093624 0.2541083 0.2265211 0.04617855
56 0.09920953 0.08959564 0.1383947 0.1181001 0.09537031 0.05670871 0.05810348 0.04574919 1.161006 0.2619434 0.2197017 0.04958893
57 0.1010655 0.0723344 0.1603775 0.1066938 0.1212153 0.05979903 0.0541249 0.05222749 0.7236091 0.252842 0.2384529 0.04683972
58 0.1093485 0.08254317 0.1523387 0.1087173 0.1140526 0.05903797 0.05347838 0.04436692 0.8729524 0.257742 0.2308711 0.04750812
59 0.09742069 0.08665656 0.1401279 0.1188337 0.09511431 0.05557054 0.05989346 0.05766864 0.7299677 0.2399158 0.2209674 0.04405903
60 0.105399 0.0803618 0.1476169 0.1071965 0.1074457 0.0562817 0.04901495 0.04393154 1.318776 0.2637515 0.2104546 0.04884734
61 0.1058889 0.08700796 0.1425944 0.1127447 0.09649832 0.05460497 0.05793311 0.05296328 0.9244038 0.2484137 0.2160543 0.04506392
62 0.1066754 0.08380486 0.1548774 0.1113631 0.1158415 0.05922805 0.05728404 0.0450712 1.133066 0.2318666 0.2118588 0.0435279
63 0.09715786 0.07415767 0.1390494 0.1015966 0.09360306 0.05175008 0.04984907 0.04304812 0.7412977 0.2774168 0.2349743 0.05415532
64 0.09510947 0.08759908 0.1308005 0.115291 0.0888983 0.05502731 0.05786535 0.04741911 1.15049 0.2556833 0.2152827 0.04822259
65 0.09904441 0.0769751 0.1325667 0.09862247 0.08341437 0.04517691 0.04258259 0.04792935 0.644464 0.2730248 0.2228865 0.0502374
66 0.09013313 0.07490386 0.1297076 0.1021533 0.08400897 0.04649021 0.04836951 0.03862754 0.8679979 0.275524 0.2461305 0.04974302
67 0.09401745 0.08469321 0.1368967 0.1159597 0.09126709 0.0526911 0.05499029 0.05041967 0.6519451 0.2425456 0.2103632 0.04604027
68 0.1206534 0.09801031 0.1557394 0.1252273 0.1158398 0.06664939 0.06503668 0.05003083 1.138661 0.2489624 0.2218457 0.04535507
69 0.1018315 0.06925084 0.1386991 0.09259187 0.09484276 0.04237351 0.03863518 0.03267978 0.7701602 0.2857768 0.2291074 0.05367234
70 0.0885702 0.08430234 0.1210869 0.1114895 0.07585778 0.04880017 0.05153914 0.04400103 0.9312645 0.2787802 0.2237394 0.05083586
71 0.09894212 0.08387398 0.1338344 0.1149462 0.09041084 0.05457896 0.0612502 0.04310017 0.9446394 0.2697132 0.2128246 0.05119896
72 0.09337291 0.07661126 0.1389645 0.1075375 0.0914039 0.05121042 0.05420729 0.04253951 0.654275 0.2394507 0.2173509 0.04585217
73 0.1031016 0.07665816 0.1462818 0.1040887 0.1030383 0.05169024 0.04985525 0.04899611 0.6994249 0.27071 0.2274229 0.04868659
74 0.09946836 0.08518235 0.133762 0.1101699 0.08457478 0.04863899 0.04993671 0.04579813 0.8726012 0.2571576 0.2165845 0.04735544
75 0.09047111 0.08437214 0.1329746 0.1185721 0.09301182 0.05725339 0.06407198 0.04991313 1.233652 0.2903705 0.2379485 0.0535733
76 0.09579302 0.07663025 0.1318741 0.103733 0.08495125 0.04673561 0.04496312 0.05135029 0.8942807 0.2906233 0.2248496 0.05389707
77 0.09709191 0.09026726 0.1316232 0.1198825 0.08441143 0.05233789 0.05779148 0.04809258 0.9188106 0.3080148 0.2237043 0.05549416
78 0.1061731 0.09092105 0.1527713 0.1251544 0.1121858 0.06525408 0.06884837 0.04963482 1.073647 0.274233 0.228005 0.04879289
79 0.1025912 0.08501401 0.1384082 0.1118097 0.09746455 0.05171371 0.05455092 0.04701776 0.8392486 0.2594569 0.2150209 0.04615272
80 0.09313837 0.08052071 0.1355202 0.1123872 0.08894857 0.05549775 0.05841867 0.04145175 1.188791 0.253643 0.2110646 0.04886631
81 0.1057198 0.0839739 0.1421914 0.1096093 0.1009186 0.0525817 0.05294957 0.04297767 0.9609737 0.2696138 0.2201926 0.04738007
82 0.1029229 0.07978579 0.1494156 0.1101267 0.1106039 0.05703407 0.05319425 0.04562838 0.9592131 0.2530567 0.2149435 0.04684366
83 0.1057197 0.07597449 0.1423693 0.09942611 0.09917956 0.04764343 0.04383631 0.04517233 0.773548 0.280497 0.2379916 0.05307238
84 0.100684 0.07787498 0.1405608 0.1072439 0.09117433 0.0521376 0.05220574 0.04293755 0.5489792 0.2459652 0.2191998 0.04589282
85 0.107083 0.08085935 0.1419125 0.104524 0.1043371 0.05355471 0.04827746 0.04664569 1.268029 0.2523012 0.2114994 0.04655141
86 0.104324 0.08951105 0.1397081 0.1139109 0.09715887 0.05587293 0.05249436 0.05032503 1.158443 0.2721844 0.2186077 0.04903069
87 0.1027729 0.0690229 0.1592798 0.1008441 0.1230167 0.05426783 0.04316916 0.04706423 1.215288 0.261517 0.2233972 0.04819105
88 0.09756861 0.09820719 0.1391476 0.1341303 0.09382196 0.06459933 0.08224458 0.04819264 0.8768585 0.2547529 0.216979 0.04357482
89 0.1058351 0.07285112 0.1533664 0.1024661 0.1128743 0.05406377 0.04772069 0.04351585 0.8267085 0.2512048 0.230513 0.04648516
90 0.1088602 0.07958341 0.1427203 0.09957789 0.09849987 0.04841573 0.04082497 0.04334799 0.888165 0.2846443 0.2195969 0.05062866
91 0.1079225 0.08257107 0.1553407 0.1141025 0.1203553 0.06492595 0.05952617 0.04290968 1.141304 0.2689448 0.2265272 0.05082617
92 0.1013657 0.07678699 0.1421956 0.1032851 0.1020519 0.05422635 0.05350556 0.05070196 0.631961 0.2537189 0.2219173 0.04775617
93 0.1106738 0.07611557 0.1451615 0.09686793 0.1026315 0.04874247 0.04293527 0.04446688 0.6714841 0.2949831 0.2387306 0.05362696
94 0.08613265 0.06394892 0.1255711 0.08987692 0.07596337 0.03938316 0.03735337 0.04165569 0.6441111 0.2536995 0.2223523 0.04689023
95 0.1210245 0.08543146 0.1606617 0.1075836 0.128487 0.06018016 0.0481579 0.04611369 1.106879 0.2600337 0.2116688 0.04815308
96 0.08907509 0.07427135 0.1271604 0.1069186 0.08322032 0.04914475 0.05086381 0.04493187 0.7873878 0.2757382 0.2253034 0.05093099
97 0.1014265 0.07882061 0.146481 0.1092245 0.1044485 0.05404556 0.05400644 0.04491072 1.092315 0.2688476 0.2217209 0.04821693
98 0.0930588 0.07806519 0.1380003 0.1084279 0.09533719 0.0543739 0.05266007 0.04624089 1.200611 0.2692477 0.2234065 0.05055785
99 0.08371828 0.07038703 0.1310055 0.107946 0.08659414 0.05123979 0.05241166 0.04688378 0.7680947 0.2469371 0.2235014 0.04589299
100 0.1024817 0.09073171 0.1389516 0.11752 0.09557662 0.05706409 0.06089886 0.04663903 1.493098 0.275448 0.2238193 0.05222764
