1 0.1177894 0.09503994 0.164133 0.1263094 0.1726199 0.09821261 0.08695732 0.09392151 0.264243 0.2404449 0.05012893
2 0.126001 0.1051564 0.1708775 0.1323816 0.1744465 0.09316989 0.08453754 0.1103937 0.2800014 0.2290436 0.0509972
3 0.1177793 0.09814699 0.1637121 0.1305714 0.1733992 0.1034714 0.09474403 0.1174082 0.2615458 0.2193399 0.04695284
4 0.1271599 0.1027694 0.1757787 0.1349264 0.1892248 0.1040171 0.08881888 0.1210915 0.2517953 0.2166135 0.04787103
5 0.134961 0.1004087 0.1922771 0.1323008 0.2275702 0.1299619 0.09043454 0.135399 0.2647063 0.2285363 0.05029741
6 0.1265805 0.1090805 0.1724701 0.1424202 0.1864421 0.1113943 0.1068256 0.1312714 0.2584225 0.2099914 0.04699097
7 0.1176573 0.09986458 0.1620941 0.1290917 0.1874521 0.1206477 0.1113106 0.1059921 0.2546046 0.217431 0.04827331
8 0.1252961 0.1066148 0.1702622 0.1396159 0.1859099 0.1155906 0.1066061 0.1275696 0.2546787 0.2181523 0.04850609
9 0.1152913 0.09072832 0.1633184 0.1217839 0.1653943 0.09067706 0.07920286 0.111599 0.260821 0.2207792 0.05004009
10 0.1182173 0.1015056 0.1715068 0.1376912 0.203306 0.1303848 0.1053583 0.1175538 0.2535118 0.2193586 0.04830263
11 0.1080351 0.08786438 0.1598334 0.1212825 0.1703254 0.09370016 0.07686353 0.1122407 0.2501997 0.2296507 0.04789533
12 0.1314251 0.09901822 0.1918967 0.1368927 0.2245924 0.1176113 0.09502194 0.1227221 0.2394217 0.2104714 0.04537233
13 0.1168452 0.0868765 0.1697334 0.1194704 0.1706946 0.0879635 0.07123697 0.09966844 0.2531044 0.2278027 0.04867389
14 0.1206849 0.08738625 0.1656914 0.1150245 0.1646799 0.0881314 0.07261623 0.09871945 0.2832821 0.2179559 0.05154687
15 0.1266737 0.08119776 0.1888517 0.1119748 0.212619 0.1126249 0.08264834 0.1199941 0.2628168 0.2555067 0.04957277
16 0.1146511 0.07982827 0.1661378 0.1087579 0.1783526 0.09881489 0.07770419 0.09192113 0.2755743 0.2320243 0.05231765
17 0.1269842 0.09722592 0.1714294 0.1284353 0.1838796 0.101292 0.0911706 0.08647328 0.286638 0.2376486 0.05198922
18 0.1153149 0.1003618 0.1635162 0.1342476 0.1773723 0.105682 0.09565494 0.1177125 0.2664835 0.2499861 0.05002172
19 0.1395845 0.114255 0.178199 0.136751 0.2058273 0.1227101 0.1061554 0.1134798 0.2743335 0.2207191 0.05239622
20 0.09921382 0.08127224 0.1450101 0.1126853 0.1491882 0.09411723 0.09603253 0.09511429 0.2777781 0.2146086 0.05164437
21 0.125246 0.09519311 0.1794878 0.1296225 0.1939524 0.1025875 0.09430111 0.1426942 0.2611423 0.2187849 0.04775369
22 0.1175999 0.09154961 0.1583111 0.1229972 0.1623414 0.09291204 0.08168554 0.08905453 0.2635734 0.2146304 0.04826717
23 0.1199006 0.1259963 0.1590932 0.1610828 0.1668819 0.1073218 0.1208703 0.1171032 0.2677013 0.2180983 0.04862618
24 0.1185271 0.0976757 0.1747392 0.1366802 0.188123 0.1087566 0.09822794 0.1233032 0.2536605 0.2270162 0.04793855
25 0.1172707 0.1022259 0.1747421 0.1461971 0.1967733 0.1196536 0.1125549 0.1451878 0.2462757 0.2151689 0.04699905
26 0.1184627 0.09684752 0.1629473 0.1274839 0.1591431 0.087688 0.08084508 0.1003162 0.2716822 0.217567 0.05059455
27 0.1320152 0.1149727 0.1757436 0.1467448 0.1929001 0.111918 0.1131198 0.1158745 0.2557307 0.2226768 0.04775835
28 0.1148578 0.08543446 0.1588302 0.1110653 0.1547002 0.08707318 0.06806499 0.1041935 0.2774543 0.2191617 0.05269277
29 0.1225303 0.09299497 0.1718815 0.1252922 0.1810028 0.09991917 0.0800157 0.1178302 0.2704674 0.213288 0.04882881
30 0.1311657 0.1306839 0.1859622 0.1836507 0.3629729 0.2620274 0.2447714 0.3366161 0.230644 0.2058777 0.043076
31 0.1112779 0.08310369 0.1629149 0.1147727 0.1619474 0.08547608 0.07539557 0.1009675 0.2600712 0.2302382 0.05048732
32 0.1210618 0.1205993 0.1658584 0.1551145 0.1861677 0.1233324 0.1304429 0.1069981 0.2639964 0.223434 0.04716726
33 0.1203173 0.1237521 0.1611229 0.1537929 0.1712365 0.1099518 0.1161795 0.1320459 0.2600022 0.2133261 0.04706529
34 0.1367678 0.1032919 0.1813612 0.1315938 0.1953353 0.1020725 0.08301126 0.1158113 0.271785 0.2211915 0.05058148
35 0.1130779 0.09897877 0.1524807 0.1284799 0.164666 0.1031016 0.08946098 0.08968518 0.2902932 0.213997 0.0514998
36 0.1075389 0.08960256 0.1583265 0.1259822 0.1700352 0.1047542 0.09228287 0.08911653 0.2767578 0.2346063 0.05361217
37 0.1207274 0.118851 0.1613345 0.1526044 0.1630144 0.1014439 0.1033231 0.1249053 0.3132621 0.2258654 0.05775892
38 0.1152141 0.0961953 0.164463 0.1322817 0.1742289 0.102384 0.09474474 0.1189521 0.2736414 0.2218979 0.04978648
39 0.1232895 0.08545916 0.1738758 0.1183307 0.1929947 0.1046464 0.09084586 0.08693066 0.2705804 0.229117 0.0487428
40 0.1272737 0.09261773 0.1885702 0.1315917 0.2129769 0.1136594 0.08769106 0.1565123 0.2410261 0.2153056 0.04484581
41 0.1210589 0.0951819 0.1694308 0.1276273 0.181718 0.1026212 0.08764754 0.1044003 0.2909451 0.2393274 0.05200667
42 0.1248764 0.08897599 0.1687696 0.1148855 0.1667144 0.08527245 0.06835073 0.1035385 0.2907208 0.2246571 0.0537509
43 0.1191564 0.09694645 0.1647359 0.1282367 0.1638702 0.09069035 0.08366984 0.1229452 0.2756092 0.2379222 0.05292316
44 0.126535 0.08462673 0.1762625 0.1146918 0.1870554 0.09387904 0.07154579 0.110661 0.2795427 0.2174002 0.05036059
45 0.1180507 0.08938066 0.1651509 0.1195587 0.1701402 0.09722124 0.07830088 0.1015995 0.2674557 0.2183159 0.05053427
46 0.1346413 0.1023897 0.1891218 0.1395177 0.2265945 0.1343235 0.09736497 0.1525464 0.2765516 0.2255734 0.04922915
47 0.1166486 0.09885042 0.1657308 0.1346195 0.1841903 0.1126075 0.1075613 0.1087558 0.270976 0.22008 0.04940393
48 0.1248578 0.09892419 0.173959 0.1310907 0.1873566 0.1088573 0.08555264 0.121568 0.2681031 0.2205235 0.0505528
49 0.1207252 0.09378133 0.1691326 0.1237285 0.1702154 0.09331664 0.07593903 0.1065946 0.278168 0.2193514 0.05226281
50 0.1144765 0.09146068 0.1672306 0.1247247 0.1775074 0.1021199 0.0869509 0.1047828 0.247672 0.2282709 0.04733162
51 0.1211945 0.09626445 0.1711499 0.1251874 0.1820458 0.09762823 0.0809315 0.1072294 0.2731014 0.2230022 0.05104909
52 0.1109895 0.1016013 0.1596111 0.1379359 0.162613 0.1013364 0.1044503 0.1068655 0.3029159 0.2546419 0.05608542
53 0.1252699 0.1028536 0.1686678 0.1324107 0.1824296 0.1054868 0.09597151 0.1105968 0.2606078 0.2132654 0.04977446
54 0.1149797 0.1082241 0.1644982 0.1462487 0.1847649 0.1119881 0.119893 0.1127646 0.2346444 0.2090235 0.04415164
55 0.13521 0.09008266 0.1872917 0.1194201 0.193543 0.08881655 0.0729911 0.1093165 0.2541083 0.2265211 0.04617855
56 0.1156943 0.1022678 0.1617587 0.1328055 0.176145 0.1093863 0.1018028 0.1070317 0.2619434 0.2197017 0.04958893
57 0.1331662 0.1028404 0.2018866 0.1448006 0.2423917 0.1285745 0.1002429 0.1588904 0.252842 0.2384529 0.04683972
58 0.1261063 0.09819154 0.1793962 0.1292407 0.1965033 0.107491 0.08893507 0.1326996 0.257742 0.2308711 0.04750812
59 0.1235474 0.1109944 0.1777647 0.1500705 0.2089353 0.1243939 0.1202843 0.1226008 0.2399158 0.2209674 0.04405903
60 0.1171354 0.08837765 0.1660989 0.1181218 0.1736913 0.09760356 0.07587397 0.1256336 0.2637515 0.2104546 0.04884734
61 0.1215537 0.1066153 0.1668776 0.1401077 0.1960593 0.1214259 0.1183857 0.1160659 0.2484137 0.2160543 0.04506392
62 0.1198731 0.09524461 0.1752391 0.1292302 0.1931814 0.1075277 0.1025219 0.1379806 0.2318666 0.2118588 0.0435279
63 0.1120085 0.09211208 0.1591152 0.1269725 0.1569256 0.09220942 0.08387043 0.1098847 0.2774165 0.2349741 0.05415527
64 0.1141922 0.1064489 0.1561726 0.1356645 0.1643674 0.101762 0.09526434 0.1033377 0.2556833 0.2152827 0.04822259
65 0.1208844 0.1052032 0.1633559 0.1364743 0.1740502 0.1035823 0.09866454 0.1077569 0.2730248 0.2228865 0.0502374
66 0.1051192 0.08524869 0.1560396 0.1186625 0.1604916 0.09587134 0.08846985 0.1225641 0.275524 0.2461305 0.04974302
67 0.1179027 0.1102943 0.169281 0.1524955 0.1985441 0.1270536 0.1227868 0.1195238 0.2425456 0.2103632 0.04604027
68 0.1297709 0.1102078 0.1741086 0.1441886 0.190691 0.1117972 0.1004901 0.1229346 0.2489624 0.2218457 0.04535507
69 0.1278713 0.09598515 0.1690492 0.1219335 0.1619026 0.08170649 0.07815089 0.08585589 0.2857768 0.2291074 0.05367234
70 0.1160499 0.1033389 0.1565445 0.1318569 0.1582131 0.09417791 0.08489886 0.1003367 0.2787802 0.2237394 0.05083586
71 0.1183143 0.09685048 0.1641685 0.1324196 0.1813496 0.109845 0.09426008 0.1316998 0.2697132 0.2128246 0.05119896
72 0.1276738 0.1065582 0.1824803 0.1462272 0.2128914 0.1203745 0.1230334 0.1315652 0.2394507 0.2173509 0.04585217
73 0.1274738 0.09761978 0.1798467 0.1292381 0.2006588 0.1114452 0.1019614 0.1305549 0.27071 0.2274229 0.04868659
74 0.1158221 0.1106338 0.1568931 0.1408212 0.157019 0.09589693 0.09295706 0.1090093 0.2571576 0.2165845 0.04735544
75 0.11215 0.09784895 0.1666588 0.1378959 0.1852426 0.1111431 0.1072818 0.09749466 0.2903705 0.2379485 0.0535733
76 0.1183503 0.09390019 0.1635869 0.1244573 0.173925 0.09817462 0.08645955 0.0971645 0.2906233 0.2248496 0.05389707
77 0.1158586 0.1038272 0.1589626 0.139509 0.1653306 0.1018756 0.09617975 0.1154218 0.3080148 0.2237043 0.05549416
78 0.1198063 0.1008904 0.1705179 0.1379742 0.1858649 0.1104171 0.09678399 0.1356003 0.274233 0.228005 0.04879289
79 0.1355436 0.1025452 0.1808263 0.1333867 0.1970804 0.1099088 0.09471547 0.1155586 0.2594569 0.2150209 0.04615272
80 0.103933 0.09469671 0.1490068 0.1293054 0.1459473 0.08918833 0.09148888 0.1007968 0.253643 0.2110646 0.04886631
81 0.1292244 0.1022942 0.1717818 0.1317939 0.1785431 0.09940904 0.09221186 0.1172243 0.2696138 0.2201926 0.04738007
82 0.1161304 0.09161909 0.1682372 0.1277572 0.1750178 0.1007073 0.08330571 0.1261442 0.2530567 0.2149435 0.04684366
83 0.1289088 0.09812858 0.1749163 0.1263745 0.1787133 0.09392168 0.07889583 0.1013893 0.280497 0.2379916 0.05307238
84 0.1227675 0.1384801 0.1702164 0.1867662 0.199781 0.1400989 0.1727408 0.1304153 0.2459652 0.2191998 0.04589282
85 0.1243298 0.0984865 0.1693789 0.1264815 0.1848676 0.1065209 0.08266825 0.1003569 0.2523012 0.2114994 0.04655141
86 0.1160387 0.1060955 0.1600957 0.135362 0.1737999 0.1065461 0.0979917 0.1080007 0.2721844 0.2186077 0.04903069
87 0.1229093 0.083499 0.186677 0.1183394 0.2056962 0.1014286 0.07977175 0.09684948 0.261517 0.2233972 0.04819105
88 0.1227302 0.1232086 0.1720678 0.1679524 0.193303 0.1219889 0.163163 0.1342037 0.2547529 0.216979 0.04357482
89 0.1291489 0.09332308 0.1842028 0.1277982 0.1954961 0.09755076 0.08432382 0.1125983 0.2512048 0.230513 0.04648516
90 0.1311714 0.0961544 0.1749268 0.1196399 0.1897311 0.10517 0.08172071 0.09313233 0.2846443 0.2195969 0.05062866
91 0.1249803 0.09242359 0.1756921 0.126731 0.1877442 0.1004292 0.08348747 0.1255927 0.2689448 0.2265272 0.05082617
92 0.139674 0.101507 0.1993845 0.1376329 0.2645764 0.1581452 0.1312904 0.1328895 0.2537189 0.2219173 0.04775617
93 0.1316194 0.09047587 0.1806948 0.1190854 0.1971878 0.1042841 0.07607477 0.108371 0.2949831 0.2387306 0.05362696
94 0.1183123 0.08425088 0.1739579 0.1191272 0.19223 0.1062224 0.09111297 0.09838484 0.2536995 0.2223523 0.04689023
95 0.1355662 0.09476511 0.1820026 0.1210976 0.1920048 0.1012132 0.07613255 0.1318439 0.2600337 0.2116688 0.04815308
96 0.1183457 0.08514584 0.171198 0.1222002 0.1854871 0.1007769 0.08361234 0.114195 0.2757382 0.2253034 0.05093099
97 0.118472 0.08949218 0.1687507 0.1244342 0.171841 0.09312641 0.08037983 0.1160031 0.2688476 0.2217209 0.04821693
98 0.1119046 0.09286833 0.1608194 0.1248678 0.1639339 0.09411228 0.08222126 0.1170259 0.2692477 0.2234065 0.05055785
99 0.1032902 0.08849355 0.1655422 0.1366199 0.1809154 0.1154492 0.1050835 0.1164584 0.2469371 0.2235014 0.04589299
100 0.1132464 0.09762786 0.1541952 0.1265329 0.1502362 0.09071414 0.08440479 0.1105931 0.275448 0.2238193 0.05222764
