1 5.31926 -0.4685287 -0.2212926 -0.3992023 0.5007056 0.254519 0.1471908 0.2266299 4.540362 -2.615912 -0.8016147 0.2169955
2 5.216526 -0.3130924 0.1338831 -0.643124 0.4936494 0.4734031 0.1606845 0.2026265 6.074125 -2.590277 -0.5753889 0.1510223
3 5.176 -0.3886987 0.06882295 -0.594645 0.4953516 0.4229972 0.1154476 0.1721295 4.454763 -2.617684 -0.5690259 0.1569093
4 5.4528 -0.5326336 -0.1171367 -0.4728183 0.5275922 0.6554851 0.02804277 0.2201495 6.92963 -2.608334 -0.5776667 0.1942695
5 5.207888 -0.4687405 0.04606851 -0.566886 0.4825039 0.3480308 0.1167302 0.2298079 5.514703 -2.826236 -0.5643093 0.1895721
6 5.27578 -0.4669773 0.09186323 -0.6096116 0.4597263 0.4284799 0.1302151 0.1800488 5.805422 -2.63455 -0.4599556 0.1619342
7 5.230332 -0.3524536 -0.04036476 -0.6329189 0.450141 0.5149695 0.09371001 0.1803902 5.063283 -2.6162 -0.6587661 0.1938441
8 5.407166 -0.40344 -0.1460326 -0.6232778 0.4623223 0.3731748 0.04956284 0.1824958 4.069509 -2.533923 -0.6672893 0.1534426
9 5.276425 -0.3182842 -0.2083584 -0.666351 0.5714883 0.4862665 0.1291958 0.1651334 5.490971 -2.419367 -0.5161759 0.1473635
10 5.464037 -0.4065204 -0.1852294 -0.6774507 0.4594863 0.2741786 0.1010679 0.217567 6.436285 -2.838846 -0.4955275 0.2146509
11 5.48799 -0.3942373 -0.1185687 -0.6769681 0.4886102 0.4314126 0.1014234 0.1504961 5.337641 -2.880549 -0.5973138 0.2366152
12 5.327724 -0.2882273 -0.1143977 -0.6166401 0.4934182 0.4715527 0.05961096 0.2101731 4.761401 -2.429548 -0.3699751 0.1319373
13 5.381279 -0.2534911 -0.1022266 -0.7452024 0.4940674 0.235822 0.04527525 0.1729052 4.441377 -2.852019 -0.2754824 0.2168507
14 5.381006 -0.3286807 -0.2273835 -0.7045151 0.4590845 0.3945265 0.1203902 0.1759762 4.465914 -2.275395 -0.861757 0.1528774
15 5.430542 -0.4068282 -0.1651822 -0.5637883 0.4312406 0.3552657 0.09651247 0.1374608 4.596484 -2.372485 -0.914918 0.1728927
17 5.550512 -0.4401618 -0.3692429 -0.5409351 0.4740558 0.3398843 0.1644019 0.1911032 4.967881 -2.821406 -0.3308256 0.1983239
18 5.439525 -0.5313582 -0.2727244 -0.5003027 0.6021896 0.4299488 0.1291579 0.2507841 6.486347 -2.730562 -0.7355431 0.2380697
19 5.164846 -0.2709911 0.02616048 -0.5742652 0.443427 0.4574153 0.01594684 0.2380728 3.513077 -2.48462 -0.775915 0.1910642
20 5.382683 -0.5091537 -0.2549987 -0.4376955 0.4930228 0.3896092 0.136641 0.2164392 5.320865 -2.412353 -0.6788423 0.1313541
21 5.275523 -0.3565163 0.02249582 -0.6082918 0.4779619 0.5410148 -0.01003138 0.2537633 4.228667 -2.560343 -0.6973876 0.1467752
22 5.277696 -0.2224422 -0.1534495 -0.6947273 0.5574891 0.4283369 0.09664829 0.2217945 5.639263 -2.881616 -0.4433355 0.2220374
23 5.129298 -0.3291064 0.07870683 -0.8063263 0.519844 0.5702851 0.1215147 0.2276714 6.61584 -2.455902 -0.6446124 0.1682565
24 5.291243 -0.27084 -0.1509503 -0.5130559 0.4369693 0.2962145 0.127919 0.1581862 4.337282 -2.461458 -0.6802867 0.1232236
25 5.369609 -0.3748708 -0.2306211 -0.6184485 0.506766 0.3701712 0.155738 0.1923811 6.363916 -2.678386 -0.3119948 0.1859864
26 5.300436 -0.2810356 -0.0769829 -0.5593626 0.4363964 0.4620948 0.1470425 0.1284308 4.505712 -2.858262 -0.3586435 0.1380948
27 5.424559 -0.4767046 -0.2128811 -0.5369196 0.5488229 0.3800928 0.05321983 0.1400208 8.295795 -2.936112 -0.3511793 0.254072
28 5.351167 -0.4971907 0.05257011 -0.4522399 0.4422402 0.4047304 0.0961676 0.2230259 5.273962 -2.952249 -0.8443291 0.2864281
29 5.226804 -0.22507 -0.02625849 -0.8139098 0.4562875 0.3877631 0.1151471 0.1608797 6.185294 -2.991457 -0.4912757 0.2397391
30 5.464357 -0.5635336 -0.09292317 -0.4862028 0.4795893 0.4702689 0.0411946 0.1827022 6.516126 -2.627792 -0.6156952 0.1728539
32 5.405323 -0.3532492 -0.1582855 -0.6721334 0.5384148 0.2372847 0.07459919 0.1836459 6.388805 -2.75966 -0.660889 0.2307358
33 5.272501 -0.3108794 -0.07202467 -0.768761 0.4750743 0.4216761 0.0438738 0.2949016 4.614384 -2.16431 -0.7776056 0.1266953
34 5.387821 -0.4650446 -0.1398484 -0.5437168 0.4226766 0.3430876 0.1188821 0.2697063 4.408377 -2.372603 -0.6509529 0.1372102
35 5.479028 -0.3360027 -0.4018548 -0.6482524 0.5255973 0.4214496 0.174877 0.1461922 6.402314 -2.742445 -0.1973452 0.155408
36 5.462765 -0.4932495 -0.2093365 -0.4628234 0.5154832 0.5429964 0.0866068 0.1367573 5.01152 -2.842937 -0.3944265 0.1957047
37 5.327613 -0.3708813 -0.1501653 -0.6090704 0.4633153 0.3628197 0.08315552 0.2214333 4.147104 -2.621004 -0.5125418 0.1605527
38 5.327401 -0.2732146 0.00095057 -0.8041995 0.5244911 0.3703496 0.1197709 0.1738171 6.456955 -2.489664 -0.8525688 0.1734568
39 5.395557 -0.3849164 -0.1469729 -0.456583 0.4449912 0.4088207 0.07185694 0.2353479 5.113266 -2.501278 -0.8714985 0.1900334
40 5.512508 -0.4527004 -0.2324662 -0.5186243 0.4805218 0.5085531 0.06498415 0.2021414 5.328598 -2.793724 -0.7122127 0.2097627
41 5.390097 -0.4346653 -0.3927242 -0.4970253 0.479154 0.5489555 0.1075197 0.1732804 5.832839 -2.828777 -0.3915656 0.1984136
42 5.471142 -0.4608986 -0.1501556 -0.6097247 0.5083447 0.4098802 0.05307403 0.2228991 4.881311 -2.771257 -0.9356445 0.2293721
43 5.480885 -0.3202798 -0.336391 -0.7660626 0.5061016 0.4896341 0.0786389 0.2881697 5.011543 -2.570996 -0.5115126 0.1286301
44 5.484688 -0.3866157 -0.2960021 -0.5878557 0.5056316 0.4539642 0.04331003 0.1565097 5.932954 -2.56397 -0.7560652 0.1440921
45 5.307186 -0.2928379 -0.04015522 -0.7548937 0.5293325 0.2790859 0.09035061 0.2296378 5.851192 -2.750614 -0.5479588 0.217011
46 5.318405 -0.3454227 -0.1787423 -0.5869421 0.539976 0.4224739 0.1378728 0.1999788 6.570492 -2.669628 -0.7455318 0.2234496
47 5.36957 -0.4607561 -0.1859088 -0.4744594 0.502246 0.4218073 0.05427259 0.2481574 5.860387 -2.499158 -0.4393801 0.1058282
48 5.246726 -0.3126007 -0.007042089 -0.6257922 0.5166794 0.3797577 0.1238983 0.2525325 6.708978 -2.458149 -1.103471 0.192475
49 5.340932 -0.4557552 -0.3503999 -0.560417 0.4215456 0.5383416 -0.04510402 0.1906496 3.943439 -2.69054 -0.404809 0.1694368
50 5.338606 -0.4212741 -0.2160836 -0.6551701 0.4789392 0.4520299 0.07900952 0.2281847 6.093887 -2.724877 -0.6478278 0.2141328
51 5.357507 -0.377792 -0.1790582 -0.6276162 0.5249557 0.5131571 0.1649468 0.1905377 4.843675 -2.316067 -0.8468969 0.1226875
52 5.279564 -0.3149232 -0.04743692 -0.6578282 0.4879015 0.5922168 0.1056459 0.2369621 5.298037 -2.721578 -0.3054252 0.1700963
53 5.270407 -0.4270878 -0.07304339 -0.541944 0.5223089 0.3949214 0.1062522 0.2009699 9.186218 -2.513777 -0.5878789 0.1735598
54 5.283368 -0.4408179 -0.07520792 -0.4981106 0.457049 0.4139939 0.1053821 0.1995188 5.142075 -2.695859 -0.7532171 0.175108
55 5.215484 -0.3363248 -0.04492358 -0.5935211 0.5147928 0.4693066 0.07884504 0.2484293 6.338272 -2.68447 -0.4944004 0.1909099
56 5.345583 -0.4406221 0.01662109 -0.6072495 0.5132691 0.321814 0.1562381 0.1352596 4.364432 -2.935652 -0.4830761 0.2247613
57 5.312676 -0.4572162 0.0461683 -0.570064 0.4582875 0.3779151 0.07387065 0.1825545 5.640467 -2.661977 -0.5583815 0.1902631
58 5.209551 -0.3258941 0.235091 -0.60167 0.4453964 0.5423546 0.05587368 0.2920246 5.260003 -2.407616 -0.7973544 0.1453498
59 5.344904 -0.5321301 0.0008392403 -0.5258496 0.5702063 0.3300428 0.09722741 0.2804829 6.720021 -2.443128 -0.5990821 0.1699106
60 5.429671 -0.3530905 -0.1648704 -0.5476543 0.4616917 0.3405667 0.05135602 0.1525181 4.439589 -2.252639 -0.7401288 0.1036142
61 5.215882 -0.2212098 0.002298284 -0.7671272 0.4851211 0.3512641 0.1188199 0.1274646 4.077304 -2.278279 -0.6910752 0.1196189
62 5.306603 -0.318677 -0.127491 -0.6824856 0.4531847 0.3122172 0.1103888 0.1672058 5.88907 -2.982152 -0.3631163 0.216312
63 5.519446 -0.4360051 -0.2510705 -0.6380785 0.5243407 0.2907345 0.1250346 0.2031254 4.499826 -2.472721 -0.9105566 0.1997803
64 5.36081 -0.3916236 -0.1339854 -0.5851037 0.5068461 0.3974747 0.08171201 0.1607489 5.046848 -2.788392 -0.6344124 0.219049
65 5.595111 -0.4110782 -0.3435234 -0.5444923 0.4831884 0.3846823 0.06535052 0.2050805 5.922098 -2.577104 -0.5099539 0.1686547
66 5.169253 -0.2362146 -0.1366721 -0.8028659 0.5451657 0.2937412 0.1664461 0.1991899 6.251247 -2.655032 -0.1778478 0.1531716
67 5.374226 -0.3664934 -0.0755341 -0.6554001 0.5123841 0.4856509 -0.02021615 0.2342747 5.450526 -2.358699 -0.7233466 0.1382394
68 5.163176 -0.2942249 -0.02158647 -0.698349 0.4961643 0.6268593 0.04350906 0.2250995 6.016233 -2.628934 -0.2566567 0.2003223
69 5.26432 -0.342675 -0.07438475 -0.5680359 0.5676424 0.4434635 0.1279085 0.1589583 7.880801 -2.950931 -0.2909615 0.1654146
70 5.292872 -0.3399833 -0.170492 -0.6833291 0.4354484 0.50053 0.06879893 0.1646267 4.875947 -2.668915 -0.5336939 0.1541258
71 5.325447 -0.5082062 -0.01545431 -0.4866334 0.4714365 0.4903846 0.0633609 0.1733697 5.431158 -2.544394 -0.7621173 0.1726767
72 5.375216 -0.444783 -0.04838566 -0.4780656 0.4503025 0.4562184 0.08997253 0.23961 4.016048 -2.375294 -0.5797734 0.112205
73 5.363609 -0.4295864 -0.07443823 -0.4986851 0.4897554 0.3552834 0.1276582 0.1703218 4.882282 -2.486587 -0.6070316 0.1381275
74 5.573876 -0.3860912 -0.3769313 -0.7606316 0.5726011 0.3359227 0.1093422 0.1491221 4.742579 -2.791545 -0.3521921 0.1956823
75 5.361417 -0.410897 -0.2667709 -0.5769514 0.5367751 0.4372584 0.161729 0.1753502 7.595988 -2.474917 -0.5095326 0.1613591
76 5.417779 -0.3677768 -0.2933963 -0.5805649 0.4456491 0.3110785 0.1142781 0.2782204 5.033892 -2.702989 -0.1979314 0.1663361
77 5.47393 -0.3087247 -0.3262566 -0.6470872 0.4403409 0.4020561 0.07716769 0.2249168 4.896183 -2.67672 -0.4059525 0.179621
78 5.398758 -0.3657267 -0.01720499 -0.4865188 0.5163127 0.3819882 0.1365035 0.1376132 4.076152 -2.448312 -0.7967516 0.1410168
79 5.337175 -0.4731707 -0.07573836 -0.4883289 0.4562549 0.4284451 0.04427963 0.263468 4.333477 -2.296918 -0.868833 0.1326544
80 5.585137 -0.536661 -0.3090347 -0.3652299 0.5551953 0.5416138 0.1292587 0.1727982 5.928679 -2.483897 -0.8446013 0.1713678
81 5.363221 -0.4482509 -0.1408607 -0.4947603 0.5045385 0.2555446 0.2005242 0.249864 6.161387 -2.511822 -0.3425704 0.1697252
82 5.453534 -0.4033611 -0.2567918 -0.5000692 0.4393501 0.3445818 0.06158832 0.3398155 4.240881 -2.704108 -0.6640654 0.1760827
83 5.419354 -0.3752217 -0.3012326 -0.5471447 0.4794705 0.3700217 0.1564356 0.2177544 6.36302 -2.644163 -0.284197 0.1447148
84 5.245352 -0.2073034 -0.07215364 -0.7307383 0.4533852 0.3305759 0.06937932 0.1904068 5.213274 -2.894695 -0.4931493 0.2261385
85 5.236434 -0.289545 0.08678854 -0.7313234 0.5058686 0.4054027 0.1084649 0.1605974 4.337305 -2.671775 -0.5178267 0.2125178
86 5.435233 -0.3486965 -0.07554997 -0.8117317 0.4440368 0.5379726 0.05397514 0.09618399 5.091137 -2.561104 -0.46448 0.1286416
87 5.259246 -0.4557465 -0.01651755 -0.35697 0.4878911 0.5648859 0.07670791 0.2312825 5.911354 -2.708378 -0.7858081 0.1866715
88 5.410142 -0.363269 -0.0696477 -0.6381944 0.4938797 0.4417433 0.09785778 0.2074008 5.551082 -2.45401 -0.4188283 0.1291963
89 5.47472 -0.2547467 -0.2899591 -0.7446433 0.5429406 0.3593631 0.06340473 0.1644052 4.265369 -2.56985 -0.4483982 0.1602427
90 5.415309 -0.440769 -0.2235263 -0.5085979 0.50739 0.4336726 0.1632722 0.2243641 4.936158 -2.530473 -0.5648986 0.1539974
91 5.236576 -0.3890479 0.08361119 -0.5621003 0.4047053 0.5207497 0.05399251 0.1327737 4.554965 -2.82399 -0.5298009 0.2015041
92 5.252959 -0.3548192 -0.1945129 -0.5713773 0.5558344 0.4278977 0.08303479 0.2514232 4.727352 -2.520415 -0.4287445 0.09813373
93 5.237585 -0.4279488 0.02571667 -0.5718747 0.5384894 0.5216945 0.1081256 0.2115228 5.181571 -2.495651 -0.7226934 0.1740925
94 5.262557 -0.4197994 -0.1570015 -0.559387 0.5015263 0.3350732 0.08173519 0.2204968 4.682308 -2.419334 -1.002961 0.1643912
96 5.35742 -0.370004 -0.1855844 -0.7229253 0.5266262 0.4963909 0.1592163 0.1786053 4.376805 -2.556351 -0.6183859 0.1667714
97 5.1825 -0.2835531 0.2580104 -0.8340172 0.542869 0.3571652 0.08950074 0.1473621 5.944755 -2.827899 -0.4234935 0.2171892
98 5.389651 -0.379348 -0.1603957 -0.5984741 0.5095151 0.325182 0.08897107 0.239523 4.565606 -2.31964 -0.5393549 0.1154231
99 5.380197 -0.3831228 -0.2258819 -0.6544279 0.4199355 0.3806751 0.1209086 0.2305897 5.964393 -2.518614 -0.3539084 0.1739655
100 5.205615 -0.3005085 -0.0406498 -0.5843113 0.4489008 0.2824995 0.1365555 0.1528925 4.593282 -2.367447 -0.5526202 0.1499204
101 5.214743 -0.3039951 0.2071486 -0.7446735 0.45799 0.4767648 0.1176225 0.1403144 4.672207 -2.464289 -0.6735327 0.1406808
102 5.410799 -0.4613248 -0.1738219 -0.5340726 0.4502731 0.4183972 0.05431982 0.2812257 6.620845 -2.550553 -0.4117114 0.1805704
103 5.351152 -0.3630623 -0.08339644 -0.6938823 0.4650056 0.5185383 0.09546308 0.1842366 5.203151 -2.48537 -0.7633926 0.1455439
