1 0.1172048 0.1122173 0.1635247 0.1483516 0.1872759 0.1211095 0.1234727 0.1079701 0.1056669
2 0.1191995 0.08956956 0.1675132 0.1207914 0.1684114 0.08869341 0.07611842 0.09086242 0.1072882
3 0.1266144 0.09360682 0.1777726 0.1264473 0.197896 0.1103381 0.08722262 0.1127658 0.108865
4 0.1263091 0.09095663 0.1774865 0.1209317 0.1865119 0.09828972 0.07747645 0.1213488 0.10285
5 0.1122517 0.09287802 0.1577408 0.126859 0.1591907 0.09530368 0.08535153 0.093926 0.1103711
6 0.1157147 0.09336344 0.1631725 0.1247286 0.1690489 0.09579109 0.08227634 0.1019764 0.1074671
7 0.1346776 0.0932501 0.1889106 0.1241798 0.2089716 0.1035465 0.0828477 0.1372854 0.1041773
8 0.1220527 0.1027332 0.1706696 0.1382159 0.1925118 0.1154376 0.09820932 0.1302633 0.105899
9 0.1334373 0.0977096 0.1874802 0.1315088 0.2179034 0.1211341 0.103584 0.1296906 0.1034222
10 0.1032302 0.08630582 0.1447319 0.1157879 0.133774 0.07873876 0.07365789 0.08807283 0.1059166
11 0.120452 0.09370265 0.1690706 0.12401 0.1834062 0.1039679 0.08981456 0.1034837 0.1060433
12 0.1245818 0.1007185 0.1750989 0.1369541 0.1956787 0.1134426 0.1068282 0.1292991 0.102934
13 0.111119 0.09367048 0.1560088 0.1280758 0.1628359 0.1001113 0.08887129 0.1033425 0.1038573
14 0.1250391 0.0976832 0.174755 0.1292194 0.1924138 0.1098618 0.09849852 0.1228365 0.1030407
15 0.1181183 0.09450124 0.1653812 0.1210077 0.1642706 0.08604104 0.07462158 0.09949379 0.1024397
17 0.1151602 0.1001728 0.1618874 0.1332382 0.174878 0.1014725 0.08866991 0.1059096 0.1060743
18 0.1194281 0.1049414 0.1668283 0.1377879 0.1804816 0.1093278 0.1065265 0.1191642 0.1028184
19 0.1317981 0.1316145 0.1847903 0.1725609 0.2262462 0.1465654 0.1429873 0.1571602 0.1038905
20 0.1207647 0.1005648 0.1691064 0.1320615 0.1781737 0.09824126 0.09029278 0.1043344 0.1079348
21 0.1239244 0.1068008 0.173983 0.1462177 0.1952248 0.1169306 0.1243117 0.1563023 0.1105375
22 0.1209673 0.09492536 0.1699694 0.1305839 0.1839846 0.1067329 0.08618751 0.1149707 0.107033
23 0.1224733 0.09928874 0.1717502 0.13242 0.182187 0.1001805 0.08559846 0.1138579 0.1048072
24 0.1131083 0.09305323 0.1586892 0.1230571 0.1573893 0.08962713 0.08931865 0.1018549 0.1093895
25 0.1126533 0.09148904 0.1582884 0.1263285 0.1663543 0.1030612 0.1000083 0.09715783 0.1020621
26 0.1309346 0.07987028 0.184697 0.108751 0.1972413 0.09431619 0.06512208 0.08802788 0.116508
27 0.1101883 0.08321187 0.1543454 0.1108707 0.1492071 0.08553064 0.07138518 0.1023247 0.1034489
28 0.1130845 0.1012993 0.1581014 0.1332631 0.1687748 0.1054282 0.1005182 0.1023398 0.1051845
29 0.1089949 0.09065077 0.1527843 0.119171 0.148876 0.08273558 0.07318183 0.0890366 0.1090075
30 0.1179626 0.08774835 0.165572 0.1171524 0.1625825 0.08468065 0.07192785 0.1089772 0.108541
32 0.1073687 0.09632217 0.1502318 0.1261311 0.1504935 0.09627909 0.07973002 0.09699591 0.1057188
33 0.1234866 0.1135802 0.1726134 0.15051 0.1901826 0.1074928 0.1101095 0.1483357 0.1013832
34 0.117643 0.1083273 0.1650428 0.1420282 0.1803134 0.1073602 0.1059726 0.1047887 0.1046709
35 0.1157127 0.08651557 0.1630066 0.1178554 0.1739943 0.09925924 0.08502028 0.08946591 0.1063787
36 0.1237507 0.08928144 0.1738736 0.1214565 0.1858603 0.09862475 0.08304917 0.1083879 0.1090429
37 0.1295306 0.1018394 0.1820701 0.1382406 0.1966138 0.1057431 0.0929028 0.1394784 0.1068836
38 0.1146067 0.09063566 0.1607051 0.1194207 0.1740642 0.1077988 0.09221419 0.1030146 0.1065528
39 0.1134171 0.1015521 0.1584436 0.1332179 0.1596811 0.093353 0.09126688 0.1064079 0.1037536
40 0.1250992 0.09067165 0.17543 0.1212467 0.1851121 0.09988802 0.07866671 0.1089901 0.1089438
41 0.1231934 0.08693307 0.1731705 0.1173131 0.1831316 0.09835196 0.07894412 0.09434289 0.1079289
42 0.1176912 0.1037384 0.164465 0.1355846 0.1707839 0.1054789 0.1036233 0.1223817 0.1096432
43 0.1256915 0.1044175 0.1768816 0.1407336 0.1950328 0.1128128 0.1041851 0.1153684 0.109395
44 0.1176476 0.1065258 0.1644659 0.1422285 0.1695754 0.102075 0.09733252 0.1354502 0.1116412
45 0.1119049 0.1042373 0.1567466 0.139084 0.1624119 0.1006323 0.1004807 0.1100298 0.104735
46 0.1185079 0.09796163 0.1659281 0.1312035 0.1735719 0.09797691 0.09087475 0.1068885 0.1043723
47 0.120588 0.08521439 0.1696488 0.1166412 0.1787345 0.09734226 0.0811216 0.1142772 0.109395
48 0.1101256 0.1091333 0.1534659 0.13776 0.1503132 0.09049599 0.08936384 0.096503 0.1065281
49 0.1316544 0.09054758 0.1850024 0.1219039 0.2133933 0.1196159 0.09091779 0.1524934 0.1074433
50 0.1170411 0.09298382 0.164151 0.1240132 0.1681364 0.09448948 0.08679288 0.1068546 0.1050527
51 0.1294267 0.1025332 0.1814973 0.13519 0.2023415 0.1080172 0.1071411 0.114892 0.1063904
52 0.1343387 0.09853228 0.189265 0.134208 0.2064947 0.1030798 0.08870877 0.1268596 0.1064138
53 0.1061205 0.09057899 0.1490447 0.1207852 0.144253 0.08806598 0.07729295 0.09158815 0.104319
54 0.1135046 0.09621168 0.1592837 0.1296592 0.1622581 0.09364596 0.09532955 0.1037883 0.1115928
55 0.1137308 0.0979338 0.1600205 0.1333552 0.1692063 0.1051454 0.09917294 0.1100553 0.1055536
56 0.1181177 0.09094745 0.165954 0.1219545 0.1875079 0.1127332 0.08602802 0.1018684 0.1095657
57 0.1093634 0.09614051 0.1541262 0.1297503 0.159632 0.10502 0.09932678 0.1047416 0.1061247
58 0.1200246 0.09926392 0.1683877 0.1314065 0.1724131 0.09735657 0.08671673 0.1245253 0.106031
59 0.111179 0.1065422 0.155462 0.1436847 0.1712467 0.1139948 0.1146751 0.1040885 0.1022032
60 0.1153211 0.09449083 0.1618418 0.1264809 0.1648883 0.09304498 0.08004031 0.106865 0.1050343
61 0.1196769 0.09935031 0.1675076 0.1275841 0.1890724 0.1174863 0.1021347 0.1077374 0.1047221
62 0.1023897 0.08827717 0.1441642 0.1213851 0.1366224 0.08205045 0.07539341 0.09195829 0.1094846
63 0.1269401 0.1092133 0.17712 0.1409657 0.2054165 0.1189058 0.09759075 0.1274218 0.1038905
64 0.119235 0.09848209 0.1672301 0.1309474 0.1808958 0.1076188 0.0979121 0.1096858 0.1060004
65 0.1134362 0.08747893 0.1597901 0.1180662 0.16208 0.09286235 0.07699103 0.09961858 0.1032986
66 0.111226 0.09177599 0.1566439 0.1244708 0.165856 0.1006001 0.09510454 0.09551049 0.1045651
67 0.1199675 0.103555 0.1676071 0.1375778 0.1884375 0.1107953 0.09951183 0.1546556 0.1046709
68 0.127546 0.09988926 0.1798051 0.1341776 0.2067944 0.1123703 0.09345238 0.1703516 0.1003971
69 0.116627 0.08101215 0.1639912 0.1113653 0.1676801 0.09183223 0.07010361 0.09378943 0.1158739
70 0.118675 0.08987482 0.166642 0.120991 0.1657904 0.08926212 0.07438946 0.1040031 0.1099616
71 0.1190825 0.0955536 0.1670539 0.1248735 0.1704632 0.09432029 0.0772292 0.1063742 0.107976
72 0.122511 0.1194189 0.1716328 0.160802 0.1843869 0.1180949 0.1278638 0.1363321 0.1059225
73 0.1165469 0.09989083 0.1638763 0.134295 0.1690474 0.09679297 0.08968481 0.1070636 0.1079999
74 0.1269772 0.09548736 0.1784654 0.1305847 0.2143473 0.1231994 0.113613 0.1162404 0.1055908
75 0.1161628 0.09325574 0.1628109 0.1237221 0.1697902 0.09539548 0.08480661 0.09289596 0.1024526
76 0.1182727 0.1021378 0.1664993 0.1403975 0.167989 0.09592885 0.09847301 0.1075257 0.1046964
77 0.1225576 0.096238 0.1721833 0.1311969 0.1756163 0.09655225 0.09484459 0.1117965 0.1037219
78 0.1388753 0.09859816 0.1945052 0.1321795 0.2316349 0.1198643 0.1047683 0.1212519 0.1079348
79 0.1252879 0.1018791 0.1753858 0.1326663 0.1939053 0.1093771 0.09676711 0.1247636 0.1055597
80 0.1284433 0.09844284 0.1799372 0.1289512 0.1977149 0.1039392 0.1012139 0.1163392 0.1045712
81 0.1103458 0.1030596 0.1548564 0.1381164 0.1714876 0.1140942 0.1133974 0.09428096 0.1001788
82 0.1126602 0.1206767 0.1574743 0.1621701 0.1721683 0.1182967 0.1276249 0.132082 0.1093785
83 0.1107559 0.09073412 0.1559556 0.1238321 0.1549963 0.08972551 0.08589294 0.09805049 0.1075092
84 0.1157056 0.08763207 0.1625214 0.1181458 0.1626865 0.08956573 0.07536201 0.1082224 0.1075213
85 0.1285251 0.1095961 0.1802103 0.1481129 0.2414418 0.1555944 0.1576127 0.1999179 0.1025781
86 0.1220767 0.0792776 0.1719094 0.1075779 0.1793494 0.08895308 0.06309234 0.1020445 0.1083328
87 0.1293894 0.09286996 0.1818317 0.1256906 0.1917386 0.09955652 0.07908099 0.1270131 0.1111341
88 0.1210876 0.09041944 0.1706151 0.1229487 0.1833478 0.1004949 0.08802846 0.1121678 0.1041773
89 0.1294055 0.1047884 0.1822021 0.1400913 0.2083046 0.1213864 0.1005791 0.1472351 0.1047545
90 0.1221126 0.1012268 0.1716088 0.1377598 0.183545 0.1047854 0.1001683 0.126421 0.1054506
91 0.1217276 0.09042393 0.1712526 0.1223911 0.1697799 0.08745831 0.07390813 0.1133218 0.1089784
92 0.1248942 0.1024034 0.1757496 0.138124 0.1905773 0.1064625 0.09233391 0.1305131 0.1116035
93 0.1243777 0.1095759 0.1746543 0.1467142 0.2012438 0.1250171 0.1071018 0.1337291 0.1056993
94 0.1183361 0.1101486 0.1653666 0.1441924 0.1857435 0.1195809 0.1281768 0.1247867 0.107982
96 0.1405588 0.0912042 0.1978995 0.1225635 0.2364277 0.12201 0.0886477 0.1295026 0.1044988
97 0.1146652 0.08964212 0.1615336 0.1208056 0.1709441 0.1012704 0.08661781 0.103477 0.1061825
98 0.1506887 0.09583843 0.2118459 0.1302121 0.288631 0.1558055 0.1163436 0.1914584 0.1033242
99 0.1093797 0.09156469 0.1539319 0.1238119 0.1490546 0.08412586 0.08031298 0.09304733 0.1001578
100 0.1206028 0.109112 0.1690689 0.1450526 0.1888746 0.112438 0.1035359 0.1710311 0.100822
101 0.1237811 0.09323666 0.1736122 0.1252293 0.1799425 0.09548363 0.07841894 0.1175378 0.1059049
102 0.1137416 0.09628323 0.1594107 0.1279141 0.1723275 0.09915724 0.09087128 0.1359137 0.1018356
103 0.1268166 0.08467225 0.1779692 0.1135927 0.1843829 0.09134338 0.0676909 0.09984765 0.1083495
