1 5.302426 -0.5546499 -0.2259974 -0.4250598 1.220176 0.3279125 0.2980126 0.3607172 -2.149434
2 5.309537 -0.3127116 -0.002773224 -0.6282695 1.008043 0.5724128 0.2878489 0.2040534 -2.253482
3 5.02157 -0.3517834 0.2220956 -0.7011736 1.214993 0.5953747 0.2663257 0.1915612 -2.280845
4 5.407528 -0.5119812 -0.08288937 -0.5329252 1.124567 0.6572085 0.1739009 0.153927 -2.109641
5 5.226481 -0.5380953 0.08812654 -0.5240861 1.078789 0.3725485 0.269227 0.2789117 -2.339667
6 5.26069 -0.5171163 0.1657838 -0.4880863 0.983264 0.5158401 0.2943331 0.2389456 -2.218977
7 5.387174 -0.4614445 -0.1169648 -0.5777405 1.137847 0.8540045 0.2200839 0.1568487 -2.138351
8 5.599705 -0.4378554 -0.2983278 -0.6199123 1.32294 0.3740097 0.2310501 0.3000171 -2.20505
9 5.246439 -0.3110801 -0.1937818 -0.7240756 1.314101 0.6695339 0.277305 0.1719406 -2.094799
10 5.460436 -0.3946241 -0.2173638 -0.6704905 0.9537274 0.2701864 0.1741894 0.1951885 -2.201704
11 5.538238 -0.4358063 -0.1692797 -0.6380234 1.169292 0.4729166 0.2297405 0.16618 -2.177961
12 5.288723 -0.3260074 -0.09613347 -0.5949801 1.222602 0.5267256 0.304816 0.2659895 -2.094655
13 5.335543 -0.2849306 -0.07475859 -0.713827 1.112934 0.2976213 0.1958933 0.212196 -2.10554
14 5.353345 -0.3581583 -0.196682 -0.6319977 1.185098 0.5430331 0.2474263 0.1827463 -2.075898
15 5.442938 -0.4289303 -0.1456839 -0.5381342 1.047374 0.5022375 0.2366244 0.1727845 -2.096813
17 5.563378 -0.4335655 -0.3483548 -0.5616399 1.1063 0.3982647 0.2565002 0.2464211 -2.172223
18 5.45583 -0.536346 -0.2739194 -0.5293024 1.235626 0.3744221 0.2561289 0.2671849 -2.115346
19 5.090986 -0.4102308 -0.0684433 -0.345738 1.426824 0.5059894 0.4190078 0.579954 -2.099668
20 5.403089 -0.5588396 -0.3285335 -0.4215357 1.093617 0.5338723 0.3219899 0.2797245 -2.237345
21 5.310802 -0.5229827 -0.04675175 -0.5336593 1.297738 0.4504455 0.2487036 0.3630406 -2.305913
22 5.16331 -0.2306402 -0.08272721 -0.7431388 1.149603 0.5022738 0.2569135 0.2287939 -2.196078
23 5.118237 -0.3109042 0.01248968 -0.7200457 1.106585 0.5575777 0.2851065 0.233964 -2.116728
24 5.233149 -0.3427421 -0.06456571 -0.5341675 1.050611 0.4059921 0.2417991 0.2310242 -2.293851
25 5.42928 -0.3804216 -0.2787265 -0.6494342 1.034538 0.391968 0.2473296 0.2227818 -2.079442
26 5.312395 -0.2412565 -0.08916401 -0.5959118 1.002333 0.8965194 0.2875068 0.1325744 -2.454233
27 5.525103 -0.5212315 -0.2981618 -0.5230322 1.018421 0.3503505 0.1155626 0.1072141 -2.090099
28 5.301053 -0.5275649 0.206531 -0.4373726 1.069339 0.3687279 0.2644011 0.2699861 -2.141812
29 5.234975 -0.2539757 0.009603038 -0.802247 0.9308791 0.399721 0.2438172 0.2140312 -2.252988
30 5.525745 -0.6305163 -0.200207 -0.466885 1.021546 0.5253273 0.1642852 0.1624665 -2.230929
32 5.324928 -0.3133403 -0.1309349 -0.7621815 1.047971 0.2649488 0.1720993 0.1992203 -2.140066
33 5.258523 -0.331298 -0.1111302 -0.7441546 1.227884 0.4667768 0.2963568 0.38334 -2.0353
34 5.362328 -0.4748118 -0.0721855 -0.5919202 1.185256 0.3903415 0.3095799 0.3272051 -2.141219
35 5.496868 -0.3420767 -0.3753299 -0.6405994 1.024773 0.4900284 0.2456192 0.1698286 -2.216316
36 5.428028 -0.5393794 -0.1459528 -0.4401318 1.198117 0.5328995 0.2196029 0.1455151 -2.246185
37 5.341822 -0.3820842 -0.1870748 -0.5894702 1.326095 0.5767319 0.1773137 0.2776516 -2.224345
38 5.380749 -0.3340489 -0.1387534 -0.7009785 1.051453 0.4184076 0.2132256 0.1700461 -2.183526
39 5.345844 -0.4130255 -0.04418199 -0.4311868 1.088488 0.3426201 0.2432106 0.2752737 -2.124102
40 5.386067 -0.5048153 -0.002957857 -0.5102818 1.123432 0.6213403 0.2543066 0.1797122 -2.265341
41 5.374633 -0.4344547 -0.3904901 -0.5183728 1.029066 0.6575917 0.2705295 0.1587257 -2.238468
42 5.567356 -0.4603479 -0.2584424 -0.6457532 1.19387 0.367877 0.2256151 0.2684388 -2.244403
43 5.451583 -0.3267253 -0.2220134 -0.8226991 1.220842 0.5706833 0.3846733 0.3608436 -2.292754
44 5.520631 -0.3554512 -0.2892382 -0.7063607 1.155122 0.405837 0.05804245 0.4006407 -2.335008
45 5.325317 -0.3347507 0.03587 -0.7423893 1.131726 0.2918836 0.2510754 0.3304396 -2.129631
46 5.303654 -0.3224555 -0.1024166 -0.6851937 1.109183 0.4600911 0.266332 0.2252885 -2.103424
47 5.426626 -0.5017224 -0.3383528 -0.4064814 1.073619 0.5701678 0.1829965 0.1751958 -2.292754
48 5.257302 -0.3228205 -0.04159915 -0.6595625 1.039523 0.3190955 0.2479982 0.2859392 -2.188113
49 5.396134 -0.3913149 -0.3829852 -0.6063786 1.22563 0.7042349 0.06050227 0.1585075 -2.223497
50 5.418644 -0.4948516 -0.2328207 -0.5882602 1.058217 0.4822878 0.2501612 0.2064993 -2.165937
51 5.365679 -0.3289922 -0.2653087 -0.6650091 1.175623 0.6822022 0.3640075 0.2556728 -2.214088
52 5.176228 -0.4064934 -0.03435541 -0.5903465 1.166043 0.8371807 0.3731642 0.2912141 -2.209619
53 5.252956 -0.4753381 -0.06403113 -0.449672 0.9277351 0.3402972 0.2182275 0.2161872 -2.112858
54 5.218557 -0.4652178 -0.0424087 -0.4846582 1.036116 0.4257213 0.3013317 0.2969754 -2.344861
55 5.248728 -0.4515929 -0.07368057 -0.4701031 1.085144 0.3849888 0.2622585 0.2831836 -2.170196
56 5.362925 -0.4720621 -0.0002564584 -0.6058408 1.143865 0.4371493 0.212619 0.1632034 -2.259269
57 5.352331 -0.4930735 0.008318347 -0.5737669 1.000509 0.3509488 0.2234821 0.2431095 -2.162975
58 5.19688 -0.2657324 0.2589357 -0.6930112 1.145422 0.4744146 0.2233939 0.2472857 -2.180246
59 5.3686 -0.5816745 0.01873799 -0.4476488 1.136312 0.2631217 0.2543889 0.3511152 -2.054836
60 5.503024 -0.2809221 -0.1630779 -0.6849514 1.156101 0.3651427 0.1928703 0.1835704 -2.169337
61 5.167744 -0.1796009 0.07890357 -0.8237997 1.215206 0.4021949 0.2157221 0.1790965 -2.13196
62 5.241119 -0.2613838 -0.07800087 -0.6912027 0.932733 0.2785244 0.2011766 0.2482561 -2.275035
63 5.301082 -0.3610979 -0.03333329 -0.7531601 1.259362 0.5207943 0.3048282 0.2633298 -2.099668
64 5.385502 -0.4342066 -0.1230871 -0.5571697 1.114338 0.4814734 0.2834841 0.2437994 -2.185938
65 5.598098 -0.3617317 -0.3360613 -0.6089646 1.013736 0.4406855 0.2075224 0.1715469 -2.116829
66 5.254663 -0.1904079 -0.3742697 -0.8898752 1.05265 0.3636244 0.2543328 0.2434741 -2.160615
67 5.454017 -0.4015291 -0.2000501 -0.6535498 1.194378 0.4206297 0.1059024 0.2940763 -2.141219
68 5.174219 -0.2873717 0.02315942 -0.7782316 1.218262 0.5946481 0.1120273 0.2260113 -1.973343
69 5.246337 -0.3635762 -0.02735485 -0.5740587 1.058897 0.4846071 0.1912427 0.1340114 -2.435345
70 5.380766 -0.342921 -0.1361816 -0.704226 1.058039 0.5268506 0.2373628 0.2108574 -2.299283
71 5.29917 -0.4755729 -0.109473 -0.5462541 1.045356 0.5372312 0.269628 0.2224615 -2.229448
72 5.484679 -0.5509436 -0.142814 -0.4438681 1.309033 0.3953739 0.3515084 0.5704055 -2.200586
73 5.38725 -0.4121935 -0.2160661 -0.5388992 1.123426 0.4193596 0.2777208 0.2723986 -2.224908
74 5.564005 -0.391147 -0.3636313 -0.7896373 1.313775 0.5128675 0.260434 0.182793 -2.163323
75 5.35103 -0.4504629 -0.2116285 -0.5254642 1.004695 0.4966942 0.2869466 0.2184771 -2.094514
76 5.429395 -0.3741151 -0.2270314 -0.6899919 1.02409 0.5387881 0.3870343 0.3744337 -2.1366
77 5.59873 -0.3751886 -0.4054931 -0.5945438 1.044044 0.6246975 0.3580145 0.3014616 -2.129833
78 5.434198 -0.4446296 -0.1904525 -0.3865523 1.382742 0.7569837 0.3383506 0.2003501 -2.237345
79 5.39992 -0.4441268 -0.2173387 -0.4805549 1.193031 0.5578228 0.2958046 0.2643215 -2.169054
80 5.566135 -0.4879163 -0.393163 -0.4145428 1.191616 0.6439535 0.2940658 0.1877492 -2.159484
81 5.413746 -0.4720186 -0.1987007 -0.4697565 1.014514 0.3562134 0.31506 0.3461511 -2.009579
82 5.498632 -0.4385266 -0.3749012 -0.5176873 1.153676 0.2960016 0.2895854 0.6410296 -2.296042
83 5.49348 -0.4230663 -0.4195256 -0.4721608 0.9730003 0.4151095 0.2665763 0.2393993 -2.211018
84 5.188656 -0.1678189 -0.0398188 -0.7650922 1.029842 0.4718588 0.1716764 0.1571454 -2.208732
85 5.268246 -0.3675089 -0.02196232 -0.6938465 1.285117 0.5554961 0.3050395 0.3041442 -2.072408
86 5.441384 -0.3029838 -0.2090589 -0.8570957 1.010695 0.6595983 0.1710741 0.09570125 -2.271248
87 5.257288 -0.4683784 -0.05812379 -0.3389609 1.12002 0.7356558 0.1767181 0.2179179 -2.310419
88 5.43935 -0.3975651 -0.04222044 -0.6769338 1.087633 0.5604381 0.2446087 0.180664 -2.138351
89 5.498289 -0.2040824 -0.3380699 -0.8064489 1.39951 0.5052526 0.1669041 0.2361782 -2.126129
90 5.373408 -0.4811286 -0.3151462 -0.3960453 1.255474 0.4391147 0.2873517 0.2997094 -2.189416
91 5.22999 -0.4225452 0.1512258 -0.5963829 1.074455 0.5877691 0.1870485 0.2016663 -2.258622
92 5.213232 -0.257197 -0.1198641 -0.7136676 1.293621 0.4970687 0.2609471 0.2911916 -2.34268
93 5.222333 -0.4685343 0.06335596 -0.5384366 1.191597 0.5408357 0.3529961 0.3813122 -2.143589
94 5.20433 -0.4541881 -0.1085935 -0.5009316 1.207371 0.3712818 0.3075793 0.3696792 -2.228315
96 5.401103 -0.3877109 -0.1050076 -0.7603095 1.250496 0.9382131 0.2801945 0.153429 -2.172968
97 5.200749 -0.2839238 0.2495608 -0.8591327 1.113888 0.383213 0.1863785 0.1486345 -2.152467
98 5.469256 -0.4610599 -0.1631213 -0.4680622 1.267119 1.201301 0.1599063 0.1848226 -2.112231
99 5.309826 -0.3888905 -0.1333722 -0.6155841 0.9283219 0.4166013 0.2635729 0.2284814 -2.013132
100 5.387247 -0.4586969 -0.2435598 -0.4981579 1.171097 0.4571579 0.1256496 0.3728784 -2.053199
101 5.227425 -0.1706869 0.2239218 -0.9432176 1.123011 0.5930756 0.251588 0.2132183 -2.203936
102 5.411765 -0.4607723 -0.2196952 -0.5579358 1.004875 0.4344457 0.190704 0.2493117 -2.037281
103 5.432337 -0.4884777 -0.1588096 -0.5219273 1.059799 0.7163656 0.2260263 0.1359972 -2.26795
