1 5.320083 -0.4678586 -0.2229664 -0.3997311 0.5034866 0.2543631 0.1477023 0.2280862 4.552275 -2.149434
2 5.213022 -0.3109626 0.1353738 -0.6445334 0.4938154 0.4691085 0.1581311 0.2027021 6.083046 -2.253482
3 5.17346 -0.3859206 0.0684198 -0.5959521 0.4964745 0.4227355 0.1155694 0.1739303 4.461258 -2.280845
4 5.453898 -0.5343767 -0.1178481 -0.4703029 0.5270208 0.6545402 0.02838238 0.2208353 6.936917 -2.109641
5 5.208657 -0.4691301 0.04498545 -0.5661275 0.4849414 0.3453954 0.1149107 0.2271627 5.516536 -2.339667
6 5.276951 -0.4682275 0.09243107 -0.6100246 0.4579362 0.4285397 0.1299987 0.180338 5.807231 -2.218977
7 5.231785 -0.3545212 -0.03976605 -0.6329395 0.4487701 0.518865 0.09486824 0.1815841 5.059862 -2.138351
8 5.405477 -0.4030684 -0.144018 -0.6240683 0.4622149 0.3738082 0.05059147 0.1820647 4.068984 -2.20505
9 5.274977 -0.3180061 -0.2065829 -0.6651914 0.5706173 0.4840561 0.1276761 0.1632361 5.502816 -2.094799
10 5.463348 -0.4056251 -0.1840194 -0.6786483 0.458216 0.2741812 0.1001264 0.2174119 6.422007 -2.201704
11 5.482207 -0.3883665 -0.1126288 -0.6835425 0.491205 0.430931 0.099577 0.1492338 5.350707 -2.177961
12 5.330003 -0.2911988 -0.1191212 -0.6101599 0.4947637 0.4695818 0.05958808 0.2104218 4.762897 -2.094655
13 5.379944 -0.2532798 -0.09877982 -0.7469573 0.4981123 0.236955 0.04759354 0.1739199 4.469081 -2.10554
14 5.380097 -0.3285739 -0.2255112 -0.7063926 0.4593333 0.394442 0.1205743 0.1777834 4.469265 -2.075898
15 5.431577 -0.4079723 -0.167651 -0.5618662 0.4318721 0.3550973 0.09769027 0.138437 4.600283 -2.096813
17 5.551003 -0.4409292 -0.3693786 -0.5411354 0.4759627 0.3393806 0.165141 0.1917599 4.977148 -2.172223
18 5.438949 -0.5300194 -0.2747217 -0.4999701 0.6011152 0.4307204 0.1284291 0.2499378 6.472761 -2.115346
19 5.16484 -0.2703236 0.02592898 -0.5756406 0.4460399 0.4584455 0.01764939 0.2379783 3.523338 -2.099668
20 5.384779 -0.5102339 -0.2602531 -0.4342531 0.4926803 0.3913482 0.1370359 0.2175867 5.318502 -2.237345
21 5.273409 -0.3544576 0.0229551 -0.6095827 0.4756585 0.5408352 -0.01147298 0.2539365 4.221401 -2.305913
22 5.275815 -0.221693 -0.1510606 -0.6963072 0.5576222 0.4273637 0.09742933 0.2230525 5.641212 -2.196078
23 5.125795 -0.3266058 0.08320588 -0.8105184 0.5205267 0.5704353 0.1210284 0.2275848 6.629941 -2.116728
24 5.291817 -0.2706867 -0.1510666 -0.5143484 0.4380631 0.2957634 0.1277737 0.1588111 4.341512 -2.293851
25 5.368346 -0.3755584 -0.2272051 -0.6191871 0.5090863 0.3692728 0.1546448 0.1923763 6.377948 -2.079442
26 5.301685 -0.2821752 -0.07733916 -0.5578448 0.435895 0.4611212 0.1464508 0.1282324 4.503221 -2.454233
27 5.423293 -0.4747451 -0.2106377 -0.5388321 0.5484322 0.3809346 0.05353283 0.1397059 8.293208 -2.090099
28 5.34724 -0.4941177 0.0578793 -0.4566035 0.4420006 0.4028293 0.09586102 0.2238245 5.272987 -2.141812
29 5.228097 -0.2265197 -0.0286375 -0.8114802 0.4573064 0.388001 0.1147983 0.1609554 6.198277 -2.252988
30 5.461277 -0.5634153 -0.09112087 -0.4863796 0.4780838 0.473294 0.04087764 0.1837336 6.523024 -2.230929
32 5.406372 -0.355148 -0.1618481 -0.6683982 0.540176 0.2358481 0.07393172 0.1828463 6.390402 -2.140066
33 5.270908 -0.3072483 -0.07087819 -0.7720974 0.47601 0.4235331 0.04614191 0.2971406 4.62107 -2.0353
34 5.386163 -0.4631742 -0.1394772 -0.5452087 0.423464 0.3398208 0.1166383 0.2664423 4.396987 -2.141219
35 5.477493 -0.3340543 -0.3971858 -0.6517012 0.5244407 0.4204731 0.1745285 0.1459013 6.391911 -2.216316
36 5.459268 -0.4888635 -0.203582 -0.4695371 0.5140818 0.5434471 0.08763899 0.1369259 5.004084 -2.246185
37 5.328455 -0.371255 -0.1528822 -0.6069107 0.4617473 0.36304 0.08269838 0.2216334 4.144163 -2.224345
38 5.330083 -0.2764917 -0.0006091025 -0.8021948 0.5237863 0.3675956 0.1181243 0.1727977 6.450363 -2.183526
39 5.391625 -0.3807552 -0.1427853 -0.460901 0.4469548 0.4066375 0.07156011 0.2353501 5.116151 -2.124102
40 5.508937 -0.4507582 -0.2291054 -0.5205315 0.481456 0.5085556 0.06439984 0.2042392 5.321289 -2.265341
41 5.387016 -0.4332512 -0.3900085 -0.4985798 0.4810082 0.5503904 0.1079882 0.1739437 5.849423 -2.238468
42 5.466407 -0.4575724 -0.1457297 -0.6123421 0.5056918 0.4106571 0.05417339 0.2253038 4.885333 -2.244403
43 5.479473 -0.3179074 -0.337112 -0.7677062 0.5041657 0.4873756 0.075277 0.2872741 5.003299 -2.292754
44 5.48218 -0.3864266 -0.2941763 -0.5872017 0.5047162 0.4534332 0.04279173 0.1568868 5.922953 -2.335008
45 5.30992 -0.2921231 -0.04340063 -0.7549993 0.5317377 0.2799777 0.09149941 0.2299627 5.868081 -2.129631
46 5.321416 -0.3483248 -0.1816279 -0.5839946 0.5400887 0.4215955 0.1367387 0.1989336 6.588294 -2.103424
47 5.366219 -0.4574845 -0.181237 -0.4787957 0.5023178 0.4210958 0.05318087 0.2480225 5.868119 -2.292754
48 5.24407 -0.31135 -0.001995588 -0.6284726 0.5162669 0.380129 0.1256282 0.254611 6.705009 -2.188113
49 5.340513 -0.4554458 -0.3496949 -0.5609143 0.4197646 0.5377985 -0.04638589 0.1908694 3.936504 -2.223497
50 5.339052 -0.4220814 -0.2187289 -0.6523146 0.4786858 0.4534183 0.07875134 0.2275291 6.082102 -2.165937
51 5.360764 -0.3795001 -0.1810368 -0.6267167 0.5230306 0.5121226 0.1634545 0.1909145 4.826058 -2.214088
52 5.279637 -0.3153468 -0.04839285 -0.6564978 0.4887088 0.5884185 0.1042849 0.2353917 5.289118 -2.209619
53 5.271022 -0.4292006 -0.07372359 -0.5397112 0.523069 0.3962735 0.1060338 0.199548 9.183631 -2.112858
54 5.2843 -0.441408 -0.07550628 -0.4974629 0.4589916 0.4135955 0.1062728 0.2009647 5.151541 -2.344861
55 5.211129 -0.3318006 -0.04301135 -0.5968732 0.5162273 0.4695196 0.078877 0.2464866 6.319978 -2.170196
56 5.344591 -0.4413398 0.01818743 -0.6083695 0.5132883 0.3197594 0.1556116 0.1354123 4.36731 -2.259269
57 5.316957 -0.4524428 0.04343166 -0.5761579 0.4603226 0.3744665 0.07712861 0.1818399 5.647525 -2.162975
58 5.211462 -0.3264442 0.2327076 -0.6017449 0.4438149 0.5410606 0.05638335 0.2913528 5.250432 -2.180246
59 5.347369 -0.5345457 -0.002682792 -0.5218236 0.5696024 0.3310583 0.0976306 0.2782756 6.71182 -2.054836
60 5.428045 -0.3524591 -0.1664956 -0.5449528 0.4616957 0.3424169 0.05239825 0.1529028 4.446359 -2.169337
61 5.214177 -0.2192583 0.004774588 -0.7706462 0.4845883 0.3522333 0.1191878 0.1273707 4.078575 -2.13196
62 5.307007 -0.3196793 -0.1304207 -0.68036 0.4530035 0.3108541 0.1091299 0.1671046 5.89254 -2.275035
63 5.519556 -0.4357202 -0.2500659 -0.6393992 0.5236761 0.2919592 0.1258081 0.2038299 4.490857 -2.099668
64 5.358105 -0.3900779 -0.133281 -0.5843434 0.5046345 0.39628 0.08061666 0.1604363 5.040234 -2.185938
65 5.597812 -0.4122751 -0.3480128 -0.5412408 0.4846309 0.3839134 0.06431185 0.205205 5.934115 -2.116829
66 5.168003 -0.2343335 -0.1334774 -0.8078152 0.5442825 0.296154 0.1685566 0.2010937 6.250193 -2.160615
67 5.375132 -0.3666325 -0.07680269 -0.6546849 0.5108619 0.4851449 -0.02134764 0.2333926 5.438796 -2.141219
68 5.160929 -0.2920766 -0.02028037 -0.6997721 0.4945243 0.620086 0.03923324 0.2226421 6.013431 -1.973343
69 5.265172 -0.3433226 -0.07331269 -0.5684358 0.567833 0.4410782 0.1272778 0.1583588 7.875137 -2.435345
70 5.293918 -0.3417814 -0.1715563 -0.6815249 0.4353761 0.5033121 0.06900883 0.164075 4.868293 -2.299283
71 5.323741 -0.5060252 -0.0137786 -0.4891153 0.472996 0.4891051 0.06414919 0.1739777 5.440578 -2.229448
72 5.37322 -0.4439 -0.04632195 -0.4791729 0.4497914 0.4556178 0.0919346 0.2402006 4.020498 -2.200586
73 5.364683 -0.4309775 -0.07434343 -0.4973356 0.4902929 0.3558325 0.129005 0.1705018 4.892269 -2.224908
74 5.576257 -0.3878638 -0.379643 -0.7571703 0.5716784 0.3356497 0.1099663 0.1497199 4.746132 -2.163323
75 5.363777 -0.4148884 -0.2655823 -0.5747768 0.5383392 0.4373995 0.1628357 0.1776513 7.605259 -2.094514
76 5.418691 -0.3673134 -0.2944665 -0.5816474 0.4456431 0.3102935 0.1136348 0.2795647 5.02893 -2.1366
77 5.471426 -0.3079213 -0.3229993 -0.6486321 0.4415324 0.4014188 0.07852087 0.2254008 4.890123 -2.129833
78 5.399229 -0.3690814 -0.0197023 -0.4828629 0.5121048 0.3819122 0.1363841 0.1378928 4.069824 -2.237345
79 5.335645 -0.471635 -0.07705582 -0.4880318 0.45673 0.4263194 0.04143886 0.2613181 4.332141 -2.169054
80 5.585549 -0.535157 -0.3082362 -0.3681195 0.5512665 0.5425132 0.1282182 0.171347 5.891352 -2.159484
81 5.367955 -0.4522833 -0.1448245 -0.4910799 0.5065984 0.2554813 0.2012722 0.2512821 6.187992 -2.009579
82 5.456035 -0.4037571 -0.2588199 -0.4996128 0.439163 0.3458538 0.06253055 0.3406801 4.239963 -2.296042
83 5.418566 -0.3740798 -0.299836 -0.5478652 0.4803118 0.3718652 0.1573893 0.2185495 6.354368 -2.211018
84 5.245317 -0.2068098 -0.07106985 -0.7307451 0.4542015 0.3302772 0.06889891 0.1910403 5.203436 -2.208732
85 5.236123 -0.2885772 0.08812577 -0.7321201 0.5040753 0.4090403 0.1115299 0.1626883 4.340634 -2.072408
86 5.436393 -0.35146 -0.07978011 -0.8072044 0.4438264 0.538598 0.05433519 0.09697981 5.098355 -2.271248
87 5.259305 -0.4583739 -0.01651687 -0.3541858 0.4881775 0.5651263 0.07810519 0.230827 5.914261 -2.310419
88 5.408732 -0.3617672 -0.06751917 -0.6399861 0.4955476 0.441857 0.09853153 0.2082421 5.585046 -2.138351
89 5.473701 -0.2546663 -0.2903771 -0.743471 0.5413503 0.3624702 0.06430242 0.1645062 4.256554 -2.126129
90 5.414167 -0.4409967 -0.222104 -0.5079194 0.5041202 0.4337858 0.1638008 0.2247254 4.936889 -2.189416
91 5.237258 -0.3902689 0.08302131 -0.5602424 0.4058758 0.5209961 0.05460031 0.1330761 4.572417 -2.258622
92 5.249898 -0.3525414 -0.1928857 -0.572745 0.5580455 0.4263257 0.081657 0.2499697 4.74539 -2.34268
93 5.23604 -0.4275519 0.02809019 -0.5725853 0.5390297 0.519866 0.1082137 0.2119589 5.18799 -2.143589
94 5.261768 -0.4195759 -0.1566879 -0.55964 0.5013453 0.3352684 0.08119326 0.2189216 4.689191 -2.228315
96 5.360097 -0.3722104 -0.1892002 -0.7210277 0.5263422 0.4987016 0.1596665 0.180007 4.378849 -2.172968
97 5.182621 -0.2837104 0.259069 -0.8338935 0.545543 0.3586429 0.09067995 0.1462379 5.942463 -2.152467
98 5.390781 -0.3805157 -0.161415 -0.5968836 0.5109715 0.3252994 0.0878839 0.2402267 4.576614 -2.112231
99 5.376719 -0.3805428 -0.2213292 -0.6572882 0.4187421 0.3814922 0.1221554 0.2303077 5.977334 -2.013132
100 5.203997 -0.3001178 -0.03900257 -0.5844952 0.4496725 0.2827207 0.1368741 0.152886 4.605847 -2.053199
101 5.21587 -0.3050898 0.2056929 -0.7437229 0.4574764 0.4770369 0.119341 0.1408516 4.670742 -2.203936
102 5.406855 -0.4576276 -0.1708331 -0.5373258 0.4525253 0.4174092 0.05468141 0.2838592 6.618249 -2.037281
103 5.351026 -0.3634313 -0.08555733 -0.6917914 0.4652416 0.5172961 0.0942449 0.1836204 5.204199 -2.26795
