1 0.119324 0.1123768 0.16634 0.1360175 0.1794441 0.1066397 0.103058 0.1118411 0.4080629 0.2972935 0.1036739 0.1578476
2 0.12669 0.1204688 0.1718805 0.1378517 0.1961078 0.1063907 0.09818132 0.167024 0.3805203 0.2791886 0.1201437 0.1695881
3 0.1232039 0.1202065 0.1710383 0.1381604 0.2137507 0.1226389 0.1132892 0.2322034 0.5608704 0.4592218 0.1614661 0.2931335
4 0.1299957 NaN 0.1820498 0.08472433 NaN NaN NaN NaN NaN NaN NaN NaN
5 0.1407055 0.108489 0.2012735 0.1388426 0.2685799 0.1512875 0.1081981 0.2038933 0.3433055 0.2885874 0.1171639 0.1404314
6 0.1326512 0.1214654 0.180906 0.1532018 0.2175718 0.1322302 0.1239194 0.1696982 0.3459885 0.2614498 0.1096571 0.1517142
7 0.1180466 0.1073993 0.1629107 0.137038 0.196688 0.1250189 0.1223587 0.1331627 0.405583 0.272815 0.09540296 0.1410807
8 0.129544 0.1254206 0.1762505 0.1511425 0.232684 0.1446245 0.1324929 0.2318971 0.4280126 0.3321021 0.1113029 0.1882011
9 0.1181842 0.1022151 0.1673319 0.126904 0.1818842 0.1020298 0.08821995 0.132811 0.3701926 0.2679126 0.1096081 0.15687
10 0.1212911 NaN 0.1762526 0.1072671 0.01581947 0.1092201 0.1156113 NaN 0.230964 0.1450649 NaN NaN
11 0.1099032 0.03567108 0.1636121 0.1250262 0.10577 0.04146212 0.09879778 NaN 0.3654402 0.2126655 NaN NaN
12 0.1332396 0.1141437 0.194532 0.1434557 0.2421111 0.1320098 0.1100695 0.1672233 0.306525 0.2403444 0.1028565 0.1285279
13 0.1171875 NaN 0.1706359 0.08288096 NaN NaN 0.05748125 NaN NaN NaN NaN NaN
14 0.1266045 0.113414 0.1743426 0.1229948 0.1970283 0.1118276 0.08590334 0.1747105 0.5454475 0.4071137 0.1714188 0.3110442
15 0.1286232 0.1753201 0.1919291 0.1705278 0.2671304 0.1583506 0.1011575 0.2760277 0.7437313 0.4043253 0.199432 0.4171748
16 0.1167885 0.09028059 0.1689625 0.1179381 0.1874727 0.1062726 0.08407221 0.1103264 0.4128687 0.2697621 0.1048722 0.1467474
17 0.1281842 0.1179495 0.1723542 0.1314492 0.187247 0.1022127 0.09467725 0.1121595 0.3434301 0.2646512 0.1346579 0.1806874
18 0.1161933 0.111802 0.1640983 0.1443447 0.1895016 0.1229898 0.1159733 0.1345646 0.3686485 0.2870284 0.1021111 0.1333932
19 0.1403485 0.1297056 0.179132 0.1428867 0.2077634 0.1222161 0.110116 0.1580672 0.3489095 0.2676219 0.1406403 0.1960252
20 0.1011646 0.09287271 0.1473297 0.1222275 0.1753529 0.1113659 0.1140208 0.1463678 0.4767064 0.273107 0.09145895 0.147241
21 0.1278869 0.08413031 0.1831728 0.1339467 0.1854671 0.09290717 0.1023172 0.04743052 0.3464497 0.2377499 0.03369439 NaN
22 0.1208783 0.1021893 0.1622585 0.1302738 0.1850839 0.1062264 0.09586587 0.1105367 0.3998338 0.3012456 0.1214612 0.1615267
23 0.1234911 0.2344737 0.1640262 0.1890869 0.2199059 0.1828233 0.1297348 0.2345368 0.4176041 0.2907213 0.1953608 0.3114853
24 0.1213161 0.1060779 0.1784798 0.1475283 0.2006953 0.1212845 0.1212716 0.1427926 0.3315801 0.2589279 0.09243717 0.1166302
25 0.1218133 0.118119 0.1807711 0.155547 0.2436465 0.147526 0.1344013 0.2355657 0.3420601 0.2956199 0.1260545 0.1788406
26 0.120645 0.1034262 0.1661438 0.1315786 0.1752968 0.09956632 0.09346288 0.1284854 0.343188 0.2471267 0.1212717 0.15055
27 0.1353033 0.1292831 0.1802735 0.154218 0.2149008 0.1315746 0.129519 0.1535996 0.3334632 0.2428033 0.0964026 0.1317718
28 0.1178953 0.07848801 0.1627157 0.1168152 0.138632 0.08937993 0.07796612 NaN 0.2752054 0.1933186 0.0490361 NaN
29 0.1255678 0.1148723 0.1764781 0.1338344 0.2298473 0.1290002 0.09585595 0.2026365 0.3780247 0.2600617 0.135978 0.1902488
30 0.1343882 0.1357619 0.1898447 0.1964732 NaN 0.05338679 0.1896343 NaN 0.3235943 0.2455201 0.06406008 NaN
31 0.1142479 0.1281852 0.1669702 0.1315045 0.2152486 0.1359003 0.09834309 0.204005 0.4202113 0.3571678 0.2052333 0.3163337
32 0.1252812 0.1454307 0.1723561 0.1605897 0.2208757 0.1343111 0.154039 0.2000506 0.401931 0.3179782 0.1605759 0.2260252
33 0.1257096 0.05242761 0.1685768 0.1444431 0.05351218 0.06497336 0.1138411 NaN 0.3682347 0.2157855 NaN NaN
34 0.1399397 0.1122482 0.1854723 0.1350025 0.2135875 0.1191036 0.0923659 0.1442732 0.3753556 0.2542219 0.08012472 0.1131121
35 0.1177381 0.1098097 0.1588905 0.1300646 0.2048843 0.1288328 0.1061273 0.1414809 0.4267911 0.2941302 0.1489954 0.2209463
36 0.108374 0.1084395 0.1592901 0.1293259 0.1775075 0.1054064 0.09585023 0.1300059 0.4353857 0.2556224 0.09549573 0.1668302
37 0.1245972 0.1527207 0.1661162 0.1634635 0.1843092 0.1212569 0.1151062 0.1699367 0.3565562 0.2697379 0.1746548 0.2094131
38 0.1180375 0.09853462 0.1685501 0.1379522 0.1830081 0.107322 0.1037943 0.1306662 0.3490411 0.266689 0.09789953 0.113171
39 0.1259747 0.1075836 0.1771077 0.12495 0.2058254 0.1072695 0.0912667 0.1113969 0.3702463 0.2683437 0.1473952 0.1999327
40 0.1286855 0.0715104 0.1897933 0.1371909 0.1403573 0.09200301 0.108899 NaN 0.3464796 0.237379 NaN NaN
41 0.1236386 0.1135446 0.1728285 0.1358422 0.2148377 0.1219988 0.1009159 0.1541712 0.4290798 0.3343484 0.1410545 0.2024864
42 0.1278477 0.09523999 0.1728292 0.119162 0.1821033 0.09479354 0.07407895 0.1258713 0.4537352 0.2924027 0.1118176 0.1595135
43 0.1208398 0.1141201 0.1669301 0.1359579 0.1790395 0.1035415 0.08986937 0.1528956 0.3769941 0.291807 0.127341 0.1806183
44 0.130419 0.09861267 0.1817412 0.1239982 0.2188113 0.1232495 0.09989595 0.1713462 0.4312563 0.2688359 0.1294993 0.1756355
45 0.1207417 0.1051346 0.1683087 0.1296939 0.1842561 0.110301 0.09724509 0.1312402 0.3731923 0.2583902 0.1274107 0.1867295
46 0.1383438 0.1116815 0.1947928 0.141886 0.2636958 0.149527 0.1142343 0.2302638 0.3889361 0.2924906 0.1285204 0.175591
47 0.1212889 0.1336474 0.1715458 0.1465653 0.2122753 0.1375686 0.1272575 0.1756373 0.3955713 0.2724522 0.1471892 0.2214521
48 0.1281297 0.1099403 0.1777702 0.1348219 0.2274261 0.1417468 0.101477 0.2093269 0.3677721 0.2810682 0.1138777 0.1638876
49 0.1242948 0.1210066 0.1740766 0.1341458 0.2054346 0.1207817 0.09431598 0.1775442 0.3800989 0.2992999 0.1772348 0.2523919
50 0.1176401 0.1036031 0.171195 0.129227 0.1970421 0.1126419 0.1004415 0.144964 0.4049025 0.2692373 0.09510391 0.1599452
51 0.1239142 0.1319004 0.1748237 0.1362935 0.2104155 0.1168152 0.09934464 0.1817455 0.3641827 0.289035 0.1770258 0.2548189
52 0.1128024 0.1110709 0.16195 0.1419954 0.169057 0.1059624 0.1062863 0.122851 0.3897257 0.2834449 0.09716076 0.1319143
53 0.1271669 0.1910521 0.1707039 0.1412649 0.2785464 0.1365361 0.1128263 0.3148561 0.3875524 0.3637194 0.268271 0.399985
54 0.1206599 0.1196233 0.1721605 0.1559487 0.2201684 0.1352602 0.1470954 0.1372469 0.3709049 0.2813499 0.1015725 0.1331204
55 0.1374197 0.1003563 0.1900306 0.1270121 0.2090319 0.1025062 0.08856503 0.1420291 0.3471183 0.2637901 0.1229406 0.1522938
56 0.1202303 0.1197267 0.1674921 0.1435409 0.2151376 0.1363641 0.1262708 0.1643245 0.4209531 0.3162879 0.121477 0.1836051
57 0.1371258 0.1052614 0.2081656 0.145162 0.27438 0.1534508 0.1216946 0.2312875 0.3375254 0.3104825 0.1129772 0.1376058
58 0.1311413 0.1324409 0.186384 0.1427121 0.2433523 0.1443364 0.1071195 0.2552338 0.4219316 0.3116308 0.1620975 0.2611152
59 0.1268421 0.1257268 0.1818835 0.1604614 0.248404 0.1552006 0.1540333 0.161157 0.3725618 0.2773089 0.09673761 0.1467073
60 0.120567 0.0368156 0.1709805 0.1197378 0.1033939 0.03670133 0.07376811 NaN 0.3324379 0.1872369 NaN NaN
61 0.1266649 0.119894 0.1741223 0.1546933 0.2153038 0.1379367 0.1409557 0.133244 0.3872762 0.2669003 0.1095964 0.1300305
62 0.1229863 0.14493 0.1793879 0.1444736 0.2380693 0.1485193 0.1172304 0.250436 0.4639088 0.272699 0.1231864 0.2331375
63 0.115903 NaN 0.1646957 0.1327959 NaN NaN 0.0973923 NaN 0.2843779 NaN NaN NaN
64 0.1176237 0.1179663 0.1603163 0.143777 0.1849859 0.1192287 0.1140633 0.1458012 0.3899113 0.2778098 0.1027917 0.1471523
65 0.1236795 0.1230977 0.16821 0.1400119 0.1944341 0.1209082 0.1126868 0.141635 0.4384841 0.2821929 0.09855271 0.1606657
66 0.1095332 0.1110609 0.1625908 0.1332323 0.1887664 0.1283717 0.1117288 0.1735505 0.530479 0.3938434 0.1454019 0.2484291
67 0.1210203 0.1270943 0.1733408 0.1624791 0.2156093 0.1347622 0.1378221 0.1629032 0.3241092 0.2294799 0.08957204 0.1292163
68 0.1332301 0.1428243 0.1786014 0.1552834 0.2348231 0.1379566 0.1214259 0.2112762 0.3759937 0.2871651 0.1467644 0.226093
69 0.1277637 0.1096369 0.1690542 0.1262551 0.1701495 0.08784607 0.08777801 0.1201121 0.3552192 0.2906072 0.1674704 0.2017971
70 0.1194658 0.1346605 0.1610734 0.1479357 0.1935738 0.1178866 0.1055053 0.1835859 0.4693835 0.3292566 0.1711644 0.2677931
71 0.1218288 0.1185832 0.1691845 0.1338215 0.2201271 0.1335725 0.1115278 0.2079996 0.3840371 0.2962014 0.1382878 0.2143081
72 0.1293752 0.01927941 0.1856405 0.1374136 0.2194922 0.1334682 0.1440723 0.03237634 0.3389185 0.2198492 NaN NaN
73 0.1328882 0.1089793 0.1875033 0.136067 0.2356363 0.1386106 0.1271887 0.1746269 0.4032788 0.3229853 0.1252588 0.1775553
74 0.1219771 0.1266556 0.1655183 0.1506791 0.1921509 0.1186638 0.1150391 0.155815 0.487373 0.3427066 0.1354915 0.2336503
75 0.1139252 0.1377583 0.1688557 0.14342 0.2278589 0.1350525 0.1167122 0.1892016 0.3471791 0.2575541 0.2124445 0.2944127
76 0.1206555 0.1026908 0.1668864 0.1302144 0.1892033 0.1081333 0.09337654 0.1174167 0.4008659 0.2656912 0.102486 0.139116
77 0.1192256 0.144379 0.1640696 0.1440994 0.195789 0.1260531 0.1054896 0.1937745 0.4193669 0.2812254 0.167662 0.2522066
78 0.1242086 0.117764 0.1765693 0.1469547 0.2278964 0.142413 0.122991 0.2036253 0.4103263 0.3136321 0.1221715 0.1839703
79 0.1389914 0.1251894 0.1853257 0.1399552 0.2128467 0.1234941 0.1131196 0.1529357 0.366163 0.2759496 0.1463086 0.1967838
80 0.1076653 0.1931487 0.1544285 0.1712866 0.2067525 0.1218983 0.1067489 0.2582237 0.4694584 0.3161018 0.1965973 0.3420163
81 0.1342557 NaN 0.1791541 0.1157251 NaN NaN 0.1100173 NaN 0.352909 NaN NaN NaN
82 0.1222481 0.1670276 0.1753831 0.1497993 0.303064 0.2055701 0.1187781 0.387885 0.4530535 0.5069122 0.2941999 0.4861085
83 0.129955 0.108189 0.1762316 0.1364276 0.1965677 0.108457 0.1015648 0.1280436 0.3873492 0.3065698 0.1213712 0.1426356
84 0.1251849 0.1497295 0.173145 0.1919385 0.2093962 0.1462759 0.1829589 0.1457539 0.285491 0.2411209 0.07446562 0.08392527
85 0.1293464 0.1759786 0.1741169 0.1406442 0.236296 0.1467306 0.1032761 0.2502489 0.495307 0.3837816 0.2049537 0.3302563
86 0.1205698 NaN 0.1661641 NaN NaN NaN NaN NaN NaN NaN NaN NaN
87 0.1253226 0.1067613 0.1898623 0.1230862 0.2206403 0.1098742 0.0864334 0.1396992 0.3883418 0.2810821 0.1458663 0.2202195
88 0.1296887 0.1923428 0.1814848 0.1842018 0.2883526 0.1938299 0.2025189 0.3541179 0.4135956 0.376646 0.2709689 0.37329
89 0.1314272 0.1190841 0.1874978 0.131239 0.2508768 0.1338376 0.1021457 0.2741848 0.4963499 0.4009651 0.2053468 0.3502659
90 0.1335949 0.1138692 0.1776906 0.1244479 0.2122622 0.118044 0.08698691 0.1292708 0.4106565 0.2851283 0.1308551 0.192525
91 0.1277968 0.1166335 0.1796002 0.1374606 0.2254259 0.1315195 0.1016132 0.2072755 0.3657016 0.2791459 0.155801 0.223745
92 0.1410208 0.1110528 0.2013806 0.1421626 0.2707958 0.1600046 0.1364399 0.1759688 0.305873 0.2538441 0.09446908 0.1222204
93 0.1335349 0.1009729 0.1832551 0.1238772 0.2180518 0.12513 0.08850717 0.1516832 0.414793 0.2896873 0.119029 0.1798601
94 0.121467 0.1001478 0.1773743 0.1241917 0.2120216 0.1213691 0.1016053 0.1370314 0.3959696 0.2835037 0.1308439 0.1946361
95 0.1385686 0.1069442 0.1858217 0.1306687 0.2180726 0.1199921 0.08960195 0.1647943 0.4179143 0.2753759 0.1281126 0.17679
96 0.1231462 0.1418505 0.1777044 0.1273651 0.247858 0.1263862 0.09676107 0.3403385 0.6193087 0.4879571 0.2981778 0.5267252
97 0.123168 0.1032129 0.1746098 0.1324555 0.2102544 0.1250536 0.09292949 0.1742928 0.4127941 0.3063056 0.1404305 0.2158354
98 0.1161939 0.1063014 0.1667136 0.1332941 0.1840835 0.1129252 0.09514796 0.155576 0.4412137 0.2793601 0.1286875 0.1707494
99 0.1073775 0.1134446 0.1722811 0.1469093 0.1980577 0.1254791 0.121441 0.1655416 0.4498544 0.3376702 0.1194547 0.2106101
100 0.1180542 0.1129695 0.1613101 0.1334756 0.1776817 0.1086252 0.09084246 0.161856 0.4303268 0.2972102 0.1084021 0.1687975
