1 5.319383 -0.5527674 -0.2164984 -0.3498073 0.5226475 0.2253273 0.164464 0.2234721 4.644725 -1.806577 -1.008755 0.3058455 -0.2668906
2 5.223514 -0.3887354 0.1335209 -0.6046314 0.5048072 0.4748213 0.1570458 0.2141357 6.252712 -1.485166 -0.8303997 0.2737857 -0.3553012
3 5.180559 -0.4605656 0.06762353 -0.5664654 0.5111626 0.427847 0.1298936 0.1858582 4.606283 -1.550453 -0.8261562 0.3009457 -0.3907473
4 5.463426 -0.6178018 -0.1243179 -0.4382738 0.5419238 0.6688201 0.02853038 0.2307205 7.262335 -1.459361 -0.8543512 0.3048268 -0.3622382
5 5.213535 -0.5132855 0.04631616 -0.5472535 0.4876594 0.3523342 0.1098713 0.234284 5.589979 -2.165601 -0.6921389 0.2617124 -0.2188196
6 5.278317 -0.5475224 0.09326346 -0.5797007 0.4668075 0.4457614 0.125112 0.2040977 5.944875 -1.472409 -0.6775845 0.2974692 -0.3998905
7 5.233031 -0.4218017 -0.04074636 -0.5936402 0.456563 0.5301758 0.09422718 0.1881017 5.167127 -1.745151 -0.8697185 0.29091 -0.2800496
8 5.417237 -0.4594947 -0.1550558 -0.6003513 0.4693298 0.3897682 0.04839192 0.1901234 4.142483 -1.481351 -0.9594502 0.2305496 -0.2896208
9 5.282246 -0.419754 -0.2116513 -0.6204375 0.5958065 0.4751857 0.1472019 0.1711399 5.699318 -1.315703 -0.8930934 0.2855425 -0.372028
10 5.474703 -0.5149259 -0.1888137 -0.6338516 0.4898407 0.2571939 0.1033641 0.2326692 6.864571 -1.141437 -1.030866 0.3875489 -0.5422544
11 5.489235 -0.4681664 -0.1164662 -0.6381088 0.5050338 0.425685 0.1021233 0.1522254 5.476078 -1.849901 -0.9007643 0.3450611 -0.3207263
12 5.32918 -0.3731401 -0.1057947 -0.5794625 0.5131825 0.4727684 0.0641739 0.2250715 4.967211 -1.295631 -0.6601319 0.2356783 -0.3412915
13 5.380484 -0.320046 -0.09596463 -0.7241481 0.5134778 0.2400094 0.0519057 0.178141 4.63033 -1.746747 -0.5670717 0.3086068 -0.3193759
14 5.378053 -0.4434731 -0.215654 -0.6419398 0.4736828 0.4030908 0.1290922 0.1994656 4.610261 -0.8674154 -1.297079 0.2808426 -0.4217684
15 5.443746 -0.507865 -0.1711037 -0.4979249 0.4484985 0.3568236 0.1033173 0.1436947 4.765598 -1.069106 -1.236168 0.2912551 -0.3933443
17 5.544056 -0.5410222 -0.3571324 -0.4859763 0.4871254 0.3470256 0.1746781 0.2073381 5.103613 -1.704025 -0.6446602 0.3353069 -0.3705597
18 5.441443 -0.5856841 -0.2683209 -0.4715375 0.6114076 0.4343277 0.1318767 0.2447623 6.589018 -2.087456 -0.8940813 0.2896626 -0.1872679
19 5.163126 -0.3577239 0.0345493 -0.5280743 0.4620141 0.4552892 0.03795136 0.2457978 3.617077 -1.738994 -0.9451848 0.3563115 -0.3278015
20 5.383204 -0.6087227 -0.2499218 -0.3812478 0.5042321 0.395087 0.1373891 0.2412798 5.495409 -1.365932 -0.9742943 0.2785664 -0.3814454
21 5.28083 -0.4212581 0.0159149 -0.5748666 0.4845806 0.5555741 -0.008389263 0.2730327 4.358867 -1.690717 -0.8897551 0.227563 -0.2728148
22 5.277343 -0.3133035 -0.15932 -0.6532609 0.5734501 0.4501939 0.1075097 0.2355526 5.951173 -1.893767 -0.7266352 0.3516893 -0.3380274
23 5.122715 -0.4498463 0.09253211 -0.748281 0.5361827 0.5900621 0.1272977 0.2476421 6.890411 -1.270322 -1.001165 0.3411629 -0.4331178
24 5.293899 -0.3440484 -0.1500959 -0.4771143 0.4486959 0.3038554 0.1278677 0.1810297 4.527968 -1.283015 -0.9612282 0.2282493 -0.3535544
25 5.385538 -0.4546362 -0.2476684 -0.6015724 0.5226997 0.3820707 0.1554181 0.2111304 6.671524 -1.525911 -0.6465747 0.3049727 -0.359712
26 5.299786 -0.3394051 -0.07974499 -0.5403766 0.4477624 0.4825636 0.1671863 0.1288827 4.609611 -1.607896 -0.6551267 0.2979677 -0.4184375
27 5.423215 -0.5669841 -0.1996119 -0.5047448 0.5751246 0.3809302 0.04860446 0.1506435 8.983328 -1.448478 -0.7142506 0.3472636 -0.4178726
28 5.345418 -0.5624433 0.06312525 -0.4124593 0.4497601 0.4054367 0.1004343 0.2260247 5.37801 -2.25737 -0.9614895 0.385182 -0.2495655
29 5.225268 -0.2958132 -0.02325252 -0.7745506 0.4672289 0.3957896 0.1211202 0.1587155 6.366569 -2.009302 -0.771871 0.368689 -0.3321561
30 5.460995 -0.6422087 -0.09088987 -0.4487718 0.4901949 0.4910339 0.05222975 0.1870413 6.891532 -1.428928 -0.9024369 0.2678185 -0.3571408
32 5.40399 -0.466994 -0.1595037 -0.6190719 0.5637017 0.2246561 0.09009902 0.2010673 6.827047 -1.194806 -1.18841 0.3710387 -0.4726273
33 5.289964 -0.4448887 -0.0887559 -0.7079304 0.4971005 0.4304039 0.05926825 0.3342985 4.842031 -0.8141863 -1.27244 0.294116 -0.4525408
34 5.388302 -0.5597213 -0.1359369 -0.5036643 0.4368276 0.3559539 0.1416263 0.2851085 4.588371 -1.204666 -0.9670202 0.2654879 -0.3795999
35 5.486689 -0.4149436 -0.4035038 -0.6319741 0.5540875 0.4160481 0.1879057 0.1502825 6.746167 -1.282066 -0.6543693 0.3059591 -0.4549344
36 5.456431 -0.5524486 -0.1993859 -0.4483211 0.5282691 0.5607341 0.09651281 0.1422246 5.201334 -1.788707 -0.6117339 0.2846978 -0.3186935
37 5.332213 -0.4342294 -0.150006 -0.5826637 0.4705597 0.3706149 0.08430385 0.2271215 4.187824 -1.677668 -0.7715574 0.2622694 -0.2976023
38 5.335199 -0.4012849 -0.0135435 -0.7289943 0.5437308 0.38265 0.125868 0.1983033 6.916092 -0.7962626 -1.343595 0.2954582 -0.4847229
39 5.39784 -0.4855345 -0.1429495 -0.3964917 0.4574991 0.4156614 0.07679386 0.2509372 5.291111 -1.345397 -1.096003 0.3194118 -0.3766333
40 5.51372 -0.4851315 -0.2308134 -0.5025644 0.481915 0.5173051 0.05922203 0.2073434 5.363704 -2.310723 -0.8051564 0.2533159 -0.1436867
41 5.391943 -0.5114121 -0.3895192 -0.4643289 0.4967695 0.5567647 0.1151638 0.1790763 6.067565 -1.719665 -0.730553 0.3423291 -0.3819946
42 5.467275 -0.5740777 -0.1442537 -0.5373026 0.5277069 0.408032 0.06310364 0.2269557 5.028773 -1.564213 -1.314054 0.3819142 -0.4081257
43 5.490754 -0.3801105 -0.3437933 -0.7474278 0.5114653 0.5010475 0.07997411 0.3041769 5.099133 -1.63898 -0.8514062 0.2371521 -0.2917412
44 5.478641 -0.4615133 -0.2845401 -0.5428453 0.5129996 0.4579904 0.04353745 0.1685097 6.048098 -1.246923 -1.184142 0.2469274 -0.3701599
45 5.310683 -0.3831041 -0.035186 -0.715107 0.5517446 0.2691879 0.09767341 0.2290342 6.053244 -1.740679 -0.8162675 0.3495616 -0.3459372
46 5.324272 -0.4473873 -0.1841379 -0.5416578 0.5606336 0.4270497 0.1515063 0.2010134 6.841154 -1.550456 -1.078964 0.3707167 -0.3819666
47 5.37462 -0.5415871 -0.1872232 -0.452189 0.5159799 0.4548164 0.06365906 0.2628632 6.190392 -1.140334 -0.7874758 0.2255839 -0.4141671
48 5.247725 -0.43242 0.001450517 -0.5438638 0.5321835 0.3834321 0.1341144 0.2598059 7.013485 -1.250705 -1.439105 0.3120017 -0.3736686
49 5.348299 -0.5381204 -0.3546264 -0.529293 0.4486478 0.5409618 -0.03496946 0.1907112 4.057182 -1.041179 -0.9329756 0.2993665 -0.4888664
50 5.352642 -0.5103088 -0.2266854 -0.6061981 0.4973699 0.4600481 0.08310307 0.223613 6.325112 -1.714224 -0.9437636 0.3581759 -0.3618768
51 5.367359 -0.4847672 -0.1825112 -0.5599471 0.5389257 0.5216104 0.1744409 0.2156871 5.015279 -1.15966 -1.217699 0.2607459 -0.379905
52 5.281504 -0.3663458 -0.04569754 -0.6354543 0.4920531 0.5975023 0.1083569 0.2375816 5.363008 -2.111222 -0.465117 0.2652282 -0.221976
53 5.278663 -0.5889189 -0.07669158 -0.4536171 0.5554324 0.4201069 0.1336904 0.2367276 11.38007 -0.8874772 -0.9405093 0.3725986 -0.5800332
54 5.290816 -0.4938337 -0.08242763 -0.4716714 0.4611349 0.4157215 0.1052114 0.2096035 5.206873 -1.902169 -0.9314614 0.2786729 -0.2758796
55 5.220868 -0.4340023 -0.04424227 -0.5472587 0.5329111 0.479862 0.08055658 0.266414 6.734388 -1.626355 -0.7031848 0.325017 -0.3726348
56 5.336437 -0.5049139 0.02598486 -0.5846807 0.5302849 0.3200554 0.1632842 0.1403322 4.515496 -1.814678 -0.7407309 0.3256266 -0.3474621
57 5.319961 -0.528906 0.03713656 -0.5404936 0.4639046 0.3960755 0.06716798 0.2077701 5.876368 -1.585699 -0.7793536 0.2838888 -0.3282563
58 5.219465 -0.4362008 0.2326888 -0.540503 0.4597252 0.5507045 0.07328217 0.3051302 5.392137 -1.094087 -1.079171 0.2753165 -0.4083451
59 5.360685 -0.662113 -0.008132728 -0.4621551 0.5923634 0.3287856 0.1112852 0.3023256 7.185673 -1.29607 -0.7980706 0.3078114 -0.402929
60 5.443019 -0.4655783 -0.1676327 -0.4922688 0.4868721 0.349501 0.05235046 0.1770648 4.70808 -0.2078623 -1.329039 0.226798 -0.5445448
61 5.215582 -0.3328518 0.004268744 -0.7073609 0.5059974 0.3691549 0.1482615 0.1340775 4.188668 -0.7207501 -1.131249 0.2525876 -0.4581248
62 5.308109 -0.377962 -0.1315364 -0.662915 0.4631508 0.3129778 0.1129344 0.1696693 5.980002 -1.89522 -0.6631227 0.3422332 -0.3518001
63 5.518633 -0.5400414 -0.246287 -0.5734054 0.5385465 0.3048767 0.1383878 0.2090749 4.661514 -1.539446 -1.213794 0.3248355 -0.3214674
64 5.367415 -0.4603502 -0.1376857 -0.5454146 0.5163933 0.4047194 0.08431922 0.1575165 5.120687 -1.938469 -0.8558801 0.3323411 -0.2907511
65 5.610175 -0.5292403 -0.3558713 -0.4929307 0.5041696 0.3946032 0.07366979 0.2198466 6.211335 -0.8310216 -1.011319 0.3442877 -0.541178
66 5.17623 -0.3136902 -0.1386469 -0.793064 0.5648968 0.2899763 0.1813665 0.2111796 6.483029 -1.321616 -0.7045507 0.2647612 -0.3840859
67 5.391039 -0.493786 -0.09017712 -0.5980913 0.5387762 0.5109163 -0.02222616 0.274306 5.965156 -0.5074084 -1.325442 0.2581906 -0.5139007
68 5.158324 -0.3970857 -0.009539704 -0.6642209 0.5114635 0.6467839 0.05475305 0.2318283 6.283916 -1.370724 -0.6222779 0.3197932 -0.3849529
69 5.259143 -0.4033289 -0.06630025 -0.5442473 0.5758147 0.4551517 0.1320517 0.1620752 8.079806 -1.773907 -0.5570628 0.2563259 -0.3448464
70 5.296163 -0.4077088 -0.1698731 -0.6495601 0.4482642 0.5306997 0.07380565 0.1637189 4.997074 -1.544001 -0.8606845 0.2845756 -0.3627613
71 5.323974 -0.5741084 -0.01167122 -0.4516823 0.4807755 0.4982762 0.06221119 0.1826214 5.584934 -1.555985 -1.005817 0.2636175 -0.3059052
72 5.384487 -0.5100509 -0.05122794 -0.4481281 0.4570427 0.463693 0.09288943 0.2555974 4.078294 -1.620851 -0.7367608 0.226386 -0.2741806
73 5.368841 -0.5248202 -0.08277586 -0.4588177 0.5048666 0.367712 0.1427212 0.1964923 5.115113 -1.046465 -0.9973145 0.2627733 -0.4353422
74 5.588704 -0.4651769 -0.3921242 -0.7200607 0.61231 0.2825287 0.1657645 0.1088713 4.865674 -1.852004 -0.6775723 0.2802926 -0.2732853
75 5.367397 -0.5288494 -0.2570423 -0.5177039 0.5661839 0.4410481 0.185732 0.1765951 8.1867 -1.205545 -0.8729226 0.325708 -0.4418098
76 5.426224 -0.4444933 -0.2945184 -0.5613359 0.4536163 0.3236636 0.1096038 0.306106 5.198063 -1.815809 -0.4492658 0.310517 -0.3271294
77 5.481061 -0.3924239 -0.3299254 -0.6110472 0.4611505 0.40142 0.08614067 0.2298404 5.092484 -1.637275 -0.7525503 0.3564952 -0.3859923
78 5.400893 -0.4252035 -0.02233909 -0.4501517 0.5259981 0.363813 0.1507413 0.1347528 4.146452 -1.69353 -0.9577174 0.226207 -0.2393357
79 5.347117 -0.5845739 -0.08059327 -0.4241603 0.4744454 0.4326549 0.05121751 0.2810009 4.43491 -0.9969752 -1.245097 0.2858925 -0.4342738
80 5.59736 -0.6285322 -0.3175199 -0.3093982 0.5666584 0.548848 0.1394678 0.1711832 5.987487 -1.418088 -1.117709 0.2843024 -0.3333592
81 5.378031 -0.5682654 -0.1413024 -0.4478051 0.5387931 0.2439483 0.2359675 0.237103 6.520861 -1.279475 -0.6284636 0.3250324 -0.4259818
82 5.458476 -0.4657188 -0.2589117 -0.4706948 0.4451572 0.3529594 0.05354875 0.3603446 4.309154 -1.874919 -0.9146582 0.2848036 -0.2779772
83 5.41988 -0.4775597 -0.2958921 -0.5056117 0.4953273 0.3857921 0.1653765 0.2419386 6.793964 -1.280681 -0.6645096 0.2949329 -0.4378407
84 5.24808 -0.3008462 -0.0695729 -0.6875247 0.4771337 0.3346291 0.08609272 0.1875648 5.428949 -1.521516 -0.9225812 0.3930237 -0.4496092
85 5.241655 -0.3563783 0.08534418 -0.7006287 0.5168682 0.4150603 0.1057405 0.1723707 4.449149 -1.869503 -0.7258881 0.3097326 -0.2661045
86 5.436379 -0.4168506 -0.07901187 -0.7787585 0.456118 0.5511756 0.06361689 0.1043195 5.250342 -0.9581354 -1.054536 0.2531377 -0.4527172
87 5.259964 -0.5475289 -0.0220953 -0.3111851 0.502645 0.5744436 0.08368903 0.2415098 6.133145 -1.566789 -1.002742 0.3599139 -0.4320541
88 5.415837 -0.4474795 -0.06553016 -0.6212923 0.51101 0.4638261 0.09455443 0.2354433 5.919284 -1.152247 -0.767877 0.2473556 -0.3914022
89 5.47619 -0.3501944 -0.2952585 -0.705388 0.5629654 0.3717277 0.07336135 0.179744 4.403249 -1.152179 -0.9480919 0.2975388 -0.4186395
90 5.425919 -0.5179996 -0.227675 -0.4719661 0.5201155 0.4393069 0.1712987 0.234065 5.09582 -1.54386 -0.8159018 0.2595227 -0.3176242
91 5.23608 -0.4356251 0.08250946 -0.5429569 0.4132306 0.5211273 0.05768464 0.1368444 4.627653 -1.9263 -0.7302296 0.2957938 -0.2852576
92 5.26354 -0.4419166 -0.1962746 -0.553434 0.5785697 0.45111 0.1098539 0.2653203 4.935621 -1.122397 -0.8811644 0.2530294 -0.4541588
93 5.238813 -0.524778 0.02521125 -0.5225475 0.5573047 0.5160115 0.1189652 0.2325461 5.395754 -1.610578 -0.9503934 0.320066 -0.3407386
94 5.26511 -0.5221561 -0.1531942 -0.4951017 0.5192924 0.3413812 0.09930392 0.2246119 4.854441 -1.293302 -1.316258 0.2896172 -0.374832
96 5.371789 -0.4517332 -0.1964407 -0.6789039 0.54465 0.5177539 0.1604488 0.1828338 4.538864 -1.618549 -0.9229594 0.2919669 -0.320021
97 5.184794 -0.3839236 0.2530575 -0.7970037 0.5673171 0.3395546 0.1068696 0.1574621 6.183496 -1.330916 -0.8524519 0.3533737 -0.4604269
98 5.410467 -0.509215 -0.1746784 -0.5352557 0.5376494 0.3429336 0.08727852 0.2807905 4.858858 -0.9942703 -0.8336664 0.3036161 -0.4849755
99 5.38385 -0.4744971 -0.2209402 -0.6218474 0.4281553 0.3923878 0.1211661 0.2420526 6.118719 -1.355667 -0.6818377 0.3182011 -0.3916746
100 5.211764 -0.3697034 -0.03699296 -0.5513955 0.4585115 0.29201 0.1342472 0.1639986 4.737955 -1.380565 -0.7921511 0.2328657 -0.2894267
101 5.221756 -0.3879806 0.2075534 -0.7037768 0.474546 0.4852823 0.1246091 0.1491723 4.801764 -1.183993 -1.080373 0.3038863 -0.4234502
102 5.413936 -0.5824948 -0.1710638 -0.4855095 0.4636134 0.4424345 0.05354203 0.3151426 7.106838 -1.260812 -0.7598777 0.3388653 -0.4390282
103 5.35045 -0.4506788 -0.07264596 -0.6404683 0.4783554 0.5342149 0.09691231 0.1966595 5.429884 -1.315111 -1.070851 0.2792669 -0.3844574
