1 0.1051928 0.08897689 0.1444963 0.1142217 0.1045722 0.05968627 0.0571894 0.05033486 1.468766 0.3764135 0.2690176 0.07181015 0.0970747
2 0.08941232 0.08232391 0.1188592 0.1052137 0.0699165 0.04221643 0.04918299 0.037286 0.5472641 0.3756099 0.2469245 0.06781026 0.08593649
3 0.09797798 0.07834044 0.1415426 0.107853 0.09870703 0.0560207 0.05547874 0.04804086 0.858231 0.4370587 0.2623144 0.06862651 0.1067926
4 0.1069673 0.07626802 0.1499248 0.1032593 0.1133262 0.05672604 0.05096028 0.04683102 0.7438445 0.3586316 0.2424518 0.07540922 0.09764481
5 0.09822061 0.08197316 0.1419411 0.1099512 0.1086772 0.05782173 0.05198581 0.04561837 0.6694974 0.3403399 0.2508346 0.07639358 0.09719421
6 0.09806482 0.08963813 0.1375311 0.1207309 0.09615328 0.05556216 0.06447918 0.05351612 0.8660791 0.3447042 0.222241 0.06465444 0.08561531
7 0.09739541 0.0788159 0.1343975 0.1035473 0.08913941 0.05162629 0.05338262 0.05483001 0.9204784 0.3803618 0.2376867 0.06646182 0.09277669
8 0.102071 0.07415305 0.1428799 0.09699647 0.1037471 0.04883889 0.04539113 0.0509732 0.6969199 0.3548445 0.2363729 0.06130841 0.07872515
9 0.1008241 0.0775338 0.1445963 0.1040362 0.1021554 0.05337921 0.0504628 0.04071828 0.9386959 0.3645125 0.2382647 0.06705013 0.09104879
10 0.09141685 0.08238463 0.1324153 0.1112504 0.09307176 0.05501501 0.05997011 0.04761439 0.7636884 0.3445456 0.2428974 0.06863858 0.09026823
11 0.0966017 0.09267535 0.144038 0.1196823 0.1125211 0.06502699 0.0643158 0.05184657 3.706435 0.3956032 0.2743906 0.07790667 0.1105568
12 0.1028457 0.08217486 0.1449973 0.112542 0.1023566 0.05880523 0.05673523 0.04361038 0.6789353 0.2945 0.2217913 0.06278012 0.07006161
13 0.0986438 0.08018398 0.1447471 0.1073467 0.1050514 0.05284341 0.04797353 0.0408072 0.9337938 0.4296256 0.2571611 0.07079536 0.1195458
14 0.1053981 0.07419377 0.1445606 0.09991683 0.1024651 0.04835146 0.0440808 0.04844296 1.232459 0.447552 0.2467792 0.07197237 0.1119471
15 0.09935336 0.06765956 0.1481918 0.09303462 0.1068954 0.04932039 0.04024153 0.04128656 0.8344492 0.4140345 0.2781504 0.0712984 0.1092475
16 0.09797853 0.07104644 0.1414279 0.09399455 0.1024076 0.04771936 0.03907987 0.04865073 1.144538 0.4037427 0.2467616 0.07467549 0.1036454
17 0.09876058 0.08452011 0.1320649 0.1084445 0.08250198 0.0494663 0.04915244 0.04459886 0.7947406 0.3482718 0.2479306 0.0745599 0.0901783
18 0.0910851 0.07683014 0.1274172 0.09894001 0.08234421 0.04420266 0.04465734 0.04525797 0.5676873 0.34987 0.2648315 0.07042208 0.08863528
19 0.1167341 0.09366396 0.1497231 0.1132295 0.1036666 0.05590044 0.05305406 0.05184187 1.069943 0.3629312 0.2327168 0.07550594 0.1015414
20 0.08784961 0.07784157 0.1253585 0.1024214 0.08511171 0.05167472 0.05447632 0.04517853 1.731559 0.4479678 0.2424279 0.07141909 0.1102095
21 0.1128386 0.0851346 0.1591372 0.1145368 0.1289641 0.0661912 0.06350256 0.04788837 1.292334 0.3536598 0.2316634 0.07057753 0.09157715
22 0.09640931 0.07630197 0.1318248 0.1049877 0.08880246 0.05068389 0.04917234 0.04813942 1.284952 0.3861351 0.2508762 0.07628098 0.1027856
23 0.106577 0.1120037 0.1380076 0.1351162 0.08985882 0.06064205 0.07617548 0.04912105 0.8909414 0.3564514 0.2287102 0.06667138 0.08909435
24 0.09170516 0.08090082 0.1392878 0.1166762 0.09506558 0.05467241 0.06179363 0.04916527 0.7241599 0.3466917 0.2386125 0.06544706 0.08787064
25 0.09460794 0.08480865 0.1460727 0.1206544 0.1045815 0.06220111 0.06757767 0.04602736 0.7204266 0.3265532 0.2373858 0.06592178 0.08455552
26 0.09841196 0.08146107 0.139396 0.1076858 0.09515065 0.04831779 0.05137665 0.04287834 1.290809 0.3530703 0.2273879 0.07469194 0.0938799
27 0.1124071 0.1002761 0.1486559 0.1227757 0.1074175 0.06162455 0.06282046 0.05527095 0.9437176 0.340815 0.2303937 0.06751403 0.0914476
28 0.09965837 0.08211762 0.1345487 0.1021897 0.09486968 0.05268364 0.04761794 0.04678768 1.278906 0.4855666 0.2606733 0.0663135 0.1168727
29 0.100442 0.07811636 0.1387758 0.1037076 0.09977102 0.05048126 0.04841526 0.0440512 0.8099582 0.3737147 0.2292015 0.07023049 0.09446674
30 0.09038948 0.08338194 0.1287311 0.1170302 0.08588388 0.05695371 0.0667527 0.04584011 0.6384848 0.2945027 0.2207118 0.06158318 0.07489815
31 0.097086 0.07664039 0.1419731 0.1033242 0.1048528 0.05446861 0.05002486 0.04722978 1.832701 0.3715603 0.2588997 0.08061597 0.1072218
32 0.08868846 0.09301495 0.1229774 0.1238129 0.07802537 0.05677837 0.07322324 0.04351852 0.7067415 0.353055 0.247013 0.07677803 0.08966393
33 0.1018429 0.09267309 0.1339499 0.1155639 0.08917621 0.05146087 0.05999894 0.04601557 0.8734189 0.3743831 0.2260106 0.07271315 0.09547741
34 0.1096271 0.08322789 0.1498072 0.1046497 0.1072022 0.0529283 0.04366616 0.05064319 0.8282271 0.4059501 0.2387515 0.0626326 0.09437381
35 0.093934 0.08575117 0.1239457 0.107624 0.08244353 0.04879665 0.04925579 0.0479944 1.056927 0.3957452 0.2343183 0.08430668 0.1116371
36 0.08764483 0.07247055 0.130628 0.09965867 0.083116 0.04748777 0.04612229 0.04656901 0.8424897 0.418055 0.2431229 0.06816965 0.1050802
37 0.09513062 0.09017612 0.1296611 0.1123042 0.08384267 0.04988457 0.05784631 0.04653951 0.7088627 0.4340958 0.2401178 0.0758636 0.1094236
38 0.0951828 0.07713913 0.1337781 0.1099719 0.08757413 0.05077226 0.05566786 0.04490526 0.7636508 0.3649785 0.2410332 0.06798663 0.08797026
39 0.1058059 0.07647853 0.1459229 0.1023609 0.1050294 0.05301646 0.04316264 0.04609621 1.266387 0.3565912 0.2433257 0.08254453 0.1019913
40 0.1037161 0.07391667 0.1538464 0.1001823 0.1162112 0.05334305 0.04539988 0.04236887 0.8908903 0.3624266 0.2338426 0.0611854 0.09239842
41 0.09559702 0.08298884 0.1334956 0.111349 0.08979327 0.05406565 0.0559123 0.04764522 0.8013251 0.4093565 0.2647567 0.07483758 0.09734717
42 0.1107841 0.07934952 0.1511005 0.09998145 0.1156929 0.05603355 0.04582275 0.04239019 1.369324 0.463673 0.2580779 0.07839737 0.1193545
43 0.1018231 0.08182847 0.1385101 0.1085752 0.09317231 0.05136063 0.0563734 0.03357697 0.7616885 0.3748289 0.2552629 0.07215936 0.09371785
44 0.1141516 0.08897241 0.1577187 0.1128391 0.1269007 0.06533259 0.05673248 0.04819574 1.464359 0.4164569 0.2374909 0.08905909 0.1266078
45 0.1099587 0.08806805 0.1512273 0.1131734 0.1139727 0.06207134 0.05743783 0.04401256 1.411122 0.3679075 0.2328537 0.07111626 0.09780863
46 0.1005827 0.08450638 0.1434908 0.1165485 0.1027789 0.0614183 0.05929505 0.04766068 0.926087 0.3690271 0.2474005 0.06999963 0.09205383
47 0.08569564 0.07859602 0.1243849 0.104332 0.08423646 0.05001527 0.0524219 0.04894839 0.7585061 0.360414 0.2327099 0.07129693 0.08730432
48 0.1093462 0.09068293 0.1490978 0.1179868 0.1160705 0.06545966 0.05948961 0.04365228 0.8880603 0.3695025 0.2431436 0.07218892 0.09766009
49 0.1019783 0.08431798 0.1418377 0.1078661 0.1059421 0.05455589 0.05232082 0.04578338 1.189337 0.3848811 0.2378739 0.08059252 0.1101508
50 0.1000557 0.07904268 0.1442251 0.1049265 0.1033376 0.05476676 0.05286637 0.0452 0.9400469 0.3817294 0.2441247 0.06426193 0.09686731
51 0.1068992 0.08373059 0.1509978 0.1113293 0.1157401 0.06133627 0.05556999 0.05019281 1.444855 0.3539578 0.2365356 0.07511065 0.09632691
52 0.1000511 0.08444134 0.1377963 0.1108411 0.09523649 0.05334546 0.05372668 0.04688487 0.8773585 0.3999235 0.2683174 0.07152813 0.09225619
53 0.1130195 0.08910121 0.1475576 0.1146484 0.1030453 0.05839589 0.05977591 0.04359785 0.9565238 0.3305463 0.225199 0.06971233 0.08585319
54 0.09363115 0.08828109 0.1364672 0.116268 0.08671174 0.05323196 0.05988351 0.05654024 1.024499 0.3571375 0.2401709 0.07031941 0.1031932
55 0.1044809 0.08082867 0.1437804 0.1050959 0.1046677 0.05100044 0.04787848 0.04153693 0.8597208 0.3358104 0.2403449 0.07252318 0.09022418
56 0.1002089 0.09234602 0.1396659 0.1198583 0.09938144 0.06078043 0.06410759 0.04906635 1.332239 0.3837239 0.2474211 0.0725529 0.09847801
57 0.1022167 0.0768258 0.1614581 0.1107687 0.126708 0.06134564 0.05678454 0.0534953 0.7641056 0.3416684 0.2602316 0.07021257 0.09147254
58 0.1108044 0.0960866 0.1543239 0.1166446 0.1183623 0.06214995 0.05594917 0.04640599 0.9343604 0.4297886 0.254876 0.07197119 0.1206701
59 0.09758325 0.09044881 0.140101 0.120086 0.09621954 0.05844816 0.06546483 0.06040623 0.7888246 0.3439589 0.237268 0.06480995 0.08837983
60 0.1065375 0.08142097 0.1490422 0.1082394 0.1107647 0.05681137 0.05095582 0.0460533 1.400105 0.378703 0.2291763 0.06787369 0.09220716
61 0.1070733 0.09372222 0.1441525 0.116673 0.100175 0.05854898 0.06492364 0.05482853 1.005675 0.3722116 0.2399964 0.07874589 0.1083003
62 0.1081989 0.0893379 0.1567567 0.115824 0.1199518 0.06191238 0.06158315 0.04681038 1.198515 0.3609514 0.2278524 0.06124777 0.09076606
63 0.09839585 0.07857309 0.1410847 0.1050904 0.09763926 0.05390787 0.05226857 0.04377701 0.7941783 0.4014537 0.2515224 0.07508444 0.1072833
64 0.09678977 0.1003518 0.1329905 0.1220592 0.0916049 0.05603881 0.06240295 0.04999906 1.276693 0.4149555 0.2446434 0.07027268 0.1114896
65 0.09962527 0.07971295 0.1333735 0.1001271 0.08564499 0.04577266 0.04451766 0.04843025 0.6748457 0.3944017 0.2412845 0.06267259 0.08660532
66 0.0919838 0.07920985 0.1317978 0.1044531 0.09015256 0.04982256 0.05167558 0.04142502 0.9895076 0.4635729 0.2910413 0.07740399 0.1199332
67 0.09386034 0.08150742 0.1368414 0.1144194 0.09107687 0.05334138 0.05550094 0.05216921 0.6822567 0.3269371 0.2146731 0.05811528 0.07602422
68 0.1214439 0.1031987 0.1566623 0.1285566 0.1192643 0.06788771 0.06789329 0.05291577 1.225685 0.3379856 0.2332333 0.07136226 0.0925034
69 0.102038 0.07380484 0.1387167 0.09502006 0.09611645 0.04356065 0.04077508 0.03378447 0.7962537 0.3516544 0.242396 0.08224888 0.09217397
70 0.08919055 0.08744631 0.1217735 0.1126489 0.07844436 0.05049176 0.05504118 0.04586363 0.9894168 0.4207606 0.2494507 0.07983496 0.1111375
71 0.0997756 0.09119268 0.1355155 0.1187413 0.09372309 0.05530941 0.06246851 0.04304496 1.035484 0.359386 0.2304781 0.07056825 0.09563373
72 0.09371775 0.07960833 0.1391242 0.1101548 0.09160897 0.05182164 0.05681291 0.0426999 0.6755034 0.3159459 0.2470469 0.06535964 0.07292833
73 0.1047194 0.08307223 0.1478621 0.1071971 0.1078279 0.05474733 0.05157762 0.05199029 0.7590926 0.3840093 0.2563547 0.07514107 0.1028914
74 0.100497 0.0891676 0.1352441 0.1111638 0.08698828 0.05024111 0.05145898 0.04821383 0.9173662 0.4370261 0.2446154 0.06886339 0.1104319
75 0.09009126 0.08730908 0.1320743 0.1192064 0.09309523 0.05557402 0.06034673 0.05363214 1.308785 0.3763569 0.2451816 0.0860554 0.1184761
76 0.09513376 0.07831802 0.1311799 0.1034823 0.08312669 0.04589563 0.04323126 0.05366023 0.9384456 0.407747 0.2402645 0.0723189 0.1000013
77 0.09719602 0.09240423 0.1321191 0.1193724 0.08672282 0.05378717 0.05959184 0.04935611 0.9648031 0.4146315 0.2394899 0.07171203 0.09592614
78 0.1066365 0.09437446 0.1533009 0.1264553 0.1145753 0.0668619 0.06969303 0.05053905 1.138474 0.411063 0.2557933 0.07171772 0.1062943
79 0.1037327 0.08505724 0.1397486 0.1130075 0.1012944 0.05352455 0.0551197 0.04849394 0.87619 0.3425515 0.231299 0.07466722 0.08934329
80 0.0940715 0.08265824 0.1370137 0.1126722 0.09183629 0.05798831 0.06170719 0.04208868 1.290908 0.3771772 0.2366239 0.06823346 0.09798537
81 0.1080092 0.09009878 0.1449836 0.1137111 0.1064112 0.05635077 0.05723106 0.04393446 1.065149 0.3718327 0.2417831 0.07625599 0.0972709
82 0.1040698 0.08153891 0.1511538 0.1092519 0.1173221 0.06045943 0.05667528 0.05102696 1.078084 0.39691 0.2514817 0.0782097 0.1149138
83 0.1054383 0.08270764 0.1418512 0.10242 0.1023397 0.05117346 0.04959943 0.04871088 0.8557762 0.3807983 0.2718906 0.08928612 0.1164054
84 0.1013194 0.08049902 0.140982 0.1078127 0.09256387 0.05298904 0.05439217 0.04281564 0.5584059 0.2772196 0.2293774 0.05848685 0.05939223
85 0.1084753 0.08533206 0.1432746 0.1050544 0.1082359 0.05662527 0.04985376 0.04924609 1.375055 0.3651666 0.2394755 0.06879396 0.0964036
86 0.1047264 0.08798075 0.1402072 0.1124136 0.0992783 0.05831547 0.05442142 0.05262804 1.261733 0.3978699 0.2405789 0.07569535 0.1050396
87 0.1031988 0.06973358 0.1597863 0.1018554 0.1254144 0.05512657 0.04386282 0.04881176 1.270447 0.3712333 0.2387166 0.07148265 0.1004249
88 0.09910815 0.1088881 0.1407845 0.1349225 0.09823666 0.06767925 0.08649419 0.05096858 0.9281154 0.4037981 0.2602581 0.08527916 0.1299269
89 0.1067594 0.07456043 0.1542277 0.1040856 0.115798 0.0565138 0.04972469 0.04434927 0.8552723 0.3701012 0.2479398 0.07236018 0.09853031
90 0.108977 0.08184744 0.1426314 0.09915904 0.09645644 0.04771664 0.03782297 0.04698076 0.9379057 0.4186405 0.247259 0.07212447 0.10563
91 0.1100892 0.09221309 0.1577495 0.1183698 0.1257442 0.06964781 0.06507042 0.04480794 1.254214 0.3903221 0.2467919 0.08820651 0.1298993
92 0.1020088 0.07818548 0.143089 0.1037404 0.1040205 0.05622171 0.05453906 0.05216339 0.6535694 0.2938222 0.2305744 0.06484132 0.07350498
93 0.1113145 0.07981979 0.1458745 0.1003689 0.105506 0.05079469 0.04537884 0.04631496 0.7035818 0.4158567 0.2578485 0.07336394 0.103443
94 0.08637946 0.06640006 0.1254934 0.0917205 0.07813962 0.04093647 0.03899358 0.04422136 0.6792093 0.3844313 0.2446146 0.06840059 0.09693242
95 0.1220017 0.08603368 0.1619722 0.1082191 0.1334606 0.06326149 0.05165742 0.04902844 1.290551 0.3827078 0.2284107 0.07512097 0.1060444
96 0.09117883 0.07685609 0.1305453 0.1089203 0.09066893 0.05248304 0.05462449 0.04616825 0.8660918 0.3734917 0.2443413 0.07743338 0.1019368
97 0.1027864 0.08197778 0.1481359 0.1104532 0.1090219 0.05715265 0.05668978 0.04774934 1.226095 0.4061288 0.2462713 0.07313108 0.1067708
98 0.0947401 0.08460342 0.139625 0.1113077 0.1005227 0.0569089 0.05480073 0.04931536 1.336758 0.4347298 0.2497282 0.07789207 0.1156063
99 0.08531781 0.07290528 0.1329622 0.1119612 0.09189675 0.05351962 0.05702371 0.0480649 0.8348487 0.3691496 0.2464066 0.06298016 0.08780911
100 0.1048012 0.09307326 0.1414421 0.1171594 0.09967795 0.05899544 0.06169947 0.04848745 1.616324 0.4229676 0.2557536 0.07111692 0.1053124
