1 5.304864 -0.8251658 -0.2176106 -0.269614 1.298358 0.2917172 0.3075911 0.3873121 -1.383789 -1.201285 0.4483612 -0.5527967
2 5.327618 -0.5050344 0.008583501 -0.5415686 1.079419 0.5366891 0.2941248 0.2278313 -0.9596686 -0.9956304 0.4049669 -0.6423658
3 5.03828 -0.5759667 0.2292393 -0.6129971 1.318974 0.5726141 0.2935876 0.2288825 -1.232467 -1.045118 0.497623 -0.7293913
4 5.434976 -0.7640024 -0.08697088 -0.4248328 1.261367 0.6151593 0.1864991 0.1755443 -0.8273419 -1.163786 0.5061275 -0.7767848
5 5.244383 -0.670846 0.080487 -0.4650823 1.110098 0.3646603 0.2707777 0.286144 -1.709312 -0.8233338 0.3579879 -0.4427755
6 5.266924 -0.7397318 0.1685424 -0.4031337 1.063027 0.4952843 0.3127279 0.2912211 -0.9862884 -0.8459543 0.4604751 -0.7338803
7 5.400539 -0.7039456 -0.111796 -0.465281 1.240696 0.8554742 0.2461624 0.1637604 -0.9710907 -1.186698 0.4996059 -0.7258829
8 5.640454 -0.7141282 -0.3308593 -0.4909567 1.44585 0.3887945 0.2526499 0.3317266 -0.6161044 -1.40742 0.4163625 -0.7171116
9 5.262394 -0.6047808 -0.2038001 -0.6002158 1.459392 0.6260045 0.3200889 0.2209883 -0.7779787 -1.260166 0.473478 -0.7504675
10 5.498589 -0.6807349 -0.2304451 -0.5520406 1.10583 0.2109482 0.1764217 0.2464359 -0.2109429 -1.58067 0.6740506 -1.163335
11 5.541354 -0.6878928 -0.1616339 -0.5198974 1.291589 0.4299489 0.2420226 0.1880185 -1.077437 -1.256315 0.5611801 -0.7778445
12 5.299279 -0.6211559 -0.06379815 -0.4913438 1.349059 0.4811736 0.3365019 0.3416229 -0.4289294 -0.9985007 0.3859434 -0.7454705
13 5.344532 -0.5119849 -0.07626144 -0.6379424 1.210369 0.2833274 0.2057452 0.2347531 -1.009553 -0.875128 0.4792324 -0.7022154
14 5.354082 -0.7253676 -0.1733818 -0.4290822 1.336969 0.5027095 0.2900851 0.2581346 -0.07963542 -1.695314 0.4790916 -0.8796678
15 5.476239 -0.7168417 -0.1645139 -0.3670881 1.150146 0.4865906 0.2564162 0.1952908 -0.3322115 -1.502554 0.4511665 -0.7804627
17 5.545916 -0.6832334 -0.3180088 -0.4705408 1.208011 0.3805883 0.2802904 0.2939843 -1.167168 -0.8783483 0.538034 -0.763124
18 5.476733 -0.7480274 -0.2664398 -0.4189831 1.310488 0.3828939 0.2544372 0.2488376 -1.364324 -1.151408 0.408832 -0.4968537
19 5.112126 -0.8681028 -0.05324502 -0.1133472 1.618514 0.4823202 0.4649736 0.6759901 -1.836341 -1.062851 0.7566768 -0.8453342
20 5.390784 -0.8190477 -0.2897371 -0.2865888 1.177892 0.4991566 0.3419535 0.3373553 -1.033171 -1.155832 0.4598833 -0.7043995
21 5.332877 -0.7465599 -0.07089421 -0.4248705 1.360187 0.4458084 0.273802 0.4157516 -1.223151 -1.083839 0.3563175 -0.5493723
22 5.178141 -0.4745725 -0.1166808 -0.6488802 1.256576 0.5066065 0.2776839 0.2599571 -1.386114 -0.9811267 0.5782117 -0.7445364
23 5.112519 -0.6471073 0.03727659 -0.5638983 1.248247 0.5350746 0.3185436 0.3046839 -0.8061215 -1.283602 0.5906747 -0.8849151
24 5.237618 -0.5612066 -0.04955526 -0.4307861 1.12542 0.3761312 0.2578897 0.2880471 -0.5826233 -1.260321 0.3858888 -0.7143909
25 5.464303 -0.5917244 -0.3160737 -0.5873984 1.112962 0.3826 0.2627035 0.2569637 -0.9697184 -0.9174153 0.4457292 -0.6623059
26 5.31064 -0.4078205 -0.099739 -0.5414853 1.064838 0.9559156 0.3346026 0.1519241 -1.049309 -0.8969527 0.4860128 -0.7804364
27 5.494538 -0.7606577 -0.2308797 -0.4565878 1.171148 0.3070039 0.1276382 0.1295497 -0.1887327 -1.237858 0.5773955 -1.037064
28 5.296723 -0.7771521 0.2248761 -0.3002821 1.14628 0.3573735 0.2717604 0.2826445 -1.725857 -1.080303 0.6012975 -0.646235
29 5.217261 -0.461127 0.04174861 -0.7084105 1.000517 0.4175682 0.2621496 0.2229491 -1.421092 -1.10774 0.6060557 -0.7488241
30 5.516893 -0.8598794 -0.190219 -0.3634269 1.108332 0.5501899 0.2068147 0.1786148 -0.5662591 -1.23845 0.464336 -0.8294097
32 5.331471 -0.6080028 -0.1345785 -0.6163708 1.158702 0.2368111 0.1966779 0.2587033 -0.4862663 -1.64264 0.5674518 -0.8980379
33 5.314977 -0.7766322 -0.1598561 -0.5281276 1.395089 0.4273746 0.3615896 0.5271014 -0.2228714 -1.799056 0.5512726 -0.9435611
34 5.362975 -0.7772863 -0.04810152 -0.454816 1.271792 0.4304519 0.3673895 0.3792391 -0.6812737 -1.250212 0.4359127 -0.7315759
35 5.527324 -0.5600949 -0.391319 -0.5816832 1.134712 0.4631156 0.266257 0.193936 -0.5384566 -1.072389 0.4994554 -0.8768961
36 5.411822 -0.7430353 -0.1301519 -0.3697256 1.29166 0.5536573 0.2469833 0.1635422 -1.053597 -0.8903953 0.4590199 -0.724496
37 5.374692 -0.6638932 -0.2021864 -0.4727117 1.487864 0.5573625 0.212617 0.3043002 -0.9289722 -1.136805 0.504235 -0.7915877
38 5.377279 -0.6287066 -0.1382913 -0.5367955 1.164884 0.3959653 0.2419705 0.2228384 0.03032947 -1.777632 0.4637555 -0.9084209
39 5.357827 -0.6998811 -0.03825102 -0.275323 1.183462 0.3355329 0.2606492 0.3178872 -0.7990222 -1.262994 0.5034185 -0.7481483
40 5.391513 -0.5945018 -0.0106495 -0.4583949 1.141201 0.6352778 0.2503888 0.1829411 -2.008393 -0.867323 0.2979268 -0.2601159
41 5.387505 -0.6722465 -0.3830379 -0.4200273 1.14792 0.6282823 0.2857616 0.1770971 -1.110374 -1.10473 0.6026895 -0.8597595
42 5.556411 -0.8044613 -0.2485468 -0.4317062 1.321956 0.3654548 0.2590977 0.3120951 -0.9610927 -1.653392 0.6345324 -0.8977736
43 5.489448 -0.532296 -0.2599713 -0.7362671 1.283873 0.5704408 0.4059184 0.3992745 -1.234382 -1.156044 0.3850411 -0.5515986
44 5.52041 -0.6203398 -0.2595584 -0.5658647 1.252013 0.3649735 0.09828101 0.4466946 -0.5576509 -1.579131 0.4410875 -0.7721178
45 5.330563 -0.6408694 0.05725874 -0.6126485 1.265858 0.2753886 0.2661466 0.3682364 -1.144898 -1.164021 0.6133401 -0.8280762
46 5.320564 -0.6509036 -0.122276 -0.5185634 1.252324 0.4595231 0.2947799 0.2569169 -0.8585794 -1.552942 0.6486733 -0.9013142
47 5.44678 -0.7031593 -0.3575638 -0.335023 1.154619 0.6091721 0.2229808 0.1974938 -0.4826107 -1.050334 0.3760091 -0.7698038
48 5.264582 -0.6124199 -0.02680794 -0.4643519 1.110046 0.3228684 0.265984 0.310622 -0.683254 -1.68194 0.4480848 -0.6808296
49 5.38816 -0.6771339 -0.3562424 -0.5090612 1.458156 0.6043737 0.1321879 0.1744926 0.3547511 -1.751472 0.5615929 -1.210131
50 5.447969 -0.7562894 -0.2479959 -0.4613093 1.173454 0.5061104 0.267008 0.2096488 -1.188047 -1.249367 0.6220249 -0.8293226
51 5.386299 -0.5865947 -0.2657377 -0.5203402 1.254695 0.6542407 0.3985523 0.3154726 -0.7466148 -1.424921 0.3768956 -0.6259474
52 5.195349 -0.5839709 -0.03581324 -0.5322364 1.235709 0.8317041 0.379211 0.2989112 -1.830308 -0.6080791 0.4465359 -0.5018266
53 5.266949 -0.775037 -0.06271871 -0.3194202 1.02961 0.3372054 0.2573906 0.2847487 -0.5772162 -1.089851 0.5834736 -0.9555302
54 5.248182 -0.641885 -0.06977483 -0.3898321 1.085327 0.4035368 0.3058933 0.3256887 -1.479605 -1.075521 0.4127986 -0.5379173
55 5.265283 -0.7130194 -0.07630618 -0.3676128 1.191313 0.3645053 0.2741155 0.3286544 -1.201643 -0.8542713 0.5513652 -0.7797568
56 5.349715 -0.6938046 0.01753393 -0.5202464 1.248434 0.4247469 0.236635 0.1863919 -1.042572 -1.083091 0.5216943 -0.7930227
57 5.376812 -0.7333029 -0.0247111 -0.4723359 1.076171 0.3411046 0.2367924 0.3038485 -0.8898886 -1.061143 0.4651261 -0.7191758
58 5.213245 -0.5633375 0.2599856 -0.5399015 1.258924 0.4678018 0.2603576 0.2894506 -0.3768209 -1.357226 0.4505904 -0.8126784
59 5.400653 -0.909119 0.0003781252 -0.3121111 1.255049 0.2524035 0.2836196 0.4208034 -0.8059595 -0.9493172 0.4977449 -0.7946284
60 5.536787 -0.6320308 -0.1714396 -0.5204733 1.325007 0.3297974 0.2333657 0.2721962 1.114642 -2.010036 0.4251608 -1.141115
61 5.160588 -0.4742708 0.09068731 -0.6837205 1.310056 0.4503686 0.2759835 0.2236326 0.02008874 -1.475588 0.393806 -0.8224599
62 5.252963 -0.4508862 -0.0877891 -0.6271607 1.000935 0.2680766 0.2097866 0.2750891 -1.111966 -0.968748 0.5079193 -0.7340957
63 5.309815 -0.6905622 -0.0231775 -0.5550505 1.375354 0.5295368 0.3291349 0.2913585 -1.069092 -1.48751 0.5131328 -0.6778046
64 5.402302 -0.6431608 -0.1260602 -0.4562205 1.190201 0.4970434 0.2923781 0.2451314 -1.513306 -1.032228 0.4974127 -0.5892675
65 5.644689 -0.6728287 -0.3738912 -0.4798178 1.160682 0.4092379 0.2435443 0.2342864 0.002612261 -1.413721 0.5907873 -1.073543
66 5.275627 -0.3920727 -0.3874047 -0.8314694 1.127165 0.340586 0.271849 0.2779262 -0.6713856 -1.093221 0.3708906 -0.6620279
67 5.504568 -0.7686161 -0.2441312 -0.482276 1.370576 0.3786504 0.1499762 0.37769 0.5758463 -2.043033 0.4542587 -1.056325
68 5.163142 -0.6214808 0.05368502 -0.6846533 1.419136 0.5788851 0.1924283 0.2376738 -0.4970063 -1.139626 0.5973203 -0.9679693
69 5.224836 -0.4886937 0.002323681 -0.5392873 1.106132 0.5026653 0.2070327 0.1439886 -1.171187 -0.7457266 0.3531392 -0.6084734
70 5.388619 -0.5631218 -0.1377443 -0.6021559 1.141315 0.5830136 0.2638042 0.2185683 -0.7694333 -1.170319 0.4635744 -0.7713642
71 5.308279 -0.6744853 -0.1093551 -0.4371253 1.105327 0.5173951 0.2734776 0.2482201 -1.148681 -1.192094 0.3869551 -0.5515706
72 5.513939 -0.8024961 -0.1490893 -0.3446016 1.383735 0.4000979 0.3814164 0.6246617 -1.363013 -0.8387397 0.391606 -0.5438517
73 5.405321 -0.6983121 -0.2358393 -0.4112039 1.213911 0.401459 0.3200829 0.3614998 -0.4481915 -1.297215 0.4183582 -0.7944466
74 5.587269 -0.6039844 -0.397162 -0.7022175 1.401529 0.5083562 0.2926099 0.1773622 -1.154478 -1.055543 0.4173906 -0.5966146
75 5.350748 -0.7166572 -0.1653166 -0.4134778 1.102982 0.5086335 0.3151358 0.2395755 -0.7574041 -1.135241 0.5250999 -0.8103479
76 5.438448 -0.5894175 -0.2160927 -0.6393958 1.097341 0.52067 0.4062374 0.4350068 -1.548724 -0.6462141 0.4936139 -0.6098873
77 5.622089 -0.6663633 -0.3976522 -0.4860011 1.192299 0.6059713 0.3773333 0.3209105 -1.136728 -1.139678 0.666697 -0.8935266
78 5.439607 -0.6468841 -0.1967385 -0.2747403 1.439951 0.7382977 0.3645097 0.2151957 -1.247977 -1.099136 0.3373495 -0.476238
79 5.416663 -0.753389 -0.2208215 -0.3131165 1.301764 0.5339456 0.3315638 0.333511 -0.5532823 -1.486051 0.4422839 -0.7502032
80 5.60763 -0.7454838 -0.4273116 -0.2590645 1.284135 0.6475292 0.3120718 0.2021391 -0.9197326 -1.323961 0.4294237 -0.6315744
81 5.436699 -0.7613234 -0.1891182 -0.3698811 1.116531 0.3625945 0.3521188 0.3501913 -0.9229334 -0.8285573 0.5302079 -0.7834474
82 5.517383 -0.6650463 -0.372042 -0.4068472 1.212861 0.2866849 0.273968 0.6923173 -1.587158 -1.115378 0.4316942 -0.5163661
83 5.487297 -0.6551177 -0.3925209 -0.3999398 1.057623 0.4114024 0.2992351 0.2935869 -0.7689277 -0.9161081 0.4824922 -0.7990381
84 5.17965 -0.4343191 -0.0089219 -0.6551893 1.172221 0.4829299 0.2061016 0.1691009 -0.5808432 -1.456211 0.6858205 -1.041391
85 5.285056 -0.6533534 -0.01764142 -0.5727341 1.415608 0.5261369 0.3079923 0.3438919 -1.281494 -0.9921998 0.5008853 -0.645036
86 5.449055 -0.494132 -0.2079128 -0.7752011 1.089211 0.6522888 0.2034955 0.1205906 -0.1737599 -1.486824 0.3868634 -0.8001839
87 5.271656 -0.75351 -0.08291473 -0.1950791 1.267802 0.6896542 0.2274576 0.2612231 -1.07803 -1.281462 0.6699914 -0.972298
88 5.46179 -0.6367671 -0.06081132 -0.5945544 1.192772 0.5297783 0.265617 0.2307599 -0.4791527 -1.08199 0.4134642 -0.7644344
89 5.502845 -0.5415774 -0.3566533 -0.6793622 1.596113 0.4860777 0.2281421 0.2997833 -0.2796103 -1.541746 0.5373981 -0.9348505
90 5.413534 -0.7361348 -0.3330459 -0.284648 1.368165 0.4155323 0.2956456 0.333871 -1.000034 -1.061675 0.4113623 -0.6460692
91 5.228412 -0.6028826 0.1464766 -0.5204758 1.142331 0.5671464 0.2151612 0.2189987 -1.302802 -0.9645697 0.4514914 -0.6233105
92 5.243799 -0.5338594 -0.1283217 -0.6211778 1.426473 0.5253017 0.3226868 0.3566512 -0.5306617 -1.322734 0.4626861 -0.8786101
93 5.244697 -0.7906581 0.03779229 -0.3868162 1.30538 0.4956582 0.3840236 0.4673796 -1.461789 -1.103573 0.5639315 -0.6971711
94 5.218578 -0.761837 -0.1124721 -0.3123663 1.292997 0.3886868 0.3425946 0.4127272 -0.8781681 -1.539441 0.4476864 -0.6851411
96 5.445179 -0.6296186 -0.1387413 -0.6437879 1.377857 0.9556094 0.2922973 0.1585566 -1.080792 -1.223665 0.4745346 -0.6743907
97 5.209821 -0.5748119 0.2223613 -0.7425635 1.256836 0.3431883 0.2260985 0.2121514 -0.4125386 -1.362938 0.5925629 -1.00594
98 5.518814 -0.8096574 -0.2007467 -0.3263562 1.487551 1.12015 0.222726 0.2549337 -0.5034295 -1.083297 0.5588163 -0.9692866
99 5.328235 -0.612084 -0.128905 -0.5428484 1.008102 0.398209 0.2739004 0.2597117 -0.9706674 -0.8783398 0.4765392 -0.6796683
100 5.409831 -0.7262554 -0.2196635 -0.3861061 1.270789 0.4191204 0.1537358 0.392935 -0.7147447 -1.05897 0.3910518 -0.6451167
101 5.260927 -0.4629822 0.2160794 -0.8024052 1.260567 0.5552594 0.2812854 0.2611311 -0.5821633 -1.498843 0.5677179 -0.8946705
102 5.419794 -0.7530543 -0.2096325 -0.455096 1.115737 0.4209097 0.2077622 0.322434 -0.8492572 -1.01813 0.574089 -0.8459157
103 5.426112 -0.7237957 -0.1185083 -0.3967808 1.163922 0.7033885 0.2440114 0.153698 -0.6692182 -1.353394 0.5059606 -0.8327442
