1 2.319302 1.708914 1.680026 4.078401 1.77859 1.731983
2 1.82221 1.537727 1.480538 3.524524 1.571993 1.556052
3 2.016757 1.724749 1.718735 4.153106 1.592776 1.687276
4 2.637822 1.718754 1.745239 5.003255 1.802728 1.731349
5 5.167238 3.32385 3.354651 8.002244 3.314449 3.185678
6 1.980021 1.422524 1.488801 4.567753 1.427047 1.394255
7 2.198299 1.451067 1.45655 4.174242 1.494072 1.500528
8 3.260768 2.627063 2.596544 6.410923 2.579141 2.66339
9 1.696114 1.366948 1.293811 3.366403 1.396557 1.309089
10 2.797907 1.936995 2.062178 4.186302 2.0755 1.980632
11 3.733541 2.225979 2.239905 6.163243 2.259482 2.207264
12 1.758996 1.402842 1.388889 3.149067 1.455997 1.504881
13 2.177729 1.721259 1.718751 4.264762 1.656804 1.646323
14 1.597182 1.15805 1.114139 4.296306 1.139525 1.052924
15 3.697862 2.309306 2.422285 4.342068 2.194892 2.220667
16 1.485152 1.079136 1.08498 3.148363 1.106107 1.175713
17 1.695189 1.44401 1.434102 2.694191 1.453624 1.381775
18 3.030426 1.984286 1.772797 5.31666 1.988593 1.9036
19 2.598356 2.021853 1.971249 4.547101 2.071113 2.136019
20 2.052041 1.329668 1.309232 3.601952 1.301974 1.335016
21 2.321209 1.836034 1.870843 4.685012 1.883407 1.931448
22 1.953928 1.411739 1.369159 3.875618 1.363668 1.364534
23 1.803209 1.415623 1.468392 3.730198 1.475529 1.412872
24 2.59466 1.90287 1.929536 4.974876 1.977472 1.895952
25 2.15078 1.618612 1.624566 4.974498 1.663303 1.560427
26 1.895773 1.541756 1.576656 3.348893 1.5691 1.51744
27 2.824864 2.277797 2.25162 4.591372 2.137905 2.083797
28 1.614834 1.17597 1.134703 3.350294 1.120379 1.226399
29 1.841422 1.302 1.299865 4.355351 1.352809 1.45974
30 2.583956 1.834238 1.752984 6.783181 1.547768 1.541655
31 3.115858 2.139719 2.089867 5.417986 2.173691 2.275097
32 2.71497 1.955108 1.946477 4.265023 1.973774 2.081722
33 1.851153 1.580479 1.680879 4.864502 1.563622 1.525892
34 2.213019 1.853572 1.832641 3.799038 1.966528 1.878027
35 1.781545 1.389158 1.331942 3.230372 1.308408 1.304942
36 2.005373 1.713114 1.692303 3.078752 1.770359 1.66433
37 1.753893 1.567355 1.587275 4.346159 1.634533 1.596141
38 1.618809 1.210496 1.201661 3.484031 1.178334 1.184836
39 3.588713 2.626793 2.539067 4.902852 2.7129 2.694201
40 1.442979 1.054573 1.062947 4.147574 1.113438 1.096202
41 1.947758 1.55415 1.511355 3.873888 1.561997 1.614766
42 2.061036 1.736276 1.668487 3.69939 1.630365 1.704884
43 1.986753 1.611254 1.616392 3.393109 1.510548 1.653803
44 2.061714 1.250955 1.237402 4.958626 1.280281 1.333476
45 2.029169 1.562869 1.63779 4.287977 1.590307 1.626256
46 3.402875 2.144985 2.116498 5.194107 2.326894 2.24502
47 1.724467 1.403604 1.396856 3.700007 1.555201 1.453236
48 3.471057 2.475487 2.573201 5.208909 2.573398 2.564016
49 1.731149 1.391496 1.36727 3.737153 1.39274 1.428879
50 1.953846 1.402206 1.386759 3.130065 1.395372 1.396712
51 1.614057 1.277942 1.280198 2.945834 1.200445 1.272314
52 3.268926 2.724986 2.763965 4.618589 2.92273 2.944756
53 1.966603 1.618162 1.593117 3.729058 1.697811 1.680715
54 2.981684 2.096878 2.106204 6.500162 2.073477 2.062131
55 1.605043 1.262055 1.253424 3.263678 1.217927 1.208306
56 2.186901 1.463588 1.502763 4.884512 1.472355 1.556217
57 2.595221 2.015851 1.934275 6.202804 1.938986 2.001472
58 2.600885 2.308492 2.263057 5.97039 2.419694 2.420793
59 1.909018 1.602136 1.562611 4.938737 1.516603 1.568546
60 1.651319 1.390015 1.379984 3.344606 1.365505 1.388709
61 2.673923 1.598393 1.628494 5.182621 1.632337 1.629708
62 1.727897 1.338253 1.328586 3.257878 1.295391 1.432544
63 1.840914 1.247026 1.201827 4.799549 1.281944 1.273113
64 2.114444 1.510005 1.598423 3.79141 1.519234 1.511996
65 2.822408 2.298636 2.351348 5.094148 2.366262 2.349977
66 2.300579 1.372979 1.313954 5.144231 1.454446 1.401841
67 1.837514 1.513963 1.542362 4.065104 1.617738 1.546321
68 2.824452 2.052759 2.059753 5.119708 1.971745 2.023935
69 1.443324 1.322763 1.322559 2.625585 1.287732 1.317398
70 2.248913 1.513548 1.476951 4.643144 1.332381 1.323887
71 2.29961 2.034931 1.912568 4.248175 1.996199 2.121486
72 1.765332 1.421817 1.402879 4.06348 1.483418 1.417488
73 1.716277 1.063527 1.075326 4.162895 0.9896476 1.057908
74 1.904757 1.405201 1.481405 5.724474 1.404738 1.408386
75 1.581781 1.262598 1.252384 2.699899 1.334792 1.298005
76 2.501408 2.197166 2.072715 4.03791 2.060409 2.13345
77 1.732219 1.385295 1.466671 3.508669 1.413868 1.496954
78 3.284741 2.303082 2.221194 6.352523 2.198722 2.159742
79 2.300874 1.795902 1.757762 3.683499 1.693985 1.692009
80 1.707751 1.161423 1.169157 3.421302 1.149249 1.107082
81 2.782149 2.08649 1.994091 5.518111 1.941887 1.948161
82 2.327006 1.5776 1.596685 5.86563 1.526755 1.4159
83 3.148234 2.127866 2.12927 5.631873 2.075252 2.185537
84 1.816459 1.712649 1.580892 3.194419 1.617684 1.629168
85 1.780601 1.291132 1.30624 3.070317 1.363262 1.309458
86 1.687985 1.044595 1.065819 4.032711 0.9929708 0.960022
87 2.064326 1.530707 1.576701 3.682224 1.68319 1.574584
88 4.343973 2.830065 2.272608 8.04083 2.463022 2.555051
89 1.427997 1.190848 1.093947 3.206513 1.191567 1.13671
90 1.960206 1.440285 1.491816 3.373096 1.483331 1.484358
91 1.383079 0.9452937 0.9915426 3.768967 0.9101654 0.9619349
92 2.337565 1.83593 1.894092 3.841196 1.896838 1.88875
93 3.855545 2.91245 3.007681 5.902526 3.083476 2.990624
94 1.709135 1.381596 1.255482 3.490599 1.260291 1.235127
95 3.104393 2.182384 2.249187 6.888918 2.221564 2.339968
96 2.545326 1.486818 1.476426 4.140567 1.537494 1.479727
97 1.991624 1.358533 1.413217 4.164017 1.410713 1.369853
98 2.977805 1.88207 1.958034 5.50589 1.891058 1.912935
99 2.324875 1.791008 1.81205 4.647568 1.937023 1.890998
100 3.47393 2.748701 2.669244 5.531529 2.645255 2.622887
