1 2200001
2 2200002
3 2200003
4 2200004
5 2200005
6 2200006
7 2200007
8 2200008
9 2200009
10 2200010
11 2200011
12 2200012
13 2200013
14 2200014
15 2200015
17 2200017
18 2200018
19 2200019
20 2200020
21 2200021
22 2200022
23 2200023
24 2200024
25 2200025
26 2200026
27 2200027
28 2200028
29 2200029
30 2200030
32 2200032
33 2200033
34 2200034
35 2200035
36 2200036
37 2200037
38 2200038
39 2200039
40 2200040
41 2200041
42 2200042
43 2200043
44 2200044
45 2200045
46 2200046
47 2200047
48 2200048
49 2200049
50 2200050
51 2200051
52 2200052
53 2200053
54 2200054
55 2200055
56 2200056
57 2200057
58 2200058
59 2200059
60 2200060
61 2200061
62 2200062
63 2200063
64 2200064
65 2200065
66 2200066
67 2200067
68 2200068
69 2200069
70 2200070
71 2200071
72 2200072
73 2200073
74 2200074
75 2200075
76 2200076
77 2200077
78 2200078
79 2200079
80 2200080
81 2200081
82 2200082
83 2200083
84 2200084
85 2200085
86 2200086
87 2200087
88 2200088
89 2200089
90 2200090
91 2200091
92 2200092
93 2200093
94 2200094
96 2200096
97 2200097
98 2200098
99 2200099
100 2200100
101 2200101
102 2200102
103 2200103
