1 6552.913 6579.057 6629.199 7050.708 7074.482 7126.659
2 6396.89 6441.564 6486.174 6810.941 6848.616 6892.959
3 6623.343 6653.964 6689.247 6902.891 6923.513 6958.591
4 6507.475 6525.791 6567.898 6843.124 6869.475 6911.827
5 6354.521 6395.274 6483.522 6618.693 6656.886 6745.615
6 6614.309 6644.262 6671.27 6829.083 6854.119 6880.405
7 6643.506 6668.963 6707.001 7004.46 7025.458 7064.532
8 6571.602 6603.689 6632.717 6947.524 6970.2 6998.881
9 6753.976 6767.477 6817.316 7103.331 7115.332 7164.79
10 6613.171 6654.876 6688.274 6871.229 6901.098 6933.925
11 6739.094 6781.413 6814.9 6929.134 6966.378 6999.795
12 6645.937 6673.169 6730.361 7018.718 7039.973 7097.897
13 6389.914 6427.075 6468.034 6707.927 6742.357 6783.191
14 6366.259 6400.857 6460.257 6537.513 6556.865 6615.809
15 6470.464 6498.974 6562.961 6775.903 6799.72 6863.155
16 6725.768 6752.601 6785.995 6955.054 6976.788 7010.168
17 6513.565 6546.714 6578.822 6735.349 6765.421 6797.967
18 6423.24 6464.657 6522.992 6812.04 6835.218 6893.427
19 6603.909 6637.074 6687.261 6930.843 6965.824 7016.095
20 6370.178 6416.815 6464.994 6650.689 6694.98 6742.997
21 6576.333 6611.244 6655.613 6910.91 6943.594 6987.489
22 6470.03 6509.125 6553.59 6735.283 6760.038 6803.287
23 6399.251 6433.497 6475.917 6942.815 6972.296 7014.484
24 6421.735 6451.358 6497.492 6638.23 6663.271 6707.916
25 6420.198 6455.438 6506.643 6690.532 6723.21 6774.04
26 6463.978 6485.07 6563.379 6784.809 6808.248 6887.092
27 6550.902 6583.723 6627.771 6895.5 6921.175 6965.609
28 6435.568 6472.757 6518.256 6689.507 6724.677 6770.794
29 6447.637 6480.689 6521.802 6766.513 6784.401 6825.935
30 6417.392 6438.556 6485.633 6631.956 6645.068 6693.278
31 6554.967 6607.286 6652.923 6864.533 6911.301 6957.593
32 6507.461 6545.748 6583.71 6769.119 6797.327 6836.881
33 6711.115 6751.936 6779.664 7029.094 7061.083 7089.18
34 6436.168 6466.974 6523.422 6679.691 6702.64 6759.811
35 6623.076 6648.188 6696.727 6945.607 6959.11 7007.175
36 6182.669 6218.313 6269.706 6543.053 6567.842 6620.204
37 6697.921 6729.478 6774.636 7044.812 7072.54 7118.321
38 6569.923 6608.257 6641.711 6775.687 6801.246 6835.167
39 6681.072 6711.772 6773.819 7025.247 7048.848 7111.437
40 6342.362 6367.038 6440.792 6568.829 6583.021 6656.953
41 6424.983 6464.011 6503.778 6639.215 6669.401 6709.696
42 6511.775 6550.414 6592.013 6679.394 6716.426 6757.215
43 6457.144 6479.573 6520.275 6707.695 6720.954 6762.439
44 6587.074 6613.472 6653.508 7018.512 7038.755 7079.497
45 6490.733 6525.695 6577.167 6819.206 6838.842 6891.167
46 6533.391 6554.181 6604.86 6795.639 6813.282 6864.5
47 6614.247 6633.149 6674.821 7028.035 7034.471 7076.822
48 6683.241 6708.236 6746.044 6998.405 7017.233 7054.739
49 6275.465 6325.364 6383.49 6516.274 6558.797 6616.954
50 6649.879 6685.39 6718.208 6875.603 6901.636 6935.871
51 6523.085 6549.156 6595.972 6784.371 6809.021 6856.246
52 6225.268 6258.495 6321.737 6560.872 6577.177 6639.429
53 6470.238 6489.816 6538.312 6821.229 6834.703 6882.725
54 6509.403 6532.123 6596.245 7143.244 7159.743 7223.481
55 6986.178 7009.224 7045.494 7290.731 7303.466 7339.999
56 6659.322 6687.84 6730.099 6992.352 7019.343 7061.742
57 6610.792 6634.433 6661.244 7010.622 7032.589 7059.734
58 6494.238 6533.662 6583.905 6750.36 6784.392 6835.117
59 6423.764 6453.715 6491.493 7049.686 7084.428 7121.286
60 6306.496 6347.391 6410.55 6500.181 6536.404 6599.379
61 6415.714 6440.783 6502.22 6764.909 6790.012 6851.191
62 6314.782 6349.43 6408.348 6628.717 6656.713 6716.266
63 6300.669 6334.9 6383.377 6617.383 6641.377 6689.972
64 6462.357 6483.088 6533.949 6763.463 6772.026 6823.22
65 6683.579 6722.568 6757.73 7125.26 7157.643 7192.758
66 6659.623 6683.724 6720.158 6875.253 6896.298 6932.678
67 6427.806 6460.439 6499.626 6698.958 6723.597 6762.761
68 6605.752 6634.882 6667.183 6862.795 6892.397 6924.56
69 6776.155 6799.196 6831.609 7139.83 7154.41 7186.123
70 6513.503 6551.493 6592.597 6714.984 6744.732 6786.133
71 6252.31 6296.876 6348.997 6503.515 6541.305 6592.242
72 6734.929 6762.017 6798.628 7087.761 7105.762 7141.808
73 6524.563 6555.732 6607.134 6845.258 6870.371 6920.854
74 6397.059 6441.596 6477.157 6835.154 6872.951 6909.365
75 6440.269 6483.313 6538.523 6639.378 6675.55 6730.531
76 6492.943 6516.052 6561.994 6707.942 6722.766 6767.743
77 6486.623 6513.555 6568.786 6813.513 6838.445 6893.686
78 6309.111 6348.418 6417.641 6581.218 6610.923 6679.519
79 6521.416 6570.313 6613.716 6957.58 6991.053 7032.803
80 6422.563 6467.147 6511.173 6635.344 6666.644 6711.364
81 6585.757 6634.431 6658.754 6957.876 7002.297 7026.92
82 6546.708 6571.89 6639.277 6954.011 6969.127 7036.924
83 6488.734 6520.827 6556.234 6764.002 6792.147 6828.446
84 6633.355 6655.088 6690.245 6941.785 6952.106 6987.441
85 6419.584 6460.162 6511.852 6678.796 6709.909 6762.844
86 6489.348 6521.853 6566.17 6797.443 6820.846 6864.861
87 6602.421 6642.086 6677.235 6919.73 6954.787 6989.331
88 6468.639 6493.555 6545.214 6694.57 6710.268 6761.295
89 6765.777 6798.267 6839.496 7119.886 7149.118 7190.537
90 6697.748 6733.643 6771.553 6980.191 7008.007 7045.035
91 6360.713 6390.641 6450.718 6541.327 6562.821 6622.486
92 6624.105 6645.854 6685.96 6916.055 6927.668 6966.811
93 6544.606 6573.249 6613.588 6972.363 6996.065 7037.513
94 6483.517 6517.671 6558.954 6718.883 6747.08 6788.912
95 6616.914 6660.309 6703.322 6960.658 6997.281 7040.492
96 6471.42 6501.043 6550.267 6697.708 6716.988 6765.683
97 6557.761 6594.528 6639.008 6854.726 6882.59 6927.504
98 6634.156 6659.219 6698.525 6835.891 6854.87 6894.862
99 6450.586 6483.918 6519.772 6797.283 6831.275 6867.339
100 6777.881 6810.523 6848.499 7188.759 7206.922 7245.164
