1 6604.802 6626.955 6669.114 7098.606 7118.388 7162.582
2 6448.779 6489.462 6526.089 6858.838 6892.522 6928.882
3 6675.232 6701.862 6729.162 6950.788 6967.419 6994.514
4 6559.364 6573.688 6607.812 6891.021 6913.381 6947.751
5 6406.41 6443.171 6523.437 6666.591 6700.792 6781.538
6 6666.198 6692.159 6711.185 6876.981 6898.025 6916.328
7 6695.395 6716.86 6746.916 7052.358 7069.365 7100.456
8 6623.491 6651.587 6672.632 6995.422 7014.106 7034.804
9 6805.865 6815.375 6857.231 7151.229 7159.238 7200.713
10 6665.06 6702.774 6728.188 6919.126 6945.004 6969.848
11 6790.983 6829.31 6854.815 6977.031 7010.285 7035.719
12 6697.826 6721.067 6770.276 7066.615 7083.879 7133.82
13 6441.803 6474.973 6507.948 6755.824 6786.263 6819.114
14 6418.148 6448.754 6500.171 6585.411 6600.771 6651.732
15 6522.353 6546.872 6602.875 6823.801 6843.626 6899.078
16 6777.657 6800.498 6825.91 7002.952 7020.695 7046.091
17 6565.454 6594.612 6618.737 6783.246 6809.327 6833.89
18 6475.129 6512.555 6562.907 6859.938 6879.124 6929.351
19 6655.798 6684.972 6727.176 6978.74 7009.73 7052.018
20 6422.067 6464.712 6504.909 6698.587 6738.886 6778.92
21 6628.222 6659.142 6695.527 6958.807 6987.5 7023.412
22 6521.919 6557.022 6593.505 6783.18 6803.944 6839.211
23 6451.14 6481.394 6515.832 6990.713 7016.203 7050.407
24 6473.624 6499.256 6537.407 6686.128 6707.177 6743.84
25 6472.087 6503.336 6546.557 6738.429 6767.116 6809.964
26 6515.867 6532.967 6603.294 6832.707 6852.154 6923.015
27 6602.791 6631.62 6667.686 6943.397 6965.081 7001.532
28 6487.457 6520.655 6558.171 6737.404 6768.583 6806.717
29 6499.526 6528.586 6561.716 6814.411 6828.307 6861.858
30 6469.281 6486.454 6525.547 6679.853 6688.974 6729.201
31 6606.856 6655.184 6692.837 6912.431 6955.207 6993.516
32 6559.35 6593.646 6623.625 6817.017 6841.234 6872.804
33 6763.004 6799.834 6819.579 7076.992 7104.989 7125.103
34 6488.057 6514.871 6563.336 6727.589 6746.546 6795.734
35 6674.965 6696.085 6736.642 6993.505 7003.016 7043.098
36 6234.558 6266.211 6309.621 6590.951 6611.748 6656.127
37 6749.81 6777.376 6814.551 7092.71 7116.446 7154.244
38 6621.812 6656.155 6681.626 6823.585 6845.152 6871.09
39 6732.961 6759.67 6813.734 7073.145 7092.754 7147.36
40 6394.251 6414.936 6480.707 6616.727 6626.927 6692.876
41 6476.872 6511.908 6543.692 6687.113 6713.307 6745.619
42 6563.664 6598.311 6631.928 6727.292 6760.332 6793.139
43 6509.033 6527.471 6560.19 6755.593 6764.861 6798.362
44 6638.963 6661.37 6693.422 7066.41 7082.661 7115.42
45 6542.622 6573.593 6617.082 6867.104 6882.748 6927.09
46 6585.28 6602.078 6644.775 6843.537 6857.188 6900.424
47 6666.136 6681.047 6714.735 7075.933 7078.377 7112.745
48 6735.13 6756.133 6785.958 7046.303 7061.139 7090.662
49 6327.354 6373.261 6423.405 6564.171 6602.703 6652.877
50 6701.768 6733.288 6758.123 6923.5 6945.542 6971.794
51 6574.974 6597.053 6635.887 6832.268 6852.927 6892.169
52 6277.157 6306.393 6361.652 6608.77 6621.083 6675.352
53 6522.127 6537.714 6578.227 6869.126 6878.609 6918.648
54 6561.292 6580.021 6636.16 7191.141 7203.649 7259.404
55 7038.067 7057.122 7085.408 7338.628 7347.372 7375.923
56 6711.211 6735.737 6770.014 7040.25 7063.249 7097.665
57 6662.681 6682.331 6701.159 7058.52 7076.495 7095.657
58 6546.127 6581.56 6623.82 6798.258 6828.298 6871.04
59 6475.653 6501.612 6531.408 7097.583 7128.334 7157.209
60 6358.386 6395.289 6450.464 6548.079 6580.31 6635.302
61 6467.603 6488.68 6542.135 6812.807 6833.918 6887.114
62 6366.671 6397.328 6448.263 6676.615 6700.619 6752.189
63 6352.558 6382.798 6423.292 6665.281 6685.283 6725.895
64 6514.247 6530.986 6573.864 6811.36 6815.932 6859.143
65 6735.468 6770.466 6797.645 7173.157 7201.549 7228.681
66 6711.512 6731.622 6760.073 6923.151 6940.204 6968.602
67 6479.695 6508.336 6539.541 6746.856 6767.503 6798.684
68 6657.641 6682.78 6707.098 6910.692 6936.303 6960.483
69 6828.044 6847.094 6871.524 7187.728 7198.316 7222.047
70 6565.392 6599.391 6632.512 6762.882 6788.638 6822.056
71 6304.199 6344.774 6388.912 6551.413 6585.211 6628.165
72 6786.818 6809.914 6838.542 7135.658 7149.668 7177.731
73 6576.452 6603.63 6647.048 6893.156 6914.277 6956.777
74 6448.949 6489.494 6517.072 6883.051 6916.857 6945.288
75 6492.158 6531.211 6578.438 6687.275 6719.456 6766.454
76 6544.832 6563.95 6601.909 6755.84 6766.672 6803.666
77 6538.512 6561.453 6608.7 6861.411 6882.351 6929.61
78 6361 6396.316 6457.556 6629.116 6654.829 6715.442
79 6573.305 6618.211 6653.631 7005.478 7034.959 7068.726
80 6474.452 6515.045 6551.088 6683.241 6710.55 6747.287
81 6637.646 6682.328 6698.668 7005.774 7046.203 7062.843
82 6598.598 6619.787 6679.192 7001.909 7013.033 7072.847
83 6540.623 6568.724 6596.148 6811.9 6836.053 6864.369
84 6685.244 6702.986 6730.16 6989.683 6996.012 7023.365
85 6471.473 6508.059 6551.766 6726.693 6753.815 6798.767
86 6541.237 6569.75 6606.084 6845.341 6864.752 6900.785
87 6654.31 6689.984 6717.15 6967.628 6998.693 7025.255
88 6520.528 6541.452 6585.129 6742.467 6754.174 6797.218
89 6817.666 6846.165 6879.41 7167.783 7193.024 7226.46
90 6749.637 6781.54 6811.467 7028.089 7051.913 7080.958
91 6412.602 6438.539 6490.632 6589.225 6606.728 6658.409
92 6675.994 6693.751 6725.875 6963.952 6971.574 7002.734
93 6596.495 6621.146 6653.502 7020.261 7039.971 7073.436
94 6535.406 6565.568 6598.869 6766.78 6790.986 6824.835
95 6668.803 6708.207 6743.236 7008.556 7041.187 7076.416
96 6523.309 6548.94 6590.182 6745.605 6760.894 6801.606
97 6609.65 6642.426 6678.923 6902.623 6926.496 6963.427
98 6686.045 6707.117 6738.439 6883.789 6898.776 6930.785
99 6502.475 6531.816 6559.687 6845.181 6875.181 6903.262
100 6829.77 6858.42 6888.414 7236.656 7250.828 7281.087
