1 0.495
2 0.505
3 0.52
4 0.4625
5 0.4975
6 0.4775
7 0.505
8 0.535
9 0.46
10 0.4875
11 0.5025
12 0.535
13 0.565
14 0.53
15 0.5325
16 0.4625
17 0.4775
18 0.525
19 0.485
20 0.485
21 0.495
22 0.495
23 0.49
24 0.5175
25 0.4825
26 0.475
27 0.4825
28 0.4975
29 0.5075
30 0.52
31 0.52
32 0.4875
33 0.485
34 0.45
35 0.4725
36 0.5575
37 0.4875
38 0.5025
39 0.49
40 0.52
41 0.5175
42 0.4825
43 0.44
44 0.48
45 0.53
46 0.4775
47 0.46
48 0.515
49 0.5425
50 0.4875
51 0.505
52 0.475
53 0.495
54 0.5175
55 0.4675
56 0.4725
57 0.4775
58 0.495
59 0.4975
60 0.4975
61 0.49
62 0.51
63 0.5175
64 0.465
65 0.5125
66 0.4475
67 0.4525
68 0.4725
69 0.475
70 0.4825
71 0.5475
72 0.495
73 0.49
74 0.5
75 0.5275
76 0.4725
77 0.5275
78 0.5475
79 0.525
80 0.5175
81 0.545
82 0.5175
83 0.44
84 0.525
85 0.5175
86 0.4375
87 0.5125
88 0.4825
89 0.45
90 0.505
91 0.495
92 0.475
93 0.5075
94 0.5175
95 0.485
96 0.4925
97 0.5
98 0.46
99 0.5
100 0.505
