1 -3263.456 -3277.529 -3304.6 -3513.354 -3526.241 -3554.329
2 -3185.445 -3208.782 -3233.087 -3393.47 -3413.308 -3437.479
3 -3298.672 -3314.982 -3334.624 -3439.445 -3450.756 -3470.296
4 -3240.738 -3250.895 -3273.949 -3409.562 -3423.737 -3446.914
5 -3164.26 -3185.637 -3231.761 -3297.347 -3317.443 -3363.807
6 -3294.154 -3310.131 -3325.635 -3402.542 -3416.059 -3431.203
7 -3308.753 -3322.481 -3343.501 -3490.23 -3501.729 -3523.266
8 -3272.801 -3289.845 -3306.359 -3461.762 -3474.1 -3490.44
9 -3363.988 -3371.739 -3398.658 -3539.666 -3546.666 -3573.395
10 -3293.586 -3315.438 -3334.137 -3423.614 -3439.549 -3457.962
11 -3356.547 -3378.706 -3397.45 -3452.567 -3472.189 -3490.898
12 -3309.968 -3324.584 -3355.181 -3497.359 -3508.986 -3539.949
13 -3181.957 -3201.538 -3224.017 -3341.963 -3360.179 -3382.596
14 -3170.129 -3188.428 -3220.128 -3256.757 -3267.433 -3298.904
15 -3222.232 -3237.487 -3271.48 -3375.952 -3388.86 -3422.577
16 -3349.884 -3364.3 -3382.998 -3465.527 -3477.394 -3496.084
17 -3243.782 -3261.357 -3279.411 -3355.674 -3371.711 -3389.983
18 -3198.62 -3220.329 -3251.496 -3394.02 -3406.609 -3437.714
19 -3288.955 -3306.537 -3333.63 -3453.421 -3471.912 -3499.048
20 -3172.089 -3196.407 -3222.497 -3313.345 -3336.49 -3362.498
21 -3275.167 -3293.622 -3317.806 -3443.455 -3460.797 -3484.744
22 -3222.015 -3242.562 -3266.795 -3355.641 -3369.019 -3392.644
23 -3186.625 -3204.748 -3227.959 -3459.408 -3475.148 -3498.242
24 -3197.867 -3213.679 -3238.746 -3307.115 -3320.636 -3344.958
25 -3197.099 -3215.719 -3243.321 -3333.266 -3350.605 -3378.02
26 -3218.989 -3230.535 -3271.689 -3380.405 -3393.124 -3434.546
27 -3262.451 -3279.861 -3303.886 -3435.75 -3449.587 -3473.804
28 -3204.784 -3224.379 -3249.128 -3332.753 -3351.338 -3376.397
29 -3210.819 -3228.344 -3250.901 -3371.257 -3381.201 -3403.967
30 -3195.696 -3207.278 -3232.816 -3303.978 -3311.534 -3337.639
31 -3264.484 -3291.643 -3316.461 -3420.267 -3444.65 -3469.797
32 -3240.73 -3260.874 -3281.855 -3372.56 -3387.664 -3409.44
33 -3342.557 -3363.968 -3379.832 -3502.547 -3519.541 -3535.59
34 -3205.084 -3221.487 -3251.711 -3327.846 -3340.32 -3370.906
35 -3298.538 -3312.094 -3338.364 -3460.803 -3468.555 -3494.588
36 -3078.335 -3097.157 -3124.853 -3259.527 -3272.921 -3301.102
37 -3335.96 -3352.739 -3377.318 -3510.406 -3525.27 -3550.161
38 -3271.962 -3292.129 -3310.855 -3375.844 -3389.623 -3408.584
39 -3327.536 -3343.886 -3376.909 -3500.623 -3513.424 -3546.718
40 -3158.181 -3171.519 -3210.396 -3272.415 -3280.511 -3319.476
41 -3199.491 -3220.005 -3241.889 -3307.608 -3323.7 -3345.848
42 -3242.888 -3263.207 -3286.007 -3327.697 -3347.213 -3369.608
43 -3215.572 -3227.787 -3250.138 -3341.848 -3349.477 -3372.22
44 -3280.537 -3294.736 -3316.754 -3497.256 -3508.378 -3530.748
45 -3232.366 -3250.848 -3278.584 -3397.603 -3408.421 -3436.583
46 -3253.696 -3265.09 -3292.43 -3385.82 -3395.641 -3423.25
47 -3294.124 -3304.575 -3327.41 -3502.018 -3506.235 -3529.411
48 -3328.62 -3342.118 -3363.022 -3487.202 -3497.616 -3518.369
49 -3124.732 -3150.682 -3181.745 -3246.137 -3268.398 -3299.477
50 -3311.939 -3330.695 -3349.104 -3425.801 -3439.818 -3458.935
51 -3248.543 -3262.578 -3287.986 -3380.185 -3393.51 -3419.123
52 -3099.634 -3117.248 -3150.869 -3268.436 -3277.588 -3310.715
53 -3222.119 -3232.908 -3259.156 -3398.614 -3406.352 -3432.362
54 -3241.701 -3254.061 -3288.123 -3559.622 -3568.871 -3602.74
55 -3480.089 -3492.612 -3512.747 -3633.365 -3640.733 -3661
56 -3316.661 -3331.92 -3355.05 -3484.176 -3498.671 -3521.871
57 -3292.396 -3305.217 -3320.622 -3493.311 -3505.295 -3520.867
58 -3234.119 -3254.831 -3281.953 -3363.18 -3381.196 -3408.558
59 -3198.882 -3214.857 -3235.747 -3512.843 -3531.214 -3551.643
60 -3140.248 -3161.695 -3195.275 -3238.09 -3257.202 -3290.689
61 -3194.857 -3208.391 -3241.11 -3370.455 -3384.006 -3416.595
62 -3144.391 -3162.715 -3194.174 -3302.359 -3317.356 -3349.133
63 -3137.334 -3155.45 -3181.689 -3296.692 -3309.688 -3335.986
64 -3218.179 -3229.544 -3256.974 -3369.731 -3375.013 -3402.61
65 -3328.789 -3349.284 -3368.865 -3550.63 -3567.821 -3587.379
66 -3316.812 -3329.862 -3350.079 -3425.627 -3437.149 -3457.339
67 -3200.903 -3218.219 -3239.813 -3337.479 -3350.799 -3372.38
68 -3289.876 -3305.441 -3323.592 -3419.397 -3435.199 -3453.28
69 -3375.077 -3387.598 -3405.805 -3557.915 -3566.205 -3584.062
70 -3243.752 -3263.747 -3286.299 -3345.492 -3361.366 -3384.066
71 -3113.155 -3136.438 -3164.499 -3239.758 -3259.653 -3287.121
72 -3354.464 -3369.008 -3389.314 -3531.88 -3541.881 -3561.904
73 -3249.282 -3265.866 -3293.567 -3410.629 -3424.185 -3451.427
74 -3185.53 -3208.798 -3228.579 -3405.577 -3425.475 -3445.683
75 -3207.134 -3229.657 -3259.262 -3307.689 -3326.775 -3356.265
76 -3233.471 -3246.026 -3270.997 -3341.971 -3350.383 -3374.872
77 -3230.311 -3244.778 -3274.393 -3394.757 -3408.223 -3437.843
78 -3141.555 -3162.209 -3198.821 -3278.609 -3294.461 -3330.759
79 -3247.708 -3273.156 -3296.858 -3466.79 -3484.526 -3507.402
80 -3198.282 -3221.573 -3245.587 -3305.672 -3322.322 -3346.682
81 -3279.879 -3305.215 -3319.377 -3466.938 -3490.149 -3504.46
82 -3260.354 -3273.945 -3309.639 -3465.005 -3473.563 -3509.462
83 -3231.367 -3248.413 -3268.117 -3370.001 -3385.073 -3405.223
84 -3303.678 -3315.544 -3335.123 -3458.892 -3465.053 -3484.721
85 -3196.792 -3218.081 -3245.926 -3327.398 -3343.954 -3372.422
86 -3231.674 -3248.926 -3273.085 -3386.722 -3399.423 -3423.431
87 -3288.211 -3309.043 -3328.618 -3447.865 -3466.394 -3485.666
88 -3221.32 -3234.777 -3262.607 -3335.285 -3344.134 -3371.648
89 -3369.888 -3387.134 -3409.748 -3547.943 -3563.559 -3586.268
90 -3335.874 -3354.821 -3375.776 -3478.096 -3493.004 -3513.517
91 -3167.356 -3183.321 -3215.359 -3258.663 -3270.411 -3302.243
92 -3299.052 -3310.927 -3332.98 -3446.027 -3452.834 -3474.405
93 -3259.303 -3274.624 -3296.794 -3474.181 -3487.032 -3509.756
94 -3228.759 -3246.835 -3269.477 -3347.441 -3362.54 -3385.456
95 -3295.457 -3318.155 -3341.661 -3468.329 -3487.641 -3511.246
96 -3222.71 -3238.521 -3265.134 -3336.854 -3347.494 -3373.842
97 -3265.881 -3285.264 -3309.504 -3415.363 -3430.295 -3454.752
98 -3304.078 -3317.61 -3339.262 -3405.946 -3416.435 -3438.431
99 -3212.293 -3229.959 -3249.886 -3386.642 -3404.637 -3424.669
100 -3375.94 -3393.261 -3414.25 -3582.379 -3592.461 -3613.582
