1 1.087591 0.9699186 0.9804632 1.898626 0.9846991 0.9977063
2 1.196384 1.008846 1.016386 1.992867 1.047109 1.02886
3 1.080308 0.9617433 0.9432184 1.713689 0.9630006 0.9646895
4 0.97557 0.8869263 0.8890754 1.603509 0.9267185 0.9219115
5 1.038353 0.869232 0.8586753 1.74398 0.8627348 0.8838485
6 1.08251 0.9259331 0.9005566 1.609149 0.9124769 0.9160316
7 1.001554 0.875842 0.8841454 1.817606 0.9005427 0.9111922
8 1.083822 0.9117999 0.9149349 1.888638 0.9335792 0.9243078
9 0.975034 0.8958824 0.8773601 1.508536 0.920252 0.9189533
10 1.173086 1.015523 1.011034 1.578594 1.002015 1.011696
11 1.151361 0.9343538 0.9520114 1.78302 0.9573517 0.9651163
12 0.9605912 0.8618979 0.8591371 1.658841 0.8835552 0.8828925
13 1.24698 1.041968 1.044056 2.183563 1.050142 1.058747
14 1.057011 0.9068472 0.9177046 1.575503 0.9157954 0.9269638
15 1.07773 0.9398073 0.9377465 1.741917 0.9765583 0.974891
16 1.092094 0.9498408 0.952277 1.766902 0.9749797 0.9668665
17 1.020741 0.8903807 0.8985218 1.721309 0.9009328 0.9218091
18 1.058834 0.8685284 0.8733371 1.991984 0.8549486 0.8634621
19 1.174911 1.011062 1.014016 1.908822 1.071569 1.051936
20 1.086638 0.9047914 0.9014467 1.686208 0.9055682 0.8944858
21 1.27869 1.111709 1.117962 1.736601 1.11357 1.142296
22 1.086286 0.9217029 0.9135334 1.67059 0.9319493 0.9271349
23 1.165033 0.9552028 0.9741344 2.096455 0.9598669 0.9569533
24 1.195097 1.106653 1.107956 1.616159 1.11731 1.11201
25 1.065313 0.9127337 0.9124539 1.728317 0.9333 0.9366291
26 1.044466 0.8982423 0.9007215 1.680876 0.9148342 0.9293811
27 1.117938 0.9443033 0.9505043 1.819754 0.9632423 0.9692343
28 1.04914 0.9187252 0.8913136 1.657549 0.9523121 0.9220096
29 1.230374 1.044373 1.035378 2.057751 1.050423 1.057789
30 1.01834 0.8702269 0.8861324 1.524382 0.8973189 0.9056869
31 1.164647 0.9516879 0.9499757 2.018681 0.9523811 0.9759893
32 1.223357 1.02399 1.020646 1.871956 1.046392 1.018645
33 1.038576 0.9045991 0.9201916 1.698224 0.9436719 0.939801
34 0.9618467 0.8177242 0.8194281 1.52253 0.8434076 0.8391975
35 1.211142 1.02799 1.035697 1.724869 1.015318 1.044177
36 1.026078 0.9187299 0.9181503 1.968747 0.900989 0.901851
37 0.980445 0.8600096 0.883215 1.794058 0.8794625 0.889699
38 1.178396 1.04689 1.029735 1.769452 1.05226 1.0512
39 1.102674 0.9381405 0.9468015 1.808757 0.9328869 0.9319318
40 0.9307283 0.8347465 0.8396733 1.55126 0.8573282 0.8611732
41 1.152329 0.9845487 0.9861595 1.863994 0.9814143 0.9837164
42 0.978589 0.8538483 0.8481341 1.374275 0.8932355 0.8775154
43 1.102836 0.9613203 0.9412575 1.593941 0.9441629 0.9424942
44 1.048629 0.8890305 0.8941674 1.804426 0.9359681 0.9318728
45 1.04065 0.8722795 0.8813081 1.840513 0.9263677 0.9077912
46 0.9886589 0.8642372 0.8700304 1.633401 0.8844586 0.8549301
47 1.151789 0.9956174 0.9923334 1.621551 0.9903464 1.010537
48 1.037129 0.9212178 0.9136798 1.564048 0.9634204 0.9539452
49 1.183353 0.9747515 0.9860694 1.765342 1.000614 0.9891338
50 1.078205 0.9386356 0.9279014 1.771038 0.9423481 0.952419
51 1.156582 0.9877015 0.9875788 1.843032 0.9939463 1.005606
52 1.177732 1.002675 1.01175 1.712897 0.9943364 1.008225
53 1.051177 0.919036 0.9049808 1.716287 0.9162957 0.922142
54 1.06598 0.8777205 0.8469096 1.995228 0.9108307 0.9112378
55 1.1709 1.04082 1.021869 1.924659 1.038702 1.040524
56 1.042134 0.9015093 0.8863109 1.856227 0.9071313 0.9201064
57 1.102103 0.94758 0.9556165 1.647103 0.9865313 0.9802253
58 1.171055 1.026365 1.022717 1.827079 1.031045 1.02874
59 1.172662 1.026829 1.050892 1.771037 1.075363 1.049282
60 1.136781 0.9162685 0.9274258 1.760623 0.9348097 0.9465983
61 1.091653 0.9523247 0.9365571 1.89941 0.9542993 0.9697504
62 1.179719 1.019195 1.011128 2.017693 1.028678 1.043473
63 1.066854 0.9066529 0.8974256 1.835333 0.9351946 0.9278295
64 1.009461 0.9242782 0.9160022 1.439399 0.9240306 0.9329459
65 1.160085 0.9362775 0.9331 1.976229 0.9319465 0.9313584
66 1.106636 0.9708648 0.9990151 1.587371 0.9863592 1.017136
67 1.186308 0.9963933 1.004128 1.902807 1.022658 1.037331
68 1.085882 0.889959 0.8978439 1.569275 0.8950399 0.9029532
69 1.036205 0.9379938 0.924083 1.505912 0.9676091 0.9622816
70 1.013425 0.8813988 0.8950638 1.6626 0.9227958 0.8950248
71 0.9582551 0.7854159 0.7730518 1.905977 0.7765558 0.7694124
72 0.9634968 0.8560738 0.8580245 1.639401 0.87331 0.8726639
73 1.381222 1.185901 1.19018 2.12517 1.193972 1.197287
74 1.091966 0.9173164 0.9187987 1.863692 0.9151128 0.9192966
75 1.068101 0.8946578 0.9091463 1.685531 0.9046657 0.909879
76 0.8907135 0.7937884 0.7884827 1.399077 0.8048599 0.8168191
77 1.117723 0.9883704 0.9843568 1.798879 1.006212 0.9955193
78 1.130927 1.005334 1.003172 1.733887 1.015878 1.013857
79 1.249554 1.022713 1.049198 2.044156 1.047814 1.054926
80 1.14436 0.9789458 0.9722738 1.791794 0.9730082 0.9708645
81 1.159365 0.9692776 0.9721995 2.078577 0.976442 0.9729185
82 1.084867 1.003674 1.011384 1.847466 1.016626 1.020531
83 1.005201 0.9069664 0.9032969 1.436944 0.896443 0.8953854
84 1.127968 0.9726596 0.9708999 1.74375 0.9867874 0.9695651
85 1.088234 0.8790165 0.8702407 1.835512 0.8773296 0.8710084
86 1.066042 0.8873631 0.8847947 1.610962 0.9284113 0.9292632
87 1.108076 0.9764583 0.9737088 1.721469 1.000613 1.014734
88 1.188129 1.045477 1.031049 1.60268 1.049365 1.046456
89 1.134289 1.007278 0.9946655 1.906933 1.014619 1.004416
90 1.111894 0.8992667 0.8976951 1.761855 0.9049846 0.9066721
91 1.048489 0.8718394 0.8618086 1.878803 0.8624223 0.8609741
92 1.054408 0.9129242 0.9055084 1.596763 0.929127 0.9215624
93 1.069086 0.9622945 0.9634266 1.601685 0.960662 0.9673176
94 1.047199 0.9177822 0.9202686 1.571609 0.9381027 0.9340143
95 1.137416 0.9619741 0.9427597 2.107893 0.9773382 0.9770925
96 1.046988 0.9385848 0.9421681 1.676606 0.9422401 0.9308254
97 1.018118 0.8656842 0.8652407 1.729218 0.8728616 0.8680728
98 1.120875 0.9810054 0.9723238 1.567256 0.9891703 0.9880089
99 1.09274 0.9763918 0.9842489 1.758185 1.019511 1.017683
100 1.02249 0.8427156 0.862693 1.726008 0.8799635 0.881137
