1 0.2911001 0.2644399 0.2689426 0.4420148 0.2653624 0.2652572
2 0.405612 0.2778641 0.2677834 0.4583951 0.2725598 0.2730784
3 0.294911 0.2632546 0.2465408 0.4485416 0.2760193 0.2672466
4 0.2692947 0.2516302 0.2566861 0.380147 0.2627145 0.2579597
5 0.3013582 0.2478373 0.2342969 0.4329877 0.2201694 0.2255832
6 0.437741 0.4419673 0.4431784 0.5066513 0.4386842 0.4513409
7 0.2471996 0.2344646 0.2379518 0.4034147 0.2449061 0.2548551
8 0.3354541 0.3286027 0.3216961 0.4837189 0.3482127 0.3388095
9 0.6642985 0.5339329 0.5777835 0.8472465 0.476734 0.520599
10 0.4950395 0.3620277 0.3871329 0.6041365 0.3495919 0.3796778
11 0.342007 0.3197423 0.3244967 0.4513125 0.326602 0.3308802
12 0.2764456 0.2791129 0.2804563 0.3738521 0.2939912 0.2943825
13 0.3224743 0.3534291 0.3602046 0.4949223 0.3814834 0.3684265
14 0.2520781 0.227889 0.2308753 0.3429695 0.2263102 0.2312772
15 0.2291102 0.2160152 0.2167375 0.3522672 0.2218786 0.2242256
16 0.28586 0.284504 0.2848895 0.3988542 0.2935572 0.2878282
17 0.272728 0.2951153 0.2941732 0.4057141 0.2958829 0.2986848
18 0.2965369 0.2600368 0.2450566 0.4827218 0.2624686 0.255811
19 0.8547514 0.9085543 0.9370093 0.8126005 0.9375745 0.9291877
20 0.4602159 0.5215941 0.5403699 0.5049616 0.5110825 0.521562
21 0.3467407 0.3313346 0.3323636 0.4271181 0.3302074 0.3281293
22 0.3228412 0.3136217 0.3028376 0.4063312 0.3184134 0.3182543
23 0.2721365 0.2617293 0.2634772 0.4365948 0.2671555 0.2694268
24 0.3957639 0.3437346 0.3437134 0.5217025 0.3827579 0.3551131
25 0.2442434 0.2366568 0.2334781 0.375235 0.2432602 0.2407685
26 0.3241004 0.3146388 0.3105917 0.4205524 0.3140976 0.3112984
27 0.4959038 0.368338 0.4191064 0.6044867 0.4575513 0.5114364
28 0.3304056 0.342076 0.3316595 0.4086369 0.3538429 0.3415874
29 0.2353418 0.22279 0.2216507 0.4062769 0.225172 0.2295803
30 0.2543455 0.2379518 0.2445548 0.3335027 0.247381 0.2477268
31 0.5037282 0.4134962 0.3971858 0.6660041 0.393105 0.4111516
32 0.3505904 0.3088388 0.3018606 0.4465184 0.3061672 0.3013871
33 0.3662226 0.3926408 0.4042058 0.4303116 0.4211065 0.4230196
34 0.3569857 0.4609358 0.5989303 0.4069652 0.6340773 0.6053089
35 0.2733733 0.2704785 0.2686996 0.378119 0.2601781 0.2839591
36 0.2371285 0.2643 0.2786655 0.4529932 0.293394 0.2718666
37 0.411298 0.4296791 0.4497633 0.4804124 0.4254332 0.4366961
38 1.363468 1.568046 1.663503 1.28118 1.763214 1.66909
39 0.2690078 0.2712051 0.2596346 0.3945765 0.268853 0.2690791
40 0.232577 0.222216 0.2256153 0.3548085 0.225189 0.2296302
41 0.3025644 0.3358207 0.3222888 0.4273144 0.3410705 0.3417325
42 0.3287346 0.3821826 0.3881469 0.362444 0.4241209 0.4172263
43 0.2421544 0.252441 0.2207826 0.3393933 0.2761938 0.2611647
44 0.2762532 0.2739555 0.2814311 0.4583503 0.2993792 0.2933348
45 0.3596461 0.269323 0.2500902 0.5043354 0.2894195 0.2813303
46 0.2510048 0.252213 0.2522936 0.3595818 0.2631093 0.2502493
47 0.5010796 0.5808715 0.6065346 0.5357062 0.5710256 0.5894615
48 0.2665809 0.242477 0.2398249 0.3630894 0.2494596 0.2514045
49 2.885569 2.936095 3.276842 2.142489 3.672103 3.645354
50 0.23835 0.2278814 0.2244679 0.3736132 0.2242176 0.2356542
51 0.292854 0.2732069 0.278372 0.4182643 0.2806873 0.284496
52 0.3931075 0.3299363 0.361557 0.4572396 0.331807 0.3328307
53 0.2206696 0.2003086 0.1954426 0.3541603 0.1959983 0.1981377
54 0.466793 0.295982 0.2699283 0.531721 0.3064933 0.3156805
55 0.3150773 0.2954038 0.282778 0.4397694 0.2880249 0.2895019
56 0.2483516 0.2178869 0.2128159 0.409746 0.2150868 0.2176193
57 0.6118528 0.4616196 0.4459063 0.7513838 0.5119043 0.439749
58 0.3239975 0.3135691 0.31445 0.4343728 0.3178215 0.3097594
59 0.6898071 0.7559752 0.7659097 0.734638 0.7438383 0.7840589
60 0.2431553 0.2081123 0.2107759 0.3681013 0.2134839 0.2156839
61 0.3082375 0.308472 0.3044761 0.4486174 0.2958762 0.3063724
62 0.2736407 0.2661278 0.2660849 0.4258424 0.2757749 0.2793189
63 0.3544725 0.2848374 0.2825609 0.4653288 0.2871663 0.2814994
64 0.2938725 0.3037543 0.307432 0.3344925 0.3123341 0.3100889
65 0.305535 0.2642314 0.2633207 0.4585246 0.2673379 0.2610776
66 1.215908 1.407779 1.550576 1.150007 1.871801 1.802203
67 0.2748901 0.2499724 0.2513737 0.4160076 0.2557342 0.2590867
68 0.391155 0.3257351 0.318925 0.4348177 0.3232354 0.3247917
69 0.2508477 0.2538483 0.2495283 0.3458569 0.2699405 0.2669624
70 0.2517669 0.2525088 0.2524806 0.3679225 0.267812 0.257378
71 0.2592265 0.2435536 0.2466588 0.4415872 0.2533895 0.2497413
72 0.2321445 0.2131944 0.2112902 0.3560936 0.2187444 0.2175355
73 0.2932342 0.2927922 0.2941891 0.4511143 0.3047865 0.2851837
74 0.3369494 0.3106224 0.3115416 0.478096 0.3089836 0.325665
75 0.3819427 0.3475687 0.3646594 0.4575919 0.3600581 0.3421086
76 4.077206 4.716479 4.656719 2.889206 5.451093 5.419026
77 1.052808 1.347136 1.243617 0.9204964 1.425789 1.486087
78 0.2682663 0.2966943 0.2969344 0.3813628 0.3328416 0.3239494
79 0.3522409 0.3317262 0.3376865 0.4816672 0.3369436 0.3519521
80 0.2829226 0.3167755 0.2921827 0.4130739 0.3406559 0.3400673
81 0.3820072 0.4037089 0.3947001 0.5302318 0.3996264 0.3885425
82 0.271577 0.2884703 0.2891345 0.3951202 0.2935129 0.2993493
83 0.2427535 0.2416222 0.2649834 0.3343206 0.2474502 0.2478978
84 0.2821126 0.2492396 0.2448334 0.3846941 0.2488851 0.2476441
85 1.675601 1.904735 1.875734 1.510134 2.176786 2.034938
86 0.2951022 0.2819491 0.2732192 0.3798964 0.296094 0.3007786
87 0.6033571 3.577141 5.011204 0.9964791 5.308839 5.493484
88 0.3871795 0.402666 0.4501322 0.4439209 0.4160428 0.4262423
89 0.3504787 0.3417776 0.3469111 0.485881 0.3443226 0.3400448
90 0.2578077 0.2198503 0.220561 0.3845822 0.2213383 0.2227111
91 0.2171296 0.1897496 0.1872717 0.3896813 0.1871568 0.1867743
92 0.2840524 0.2189917 0.209243 0.3291873 0.238286 0.230161
93 0.2524457 0.2477901 0.2490851 0.3407229 0.2433895 0.2483899
94 0.2531325 0.2307023 0.2472959 0.3824886 0.2389186 0.2448359
95 0.2557611 0.24773 0.2442326 0.4477478 0.2569022 0.2580231
96 0.2801056 0.2853794 0.2843819 0.3772761 0.2946179 0.2828449
97 0.2337358 0.2314238 0.2208475 0.3846984 0.2443952 0.2352619
98 0.2610628 0.2448221 0.2431365 0.3502864 0.2491629 0.2477795
99 0.2261474 0.2161519 0.2221106 0.3664845 0.2286171 0.2282816
100 0.2624455 0.2244519 0.2289442 0.4100974 0.2311529 0.2368119
