1 5.356897 -0.267558 -0.1059838 -0.7326162 0.462959 0.3667224 0.08838487 0.2013216 4.334622 -2.572707 -0.6923701 0.1740437
2 5.312728 -0.3445009 -0.03331022 -0.6706694 0.4804064 0.3180548 0.08245579 0.1680502 4.13287 -2.668118 -0.5248572 0.1855989
3 5.326816 -0.3270263 -0.01716556 -0.5838493 0.5272537 0.4750001 0.07725103 0.2010917 5.860253 -2.667523 -0.3890066 0.1768655
4 5.380086 -0.2885147 -0.1059772 -0.6959341 0.45559 0.3478988 0.0325363 0.1774262 4.437225 -2.725512 -0.6076842 0.1823937
5 5.466748 -0.4227014 -0.2507311 -0.5541039 0.4651877 0.4029691 0.1309311 0.1820378 5.180952 -2.43583 -1.087235 0.185813
6 5.390954 -0.4325952 -0.06219281 -0.5983477 0.5401998 0.2515518 0.1583537 0.2110264 5.38345 -2.603811 -0.4318167 0.1492329
7 5.424448 -0.3386921 -0.2420807 -0.584639 0.4993548 0.4015294 0.06743256 0.2053722 4.224281 -2.574373 -0.5117181 0.1632655
8 5.323506 -0.3562448 -0.1425388 -0.7111812 0.520891 0.4666662 0.1017962 0.1718247 4.648914 -2.494924 -0.3553687 0.1556514
9 5.425477 -0.5147007 -0.1626923 -0.5226646 0.5264852 0.3464608 0.06930264 0.2520856 4.68462 -2.807121 -0.5931189 0.2057346
10 5.464607 -0.4324005 -0.2653758 -0.6214646 0.4835083 0.4971842 0.1268948 0.1872194 5.164678 -2.483886 -0.5686751 0.1382052
11 5.349835 -0.3582533 -0.1238912 -0.6046038 0.6056479 0.4133081 0.2258652 0.1937973 6.549554 -2.398977 -0.6395311 0.1295888
12 5.451703 -0.2958242 -0.164533 -0.6894222 0.530195 0.3643676 0.1171459 0.2183971 4.524586 -2.481849 -0.6926414 0.1745595
13 5.36262 -0.3578963 -0.1601186 -0.6321339 0.5260406 0.3539665 0.1201216 0.2250061 5.134303 -2.453093 -0.4697307 0.1703788
14 5.427047 -0.4605419 -0.1626906 -0.5238573 0.5165868 0.4109915 0.09533155 0.1962829 7.244205 -2.550486 -0.6916476 0.1972047
15 5.465297 -0.4044106 -0.1313273 -0.6382607 0.4980488 0.3834788 0.0868466 0.1800313 4.854991 -2.50765 -0.7410552 0.1899958
16 5.32274 -0.3111866 0.005300859 -0.7441624 0.5646038 0.4280706 0.1021785 0.1910576 6.487902 -2.705768 -0.5070858 0.161576
17 5.370057 -0.3826146 -0.108715 -0.56362 0.4878741 0.3604653 0.1240708 0.2191148 5.457701 -2.825983 -0.2902498 0.1861059
18 5.335866 -0.4317847 -0.0600774 -0.5143046 0.410494 0.4085955 0.09431694 0.2040658 3.685918 -2.58561 -0.6439395 0.1944231
19 5.455022 -0.3410785 -0.184425 -0.629217 0.4990033 0.452389 0.09694525 0.1627666 4.151959 -2.533722 -0.7415288 0.166664
20 5.464898 -0.3703048 -0.1821538 -0.6713241 0.4287087 0.323696 0.03235658 0.2259094 4.892939 -2.448541 -0.7733358 0.1504332
21 5.38208 -0.387882 -0.18245 -0.5640153 0.5062528 0.3587803 0.1641105 0.1868154 4.600431 -2.427063 -0.7658615 0.1413154
22 5.331027 -0.3698739 -0.1301426 -0.6521395 0.4575197 0.3811169 0.0636767 0.2591285 5.122907 -2.577724 -0.5974002 0.1706893
23 5.362992 -0.2972047 -0.2052907 -0.6388585 0.4636821 0.4081727 0.09850549 0.1225387 4.446025 -2.47471 -0.6695677 0.1471321
24 5.275267 -0.3315212 -0.1314496 -0.6073409 0.4840504 0.5911103 0.1355653 0.1795726 6.022334 -2.649471 -0.4918638 0.1951813
25 5.189683 -0.3039761 0.07915597 -0.715527 0.4811611 0.4643356 0.1247213 0.134033 5.062794 -2.405474 -0.8454578 0.1464547
26 5.262565 -0.3832768 -0.04953644 -0.5970686 0.4472592 0.4429028 0.09436584 0.2337037 4.431307 -2.72206 -0.895103 0.2285486
27 5.216189 -0.4160506 0.0510283 -0.6014639 0.4697881 0.4408987 0.07448691 0.1789821 4.976422 -2.504996 -0.7185605 0.1606671
28 5.270508 -0.358705 0.06468529 -0.7255612 0.4902386 0.4044719 0.1243006 0.1662642 5.295377 -2.554794 -0.6301367 0.177537
29 5.284345 -0.3800822 -0.03085736 -0.6698407 0.5009215 0.4824172 0.02440446 0.2203329 5.487841 -2.637457 -0.5067496 0.1819906
30 5.409008 -0.3691997 -0.1198148 -0.5772552 0.4753312 0.3393329 0.1158957 0.1805196 5.695932 -2.786311 -0.4378064 0.2085569
31 5.359945 -0.413511 -0.07826396 -0.5955858 0.4999304 0.5392376 0.07385587 0.2160369 4.577906 -2.448471 -0.659416 0.1583038
32 5.210074 -0.4583014 -0.0154734 -0.4440911 0.49094 0.4938508 0.1010871 0.1825884 5.322125 -2.587226 -0.5748949 0.168128
33 5.376072 -0.377553 -0.1101343 -0.6097538 0.538265 0.3364277 0.1460614 0.2191129 4.976317 -2.495862 -0.515083 0.1344058
34 5.283205 -0.242234 -0.005395502 -0.772911 0.4642013 0.260797 0.1355383 0.2071551 5.387674 -2.847426 -0.6781031 0.2105466
35 5.295566 -0.3728296 -0.05059914 -0.6650439 0.4789526 0.505001 0.07856208 0.2075653 4.937172 -2.66339 -0.6754127 0.1796532
36 5.292708 -0.2795326 -0.08173767 -0.6480678 0.4590204 0.4457886 0.09090033 0.1788023 4.831397 -2.589888 -0.4423813 0.1958047
37 5.31643 -0.3846359 0.08295181 -0.5263667 0.5191311 0.3894496 0.1004183 0.2037771 4.786694 -2.602694 -0.6828553 0.1699177
38 5.221253 -0.3846988 0.04369925 -0.5960725 0.5127402 0.5357102 0.08422327 0.2602287 6.21866 -2.498123 -0.5289999 0.1577975
39 5.33892 -0.3763437 -0.03499011 -0.6501484 0.4598929 0.5100088 0.009640883 0.27333 4.598321 -2.367181 -0.9406174 0.1525796
40 5.405811 -0.3332311 -0.1807952 -0.7468422 0.484726 0.4748932 0.08696715 0.2207406 6.245659 -2.85991 -0.5581355 0.246166
41 5.358112 -0.3604506 -0.1811348 -0.5972714 0.5435243 0.3758576 0.1330032 0.1856938 5.856493 -2.591235 -0.481075 0.1775349
42 5.361508 -0.2714376 -0.1681893 -0.6800698 0.497583 0.3520245 0.1405196 0.2406782 7.079266 -2.533664 -0.6571833 0.1595269
43 5.377932 -0.3129682 -0.1366137 -0.6473381 0.4364588 0.3776429 0.1221378 0.1928515 5.474451 -2.755175 -0.6057311 0.1780225
44 5.365566 -0.3841036 -0.171073 -0.5810838 0.494257 0.4441554 0.08103882 0.2396465 5.110223 -2.452043 -0.6920745 0.1500391
45 5.456098 -0.4069924 -0.3378498 -0.5882058 0.4823338 0.5064225 0.06605844 0.2252499 4.915486 -2.469958 -0.6747327 0.1686625
46 5.425582 -0.3603585 -0.221193 -0.6291185 0.4672924 0.5330818 0.01818644 0.2205753 5.886255 -2.841039 -0.5262683 0.2151585
47 5.376063 -0.3993318 -0.08786341 -0.703243 0.4591318 0.3165648 0.1367021 0.2400947 5.172263 -2.947823 -0.3551285 0.2013426
48 5.40269 -0.3627901 -0.1188899 -0.6092555 0.4926746 0.5085141 0.1486249 0.1723461 5.077763 -2.596377 -0.484181 0.1687015
49 5.324848 -0.4191102 -0.1162861 -0.5450582 0.4921635 0.4513961 0.1022887 0.2483693 6.523047 -2.220879 -0.8723542 0.1452462
50 5.339925 -0.416696 -0.08400855 -0.5834657 0.5308473 0.3554147 0.07657826 0.1867278 5.529848 -2.521915 -0.5840656 0.1453617
51 5.262237 -0.3882303 -0.08511318 -0.5807639 0.5877735 0.3801494 0.1284878 0.2421933 5.854429 -2.542183 -0.6023289 0.1795409
52 5.339362 -0.4259016 -0.004723121 -0.574037 0.4504246 0.3382994 0.05275358 0.2070812 6.154949 -2.657469 -0.846314 0.1923076
53 5.295818 -0.3710667 -0.1028764 -0.6478668 0.4744656 0.3904515 0.1050103 0.17019 4.849856 -2.794498 -0.517433 0.2084833
54 5.439839 -0.3958501 -0.1910286 -0.6081763 0.472494 0.3775033 0.07343318 0.1908424 3.946783 -2.490639 -0.7674195 0.181889
55 5.37734 -0.3355528 -0.1551107 -0.6230028 0.6035265 0.4857227 0.1644122 0.1487724 4.813097 -2.702826 -0.4831517 0.1705815
56 5.311441 -0.3182603 0.04446252 -0.7370023 0.4944348 0.4198395 0.0752304 0.2095545 4.528967 -2.524764 -0.7116642 0.1551315
57 5.310103 -0.363805 0.06270981 -0.6149566 0.4720166 0.3879835 0.0730228 0.2046915 4.007855 -2.662797 -0.3993539 0.1590851
58 5.300017 -0.2964469 -0.08782307 -0.6799108 0.4833761 0.454441 0.1220149 0.2098912 5.858176 -2.537343 -0.7254617 0.1694917
59 5.382599 -0.456206 -0.1164899 -0.4699351 0.3903113 0.4163602 0.07258699 0.1751444 3.672385 -2.4177 -0.6580792 0.1408356
60 5.38295 -0.4484717 -0.1559194 -0.4706926 0.4752396 0.5069616 0.08246597 0.2149979 6.611538 -2.459891 -0.9195267 0.1740649
61 5.310388 -0.4055618 -0.03516795 -0.6138749 0.4691826 0.3540036 0.05196078 0.1972716 4.835211 -2.60246 -0.8075882 0.1950929
62 5.581256 -0.372235 -0.3799902 -0.6201673 0.4777848 0.3622719 0.07988105 0.1888224 4.305203 -2.547682 -0.6851695 0.1844488
63 5.311755 -0.3784624 -0.009085688 -0.6178622 0.4759834 0.4518996 0.08981456 0.1325951 4.661853 -2.521153 -0.6325854 0.1808261
64 5.217036 -0.3191082 -0.1656214 -0.6000592 0.4547035 0.4803987 0.08154083 0.1378812 4.990557 -2.60189 -0.7699259 0.1752862
65 5.483531 -0.4827517 -0.2137966 -0.5083457 0.4897289 0.4774707 0.07430365 0.1714137 4.225836 -2.332889 -0.6497701 0.1318929
66 5.275006 -0.383663 -0.06673976 -0.6245024 0.5010404 0.3668273 0.1177338 0.2064156 6.172965 -2.731998 -0.6011161 0.1666739
67 5.340587 -0.2685986 -0.2035419 -0.6713553 0.4741157 0.4038689 0.07461502 0.1779182 5.313343 -2.710995 -0.5783071 0.1716733
68 5.434891 -0.3569234 -0.182469 -0.6094628 0.5296133 0.3419067 0.149956 0.2233556 5.598013 -2.611266 -0.5023556 0.1575371
69 5.319633 -0.4255337 0.008423662 -0.4433732 0.5312809 0.3235076 0.09863797 0.1978218 4.271598 -2.532284 -0.620665 0.1409237
70 5.453124 -0.4301422 -0.2000132 -0.5432967 0.4941047 0.4438436 0.03667353 0.1836481 6.250076 -2.597309 -0.6556546 0.1637142
71 5.335413 -0.3355668 -0.1534681 -0.5691851 0.5070888 0.4030366 0.09417226 0.217159 5.831081 -2.443893 -0.6727308 0.1751183
72 5.47475 -0.3469147 -0.2401327 -0.6803895 0.48236 0.3121179 0.07041747 0.2364551 4.297403 -2.567697 -0.5125147 0.1538403
73 5.351366 -0.3863168 -0.1687915 -0.6548661 0.4861447 0.4066081 0.02846394 0.205699 4.634999 -2.548638 -0.6930597 0.1739407
74 5.41034 -0.4093314 -0.1378496 -0.6074567 0.434131 0.3201556 0.1115804 0.1669873 4.294201 -2.509176 -0.5233 0.1507579
75 5.437832 -0.3654121 -0.1931585 -0.5683703 0.5152133 0.3988374 0.1125577 0.3003612 6.778108 -2.460933 -0.7066645 0.1750126
76 5.263144 -0.2384982 -0.1241097 -0.6947395 0.4785873 0.5597771 0.09342529 0.2264991 6.692829 -2.64177 -0.6214697 0.1865096
77 5.308637 -0.4181991 -0.1370285 -0.6024731 0.4823908 0.4513549 0.07456513 0.1856004 4.211801 -2.381509 -0.725767 0.1776194
78 5.298367 -0.2957174 0.08046121 -0.6800442 0.4494503 0.5992707 0.05814356 0.2307454 5.325667 -2.34184 -0.8423634 0.1778361
79 5.333476 -0.3642978 -0.09768718 -0.534177 0.5038152 0.4140127 0.05765064 0.2083342 4.609804 -2.3226 -0.7493354 0.137457
80 5.526632 -0.4131393 -0.3125632 -0.5108433 0.5195906 0.4429271 0.1437342 0.2547043 6.336568 -2.524148 -0.5707829 0.1696701
81 5.420718 -0.400801 -0.1503747 -0.6167647 0.5191479 0.3347394 0.130109 0.1716003 4.331337 -2.377753 -0.37267 0.1254273
82 5.317567 -0.3723513 0.009024247 -0.5262652 0.4796183 0.4563564 0.02328795 0.1921839 4.451385 -2.592514 -0.8153621 0.2043055
83 5.442005 -0.418803 -0.08671461 -0.5650055 0.4512101 0.3937223 0.1247001 0.1702419 5.400782 -2.678723 -0.6111404 0.1638097
84 5.48176 -0.4463073 -0.2668182 -0.5105698 0.5321966 0.4005162 0.09831002 0.2468526 5.086782 -2.637124 -0.3569183 0.1745699
85 5.302951 -0.3772372 -0.2249704 -0.5783773 0.507951 0.4104306 0.09583661 0.2189876 5.622426 -2.390635 -0.740319 0.1603457
86 5.433638 -0.3776421 -0.2588975 -0.6329408 0.4649846 0.3609668 0.1255797 0.1710517 5.10863 -2.803546 -0.6451304 0.1815834
87 5.245061 -0.3765873 0.1227785 -0.5696315 0.5016745 0.3428621 0.1402097 0.1616005 4.364933 -2.347582 -0.6410078 0.1335112
88 5.53729 -0.4626553 -0.3270871 -0.4808822 0.5052882 0.4144423 0.1289924 0.1709826 5.794953 -2.805968 -0.5397947 0.2065229
89 5.34768 -0.3154715 -0.04272991 -0.7340523 0.5156356 0.3923345 0.1270781 0.1930564 4.150996 -2.584247 -0.7065804 0.1509083
90 5.467661 -0.3713687 -0.11796 -0.6978367 0.5779276 0.4329596 0.1470826 0.2048863 6.006902 -2.400146 -0.6416395 0.1353683
91 5.358743 -0.3612625 -0.1659253 -0.7116011 0.5207892 0.4401507 0.02339692 0.2268698 6.651191 -2.695884 -0.6865087 0.210499
92 5.430782 -0.507389 -0.1242197 -0.4627069 0.5375133 0.3698342 0.130193 0.203695 4.67916 -2.771537 -0.4337563 0.1910517
93 5.282907 -0.1629329 -0.138892 -0.8423379 0.459569 0.4211272 0.08773 0.2147339 4.296644 -2.438844 -0.6334329 0.1430764
94 5.281922 -0.3954395 -0.07216429 -0.6119036 0.5450651 0.2794742 0.1107449 0.1732355 5.706581 -2.423827 -0.6266048 0.1534462
95 5.475596 -0.4180983 -0.06989541 -0.5491918 0.516599 0.5182471 0.1130556 0.2016657 4.989946 -2.427138 -0.6958075 0.1417964
96 5.408816 -0.3277236 -0.1334795 -0.6929387 0.5156553 0.4029566 0.1046981 0.1580968 5.298691 -2.873448 -0.3816756 0.2163695
97 5.37262 -0.3651083 -0.1327996 -0.5635031 0.4949009 0.5038166 0.09716436 0.1643665 5.745907 -2.582396 -0.622662 0.1717665
98 5.266346 -0.4124254 0.06356172 -0.6268135 0.5300649 0.4598993 0.1238694 0.1840808 6.510912 -2.626774 -0.6284116 0.1690008
99 5.305714 -0.3405479 -0.1152057 -0.5240051 0.4809441 0.3808916 0.06668806 0.2119161 4.993479 -2.524064 -0.5921806 0.1527645
100 5.456812 -0.3941318 -0.2516584 -0.6213355 0.5043194 0.405255 0.1169483 0.2380157 4.207045 -2.381087 -0.6231922 0.1364163
