1 0.07034814 0.05387612 0.1023749 0.072971 0.07186885 0.038073 0.03331802 0.03533258 0.6112157 0.1818202 0.1503317 0.03350389
2 0.07387983 0.05935562 0.1054913 0.08006204 0.07871987 0.04236651 0.03915981 0.03286382 0.6456077 0.1785172 0.151985 0.03391519
3 0.07092066 0.05363114 0.09982371 0.07277076 0.06914728 0.03494936 0.0337793 0.03025992 0.6416707 0.1817618 0.1588359 0.03512866
4 0.07106115 0.0541126 0.09988387 0.07357006 0.06759603 0.03624871 0.03452758 0.03061583 0.58346 0.1778485 0.1520419 0.03325585
5 0.07611504 0.05500091 0.1061615 0.07308341 0.07593679 0.03701579 0.03235385 0.03298049 0.5681252 0.1885762 0.1595741 0.03597285
6 0.0643568 0.05119152 0.09176654 0.07115768 0.0588647 0.0324258 0.03264202 0.03168211 0.6269876 0.1938857 0.1588496 0.03711593
7 0.07364701 0.0534824 0.104153 0.07233165 0.07611425 0.03728892 0.03247865 0.031254 0.5879727 0.2105037 0.1639907 0.03862846
8 0.07104313 0.05531479 0.1011545 0.07582117 0.07081929 0.03769827 0.0361163 0.03062916 0.5657059 0.1819273 0.1521271 0.03506562
9 0.08044363 0.05827825 0.1124607 0.07792548 0.08784803 0.04328063 0.03821297 0.03219132 0.6229886 0.1907752 0.1593947 0.03463922
10 0.06450609 0.05506166 0.09021701 0.07242127 0.05838737 0.03453206 0.03536791 0.03496843 0.513013 0.1830156 0.1534003 0.0335402
11 0.0668919 0.05812477 0.09242781 0.07638545 0.05717295 0.03405395 0.03536625 0.02944125 0.6220908 0.1806725 0.1558544 0.03551482
12 0.07132621 0.05701317 0.09928093 0.07537086 0.06755679 0.03625388 0.03572833 0.03118697 0.6516614 0.1821536 0.1574497 0.03502185
13 0.07033209 0.0526645 0.1011206 0.07365634 0.07106073 0.03797795 0.03668988 0.0338554 0.5300169 0.1821944 0.1492366 0.03398503
14 0.07346312 0.06441816 0.1020708 0.08205612 0.0708891 0.04070929 0.04106766 0.03555677 0.7997857 0.1780408 0.1598138 0.03438969
15 0.06785659 0.06089624 0.09547268 0.08124318 0.06249102 0.03645704 0.04125122 0.03364741 0.6836066 0.1946184 0.1636969 0.03549806
16 0.07124432 0.0561868 0.1004951 0.07672595 0.07052822 0.03885326 0.03734713 0.03072335 1.135998 0.1922771 0.1543504 0.03413692
17 0.06436985 0.05442014 0.09282188 0.07402852 0.06061051 0.0351213 0.03560248 0.03144496 0.8139166 0.1959548 0.1560017 0.03704891
18 0.07488945 0.05601808 0.1051044 0.07598474 0.07629103 0.03950019 0.03617709 0.03764516 0.6176112 0.1903698 0.1658563 0.03523337
19 0.06621256 0.0532947 0.09454673 0.0722075 0.06352725 0.03450044 0.03275953 0.03310854 0.6842623 0.1882979 0.150325 0.03424606
20 0.06694991 0.05593572 0.09534777 0.07407356 0.06342709 0.0349137 0.03519448 0.03217561 0.5969278 0.1868445 0.157209 0.03516663
21 0.06583987 0.05292248 0.09473911 0.07263246 0.06385002 0.03537203 0.03447758 0.0301616 0.4708207 0.1904097 0.1586327 0.0342736
22 0.06878004 0.05629822 0.09799904 0.07623874 0.06761669 0.03675799 0.03634202 0.03394608 0.5563653 0.1808873 0.150342 0.03407119
24 0.06911268 0.05772697 0.09638797 0.0775739 0.06425936 0.03637938 0.03633296 0.03280811 0.6398274 0.1802946 0.1527155 0.03400848
25 0.07032206 0.06011265 0.09717947 0.07680338 0.06613281 0.03578168 0.03675265 0.03300821 0.6175915 0.1890571 0.1609695 0.03619559
26 0.06524323 0.05552365 0.09325956 0.07542174 0.06149176 0.0352577 0.0373655 0.03188509 0.7536708 0.1865367 0.1526994 0.03446774
27 0.07057592 0.05324332 0.09973449 0.07142342 0.07265703 0.0376858 0.03358795 0.03387661 0.6638245 0.1889375 0.1521216 0.03413772
28 0.06653194 0.05694157 0.09546672 0.07865298 0.06301106 0.03667732 0.03813322 0.03298116 0.6512353 0.186581 0.1523578 0.03440855
29 0.07034967 0.05441808 0.09628321 0.07143477 0.06476353 0.0338595 0.03317961 0.03036589 0.5789515 0.188718 0.1619801 0.03518563
30 0.07180327 0.05479414 0.1002743 0.07408755 0.07020495 0.03532074 0.03295751 0.0298209 0.512734 0.1786458 0.1512436 0.03346828
31 0.07172976 0.0606067 0.1009444 0.08182523 0.07280468 0.04101875 0.04253405 0.033795 0.8386937 0.1777153 0.1525548 0.03386752
32 0.07063515 0.05476481 0.09972739 0.07542304 0.06938964 0.03711944 0.03615514 0.03043443 0.6537386 0.1920709 0.1569225 0.0353599
33 0.06983256 0.05996585 0.0972203 0.078903 0.06520405 0.03751614 0.03825208 0.03499496 0.6530808 0.1797191 0.14524 0.03402467
34 0.07234599 0.04959058 0.10162 0.06863845 0.07088809 0.03619062 0.02946527 0.03172777 0.6854306 0.1848052 0.1519426 0.03451784
35 0.0703881 0.05657934 0.09818041 0.07611791 0.06984158 0.03910283 0.03803871 0.03142707 0.5871924 0.2081418 0.1626681 0.03948656
36 0.07344063 0.05934541 0.1039475 0.07844822 0.07544376 0.04133998 0.03980953 0.03111066 1.294027 0.1870392 0.154924 0.03533688
37 0.0746003 0.05392543 0.1042811 0.07302831 0.07706876 0.03750483 0.03263109 0.03006269 0.6123316 0.1695766 0.1482844 0.03194944
38 0.06525552 0.05263037 0.09169303 0.07306465 0.05886052 0.0326068 0.03224876 0.02943944 0.6419907 0.1992061 0.1588959 0.03726661
39 0.07106888 0.05099201 0.0995058 0.07036866 0.068969 0.03543842 0.03239578 0.02903103 0.5232112 0.1855987 0.1575066 0.03375676
40 0.06758121 0.05285171 0.09411152 0.07022596 0.06277133 0.03376866 0.03165547 0.0329567 0.6680113 0.1987136 0.1622589 0.03751494
41 0.07217124 0.05421025 0.1025825 0.07368112 0.07601388 0.03989153 0.03558599 0.03447241 0.9662001 0.1885882 0.1521006 0.03538394
42 0.06805561 0.05571226 0.09742048 0.07445417 0.06546747 0.03533216 0.03551802 0.03085715 0.8635027 0.1972371 0.15779 0.03684917
43 0.06217645 0.05107581 0.09012087 0.07038827 0.05658431 0.03118255 0.03059209 0.03120436 0.5201346 0.1853004 0.1573397 0.03329879
44 0.07006374 0.0572057 0.09852784 0.07667268 0.06744515 0.03726412 0.03682703 0.0321525 0.6520836 0.19806 0.1575494 0.03615832
45 0.07095259 0.05679133 0.09742161 0.07303317 0.06607124 0.03488561 0.03308147 0.03113633 0.5943849 0.1867232 0.1557701 0.03391929
46 0.07278994 0.05113791 0.1013729 0.06842739 0.07226307 0.032975 0.02753722 0.02883007 0.5616414 0.1825577 0.1536389 0.03436607
47 0.06348728 0.05459523 0.08930022 0.07541607 0.05512872 0.03434097 0.03715172 0.03192168 0.8120829 0.2021643 0.1636243 0.03790735
48 0.07134545 0.04741679 0.1019516 0.06409471 0.07259156 0.03189447 0.0251818 0.03248354 0.4689097 0.1968838 0.1593962 0.03723119
49 0.07050514 0.05166218 0.09792199 0.06902827 0.0666309 0.03506542 0.03200922 0.03157848 0.6374765 0.1787119 0.1490319 0.03360306
50 0.06887448 0.05685655 0.0948984 0.07482389 0.06192423 0.03521199 0.0355958 0.0317246 0.4696807 0.189838 0.1612837 0.03474687
51 0.06834424 0.05629186 0.09636609 0.07670453 0.06308142 0.03577635 0.03683839 0.03007624 0.5889311 0.1903573 0.1567259 0.03672738
52 0.07241902 0.05770558 0.1000555 0.07541883 0.06842531 0.0379497 0.03566299 0.03252381 0.6610574 0.2073705 0.1634381 0.03888793
53 0.06908667 0.05779585 0.09644875 0.07764299 0.06533649 0.0372743 0.03783714 0.03187296 0.6578552 0.1851771 0.1526737 0.03524466
54 0.06396299 0.05496558 0.09153174 0.07520154 0.05887661 0.0336537 0.03431574 0.02965476 0.734183 0.1995681 0.1580281 0.03567432
55 0.07381338 0.05621671 0.103614 0.0740649 0.07507789 0.03883481 0.03485399 0.03257615 0.8637465 0.1935491 0.1657697 0.03651758
56 0.07277756 0.05808432 0.1034816 0.07702448 0.07467722 0.03913053 0.03578818 0.03687681 0.8845854 0.1975618 0.1667948 0.03720497
57 0.07215147 0.06102626 0.1013076 0.07987298 0.07106583 0.03969869 0.03888246 0.03219051 0.747476 0.171059 0.1505234 0.03218391
58 0.07530902 0.05650423 0.1062341 0.07611689 0.07916283 0.04030421 0.03690763 0.03153472 0.7385555 0.1908223 0.1575841 0.03569248
59 0.07223038 0.05621145 0.1017369 0.07644175 0.07210671 0.03850973 0.03628619 0.03006256 0.8295373 0.2005324 0.1596485 0.0376053
60 0.07018802 0.05960007 0.1005719 0.08093434 0.06903885 0.03895854 0.0395851 0.03596323 0.5764264 0.1916273 0.1541512 0.03619766
61 0.06642989 0.05628632 0.09252382 0.07421846 0.05978612 0.03344946 0.03606932 0.02964537 0.5487962 0.1894758 0.154719 0.03475011
62 0.06861864 0.05055717 0.09809317 0.06813265 0.0659213 0.03281405 0.02945861 0.03089312 0.5426719 0.1847434 0.1568911 0.03464472
63 0.07310517 0.06183613 0.1019601 0.08500183 0.07051462 0.04204408 0.04272922 0.03330385 0.5475694 0.1887054 0.1552809 0.03529779
64 0.06622071 0.05898614 0.09204407 0.07777235 0.05863884 0.03564671 0.03771704 0.03111855 0.431903 0.1884517 0.1527972 0.03399489
65 0.06906451 0.05013451 0.09949026 0.06927947 0.07029199 0.03476658 0.03066719 0.03070847 0.7607772 0.1810372 0.1484238 0.03487401
66 0.06868382 0.05319256 0.09691706 0.07372305 0.06563959 0.03581521 0.03474252 0.0322646 0.4505986 0.1928341 0.160171 0.03616085
67 0.06682829 0.05224663 0.09533675 0.07265805 0.06416396 0.03431062 0.0339544 0.03002018 0.6241336 0.1886407 0.151347 0.03566945
68 0.06820309 0.05690487 0.09670889 0.07578421 0.06559222 0.03524857 0.03747038 0.03067154 0.5830124 0.185517 0.1517346 0.03430108
69 0.07378129 0.05431555 0.1038745 0.07440811 0.07671067 0.03971842 0.03739497 0.03522107 1.008469 0.1731248 0.1477844 0.03330627
70 0.06723682 0.05429766 0.09711706 0.07597705 0.06505696 0.03588924 0.0363996 0.03022523 0.4767334 0.1807818 0.1558173 0.03312079
71 0.06861012 0.05145708 0.09715848 0.06900223 0.06401058 0.03249818 0.0287953 0.02960309 0.9409794 0.208176 0.1575006 0.03855025
72 0.06947801 0.05421202 0.09713449 0.07379869 0.067325 0.03532057 0.03318636 0.03161186 0.7975146 0.1981529 0.1562227 0.03667554
73 0.0708652 0.055747 0.09877003 0.07393761 0.06989688 0.03716869 0.03569478 0.03131695 0.7994406 0.1931073 0.1603407 0.03556888
74 0.07075618 0.051399 0.09952298 0.06954732 0.07087349 0.03679491 0.03064085 0.03371519 0.5343386 0.1923242 0.1513816 0.03554501
75 0.06542431 0.05563377 0.09104294 0.07484754 0.0572695 0.03370635 0.03540181 0.03137787 0.6304752 0.1955075 0.1578863 0.03740423
76 0.07422408 0.06226967 0.1053531 0.08505935 0.07696698 0.04422242 0.04660664 0.03567576 0.7146949 0.1863227 0.1550854 0.03434176
77 0.06923992 0.05489533 0.09722117 0.07346184 0.06505342 0.03666232 0.03392555 0.03397723 0.4231821 0.188073 0.1557299 0.03508821
78 0.06987854 0.0567551 0.09818767 0.07523431 0.06855862 0.03655454 0.03532865 0.03254631 0.6043775 0.1841491 0.1541377 0.03372322
79 0.06691946 0.0557561 0.09675593 0.07754631 0.06617534 0.03660583 0.03772835 0.03193655 0.5841235 0.1990761 0.1597161 0.03761267
80 0.07433461 0.06132451 0.1052583 0.08315319 0.07867429 0.04367457 0.04534201 0.0311019 0.7494258 0.1811567 0.1559223 0.03437742
81 0.07262778 0.05714637 0.1036582 0.07844499 0.07523057 0.04090645 0.03995004 0.03308597 0.8308774 0.184936 0.1543672 0.03454249
82 0.07345287 0.05442417 0.104102 0.07526211 0.07723676 0.03988425 0.03391181 0.03509407 0.6339204 0.1830804 0.1519466 0.03390313
83 0.06999065 0.05211878 0.09797286 0.07057632 0.0650284 0.03290599 0.03031831 0.02957208 0.5710681 0.2060262 0.1589938 0.03797584
84 0.06995641 0.05431421 0.09826543 0.07189994 0.06947827 0.03504056 0.03333771 0.03306181 0.5983356 0.1635607 0.1546938 0.03068447
85 0.07256793 0.05631438 0.1022246 0.07573665 0.07264669 0.03896172 0.0357638 0.03066883 0.538118 0.1881475 0.1632195 0.034853
86 0.07034891 0.05497249 0.09840381 0.07511332 0.06687569 0.0348509 0.03619163 0.03112796 0.5864411 0.203145 0.1609392 0.03657641
87 0.0710401 0.05462629 0.09908715 0.07362674 0.06759971 0.03608787 0.03416756 0.03206763 0.4837641 0.1768141 0.1530556 0.03308487
88 0.076227 0.0602775 0.1070692 0.08115616 0.0802246 0.0436172 0.04254375 0.03408135 0.9390221 0.186672 0.1582006 0.0339892
89 0.07215658 0.05603538 0.1018187 0.0752486 0.07332791 0.03838371 0.03680646 0.03180617 0.4969828 0.1880216 0.1610045 0.0355392
90 0.07126524 0.05726317 0.1006992 0.07697579 0.07242362 0.03896213 0.03658985 0.0297257 1.056578 0.1998788 0.1618109 0.03722426
91 0.06926477 0.05883069 0.09486007 0.0777232 0.06258502 0.03597625 0.03803519 0.03191833 0.6779445 0.1807445 0.1510914 0.03342058
92 0.06956402 0.0533839 0.09789357 0.07177703 0.0671019 0.03376793 0.03167857 0.03132357 0.4738399 0.1842871 0.1610056 0.03267206
93 0.06696002 0.0547587 0.09363711 0.07372056 0.06158718 0.03529217 0.03446699 0.03275905 0.4815593 0.1920882 0.1543402 0.03447086
94 0.06821925 0.05257292 0.09777608 0.07109314 0.06571553 0.0337366 0.03202813 0.0296821 0.5045652 0.1829867 0.1582641 0.03439161
95 0.07502777 0.06131643 0.1022494 0.07767506 0.07248245 0.03825459 0.03470703 0.03859399 0.4204411 0.1671368 0.1656289 0.03068503
96 0.06272891 0.05107327 0.09029215 0.07168679 0.05704932 0.03214694 0.03439378 0.02818443 0.5782825 0.1925279 0.1584702 0.0374619
97 0.0701253 0.05965062 0.09685795 0.07835067 0.06525507 0.03709828 0.03753908 0.02900651 0.6181548 0.1877689 0.1558586 0.0343832
98 0.07404087 0.0572194 0.1024413 0.07670604 0.07390496 0.03939053 0.03644721 0.03371811 0.7199672 0.1937697 0.1543026 0.03573785
99 0.0734456 0.05384007 0.1029241 0.07242908 0.07404468 0.03816884 0.03420527 0.03439871 0.6230799 0.1846216 0.1509696 0.03467762
100 0.07379736 0.05790509 0.1019528 0.07500009 0.07102874 0.0371602 0.03493139 0.03592389 0.4523851 0.1799208 0.1562209 0.03441974
101 0.07058425 0.05066446 0.1004855 0.06950956 0.07016867 0.03534583 0.03203307 0.03440121 0.5129113 0.1815403 0.1515988 0.03307858
