1 0.08785381 0.06873836 0.1234112 0.09282982 0.1417884 0.08134328 0.06757555 0.0871973 0.1818202 0.1503317 0.03350389
2 0.09001214 0.06846489 0.1267244 0.09031528 0.1379928 0.07477091 0.06553837 0.08839708 0.1785172 0.151985 0.03391519
3 0.08358893 0.06894578 0.1172537 0.0911293 0.1223746 0.07099692 0.06851945 0.07297922 0.1817618 0.1588359 0.03512866
4 0.08700002 0.07027739 0.1225862 0.09560197 0.1319795 0.07393977 0.0686919 0.07682158 0.1778485 0.1520419 0.03325585
5 0.08954668 0.06314803 0.125516 0.08490913 0.1340902 0.07035465 0.05765283 0.08155573 0.1885762 0.1595741 0.03597285
6 0.08017029 0.06423224 0.1129076 0.08626125 0.1145507 0.06404715 0.05859357 0.06479593 0.1938857 0.1588496 0.03711593
7 0.08775025 0.06950166 0.1231769 0.09256213 0.1304741 0.07171668 0.05777031 0.08562031 0.2105037 0.1639907 0.03862846
8 0.08555953 0.06711483 0.1198588 0.08947482 0.1302689 0.07591314 0.06089546 0.08655937 0.1819273 0.1521271 0.03506562
9 0.09089274 0.06891455 0.1274923 0.09152731 0.1398075 0.07316201 0.06008126 0.09197476 0.1907752 0.1593947 0.03463922
10 0.08578036 0.06889567 0.1205849 0.09167022 0.1358438 0.08055106 0.07105089 0.07890881 0.1830156 0.1534003 0.0335402
11 0.07776815 0.07186179 0.1091318 0.09543939 0.1089452 0.06439814 0.06766341 0.07747796 0.1806725 0.1558544 0.03551482
12 0.08209169 0.06877742 0.1150979 0.09045507 0.1163558 0.06618353 0.06178964 0.0743817 0.1821536 0.1574497 0.03502185
13 0.08927916 0.07122926 0.125371 0.09673074 0.1485969 0.08715358 0.07897214 0.09999862 0.1821944 0.1492366 0.03398503
14 0.0836384 0.07187678 0.1165924 0.09307009 0.1236357 0.07375817 0.06408108 0.08453823 0.1780408 0.1598138 0.03438969
15 0.08265938 0.07339215 0.1157385 0.09671199 0.1179415 0.06860781 0.06645968 0.07866481 0.1946184 0.1636969 0.03549806
16 0.07927145 0.0649899 0.1111256 0.08686543 0.1106836 0.06451267 0.060563 0.07164815 0.1922771 0.1543504 0.03413692
17 0.0773201 0.06420242 0.1086633 0.08581037 0.1098254 0.06547489 0.05712519 0.06772115 0.1959548 0.1560017 0.03704891
18 0.09031484 0.06792337 0.1266616 0.09051932 0.13758 0.07476829 0.06230819 0.08680165 0.1903698 0.1658563 0.03523337
19 0.08270369 0.06267745 0.1164549 0.08509646 0.1210372 0.06767862 0.05793711 0.07788409 0.1882979 0.150325 0.03424606
20 0.0811249 0.06868191 0.1136011 0.09030786 0.1134314 0.06512102 0.05835524 0.07594019 0.1868445 0.157209 0.03516663
21 0.08662854 0.06647268 0.1219809 0.09145907 0.1303442 0.07252096 0.06300084 0.07932406 0.1904097 0.1586327 0.0342736
22 0.08641101 0.07122828 0.1209804 0.09542834 0.1291977 0.07490182 0.06666436 0.08614519 0.1808873 0.150342 0.03407119
24 0.08047356 0.07193197 0.1124433 0.09504028 0.115774 0.07043137 0.06780377 0.07609531 0.1802946 0.1527155 0.03400848
25 0.08417188 0.07028344 0.1179114 0.09264728 0.1260475 0.06871095 0.06496517 0.08437406 0.1890571 0.1609695 0.03619559
26 0.0780847 0.06754003 0.109234 0.08989111 0.1132982 0.06907062 0.06368057 0.07582129 0.1865367 0.1526994 0.03446774
27 0.08595762 0.06766771 0.1202717 0.09000404 0.1320851 0.07511289 0.06281164 0.08199174 0.1889375 0.1521216 0.03413772
28 0.07935484 0.0703804 0.1116591 0.09477458 0.1159079 0.07083391 0.06649042 0.07864905 0.186581 0.1523578 0.03440855
29 0.08328401 0.06656565 0.1167394 0.08793227 0.1201124 0.06681596 0.06190939 0.07801272 0.188718 0.1619801 0.03518563
30 0.08823389 0.06600122 0.1240859 0.08792859 0.1364766 0.07622343 0.06376549 0.09221418 0.1786458 0.1512436 0.03346828
31 0.08452031 0.06855363 0.1186372 0.09337871 0.1229958 0.06858617 0.06377599 0.08185403 0.1777153 0.1525548 0.03386752
32 0.0820227 0.06928045 0.1154417 0.09282357 0.1191351 0.07037421 0.06088701 0.08342982 0.1920709 0.1569225 0.0353599
33 0.08170166 0.07524335 0.1144426 0.100601 0.1244324 0.07905097 0.07423127 0.089355 0.1797191 0.14524 0.03402467
34 0.08628245 0.06017922 0.1216037 0.08068906 0.1323932 0.0722423 0.05813178 0.07281744 0.1848052 0.1519426 0.03451784
35 0.08880196 0.06976555 0.1247002 0.09339243 0.1338758 0.0756886 0.06278982 0.09430216 0.2081418 0.1626681 0.03948656
36 0.08057747 0.06533134 0.113245 0.08787796 0.1136543 0.06314577 0.05714853 0.07885379 0.1870392 0.154924 0.03533688
37 0.09114141 0.06522766 0.1279184 0.08716367 0.1386537 0.07098274 0.05538934 0.08272915 0.1695766 0.1482844 0.03194944
38 0.07929975 0.06557216 0.1113337 0.0878813 0.1102436 0.06120157 0.05333731 0.07333324 0.1992061 0.1588959 0.03726661
39 0.08753369 0.06273328 0.1232106 0.08650915 0.1354939 0.07771129 0.06386714 0.09125893 0.1855987 0.1575066 0.03375676
40 0.08123428 0.06303958 0.1138614 0.08299234 0.1151915 0.06572187 0.05463745 0.07074237 0.1987136 0.1622589 0.03751494
41 0.08638248 0.06647038 0.1208288 0.08740062 0.1330779 0.07643249 0.06159746 0.09016463 0.1885882 0.1521006 0.03538394
42 0.07894618 0.06864535 0.1106234 0.08955858 0.1115862 0.06637395 0.06127588 0.07073119 0.1972371 0.15779 0.03684917
43 0.08855122 0.06394515 0.1244846 0.086873 0.128705 0.0664135 0.05414443 0.08062265 0.1853004 0.1573397 0.03329879
44 0.08414416 0.0689051 0.1176966 0.09203157 0.1190424 0.0659188 0.06151585 0.08626215 0.19806 0.1575494 0.03615832
45 0.08386659 0.06951533 0.1172176 0.09349171 0.1260198 0.07339073 0.06652274 0.07347635 0.1867232 0.1557701 0.03391929
46 0.0902611 0.06344287 0.1265552 0.08493517 0.1324969 0.06664358 0.04989342 0.08201856 0.1825577 0.1536389 0.03436607
47 0.07410288 0.06797259 0.1039251 0.08948147 0.1001994 0.06108468 0.05949073 0.06524365 0.2021643 0.1636243 0.03790735
48 0.09057292 0.06481676 0.127502 0.0868995 0.1384663 0.0740567 0.05790672 0.08347108 0.1968838 0.1593962 0.03723119
49 0.08529092 0.06900898 0.1195812 0.08708808 0.1288259 0.07551483 0.0644855 0.0790064 0.1787119 0.1490319 0.03360306
50 0.08402839 0.06960434 0.1178516 0.09235372 0.1265089 0.07582674 0.06990252 0.07467959 0.189838 0.1612837 0.03474687
51 0.08329169 0.07294866 0.1167729 0.09725574 0.1232276 0.07282031 0.06837757 0.07557841 0.1903573 0.1567259 0.03672738
52 0.08134913 0.0653267 0.1137719 0.08698025 0.1165459 0.06838875 0.06213449 0.07029806 0.2073705 0.1634381 0.03888793
53 0.0830803 0.07173473 0.1167054 0.09425287 0.1194911 0.06790746 0.05953643 0.08405975 0.1851771 0.1526737 0.03524466
54 0.07850077 0.06746178 0.1100339 0.08811244 0.1060756 0.05897042 0.05707842 0.07064866 0.1995681 0.1580281 0.03567432
55 0.08340418 0.06546184 0.1167029 0.08584692 0.120573 0.06929179 0.05610551 0.07233543 0.1935491 0.1657697 0.03651758
56 0.0860144 0.06749155 0.1206329 0.08855126 0.1294105 0.07159917 0.06074329 0.07372587 0.1975618 0.1667948 0.03720497
57 0.08386752 0.07259808 0.1173736 0.09761364 0.1260007 0.07438171 0.06771757 0.08706669 0.171059 0.1505234 0.03218391
58 0.08637863 0.06816741 0.1210821 0.09072932 0.1307521 0.07345211 0.06173428 0.08583799 0.1908223 0.1575841 0.03569248
59 0.08245913 0.06383591 0.1157068 0.08656517 0.1161272 0.06450711 0.05442189 0.08062888 0.2005324 0.1596485 0.0376053
60 0.08508451 0.08022649 0.1188401 0.1018758 0.1261685 0.07496292 0.06904531 0.09222529 0.1916273 0.1541512 0.03619766
61 0.08002433 0.06843884 0.1124457 0.09208925 0.113113 0.06776186 0.06381727 0.07884394 0.1894758 0.154719 0.03475011
62 0.08645142 0.06883991 0.1213705 0.09139349 0.1277966 0.06939084 0.05971016 0.07605586 0.1847434 0.1568911 0.03464472
63 0.08505918 0.08072483 0.1192423 0.1081503 0.1277896 0.07841238 0.08635832 0.09735973 0.1887054 0.1552809 0.03529779
64 0.08675962 0.07688405 0.1215337 0.1016557 0.1371789 0.0849008 0.08266972 0.0832236 0.1884517 0.1527972 0.03399489
65 0.08248197 0.06197405 0.115915 0.08193936 0.1161708 0.06222349 0.05266098 0.07789721 0.1810372 0.1484238 0.03487401
66 0.08838808 0.07251167 0.1239952 0.09663976 0.1391483 0.08079389 0.06941454 0.08457292 0.1928341 0.160171 0.03616085
67 0.08271353 0.06293133 0.1165095 0.08654454 0.1213636 0.06840902 0.05755281 0.07554304 0.1886407 0.151347 0.03566945
68 0.08332297 0.06915571 0.1169205 0.09154552 0.122962 0.06912674 0.06499428 0.08442655 0.185517 0.1517346 0.03430108
69 0.08524292 0.06410478 0.1202323 0.08854377 0.1266529 0.07008354 0.06083701 0.07605116 0.1731248 0.1477844 0.03330627
70 0.08409692 0.07238985 0.1185262 0.09627703 0.1296025 0.07521345 0.06820662 0.08734085 0.1807818 0.1558173 0.03312079
71 0.07498641 0.0654149 0.1050368 0.08667604 0.09967713 0.05895779 0.05272524 0.06440215 0.208176 0.1575006 0.03855025
72 0.08109609 0.0682997 0.1137147 0.09130498 0.114893 0.06641262 0.05978949 0.07394524 0.1981529 0.1562227 0.03667554
73 0.08406719 0.06826544 0.1180739 0.08924526 0.1216722 0.06635117 0.05974593 0.07490123 0.1931073 0.1603407 0.03556888
74 0.0870144 0.06523249 0.1224171 0.08781938 0.1372175 0.07642205 0.05800043 0.08650043 0.1923242 0.1513816 0.03554501
75 0.07829387 0.06652231 0.1097136 0.09009194 0.1093282 0.06522923 0.06124116 0.06510804 0.1955075 0.1578863 0.03740423
76 0.08547795 0.07495668 0.1199254 0.1007918 0.1302896 0.07880031 0.07905436 0.09314235 0.1863227 0.1550854 0.03434176
77 0.1004174 0.07052991 0.1414838 0.09465394 0.1875193 0.1079484 0.07684458 0.1161485 0.188073 0.1557299 0.03508821
78 0.08622967 0.06884957 0.1207211 0.08897276 0.1303822 0.07479537 0.06712544 0.07888066 0.1841491 0.1541377 0.03372322
79 0.08372235 0.06666036 0.1176422 0.09125463 0.1213574 0.07045837 0.06318461 0.0822018 0.1990761 0.1597161 0.03761267
80 0.08868206 0.07518864 0.12447 0.1016866 0.1372872 0.07798846 0.06900019 0.1048514 0.1811567 0.1559223 0.03437742
81 0.08541573 0.07038218 0.1196755 0.09312621 0.1256331 0.0714943 0.06444533 0.08915481 0.184936 0.1543672 0.03454249
82 0.08861792 0.06688272 0.1248751 0.09045961 0.1427927 0.07825008 0.06500923 0.08267427 0.1830804 0.1519466 0.03390313
83 0.08618716 0.06924666 0.1208391 0.09167068 0.1307947 0.07199586 0.06392924 0.07628129 0.2060262 0.1589938 0.03797584
84 0.09508249 0.06948825 0.1334289 0.09101529 0.1492507 0.07444128 0.0625506 0.08774842 0.1635607 0.1546938 0.03068447
85 0.08818773 0.07092032 0.1233716 0.09284244 0.1324427 0.07735107 0.06031401 0.08785215 0.1881475 0.1632195 0.034853
86 0.08420397 0.06951974 0.118265 0.09507914 0.1227469 0.0697977 0.06333694 0.07709812 0.203145 0.1609392 0.03657641
87 0.0887598 0.06896724 0.1248132 0.0925274 0.139606 0.08215154 0.06684641 0.0859415 0.1768141 0.1530556 0.03308487
88 0.08565429 0.07449234 0.1198778 0.09697596 0.1239675 0.07017325 0.06423666 0.07878393 0.186672 0.1582006 0.0339892
89 0.09126456 0.07197877 0.1282817 0.09728956 0.1459996 0.08105575 0.06881812 0.09314665 0.1880216 0.1610045 0.0355392
90 0.08016061 0.06088903 0.1125943 0.08244526 0.1107195 0.06087363 0.05006354 0.07391884 0.1998788 0.1618109 0.03722426
91 0.08018393 0.06871282 0.1125763 0.09130671 0.1207036 0.07193391 0.06646709 0.08109394 0.1807445 0.1510914 0.03342058
92 0.09054205 0.07153879 0.1271266 0.09558232 0.1369511 0.07239656 0.06296723 0.07988027 0.1842871 0.1610056 0.03267206
93 0.08736437 0.07160037 0.122947 0.09668663 0.1420116 0.0855706 0.07601764 0.08179279 0.1920882 0.1543402 0.03447086
94 0.08663916 0.06773396 0.1213533 0.0899134 0.1271426 0.06854729 0.05918745 0.07530292 0.1829867 0.1582641 0.03439161
95 0.104273 0.08454937 0.1459787 0.1072579 0.1947764 0.1113138 0.09644923 0.09392208 0.1671368 0.1656289 0.03068503
96 0.07878048 0.06240373 0.1107809 0.08424195 0.1071536 0.06247096 0.05852782 0.06808143 0.1925279 0.1584702 0.0374619
97 0.08087543 0.06737036 0.1133505 0.09093603 0.1140596 0.0675121 0.06140152 0.07961884 0.1877689 0.1558586 0.0343832
98 0.08426317 0.06884009 0.1181708 0.08963205 0.1271367 0.07438657 0.06330776 0.08528698 0.1937697 0.1543026 0.03573785
99 0.08797951 0.06508231 0.1234944 0.08715248 0.132507 0.07322331 0.05914456 0.0808364 0.1846216 0.1509696 0.03467762
100 0.09061727 0.07678322 0.1265494 0.09872038 0.1471307 0.08128997 0.070722 0.1073036 0.1799208 0.1562209 0.03441974
101 0.08773043 0.06942864 0.1233895 0.09170146 0.1477776 0.09180092 0.07485087 0.08515685 0.1815403 0.1515988 0.03307858
