1 5.395106 -0.4059659 -0.2483955 -0.5483553 1.189952 0.5374799 0.2547571 0.1901966 -2.559821 -0.3742186 0.1699082
2 5.214047 -0.3291517 -0.01080914 -0.6865886 1.181161 0.6267838 0.2522116 0.1904641 -2.461362 -0.5374603 0.1576442
3 5.26738 -0.4513817 -0.02026548 -0.4783878 1.051259 0.5139897 0.3122027 0.2793155 -2.497952 -0.6846554 0.1462787
4 5.392852 -0.3697505 -0.1210804 -0.5767028 1.141965 0.5607583 0.3354609 0.2844933 -2.426956 -0.4334454 0.1202969
5 5.225385 -0.3516392 0.036685 -0.649096 1.235062 0.5645051 0.1889988 0.1305812 -2.56063 -0.7000137 0.1642517
6 5.302982 -0.4642964 0.03989088 -0.5477707 1.070744 0.4020309 0.235876 0.2068983 -2.722075 -0.4106619 0.1589858
7 5.311093 -0.3289513 -0.07419075 -0.6384133 1.199003 0.5384851 0.230219 0.2167492 -2.948905 -0.5938405 0.2246608
8 5.274498 -0.4163587 -0.1234361 -0.5501046 1.141668 0.4970217 0.2077352 0.1923232 -2.489431 -0.612295 0.168406
9 5.531954 -0.47705 -0.3153212 -0.563081 1.204482 0.6365956 0.2167079 0.1849905 -2.645548 -0.6564397 0.1867338
10 5.463976 -0.4390666 -0.2151574 -0.5636495 1.218663 0.4505937 0.2151739 0.1702794 -2.539327 -0.5222864 0.1670926
11 5.166031 -0.4720457 0.06780354 -0.5545391 1.053408 0.3245184 0.2453325 0.3210069 -2.432449 -0.6359078 0.1451501
12 5.106559 -0.2706395 0.1169928 -0.7180227 1.055309 0.4660659 0.2684188 0.255108 -2.428653 -0.6580198 0.1332623
13 5.34976 -0.4407755 -0.1256036 -0.6466479 1.234098 0.5499907 0.286401 0.2559511 -2.587698 -0.4295377 0.1869596
14 5.226864 -0.3131448 0.0403975 -0.7919455 1.16686 0.3978005 0.2091393 0.2245801 -2.286598 -0.9558805 0.1479898
15 5.356726 -0.3687551 -0.09404208 -0.6526314 1.170448 0.3781275 0.2506042 0.2838727 -2.727639 -0.8069092 0.2125833
16 5.623834 -0.3926393 -0.398138 -0.5911463 0.985105 0.4261129 0.2420088 0.2269309 -2.629855 -0.3690444 0.1614867
17 5.390578 -0.4403942 -0.07845245 -0.5213974 1.015259 0.3458093 0.2026987 0.1969154 -2.671719 -0.5364406 0.1781737
18 5.417764 -0.3907795 -0.232467 -0.5895267 1.315704 0.5406216 0.2190256 0.1802757 -2.564827 -0.6803957 0.1369963
19 5.331027 -0.2743949 -0.08701132 -0.7004382 1.109671 0.4387339 0.185229 0.1606192 -2.679707 -0.3498321 0.1860271
20 5.398766 -0.2911102 -0.08369857 -0.7327357 1.11782 0.3749174 0.1932165 0.2175605 -2.406433 -0.7900905 0.1489119
21 5.565332 -0.4628112 -0.4395096 -0.5429753 1.12947 0.5564602 0.2956583 0.2526586 -2.66778 -0.4348114 0.1618325
22 5.282527 -0.3762782 -0.0212588 -0.6640257 1.223357 0.4658018 0.2391941 0.2463058 -2.536736 -0.5476813 0.1732076
24 5.433279 -0.3936103 -0.117255 -0.5510719 1.155908 0.3080604 0.2203246 0.2804879 -2.378093 -0.7215086 0.1508005
25 5.267914 -0.4765853 -0.04349284 -0.4725699 1.155337 0.4399348 0.2419398 0.2307756 -2.570202 -0.7897946 0.1798186
26 5.469382 -0.3811828 -0.1175779 -0.701502 1.072306 0.3060997 0.2002983 0.231351 -2.520258 -0.5799042 0.1692268
27 5.470088 -0.3003964 -0.1863687 -0.6523029 1.151569 0.5014845 0.2255245 0.1806569 -2.586417 -0.6181923 0.1931975
28 5.483096 -0.3888913 -0.1815529 -0.6813571 1.145952 0.3017285 0.2004591 0.2677515 -2.568425 -0.6095703 0.1852898
29 5.337383 -0.351096 -0.2003504 -0.5335935 1.089966 0.4726889 0.2423771 0.224336 -2.496913 -0.6486742 0.1307189
30 5.327568 -0.3820733 -0.06970565 -0.6357143 1.147766 0.5868703 0.2270455 0.1618468 -2.424285 -0.5770843 0.1547861
31 5.329468 -0.4165894 -0.05910798 -0.5850981 1.106415 0.4966295 0.2642964 0.252499 -2.436945 -0.5721627 0.1415285
32 5.381927 -0.3460855 -0.04926644 -0.5302562 1.079459 0.4335463 0.2233596 0.2564433 -2.654752 -0.6440025 0.1838962
33 5.313014 -0.3934917 -0.006409861 -0.5470138 1.216854 0.3005446 0.2098226 0.280969 -2.476375 -0.5291086 0.1889166
34 5.33102 -0.3862854 -0.1826057 -0.5894697 1.070648 0.5932638 0.2071043 0.1210679 -2.586027 -0.4675484 0.1758155
35 5.119395 -0.3805228 0.0198427 -0.58745 1.164552 0.6049759 0.1880218 0.261518 -3.002675 -0.6642987 0.2625946
36 5.44504 -0.4881097 -0.1855227 -0.4586193 1.026445 0.4401688 0.2348424 0.2314264 -2.539097 -0.6191172 0.1646573
37 5.181002 -0.2411815 0.1264406 -0.7983887 1.113583 0.7136175 0.2239254 0.1449502 -2.271069 -0.585776 0.1278899
38 5.401018 -0.4687544 -0.1456118 -0.5230119 1.050376 0.3771256 0.2087564 0.2242305 -2.789732 -0.6196213 0.2109153
39 5.369768 -0.3642673 -0.1116533 -0.6173899 1.152986 0.5863691 0.2222093 0.1968495 -2.648813 -0.3796157 0.1434173
40 5.491539 -0.4844716 -0.2064755 -0.5658672 1.087477 0.4125756 0.1852974 0.1654172 -2.684846 -0.6975537 0.178242
41 5.302369 -0.3665412 -0.08744227 -0.5953709 1.127695 0.5262157 0.1947245 0.1551601 -2.573017 -0.6583708 0.2052637
42 5.417689 -0.4353271 -0.1126208 -0.5493112 1.01615 0.390856 0.2244803 0.2139419 -2.676913 -0.6478571 0.1968614
43 5.44711 -0.322766 -0.08859933 -0.7684747 1.239999 0.5418188 0.1847602 0.1536125 -2.607829 -0.3787321 0.1340659
44 5.355621 -0.3018349 -0.06265866 -0.6560976 1.188756 0.413985 0.1852964 0.2268685 -2.750178 -0.6761639 0.2141708
45 5.550723 -0.4830807 -0.3121361 -0.4698354 1.067901 0.4891849 0.2996875 0.2601384 -2.617657 -0.7686173 0.2075617
46 5.347358 -0.3872076 -0.008431741 -0.5983811 1.131276 0.676536 0.1723757 0.1340165 -2.517582 -0.5702471 0.1532321
47 5.377314 -0.3014491 -0.1382959 -0.729953 1.0158 0.2411651 0.1861228 0.2485197 -2.619292 -0.8039123 0.1847866
48 5.209954 -0.360125 -0.03524374 -0.654458 1.240712 0.6064921 0.2173654 0.1594644 -2.785525 -0.4643308 0.1881901
49 5.295186 -0.3486761 -0.09088963 -0.5645229 1.072457 0.5353128 0.2255251 0.1618996 -2.43184 -0.6823335 0.185935
50 5.330231 -0.3386293 -0.06041782 -0.7453357 1.167453 0.4383452 0.2743453 0.2648613 -2.618143 -0.6538935 0.1647981
51 5.313107 -0.4437095 -0.3125874 -0.6007828 1.133328 0.4272781 0.2954912 0.3080404 -2.607595 -0.5762438 0.1823306
52 5.374966 -0.4385485 -0.1015401 -0.5926589 1.11169 0.3900359 0.2186778 0.2078654 -2.90384 -0.7167393 0.2308152
53 5.271813 -0.4334285 -0.03070361 -0.5601423 1.125261 0.4282047 0.2221762 0.2529212 -2.579207 -0.5951385 0.18572
54 5.467327 -0.2125843 -0.1879444 -0.7651616 1.001018 0.3839513 0.2243584 0.2190747 -2.676738 -0.6998781 0.2042011
55 5.346559 -0.3258987 -0.0368956 -0.6689261 1.076703 0.4815803 0.2131989 0.168889 -2.514455 -1.036701 0.1881122
56 5.394046 -0.3837547 -0.2141387 -0.5306262 1.171388 0.4968452 0.2353017 0.1788283 -2.610858 -0.9494045 0.1861412
57 5.296526 -0.3795198 0.1873899 -0.5726214 1.169172 0.4163991 0.2496358 0.2738365 -2.390949 -0.6829385 0.156336
58 5.329441 -0.5308913 -0.001342652 -0.4431575 1.113223 0.5550937 0.2694321 0.2388804 -2.783763 -0.690534 0.2224737
59 5.377194 -0.4209657 -0.09389523 -0.4773217 1.060584 0.4706356 0.1981743 0.1892412 -2.783597 -0.7437982 0.220126
60 5.362304 -0.493068 -0.06855296 -0.6114541 1.272573 0.3539834 0.2087298 0.2689609 -2.678208 -0.738318 0.2370797
61 5.50991 -0.5060626 -0.2879578 -0.5570448 1.049572 0.4024562 0.2548937 0.2818535 -2.65794 -0.4330374 0.175168
62 5.448072 -0.5118814 -0.2431069 -0.4460616 1.133583 0.5448074 0.2740088 0.225063 -2.502284 -0.6759997 0.159431
63 5.372187 -0.4371975 -0.1909088 -0.4982129 1.264492 0.3744149 0.2739213 0.4080328 -2.651066 -0.7479239 0.2163582
64 5.395818 -0.3634711 -0.04735569 -0.5297511 1.195953 0.4896922 0.3496126 0.3472317 -2.609294 -0.6767484 0.1965675
65 5.301469 -0.4010471 -0.0851564 -0.6465923 1.052254 0.4792806 0.1591653 0.1239272 -2.418931 -0.4992086 0.153242
66 5.336668 -0.3492149 -0.1406683 -0.6573303 1.222809 0.5301353 0.2984348 0.2846686 -2.656656 -0.6845505 0.1837893
67 5.327523 -0.4465871 -0.05979994 -0.462421 1.071094 0.4792509 0.2116153 0.1762334 -2.641546 -0.398913 0.1736668
68 5.400784 -0.3719798 -0.1267795 -0.5225965 1.09942 0.4640035 0.2418617 0.2282806 -2.524683 -0.5629882 0.1650984
69 5.192475 -0.3737528 0.1153459 -0.7335478 1.098617 0.5383768 0.2587525 0.1965997 -2.389016 -0.334179 0.1203651
70 5.383797 -0.3146805 -0.1153424 -0.7541041 1.131509 0.4763849 0.295176 0.3047325 -2.477736 -0.3565573 0.1074239
71 5.415612 -0.3327224 -0.2567215 -0.5733447 0.971305 0.2975213 0.1731967 0.1938257 -2.795978 -0.693777 0.234315
72 5.26486 -0.2966253 -0.03956572 -0.7243694 1.050891 0.4244104 0.2368878 0.2293938 -2.76398 -0.6154622 0.2236057
73 5.244352 -0.2797112 -0.1527919 -0.6154189 1.040819 0.5366178 0.2663933 0.2082845 -2.662102 -0.6148213 0.1833679
74 5.468524 -0.4370061 -0.2102209 -0.5677196 1.191486 0.5184738 0.173967 0.1381702 -2.677221 -0.4583901 0.1977508
75 5.228393 -0.3963957 -0.1071147 -0.7189437 1.033454 0.3553081 0.2505272 0.2675817 -2.752454 -0.4247712 0.1848858
76 5.35962 -0.3617606 -0.04834678 -0.5804233 1.209259 0.4315946 0.3005039 0.3589486 -2.634507 -0.6914427 0.2010443
77 5.2531 -0.4290033 0.01487725 -0.5799719 1.408138 0.8413474 0.2224264 0.1838036 -2.669891 -0.5272918 0.1849593
78 5.430834 -0.2953606 -0.1091955 -0.8610569 1.090999 0.5540524 0.2545145 0.1972604 -2.479765 -0.6697463 0.1732925
79 5.295518 -0.3669 -0.1378148 -0.6210231 1.167138 0.4285448 0.1986627 0.2187466 -2.738215 -0.5504582 0.1907386
80 5.245397 -0.3625348 -0.009034942 -0.6649736 1.177557 0.5763815 0.1747813 0.3303823 -2.48851 -0.5788628 0.1461976
81 5.318552 -0.3495745 -0.05476505 -0.601841 1.144791 0.4802465 0.2397643 0.2393384 -2.506386 -0.6197341 0.167723
82 5.367882 -0.4297442 -0.1467226 -0.5851773 1.140628 0.6105478 0.2850919 0.200636 -2.541925 -0.4949555 0.1721604
83 5.313005 -0.3819742 0.009878066 -0.6551009 1.114843 0.550218 0.2896336 0.219797 -2.946133 -0.6803004 0.2636084
84 5.345153 -0.4521936 0.06693623 -0.4485661 1.122336 0.8578507 0.289436 0.177077 -2.304538 -0.843968 0.141364
85 5.321416 -0.317437 0.03070257 -0.6799794 1.161959 0.5673292 0.1880513 0.2107953 -2.493895 -0.8314396 0.158348
86 5.354239 -0.4018121 0.02060317 -0.6369919 1.170107 0.4423332 0.2784788 0.283222 -2.985136 -0.5043819 0.2272467
87 5.154953 -0.2455424 0.1416265 -0.6543513 1.246009 0.5364762 0.2464335 0.205246 -2.500114 -0.5577616 0.1491047
88 5.513051 -0.3977242 -0.1697073 -0.7127889 1.128871 0.5080214 0.3011101 0.2981305 -2.53638 -0.7945277 0.1814341
89 5.266441 -0.4460403 0.08149536 -0.5377662 1.264545 0.6110749 0.3144433 0.280233 -2.66588 -0.6517631 0.1729691
90 5.371207 -0.2859425 -0.1950511 -0.7792032 0.9801721 0.4655307 0.186508 0.1891951 -2.67413 -0.5773697 0.1705376
91 5.361643 -0.360405 -0.05690518 -0.6148284 1.082207 0.3729547 0.2283138 0.2363708 -2.438015 -0.6384146 0.1678818
92 5.336949 -0.2539939 -0.100301 -0.7629081 1.187278 0.6325499 0.3132729 0.2368272 -2.609202 -0.7260119 0.1795505
93 5.356896 -0.2495472 -0.1547797 -0.6738523 1.246042 0.4805753 0.2927886 0.2657869 -2.732335 -0.4571674 0.1959434
94 5.297677 -0.3306131 -0.09036554 -0.6108564 1.143451 0.5419708 0.2604079 0.2012322 -2.515474 -0.7811713 0.1707921
95 5.326418 -0.4210652 -0.1936287 -0.6521752 1.423559 0.9613896 0.4955128 0.3182883 -2.234223 -1.032122 0.1275881
96 5.103899 -0.381326 -0.03879384 -0.6219347 1.018445 0.3990416 0.2193239 0.2122603 -2.696882 -0.55324 0.1846216
97 5.348501 -0.3231627 -0.02883105 -0.5650738 1.063549 0.411809 0.2194997 0.2669144 -2.600652 -0.5444983 0.1611539
98 5.337629 -0.3409841 -0.02193032 -0.7254914 1.166972 0.4377216 0.1794269 0.161615 -2.681114 -0.7280793 0.2316673
99 5.29475 -0.4487744 0.06200472 -0.6726065 1.151831 0.5761219 0.2287523 0.1693646 -2.652917 -0.4031353 0.1818175
100 5.313917 -0.4919498 -0.06150575 -0.6088388 1.353718 0.4892889 0.2328299 0.2406141 -2.458519 -0.8612602 0.1885653
101 5.45752 -0.3690297 -0.1567362 -0.5314839 1.218106 0.5206883 0.2403698 0.1794324 -2.538122 -0.5446411 0.1684944
