1 5.357922 -0.2686557 -0.1066723 -0.732427 0.4611356 0.3667809 0.08718423 0.2006333 4.325047 -2.182527
2 5.311578 -0.3431253 -0.02936661 -0.6746642 0.4799812 0.3175078 0.0815131 0.1672936 4.125436 -2.136566
3 5.327399 -0.3279557 -0.01986949 -0.5819656 0.5289951 0.4738651 0.07611075 0.2021582 5.870247 -2.132116
4 5.379279 -0.2878802 -0.1059044 -0.6963799 0.4544007 0.3465834 0.03282169 0.1757633 4.430758 -2.27129
5 5.465662 -0.4219734 -0.2509083 -0.5545661 0.4655546 0.4039515 0.1307674 0.1810015 5.173159 -2.169484
6 5.390138 -0.4333981 -0.06188816 -0.5966405 0.5411697 0.2512336 0.1580427 0.2110712 5.394893 -2.230408
7 5.424431 -0.3380089 -0.2410724 -0.5864352 0.4975472 0.4022851 0.06678138 0.2052618 4.215517 -2.154521
8 5.324077 -0.3569188 -0.1427309 -0.7111906 0.5214605 0.4687789 0.1033391 0.172751 4.653465 -2.075344
9 5.42547 -0.5156424 -0.1631651 -0.5210267 0.5263026 0.346455 0.06893503 0.2523461 4.685104 -2.277267
10 5.465835 -0.4341017 -0.2682659 -0.6183898 0.4844583 0.4972116 0.1274626 0.1876787 5.172038 -2.215853
11 5.352529 -0.3606955 -0.1269933 -0.6008214 0.6046028 0.4132038 0.2258364 0.1938138 6.540616 -2.168627
12 5.451662 -0.2967838 -0.1645802 -0.6878012 0.5315817 0.3635363 0.1172992 0.2182464 4.527371 -2.078857
13 5.364863 -0.3614435 -0.1592501 -0.6307974 0.525774 0.3539299 0.1200556 0.2249193 5.142082 -1.987996
14 5.427413 -0.4614933 -0.1614738 -0.523865 0.517074 0.4121803 0.09597098 0.1964853 7.239921 -2.098712
15 5.466267 -0.4086029 -0.1314382 -0.6340663 0.4971286 0.3826664 0.08565907 0.1797184 4.844671 -2.088787
16 5.326244 -0.3132703 0.003210655 -0.743386 0.564508 0.4290315 0.1016902 0.1908432 6.485488 -2.279067
17 5.369567 -0.3831708 -0.1055582 -0.5657922 0.4884939 0.362929 0.1254104 0.2209343 5.481364 -2.227591
18 5.336833 -0.4324236 -0.06048652 -0.5148491 0.4087717 0.4078849 0.09318716 0.2024899 3.681405 -2.105295
19 5.456248 -0.3429045 -0.1855001 -0.6274551 0.4989138 0.4548694 0.09735123 0.1623451 4.153273 -2.197797
20 5.467813 -0.3720345 -0.185817 -0.6693576 0.4288158 0.3235482 0.03247711 0.2260427 4.891438 -2.220995
21 5.384274 -0.3885264 -0.184147 -0.5636387 0.5061399 0.3596113 0.1641105 0.1863243 4.600559 -2.183096
22 5.331256 -0.3713432 -0.1305374 -0.6502115 0.4578036 0.3791341 0.06334979 0.2586579 5.124832 -2.188771
23 5.363192 -0.2972045 -0.2049053 -0.6392922 0.4654933 0.4091593 0.09910856 0.1227942 4.448105 -2.184674
24 5.276348 -0.3328785 -0.131833 -0.6073966 0.4848883 0.5923156 0.1361528 0.1797294 6.024565 -2.119103
25 5.187669 -0.3018835 0.08130392 -0.7174558 0.4820268 0.4626824 0.1238104 0.1339657 5.064955 -2.202965
26 5.264344 -0.3838287 -0.05134288 -0.5974671 0.4479095 0.4433471 0.09473812 0.2346137 4.436064 -2.226613
27 5.215264 -0.4156716 0.05154277 -0.6018006 0.4704471 0.440053 0.07375095 0.1783785 4.991444 -2.222801
28 5.269698 -0.3571885 0.06513975 -0.7264941 0.4889811 0.4061815 0.1249415 0.1662985 5.286557 -2.170058
29 5.281792 -0.3789919 -0.02780725 -0.6716439 0.5011345 0.485002 0.0248713 0.2200888 5.484682 -2.137455
30 5.408424 -0.3679793 -0.1196508 -0.5778574 0.4760424 0.3390249 0.1158007 0.1806182 5.697965 -2.133825
31 5.36086 -0.4132172 -0.0787779 -0.595089 0.500233 0.539685 0.07425441 0.2153609 4.576916 -2.110796
32 5.208619 -0.456566 -0.01305965 -0.4471748 0.4897748 0.492526 0.101488 0.1817273 5.316926 -2.198933
33 5.376151 -0.3779676 -0.108443 -0.6108984 0.5365109 0.3360018 0.1448845 0.2181814 4.965927 -2.214261
34 5.283586 -0.2432394 -0.004393858 -0.7721547 0.4646581 0.2592988 0.1344038 0.2057263 5.393272 -2.311435
35 5.295361 -0.3716187 -0.05123285 -0.666317 0.4776465 0.507093 0.07926393 0.2083616 4.935982 -2.250456
36 5.291364 -0.2773229 -0.08226647 -0.6487405 0.459041 0.4452362 0.09128341 0.1784875 4.835549 -1.989777
37 5.315053 -0.383899 0.08364957 -0.5267988 0.5171771 0.3898937 0.09989567 0.2036409 4.78791 -2.211369
38 5.220683 -0.3858201 0.04497478 -0.5953138 0.5123312 0.533405 0.08260325 0.2588221 6.209085 -2.164637
39 5.33996 -0.3768134 -0.03453295 -0.6499075 0.4605588 0.5105597 0.01076997 0.2736337 4.599243 -2.213531
40 5.405702 -0.3324136 -0.1794833 -0.7488764 0.4850523 0.4766169 0.08915413 0.2214814 6.278046 -2.108463
41 5.355866 -0.3585593 -0.1798635 -0.5984675 0.5436702 0.375619 0.1332412 0.1864175 5.854379 -2.108602
42 5.363836 -0.2735321 -0.1734983 -0.6767049 0.4979622 0.3505848 0.1394886 0.240361 7.078807 -2.232852
43 5.377517 -0.3133729 -0.1352017 -0.6481968 0.4371128 0.3784282 0.1226657 0.193572 5.485627 -2.348666
44 5.365295 -0.3835528 -0.1723483 -0.5811643 0.4967216 0.4433209 0.0806985 0.2400589 5.118861 -2.217844
45 5.455935 -0.4072652 -0.3364809 -0.5889924 0.4817305 0.5054076 0.06602754 0.2249087 4.907812 -2.084734
46 5.425076 -0.3594195 -0.2206363 -0.6298922 0.4662241 0.533324 0.0180794 0.2213788 5.883078 -2.239372
47 5.376612 -0.3993459 -0.08705847 -0.7044114 0.4592432 0.3161167 0.1366395 0.2397627 5.170974 -2.302041
48 5.404036 -0.3637742 -0.1215297 -0.6066201 0.4941114 0.507626 0.1481469 0.1722958 5.090696 -2.149728
49 5.325179 -0.419088 -0.1147694 -0.5458339 0.4941508 0.4507414 0.1018842 0.2474927 6.54614 -2.049623
50 5.340501 -0.4164549 -0.08297771 -0.585145 0.529488 0.3560298 0.07678707 0.1873009 5.535945 -2.21753
51 5.262767 -0.3865233 -0.08441449 -0.5825145 0.5853428 0.3798013 0.1274593 0.2418948 5.838347 -2.12658
52 5.338135 -0.4257195 -0.003606221 -0.573861 0.4510282 0.3366513 0.05286245 0.2069164 6.15825 -2.227181
53 5.294062 -0.3696424 -0.1009879 -0.6496474 0.4742136 0.3898508 0.1049168 0.1696824 4.842261 -2.179675
54 5.440047 -0.396563 -0.1909936 -0.6071371 0.4701422 0.3771225 0.07374212 0.1910439 3.944197 -2.117361
55 5.374854 -0.3335749 -0.1524267 -0.6260104 0.6039013 0.4882158 0.1654321 0.1494588 4.81893 -2.266099
56 5.31003 -0.3174467 0.04592993 -0.7377047 0.4929777 0.4199598 0.07517889 0.2093396 4.523153 -2.238681
57 5.310598 -0.3641796 0.0630539 -0.6158414 0.4730658 0.3876922 0.07203227 0.205877 4.012031 -2.221931
58 5.298356 -0.2940688 -0.08660639 -0.6815928 0.4845475 0.4523805 0.1212127 0.2088937 5.874069 -2.191597
59 5.384141 -0.4584185 -0.1164616 -0.4684181 0.3889553 0.4160729 0.07349539 0.1755821 3.671964 -2.173495
60 5.38454 -0.451469 -0.1563159 -0.4686174 0.4761345 0.5073546 0.08180498 0.2147185 6.624126 -2.163727
61 5.310909 -0.4065126 -0.0370874 -0.611048 0.4703047 0.3555783 0.05287504 0.1979213 4.831856 -2.188113
62 5.584659 -0.3749039 -0.384461 -0.6156787 0.4774196 0.3619643 0.07887863 0.1881276 4.295781 -2.109024
63 5.313833 -0.3793858 -0.0110669 -0.6179905 0.475767 0.4511737 0.09035607 0.1331864 4.659405 -2.097988
64 5.218545 -0.320078 -0.1686164 -0.5979496 0.4540578 0.4789243 0.08120656 0.1377985 4.98942 -2.267014
65 5.482083 -0.4804933 -0.2139138 -0.5084259 0.491599 0.4783792 0.07414582 0.1716301 4.230375 -2.150627
66 5.273342 -0.3819277 -0.06494172 -0.6264768 0.5011276 0.3669949 0.118747 0.2071863 6.179121 -2.333391
67 5.339964 -0.2672069 -0.2017802 -0.6727694 0.4724241 0.4033899 0.07321718 0.1780013 5.307614 -2.292591
68 5.434339 -0.3595461 -0.181004 -0.6080643 0.5280043 0.3427478 0.1496277 0.223042 5.592792 -2.240935
69 5.317646 -0.4248078 0.00897829 -0.4430837 0.5298 0.3252725 0.1002684 0.198988 4.264045 -2.242947
70 5.453715 -0.4309108 -0.2011612 -0.5426514 0.4954025 0.4439181 0.03634211 0.1834273 6.272943 -2.230627
71 5.334851 -0.3356595 -0.155935 -0.566436 0.5063086 0.403308 0.09446806 0.2166984 5.828657 -2.017639
72 5.475062 -0.346994 -0.2403096 -0.6807314 0.4801305 0.3119126 0.06966204 0.2361217 4.295838 -2.206719
73 5.348884 -0.384247 -0.1671261 -0.6563155 0.48568 0.4079655 0.02874551 0.2061749 4.635685 -2.190969
74 5.40953 -0.4083256 -0.1389401 -0.6068748 0.4343855 0.3212871 0.1122048 0.1673916 4.298668 -2.178155
75 5.438289 -0.367227 -0.1955181 -0.5655794 0.5155271 0.3980745 0.1122107 0.2994229 6.775691 -2.099964
76 5.260805 -0.2372071 -0.1209775 -0.6962295 0.4786224 0.5594599 0.09222249 0.2255978 6.68162 -2.243183
77 5.307925 -0.4158634 -0.1366443 -0.6039734 0.4821505 0.451608 0.07491045 0.1864203 4.209756 -2.084759
78 5.298518 -0.2962945 0.07977883 -0.6799893 0.4493377 0.6004463 0.05635792 0.229682 5.328784 -2.032106
79 5.334228 -0.3647825 -0.09751998 -0.5350863 0.5047532 0.4144353 0.05749749 0.2074535 4.616749 -2.100644
80 5.523927 -0.4094014 -0.3104955 -0.5124608 0.5199989 0.443865 0.1454279 0.2576163 6.338028 -2.109188
81 5.421867 -0.4020979 -0.149748 -0.616381 0.5189314 0.3356299 0.131087 0.1727273 4.332808 -2.053888
82 5.316032 -0.3711939 0.008500181 -0.5260042 0.4803573 0.4551173 0.02227822 0.191988 4.451249 -2.127772
83 5.444385 -0.4207605 -0.08941502 -0.5638097 0.4508645 0.3943798 0.1254881 0.1710908 5.406512 -2.340494
84 5.481409 -0.446374 -0.2659779 -0.5102898 0.5316277 0.3985879 0.09730401 0.2480134 5.087053 -2.107612
85 5.303749 -0.3777527 -0.2264591 -0.5774753 0.505471 0.4090359 0.09422577 0.2189575 5.610984 -2.11153
86 5.435362 -0.3776283 -0.2626872 -0.6311961 0.4648596 0.3605064 0.1257396 0.1718824 5.110054 -2.344001
87 5.244602 -0.3767905 0.1218764 -0.5684301 0.5035867 0.3418264 0.1403819 0.162169 4.375065 -2.143218
88 5.536464 -0.4612141 -0.3252049 -0.4822106 0.5044977 0.4131221 0.1276323 0.1706272 5.780603 -2.21548
89 5.346603 -0.3146008 -0.04193871 -0.7351692 0.5157084 0.3926779 0.126939 0.1926791 4.154888 -2.299246
90 5.469682 -0.3728778 -0.1196968 -0.6955856 0.5795706 0.4322159 0.1468166 0.2052492 6.019681 -2.160246
91 5.358966 -0.361033 -0.1681418 -0.7103598 0.5210289 0.4405175 0.02391905 0.2273391 6.65528 -2.162975
92 5.431851 -0.5086797 -0.1242367 -0.4620149 0.5381031 0.3682633 0.1291047 0.2028849 4.679829 -2.218059
93 5.282302 -0.1628153 -0.1378562 -0.8426218 0.4584133 0.4215959 0.0878831 0.2156417 4.286785 -2.149583
94 5.280474 -0.3953645 -0.06905063 -0.6131049 0.5437243 0.2787093 0.1106482 0.172761 5.697544 -2.124313
95 5.476432 -0.4178129 -0.06849983 -0.5517592 0.5191632 0.5175547 0.1139456 0.2033253 5.004018 -2.194931
96 5.408672 -0.3271421 -0.132328 -0.6948664 0.5165369 0.4029797 0.1051142 0.1581102 5.297664 -2.179011
97 5.375529 -0.3675475 -0.134142 -0.5614851 0.4947432 0.5044697 0.09831702 0.1650602 5.74946 -2.183802
98 5.265736 -0.4115912 0.06213409 -0.626038 0.5287975 0.4591257 0.1230927 0.1828112 6.515293 -2.286146
99 5.305956 -0.3414814 -0.1154696 -0.5236169 0.4806865 0.3815634 0.06646903 0.2121873 4.995353 -2.167338
100 5.457525 -0.3947011 -0.2533305 -0.6190768 0.5039882 0.4055663 0.1183394 0.2397905 4.207634 -2.169337
