1 5.288 -0.2925428 -0.07455966 -0.7344169 1.332971 0.4534433 0.2842065 0.2703879 -2.182527
2 5.308033 -0.3599039 -0.06821385 -0.5956985 1.254695 0.5579303 0.2772313 0.2117341 -2.136566
3 5.365787 -0.3362947 -0.09117135 -0.6096112 1.18243 0.5582065 0.2221532 0.1828792 -2.132116
4 5.398887 -0.4647547 -0.1359686 -0.5466866 1.138436 0.2550192 0.194993 0.34214 -2.27129
5 5.531429 -0.4867292 -0.3152958 -0.5044283 1.068697 0.6395312 0.2436403 0.1744437 -2.169484
6 5.425085 -0.4858882 -0.06265577 -0.4848437 1.109184 0.2582287 0.2614034 0.366792 -2.230408
7 5.446945 -0.4441223 -0.2723385 -0.4731174 1.325863 0.5308388 0.2400931 0.1988941 -2.154521
8 5.32002 -0.3741099 -0.0685002 -0.751935 1.347371 0.5462936 0.2262378 0.1727912 -2.075344
9 5.380928 -0.5201457 -0.1765881 -0.5903967 1.290069 0.4396019 0.2895807 0.3177893 -2.277267
10 5.512435 -0.45645 -0.3318459 -0.5840941 1.058095 0.7663683 0.327948 0.2023531 -2.215853
11 5.325362 -0.3624904 -0.1473001 -0.6069934 1.199186 0.4938107 0.3005548 0.2438105 -2.168627
12 5.453292 -0.3065662 -0.1507256 -0.6886957 1.36986 0.4492476 0.3072598 0.3287328 -2.078857
13 5.37264 -0.4631709 -0.1159805 -0.5191221 1.273009 0.358576 0.2611294 0.3064518 -1.987996
14 5.401806 -0.4358435 -0.1440371 -0.5445538 1.005126 0.4464523 0.2118854 0.1648017 -2.098712
15 5.483887 -0.4113108 -0.1604796 -0.6814242 1.215991 0.3937204 0.1965432 0.1908031 -2.088787
16 5.327247 -0.3026157 0.02251364 -0.7511567 1.163104 0.3807233 0.2483208 0.245216 -2.279067
17 5.378324 -0.4302819 -0.1057169 -0.5537478 1.059796 0.3805366 0.2584221 0.3171763 -2.227591
18 5.444306 -0.4553182 -0.1925032 -0.4299811 1.148713 0.6545076 0.3253257 0.2658656 -2.105295
19 5.388873 -0.4135102 -0.1608156 -0.5819167 1.248829 0.9219249 0.275272 0.1288072 -2.197797
20 5.506171 -0.4151883 -0.2680465 -0.615002 1.030513 0.2352768 0.165296 0.2747492 -2.220995
21 5.401157 -0.4437034 -0.2264556 -0.58134 1.186125 0.6283106 0.3226181 0.215097 -2.183096
22 5.324966 -0.3059421 -0.1500485 -0.6965892 1.056173 0.4588175 0.2585488 0.2423735 -2.188771
23 5.400204 -0.3233212 -0.2613831 -0.6844397 1.32139 0.6747755 0.174446 0.1371904 -2.184674
24 5.220375 -0.3812219 -0.06245086 -0.5987209 1.01506 0.7503992 0.3401937 0.2152647 -2.119103
25 5.245608 -0.3288192 0.06149716 -0.7466704 1.100165 0.6446979 0.2432337 0.1583797 -2.202965
26 5.230268 -0.4661802 0.004773133 -0.6047443 1.143922 0.4103055 0.2915016 0.3212864 -2.226613
27 5.177639 -0.4093219 0.06880532 -0.6072871 1.149473 0.5097508 0.2497872 0.2422919 -2.222801
28 5.237635 -0.3793283 0.1369457 -0.7782541 1.10516 0.4400614 0.2423896 0.2053079 -2.170058
29 5.288389 -0.3852885 0.05825973 -0.6626339 1.214044 0.4973407 0.1482677 0.2212252 -2.137455
30 5.434303 -0.4271676 -0.09882154 -0.5462677 1.0097 0.3347561 0.2147746 0.2181923 -2.133825
31 5.330816 -0.4130153 -0.03506552 -0.6457898 1.226595 0.6512797 0.3184723 0.2814144 -2.110796
32 5.180163 -0.4248142 -0.03574404 -0.5090229 1.109692 0.5370577 0.2574229 0.2309536 -2.198933
33 5.358874 -0.3884734 -0.06512272 -0.5679135 1.242329 0.4690229 0.3039932 0.2884561 -2.214261
34 5.261912 -0.1973395 -0.01799283 -0.8312303 0.9737063 0.3249971 0.2740226 0.3072771 -2.311435
35 5.325439 -0.3788941 -0.1437513 -0.6436966 1.164585 0.5761503 0.2190646 0.2357506 -2.250456
36 5.271842 -0.2670994 -0.07798946 -0.6520069 1.171694 0.5107938 0.3192019 0.2852376 -1.989777
37 5.299468 -0.3988067 0.1541769 -0.5816803 1.270516 0.3869628 0.2483859 0.3135438 -2.211369
38 5.124005 -0.4085652 0.07135688 -0.5508474 1.089801 0.6706421 0.2506764 0.2260866 -2.164637
39 5.395306 -0.444929 -0.03541169 -0.6333964 1.243121 0.5745079 0.1316014 0.2693795 -2.213531
40 5.419178 -0.3661348 -0.1387623 -0.7219634 1.055424 0.4377483 0.2550488 0.2480469 -2.108463
41 5.376707 -0.3933968 -0.1999422 -0.561753 1.134835 0.3999021 0.2411543 0.2263797 -2.108602
42 5.33827 -0.3261637 -0.1633956 -0.6446661 0.9739008 0.3710945 0.2561311 0.2635852 -2.232852
43 5.408802 -0.3631154 -0.1606325 -0.6042123 0.9380263 0.5218338 0.2493889 0.1916532 -2.348666
44 5.276676 -0.4778012 -0.1010825 -0.4881401 1.244442 0.5311882 0.3171253 0.3875953 -2.217844
45 5.470174 -0.4675469 -0.3502514 -0.5219676 1.189062 0.709345 0.3219603 0.2595191 -2.084734
46 5.431373 -0.4123712 -0.2528312 -0.5997842 1.072737 0.4858589 0.1985548 0.258497 -2.239372
47 5.440454 -0.4234763 -0.2221825 -0.6179159 1.084639 0.4598282 0.3028993 0.3548266 -2.302041
48 5.37761 -0.372603 -0.1466411 -0.5710472 1.197482 0.5485394 0.2811218 0.232855 -2.149728
49 5.301153 -0.4218702 -0.09613388 -0.5656904 1.067125 0.4357219 0.265194 0.2468915 -2.049623
50 5.344283 -0.4169504 -0.04977161 -0.589801 1.144532 0.3170145 0.1958758 0.2430508 -2.21753
51 5.243438 -0.4353118 -0.05150019 -0.52578 1.262703 0.3921348 0.314152 0.331476 -2.12658
52 5.431269 -0.4397877 -0.09535121 -0.5636883 0.9768446 0.6290156 0.2271338 0.1966492 -2.227181
53 5.225699 -0.3686534 0.0423877 -0.7350716 1.177551 0.5488087 0.213794 0.1628985 -2.179675
54 5.423215 -0.4374946 -0.2225142 -0.5616341 1.471502 0.5597243 0.3311114 0.2954906 -2.117361
55 5.353044 -0.3098989 -0.01740339 -0.6834977 1.38645 0.7091683 0.3099476 0.1902743 -2.266099
56 5.226565 -0.3458311 0.1953813 -0.7563487 1.233735 0.5733229 0.3037282 0.2720345 -2.238681
57 5.286937 -0.5277626 0.06540052 -0.4152668 1.245398 0.4614752 0.3192564 0.3927504 -2.221931
58 5.29449 -0.3680476 -0.09695458 -0.5789718 1.059007 0.4826807 0.2687995 0.2626364 -2.191597
59 5.362078 -0.5517456 -0.1314746 -0.4715677 1.220793 0.6926223 0.5004514 0.4693814 -2.173495
60 5.406389 -0.4899987 -0.1637895 -0.4600613 1.006265 0.4724008 0.2419755 0.2046127 -2.163727
61 5.277138 -0.4369139 -0.005386785 -0.6116362 1.179005 0.4001639 0.2125936 0.2043796 -2.188113
62 5.579769 -0.3802067 -0.3447298 -0.617657 1.225416 0.3464223 0.2103415 0.28402 -2.109024
63 5.388093 -0.4286384 -0.04959383 -0.6146029 1.170284 0.5963113 0.2119779 0.1367397 -2.097988
64 5.201298 -0.3337572 -0.2005852 -0.5420965 1.047769 0.584188 0.2446028 0.1670381 -2.267014
65 5.418442 -0.4961219 -0.08386356 -0.5234493 1.3363 0.6509365 0.2792033 0.1865542 -2.150627
66 5.308323 -0.4334294 -0.09916961 -0.5471773 1.039758 0.3990064 0.2294636 0.240768 -2.333391
67 5.298678 -0.2792638 -0.1368238 -0.7198038 1.049275 0.6154429 0.1722964 0.1588113 -2.292591
68 5.40657 -0.3484502 -0.1638319 -0.6844312 1.15496 0.310055 0.2653151 0.3066059 -2.240935
69 5.318003 -0.4125855 0.01902535 -0.4905086 1.316525 0.4509908 0.2605567 0.2515062 -2.242947
70 5.501337 -0.4765723 -0.2262673 -0.4683944 1.057412 0.4437546 0.1384469 0.1525152 -2.230627
71 5.319236 -0.32828 -0.1160315 -0.5697956 1.171413 0.3651866 0.2078668 0.2597175 -2.017639
72 5.48245 -0.332414 -0.2375821 -0.7371665 1.238302 0.357477 0.2201008 0.2974265 -2.206719
73 5.417466 -0.4551049 -0.2610594 -0.6042061 1.207354 0.4712826 0.1870297 0.2405188 -2.190969
74 5.487732 -0.4527056 -0.1394165 -0.5763255 1.109874 0.5011517 0.2810516 0.2881453 -2.178155
75 5.508873 -0.3997696 -0.2829557 -0.5765811 1.056736 0.3289014 0.2758036 0.3860134 -2.099964
76 5.239615 -0.2655788 -0.09128184 -0.6748403 1.034861 0.5713979 0.2297779 0.1723657 -2.243183
77 5.195766 -0.4743444 -0.02236338 -0.586285 1.263424 0.5734448 0.2611296 0.2212081 -2.084759
78 5.264012 -0.2900493 0.09524392 -0.7437159 1.103032 0.7860556 0.2843292 0.1987816 -2.032106
79 5.270299 -0.3714705 0.00998093 -0.5115691 1.291741 0.9805805 0.2417548 0.1487733 -2.100644
80 5.503876 -0.4134562 -0.2775151 -0.4687113 1.108947 0.4875182 0.273 0.2401168 -2.109188
81 5.460785 -0.3860043 -0.1776983 -0.598882 1.315111 0.4856758 0.3413635 0.3148676 -2.053888
82 5.322277 -0.4548734 -0.04661099 -0.4209764 1.270184 0.725703 0.1926359 0.2477355 -2.127772
83 5.344262 -0.4178108 -0.04599873 -0.6066793 1.004171 0.5307514 0.2678093 0.199632 -2.340494
84 5.495968 -0.502933 -0.3374056 -0.4436991 1.261363 0.4311142 0.2542419 0.2781385 -2.107612
85 5.31728 -0.3628146 -0.2541033 -0.6122719 1.159303 0.4647682 0.2293806 0.2169526 -2.11153
86 5.442052 -0.3811188 -0.3380353 -0.633696 1.032805 0.5335638 0.2789904 0.2056011 -2.344001
87 5.289819 -0.4297769 0.02655265 -0.5311074 1.196955 0.5206626 0.3097617 0.2559355 -2.143218
88 5.532706 -0.4759169 -0.2920379 -0.518803 1.019058 0.5513341 0.3018618 0.2242056 -2.21548
89 5.298411 -0.3399398 -0.05376033 -0.6797032 1.336205 0.5174375 0.283943 0.2525265 -2.299246
90 5.491339 -0.3656632 -0.1366936 -0.7314095 1.252214 0.6513376 0.2613033 0.1931501 -2.160246
91 5.388295 -0.3892117 -0.2068982 -0.6475578 1.086571 0.3421061 0.1847553 0.2078913 -2.162975
92 5.439338 -0.486943 -0.1614171 -0.540761 1.257515 0.4990375 0.2684026 0.2507316 -2.218059
93 5.270867 -0.2314661 -0.1811653 -0.7404165 1.227284 0.4981049 0.3326586 0.4203495 -2.149583
94 5.31946 -0.3909722 -0.1223104 -0.6561434 1.138886 0.334812 0.2232768 0.2202378 -2.124313
95 5.562826 -0.4481033 -0.1968202 -0.5174855 1.273702 0.801361 0.3096315 0.2167579 -2.194931
96 5.47103 -0.3551067 -0.2069398 -0.672045 1.11068 0.4686049 0.2389641 0.2055467 -2.179011
97 5.394055 -0.3859741 -0.1546846 -0.5608395 1.126093 0.5980596 0.2393791 0.1505914 -2.183802
98 5.295249 -0.4796671 -0.007431304 -0.5511285 1.070701 0.5841481 0.2415283 0.1611659 -2.286146
99 5.300406 -0.4019731 -0.1482944 -0.5108268 1.159396 0.4372167 0.2252965 0.2574484 -2.167338
100 5.483467 -0.4090687 -0.2497882 -0.5876776 1.356762 0.6097728 0.2975195 0.2588695 -2.169337
