1 0.0878992 0.0693903 0.1234367 0.0919427 0.1397387 0.08006318 0.06772933 0.08055993 0.07304303
2 0.09001538 0.06869326 0.1265271 0.09198389 0.1396183 0.07334347 0.06283591 0.09216578 0.07362668
3 0.08382603 0.07065842 0.1175395 0.09254715 0.1235493 0.07333544 0.07068542 0.07756293 0.07631109
4 0.08724604 0.06947124 0.122578 0.09375619 0.1362575 0.07807336 0.07248545 0.0849096 0.07430965
5 0.08940848 0.06304478 0.1255257 0.0848218 0.1371915 0.07186893 0.05891177 0.08203035 0.07594895
6 0.08016328 0.0641043 0.1127879 0.08592532 0.1138976 0.06373059 0.05954337 0.06671048 0.07778214
7 0.08766289 0.0670301 0.1230179 0.09067688 0.1284277 0.06893518 0.05733466 0.08264283 0.07818747
8 0.08534813 0.06778746 0.1195633 0.08905616 0.1265753 0.07193865 0.05966565 0.08063308 0.0733739
9 0.09077995 0.06777465 0.1274256 0.08991836 0.140654 0.07405703 0.06102854 0.0931773 0.07530303
10 0.08552851 0.06888312 0.1201711 0.09027717 0.1347154 0.08352833 0.07373604 0.07992531 0.07372993
11 0.07796888 0.07337227 0.109201 0.09634145 0.1074672 0.06373593 0.06643098 0.07571314 0.07517657
12 0.08237971 0.06706186 0.1156312 0.09027118 0.1172369 0.06582085 0.06202189 0.07686592 0.07579608
13 0.08912464 0.06916236 0.1256353 0.09597436 0.1464434 0.08460909 0.07676573 0.09470955 0.07225646
14 0.0833382 0.07111712 0.1165458 0.0920997 0.1251205 0.07560994 0.06539227 0.08568399 0.07453076
15 0.08255911 0.07258251 0.1154739 0.09746624 0.1168048 0.06688698 0.06536443 0.07802066 0.07636532
16 0.0789186 0.06422593 0.1109807 0.08601694 0.1100139 0.06424542 0.05940972 0.07212043 0.07417421
17 0.0772618 0.06363137 0.1086936 0.08592606 0.107603 0.06334233 0.0567846 0.06439897 0.07527321
18 0.09043482 0.06721259 0.126866 0.09014107 0.139217 0.07393816 0.0616237 0.08777308 0.07873288
19 0.08289435 0.0627552 0.116453 0.08564027 0.1204932 0.07027988 0.05837036 0.07879803 0.07295031
20 0.08131417 0.07081847 0.1135657 0.0911079 0.1163446 0.06541899 0.05876229 0.08040247 0.07444473
21 0.08655184 0.06760311 0.121748 0.0925816 0.1295077 0.07206995 0.06348525 0.07820049 0.07577523
22 0.08666864 0.06989638 0.1214405 0.09379004 0.1294423 0.07563752 0.06590479 0.08755997 0.07256005
24 0.08038785 0.07348563 0.1123456 0.09544653 0.114544 0.06916437 0.06694308 0.07709604 0.07307947
25 0.08425639 0.07131845 0.1177655 0.09243509 0.122445 0.06930782 0.06220269 0.07759427 0.07637168
26 0.07785862 0.0680754 0.1091001 0.09089056 0.1160139 0.07209962 0.06418319 0.07669224 0.0730726
27 0.08615114 0.06669194 0.1207301 0.08892318 0.1327093 0.07502117 0.06183059 0.08024423 0.07265637
28 0.07976387 0.07057604 0.1117484 0.09254263 0.1157467 0.0716808 0.06500981 0.07989534 0.07260078
29 0.08311213 0.0671636 0.1166513 0.08845446 0.120493 0.06727523 0.06159838 0.07981395 0.07760487
30 0.08836178 0.06643642 0.1238423 0.08843351 0.1328597 0.07258834 0.06178494 0.08260563 0.07296197
31 0.08423296 0.06901335 0.1185585 0.09322787 0.1259927 0.07228977 0.06526538 0.08831382 0.07397135
32 0.08188159 0.06797102 0.1150685 0.09176698 0.1158806 0.07052381 0.062266 0.07923606 0.07512228
33 0.08160067 0.07386211 0.1146353 0.09902777 0.122754 0.0753583 0.07435669 0.08669038 0.07066469
34 0.08635209 0.06022464 0.1216379 0.08194031 0.1328425 0.07225356 0.05737969 0.07408734 0.07323519
35 0.08890625 0.06920657 0.1250415 0.09268963 0.1344906 0.07607601 0.06199409 0.09321865 0.07706139
36 0.08069296 0.0676773 0.113216 0.0895209 0.1110947 0.06206329 0.05650785 0.07404501 0.07445555
37 0.09098836 0.06591042 0.1279185 0.08719064 0.1413853 0.072067 0.05684316 0.09278327 0.07179447
38 0.07929388 0.0651016 0.1112055 0.08759914 0.108109 0.06157487 0.05419874 0.07015183 0.07559464
39 0.08771671 0.06435301 0.1236313 0.08686936 0.1349296 0.07705297 0.06215102 0.08656385 0.07645274
40 0.08078083 0.06337596 0.1136431 0.08318316 0.1123752 0.06266997 0.05298949 0.06786405 0.07714826
41 0.08614346 0.06652927 0.1209252 0.0871239 0.1300161 0.07316118 0.06109191 0.08819989 0.07257705
42 0.0790769 0.06595999 0.1107363 0.08814862 0.1116742 0.06690439 0.06208439 0.07172927 0.07534423
43 0.08858283 0.06493958 0.1246243 0.08782159 0.1303904 0.06722875 0.05573214 0.08277439 0.07648106
44 0.08404955 0.06787498 0.1177328 0.09082573 0.118674 0.06584451 0.05991099 0.08321129 0.07443397
45 0.08388877 0.0718313 0.117193 0.09608768 0.12584 0.07537333 0.06861542 0.07124158 0.07357072
46 0.0903952 0.06270199 0.1267158 0.08372255 0.1331287 0.06588972 0.04992159 0.07992041 0.07442113
47 0.07397965 0.06628152 0.1036134 0.08956026 0.1004236 0.06073452 0.05884834 0.0639705 0.07614273
48 0.09035823 0.06480616 0.1271693 0.088709 0.1387881 0.07354819 0.05764295 0.0854755 0.077041
49 0.08517851 0.06900828 0.1193311 0.09038252 0.1317126 0.07675112 0.06552114 0.083752 0.07132121
50 0.08408977 0.06963908 0.1179568 0.0924647 0.1291494 0.07777014 0.06928612 0.07545499 0.07643874
51 0.08303599 0.07230699 0.1165658 0.09678868 0.1217987 0.0721784 0.06803137 0.07410211 0.07479707
52 0.08091566 0.06543047 0.1134677 0.08713045 0.1165899 0.06796635 0.0594593 0.07047831 0.07715601
53 0.08292126 0.06803241 0.1161398 0.09137605 0.1190915 0.06712824 0.058988 0.08228183 0.07337164
54 0.07883679 0.06536424 0.1104451 0.08662503 0.1071824 0.05980206 0.05576517 0.06887817 0.07418991
55 0.0839365 0.06733688 0.1172622 0.08729828 0.1230521 0.07010213 0.05747262 0.07514891 0.0760226
56 0.08628018 0.06785734 0.120847 0.08879052 0.1301559 0.07222497 0.06092429 0.07457859 0.07741531
57 0.08399298 0.07404478 0.1175691 0.09672045 0.1246752 0.07092934 0.06637066 0.08476766 0.0730021
58 0.08624054 0.06793225 0.1210742 0.09094034 0.1276549 0.07246723 0.06212155 0.07900468 0.07527321
59 0.08257913 0.06574823 0.1157943 0.08646409 0.1145887 0.0633085 0.05350052 0.07476214 0.07599069
60 0.08487633 0.07654123 0.1185514 0.09903255 0.1276382 0.07617605 0.06891782 0.08948718 0.07302608
61 0.08005405 0.0687078 0.1124126 0.09270225 0.1142277 0.0668453 0.06507754 0.07957619 0.0744599
62 0.08652748 0.06894665 0.1216547 0.09103616 0.1278172 0.06752687 0.06049283 0.08083715 0.07497086
63 0.08551695 0.08047554 0.1191858 0.1069933 0.1241716 0.07737326 0.0855803 0.09147595 0.07371165
64 0.08674014 0.07640791 0.1217103 0.1020299 0.1364921 0.08202906 0.07988999 0.08447011 0.07323977
65 0.08264691 0.06053253 0.1158708 0.08089911 0.1166828 0.06119997 0.05284276 0.07567685 0.07189499
66 0.08823056 0.07179427 0.1237145 0.09654554 0.1383696 0.08360585 0.07200779 0.08615718 0.07612415
67 0.08295151 0.06364974 0.1167231 0.08573401 0.1225359 0.06887175 0.05883388 0.07813984 0.07401126
68 0.0832179 0.06734925 0.1170192 0.08928251 0.1190123 0.06786826 0.06323103 0.077149 0.07304538
69 0.08533378 0.06561992 0.1203375 0.08992126 0.129166 0.07264262 0.06195134 0.07700058 0.07245871
70 0.08446311 0.06732947 0.1184602 0.09428318 0.1253541 0.07439684 0.0689553 0.08404783 0.07577523
71 0.07479784 0.06400937 0.1047224 0.08449053 0.1008016 0.06022325 0.05361806 0.06452264 0.07432287
72 0.08085678 0.06801123 0.1132818 0.08995909 0.1166609 0.0665638 0.05865752 0.07401171 0.07418991
73 0.08417969 0.06651424 0.1181391 0.0882819 0.1198197 0.06492656 0.06004553 0.07287221 0.0764038
74 0.08731126 0.06439387 0.1224461 0.08712624 0.1397007 0.07440573 0.05647812 0.08859202 0.07311413
75 0.07812241 0.06446057 0.1097 0.08809308 0.1112849 0.06568348 0.06268315 0.06783678 0.07608954
76 0.08524895 0.07729115 0.1195601 0.1027168 0.1295674 0.07858165 0.07836897 0.08987776 0.07402925
77 0.1005946 0.07142839 0.1413478 0.09439086 0.1798369 0.1097272 0.07663961 0.1096743 0.07532678
78 0.08637888 0.06752817 0.1209501 0.08888454 0.1325947 0.07594596 0.06665909 0.0835699 0.07326281
79 0.08360528 0.06710495 0.1175513 0.09142617 0.1205042 0.0690422 0.06130218 0.084077 0.07652019
80 0.08854748 0.07576191 0.1241679 0.09914479 0.1318533 0.07432958 0.06772394 0.09879197 0.07531594
81 0.08525662 0.07124143 0.1194918 0.09490988 0.1247307 0.07137644 0.06332002 0.08695325 0.07408422
82 0.08854269 0.06900562 0.1247288 0.09161613 0.1415365 0.08068212 0.06704446 0.08213641 0.07331207
83 0.08650177 0.06783386 0.1213186 0.08965408 0.1291132 0.07176603 0.06242336 0.07147596 0.07498173
84 0.09531611 0.06890993 0.1337701 0.08996927 0.1494268 0.07363065 0.06188198 0.08774379 0.07389263
85 0.08792459 0.068018 0.1234175 0.08941172 0.1338234 0.0759931 0.06033802 0.09166438 0.0767629
86 0.08445923 0.07050989 0.1184195 0.09542048 0.1209999 0.0668413 0.06344603 0.07657973 0.07738337
87 0.08899583 0.06947677 0.1250976 0.09379113 0.1404025 0.08161762 0.06701947 0.08802651 0.07430088
88 0.08563967 0.07238115 0.119945 0.09528648 0.1241321 0.06962525 0.06405826 0.07970542 0.07448177
89 0.09123419 0.07355702 0.1281761 0.09814622 0.1426656 0.08061141 0.06906887 0.08880056 0.07761897
90 0.08002665 0.060821 0.1124808 0.08132352 0.1107979 0.06148246 0.05017128 0.07404071 0.07684001
91 0.08061036 0.06878475 0.1129676 0.09208852 0.1197993 0.07501983 0.0705049 0.08012606 0.07194501
92 0.09017551 0.07124674 0.126788 0.09363742 0.1366345 0.07247484 0.06384753 0.07966146 0.07584061
93 0.08739899 0.0711742 0.122745 0.09799718 0.1419475 0.08718195 0.07506364 0.08223335 0.07435858
94 0.08661379 0.06895145 0.1215577 0.09057449 0.1286951 0.07050194 0.05967384 0.07781556 0.07476482
95 0.1043328 0.08277276 0.1459719 0.1085036 0.1942372 0.1083114 0.09790106 0.09578416 0.07624065
96 0.0790927 0.0626202 0.1111076 0.08521302 0.1090397 0.06279013 0.05764416 0.07042703 0.07608753
97 0.08066291 0.06842299 0.1133015 0.09213498 0.1146029 0.06650413 0.06221435 0.08307658 0.07547869
98 0.08469453 0.06815165 0.1189798 0.08946711 0.1270946 0.07528573 0.06425911 0.08122794 0.07286081
99 0.08790218 0.065238 0.1236611 0.08649777 0.1314075 0.07076662 0.05893249 0.07991313 0.07384058
100 0.09092174 0.07786043 0.126809 0.1004228 0.1438889 0.07898099 0.06866156 0.1010885 0.07356384
101 0.08790525 0.06807523 0.1233724 0.0907961 0.1483293 0.08914447 0.07777129 0.08964059 0.07325818
