1 5.304839 -0.5913032 -0.07110644 -0.5942762 1.464774 0.4464565 0.3094042 0.3154127 -0.905249 -1.391709 0.5101916 -0.7559992
2 5.326939 -0.6740189 -0.1000245 -0.4715998 1.415742 0.5499114 0.3257609 0.27578 -0.912463 -1.155541 0.597111 -0.9010536
3 5.394449 -0.5808916 -0.1008093 -0.5274511 1.307219 0.5601267 0.2439164 0.207521 -0.8765471 -0.9532736 0.5009762 -0.7699673
4 5.41316 -0.6838482 -0.1366556 -0.4424859 1.205813 0.239479 0.204878 0.3829062 -1.269934 -1.02478 0.4363418 -0.6177009
5 5.552005 -0.8112562 -0.3263956 -0.290825 1.183928 0.6250859 0.274863 0.2001262 -0.6528376 -1.794673 0.6006686 -0.8843935
6 5.43247 -0.7080684 -0.05344682 -0.4055109 1.181827 0.2536169 0.2836006 0.3964153 -1.033666 -0.8104576 0.3897713 -0.631915
7 5.46139 -0.717399 -0.2720188 -0.3611033 1.461479 0.5115721 0.2656514 0.2422941 -0.7850627 -1.05096 0.4418499 -0.7358032
8 5.326292 -0.6700823 -0.04971123 -0.6531325 1.518151 0.4790474 0.2472831 0.2387187 -0.4961651 -1.149302 0.4336038 -0.7883627
9 5.391906 -0.712391 -0.1751336 -0.4978853 1.351081 0.4355455 0.292257 0.3402131 -1.623231 -0.9984826 0.3917529 -0.4737211
10 5.524457 -0.6755591 -0.3362784 -0.486623 1.140998 0.7436199 0.354765 0.2415447 -0.9022973 -1.198465 0.4303425 -0.6691334
11 5.341637 -0.6437365 -0.1326278 -0.4742276 1.306717 0.4871102 0.3396345 0.2865038 -0.5612871 -1.348401 0.4254019 -0.751814
12 5.482283 -0.6218026 -0.1615048 -0.5336084 1.494634 0.4511641 0.3300844 0.3654262 -0.9135813 -1.272645 0.4502801 -0.6480251
13 5.390419 -0.8329008 -0.104198 -0.3790749 1.446196 0.3813156 0.3048358 0.3633934 -0.7169344 -1.021638 0.5491821 -0.8636471
14 5.428568 -0.6910694 -0.1613617 -0.4152568 1.102664 0.4260535 0.2251951 0.1898067 -0.5833332 -1.267248 0.4785001 -0.7674333
15 5.520191 -0.699692 -0.1955522 -0.5232621 1.331298 0.3764472 0.2127264 0.2195922 -0.4971514 -1.428576 0.4297151 -0.7244493
16 5.360765 -0.5377276 -0.01589551 -0.6540113 1.258212 0.3908362 0.2768122 0.2775148 -0.8011898 -1.199862 0.4596602 -0.7594571
17 5.406205 -0.6751534 -0.1268138 -0.4871993 1.17095 0.3397886 0.2697879 0.3716868 -1.259331 -0.817068 0.571682 -0.811251
18 5.471573 -0.8196179 -0.2011271 -0.2626943 1.333644 0.6165131 0.3490661 0.3245905 -0.757179 -1.297108 0.6431005 -0.9627614
19 5.398378 -0.6813812 -0.1743725 -0.4412773 1.357409 0.96066 0.3233137 0.1537647 -0.9758621 -1.313458 0.5167273 -0.7538114
20 5.531716 -0.6870222 -0.2775459 -0.4732631 1.111909 0.235374 0.1913279 0.3251219 -0.1960507 -1.559978 0.4286668 -0.8193376
21 5.407396 -0.6756268 -0.2218215 -0.4535484 1.260334 0.6242557 0.3589522 0.2369874 -0.8839042 -1.306286 0.3786249 -0.6109791
22 5.349083 -0.5756838 -0.1635118 -0.5780149 1.162402 0.4672976 0.2871305 0.2807039 -0.701834 -1.31788 0.5238044 -0.8187454
23 5.391646 -0.638769 -0.2414475 -0.5286029 1.496238 0.6322708 0.2173365 0.209294 -0.08079821 -1.635049 0.4694992 -0.9263074
24 5.229017 -0.5998597 -0.05914299 -0.5074856 1.089965 0.7586238 0.3619872 0.2356174 -1.423097 -0.8646196 0.514032 -0.634282
25 5.255878 -0.5989297 0.05654803 -0.5960438 1.194936 0.6458275 0.2848899 0.2015259 -0.5373166 -1.492299 0.4599571 -0.7791048
26 5.232591 -0.7503661 0.02047491 -0.4351435 1.228035 0.4187259 0.314849 0.3495178 -1.429585 -1.32802 0.5545171 -0.6810891
27 5.19354 -0.682775 0.07576354 -0.4742002 1.262861 0.4993621 0.2745072 0.2799621 -0.9237585 -1.252379 0.514264 -0.7839862
28 5.253438 -0.6596419 0.1320319 -0.6476176 1.220315 0.4141546 0.264436 0.2508421 -0.7399957 -1.342287 0.5261683 -0.8235269
29 5.307445 -0.6841268 0.04981589 -0.5473833 1.377005 0.4620718 0.1837448 0.2737655 -0.5398587 -1.157414 0.5121495 -0.890058
30 5.459705 -0.622729 -0.1090363 -0.4725783 1.082902 0.3351497 0.2201775 0.2245873 -1.117602 -0.8840927 0.4573257 -0.6469329
31 5.341821 -0.7709979 -0.01945074 -0.469205 1.380228 0.6610739 0.3777057 0.3478066 -0.8633696 -1.395186 0.5863914 -0.8731636
32 5.218711 -0.6926036 -0.08883063 -0.3972357 1.222531 0.5407394 0.2931171 0.2665257 -1.055256 -1.074508 0.5733641 -0.8403867
33 5.373664 -0.6637199 -0.05884203 -0.4616136 1.35287 0.4744159 0.3376843 0.3421167 -0.8131622 -1.051263 0.4553769 -0.7519388
34 5.286897 -0.436614 -0.04055962 -0.7117224 1.046155 0.3140817 0.2923208 0.3437731 -1.209492 -1.389081 0.5854019 -0.7655326
35 5.343231 -0.5976995 -0.1589079 -0.5326264 1.249444 0.576926 0.2399444 0.247765 -1.100215 -1.233763 0.4499401 -0.6521908
36 5.277281 -0.6575044 -0.06590939 -0.5090938 1.374726 0.4550849 0.3468456 0.3771478 -0.7586232 -1.155687 0.6518751 -0.9647315
37 5.336335 -0.6966857 0.1277357 -0.4415645 1.405294 0.357901 0.2628323 0.3787765 -0.9593009 -1.170577 0.5119863 -0.7802486
38 5.13211 -0.6826722 0.07641 -0.4379175 1.206565 0.6568357 0.2909502 0.2649281 -0.9233725 -1.009248 0.5294605 -0.8099913
39 5.428043 -0.7452386 -0.05276572 -0.4546499 1.362558 0.5448292 0.167411 0.2934052 -0.5259438 -1.557771 0.4402925 -0.755848
40 5.43678 -0.6284028 -0.1446271 -0.5979436 1.162364 0.4277734 0.2656879 0.2640202 -1.409271 -1.167618 0.6168189 -0.7363113
41 5.40088 -0.698763 -0.2121757 -0.4447033 1.273979 0.4007908 0.2775222 0.2754402 -0.5697017 -1.226128 0.5382547 -0.8821755
42 5.346043 -0.5569247 -0.1430808 -0.5265765 1.040437 0.3551052 0.2713323 0.2990365 -0.8889346 -1.20643 0.4596495 -0.6964336
43 5.414743 -0.550907 -0.1582142 -0.5118126 0.9992127 0.525133 0.2642304 0.2108565 -1.094891 -1.091249 0.4798015 -0.6998583
44 5.298243 -0.7634562 -0.1105508 -0.353812 1.345993 0.5220792 0.3409743 0.4457987 -1.212468 -1.056309 0.4723568 -0.658949
45 5.494363 -0.7896581 -0.3614516 -0.3665381 1.345703 0.6437024 0.3382822 0.3265293 -0.9111479 -1.305547 0.5363311 -0.7832499
46 5.4398 -0.6332537 -0.2510177 -0.5044306 1.154728 0.4661795 0.2220169 0.278686 -1.30975 -1.113873 0.5370398 -0.7010329
47 5.456322 -0.616301 -0.2047279 -0.5458001 1.156905 0.4642034 0.314693 0.3577053 -1.680166 -0.7867517 0.5005792 -0.6153266
48 5.399806 -0.590744 -0.143878 -0.4866635 1.277675 0.5709033 0.2991435 0.2434955 -1.14867 -0.9270337 0.4245894 -0.5994661
49 5.31462 -0.7361917 -0.08590401 -0.3907306 1.15418 0.4443326 0.3011635 0.2989277 -0.3910436 -1.450195 0.4290665 -0.7386951
50 5.38401 -0.6802665 -0.07526705 -0.4720347 1.253338 0.3080551 0.211528 0.290125 -0.5021682 -1.195661 0.4364333 -0.8091122
51 5.261566 -0.7319911 -0.07068162 -0.3969342 1.36384 0.3980442 0.3593218 0.3770192 -1.112132 -1.013634 0.4670881 -0.6665318
52 5.445341 -0.7014977 -0.1002791 -0.4193073 1.084905 0.5957346 0.2426788 0.2387752 -0.86522 -1.444275 0.5836411 -0.8571539
53 5.234542 -0.5845451 0.0230311 -0.6396995 1.269403 0.558687 0.2334804 0.187836 -1.087332 -1.107774 0.4624011 -0.6807617
54 5.446872 -0.7943896 -0.2331055 -0.3713569 1.615268 0.5883236 0.3754754 0.3522452 -0.8916571 -1.306225 0.479157 -0.7073398
55 5.364563 -0.55302 -0.006938607 -0.5882634 1.517331 0.6538333 0.3273351 0.2164183 -1.067008 -1.083118 0.4504178 -0.680143
56 5.239423 -0.6182287 0.1981953 -0.6191603 1.33682 0.566399 0.3353861 0.3179247 -1.122444 -1.232934 0.4889819 -0.6978497
57 5.293277 -0.7542557 0.0730092 -0.3378878 1.318262 0.4679956 0.3455388 0.4446674 -1.452017 -0.6538625 0.4145637 -0.5728437
58 5.316691 -0.6597356 -0.1038144 -0.4263444 1.168991 0.447462 0.2911971 0.3193394 -0.9550773 -1.28314 0.574957 -0.829522
59 5.378234 -0.8245502 -0.1355974 -0.3388196 1.298854 0.7039225 0.5368926 0.5214452 -1.376549 -1.008927 0.4357971 -0.5656351
60 5.419664 -0.7824346 -0.1653787 -0.2915105 1.104687 0.4681373 0.2738186 0.248492 -0.4031067 -1.560811 0.4928847 -0.8437384
61 5.279476 -0.7092683 0.0007989591 -0.4663436 1.290472 0.4031103 0.2400429 0.2337454 -0.8777231 -1.381286 0.5161779 -0.7763129
62 5.590438 -0.736114 -0.3552079 -0.4347147 1.366192 0.3208724 0.2384224 0.3672566 -0.4168385 -1.470717 0.4987803 -0.8400198
63 5.371502 -0.7210168 -0.009710138 -0.4819655 1.314303 0.5537315 0.2397004 0.1864724 -0.4195299 -1.31606 0.4876452 -0.842504
64 5.196157 -0.5427863 -0.1759339 -0.4313489 1.125327 0.5603444 0.2553822 0.1939684 -0.8721502 -1.305761 0.4287458 -0.670876
65 5.452318 -0.8017704 -0.09523239 -0.3785416 1.486148 0.6107886 0.3070225 0.2293423 -0.4333434 -1.21434 0.4037328 -0.7664922
66 5.328299 -0.6163463 -0.1091197 -0.4615416 1.100383 0.3978696 0.2434668 0.2585491 -1.21049 -1.012125 0.4325705 -0.648152
67 5.300422 -0.5120562 -0.1479616 -0.6107033 1.149212 0.6274927 0.2191525 0.1809237 -0.6789228 -1.368549 0.5326196 -0.8639322
68 5.419063 -0.5579591 -0.1617105 -0.5949733 1.214896 0.2943078 0.2896152 0.335437 -1.001836 -1.046144 0.3621475 -0.5700079
69 5.335213 -0.6197068 0.01440626 -0.3989737 1.393715 0.4330192 0.2688686 0.2925072 -0.9807748 -0.9780901 0.3194614 -0.5488817
70 5.518029 -0.7360993 -0.2315659 -0.344941 1.181446 0.4470836 0.1638377 0.1878706 -0.03954953 -1.415486 0.4963261 -0.9894495
71 5.33902 -0.7130976 -0.1278913 -0.3896565 1.3406 0.3446869 0.2491737 0.3509063 -0.0978238 -1.491303 0.5454036 -0.9789518
72 5.521116 -0.60019 -0.246389 -0.6227744 1.361583 0.3673038 0.2392006 0.3161608 -0.6102714 -1.344575 0.4334007 -0.7376244
73 5.430809 -0.7476567 -0.2697634 -0.4554807 1.33324 0.4493105 0.2169378 0.2913842 -0.6439364 -1.421584 0.4843254 -0.8040933
74 5.501794 -0.7648431 -0.1199614 -0.4345983 1.238787 0.4867742 0.3078757 0.3376343 -0.6523728 -1.170216 0.5316734 -0.8705126
75 5.538042 -0.7208919 -0.2955341 -0.4128444 1.149495 0.3388467 0.3047986 0.4403255 -0.6445636 -1.393451 0.4939307 -0.7535466
76 5.246285 -0.4911325 -0.08016132 -0.5669843 1.119839 0.5732352 0.2442074 0.1901804 -0.9309457 -1.173884 0.4907728 -0.7158757
77 5.197522 -0.7822491 -0.002409199 -0.42725 1.380192 0.5886079 0.2893058 0.2442788 -0.928532 -1.209085 0.4685997 -0.6835881
78 5.286354 -0.6132318 0.08134465 -0.5631673 1.217654 0.7479817 0.3167612 0.2461467 -0.7634886 -1.424312 0.5217888 -0.7323471
79 5.29268 -0.7031833 -0.01259611 -0.3479723 1.465878 0.9470913 0.3038423 0.2049765 -0.3678628 -1.35382 0.4815758 -0.8589773
80 5.525347 -0.7302985 -0.2888895 -0.3337516 1.243834 0.4418525 0.3015303 0.3127709 -0.5746617 -1.174354 0.5285035 -0.8614137
81 5.484424 -0.7414164 -0.1707403 -0.4858514 1.492834 0.4794998 0.3921618 0.3803103 -0.4388311 -1.071326 0.4855928 -0.8735059
82 5.357672 -0.7592382 -0.07699422 -0.2597145 1.412719 0.6843069 0.2115879 0.289215 -1.265278 -1.14076 0.5721557 -0.7458158
83 5.351999 -0.6045853 -0.04433822 -0.5204225 1.057045 0.5128647 0.2877452 0.2312641 -1.154683 -1.081694 0.4350832 -0.6397038
84 5.523381 -0.7438814 -0.3487474 -0.3588804 1.365324 0.43209 0.262481 0.315134 -1.10217 -0.8230172 0.4135992 -0.6145268
85 5.349641 -0.6859741 -0.2931078 -0.4486179 1.279751 0.4656615 0.2718883 0.2783291 -0.3380389 -1.52338 0.4715217 -0.8281882
86 5.443509 -0.5887474 -0.3273834 -0.529228 1.108395 0.5169635 0.3011026 0.2379388 -1.108071 -1.280838 0.5023076 -0.7368054
87 5.309756 -0.7243232 0.03606559 -0.3940071 1.309958 0.5054484 0.338347 0.3065741 -0.7141607 -1.101353 0.4395553 -0.7353928
88 5.543437 -0.6775336 -0.2933713 -0.426887 1.090752 0.5312802 0.3113752 0.2425199 -1.32142 -1.006793 0.4695979 -0.6189921
89 5.315799 -0.6122084 -0.0868713 -0.546924 1.449779 0.4939563 0.3169137 0.3113709 -0.8704851 -1.376574 0.4626586 -0.7500038
90 5.499445 -0.629757 -0.1331217 -0.6019181 1.360737 0.665271 0.293775 0.2244598 -0.6204935 -1.306444 0.402455 -0.6890336
91 5.412322 -0.6934426 -0.2345349 -0.5035773 1.225618 0.3183887 0.2044818 0.2588613 -0.3926214 -1.63556 0.5833144 -0.9661786
92 5.43272 -0.7102659 -0.1511637 -0.4555202 1.352397 0.5099125 0.2866106 0.2782143 -1.354204 -0.863755 0.4483612 -0.6160639
93 5.290804 -0.5039735 -0.1754438 -0.6095747 1.309805 0.4779166 0.3484472 0.4956273 -1.184505 -1.122838 0.4377745 -0.5890353
94 5.329467 -0.6394205 -0.1136053 -0.534708 1.224609 0.3168109 0.2420403 0.254506 -0.5957352 -1.238239 0.376797 -0.6634767
95 5.566801 -0.7884248 -0.1894815 -0.3472535 1.431423 0.7563763 0.3562549 0.2871534 -0.7767109 -1.351672 0.562929 -0.8624086
96 5.495148 -0.6136459 -0.2340006 -0.5685774 1.235583 0.4350668 0.251891 0.2455516 -1.113008 -1.046445 0.5817867 -0.8117342
97 5.410518 -0.6496705 -0.1457995 -0.4363171 1.250353 0.5660935 0.2643309 0.1836703 -0.7419017 -1.234483 0.5286073 -0.828375
98 5.295982 -0.6631636 0.002053886 -0.4660139 1.133655 0.5740093 0.2548271 0.1815734 -1.088176 -1.032158 0.4032483 -0.6204846
99 5.315947 -0.6515284 -0.1597206 -0.4003832 1.240891 0.4469906 0.2665374 0.3009968 -0.7957952 -1.069181 0.4245374 -0.7048168
100 5.514807 -0.7065424 -0.2558213 -0.4463711 1.482579 0.5982868 0.3201636 0.2978313 -0.6803237 -1.219794 0.4050283 -0.6816492
