1 0.08943351 0.04603905 0.1250692 0.09964541 0.1331164 0.07896469 0.08410991 NA 0.2449329 0.1362983 NA NA
2 0.09263874 0.08072281 0.1297692 0.1043895 0.1611736 0.09274913 0.0911951 0.1287902 0.2770467 0.2170395 0.08406795 0.1211838
3 0.08457402 0.08880792 0.1183581 0.09925027 0.1331611 0.07991795 0.0805566 0.1029379 0.2407037 0.1797907 0.09233332 0.131157
4 0.08822406 0.0918988 0.123609 0.102634 0.1538478 0.08642035 0.08043007 0.1336552 0.2698834 0.2004011 0.1005247 0.1560092
5 0.09124857 0.07716034 0.127901 0.09083763 0.1448683 0.07825367 0.06785617 0.1028026 0.3011248 0.1964558 0.0762853 0.1276991
6 0.08168402 0.0693499 0.1148973 0.08955874 0.1275199 0.07285913 0.0693068 0.08891457 0.2802023 0.1914158 0.07683892 0.1111188
7 0.0894774 NA 0.1247706 0.07804815 0.07911084 0.04776043 0.0667973 NA 0.2582475 0.1487843 NA NA
8 0.08875482 0.08578384 0.1244485 0.09687596 0.1534993 0.0915649 0.07115913 0.1391066 0.274678 0.1994327 0.0965701 0.15369
9 0.09326795 0.04382122 0.1308149 0.0896569 0.119582 0.05185354 0.06044734 NA 0.2029332 0.1405502 NA NA
10 0.08779473 0.09212476 0.1228124 0.0989227 0.1867312 0.1136534 0.09262442 0.1722064 0.3335611 0.2121891 0.08378266 0.1602324
11 0.07975736 0.08185223 0.1115376 0.1025097 0.1194977 0.07609385 0.08454119 0.09466395 0.2379986 0.177362 0.07968961 0.1017416
12 0.0843301 0.1327657 0.1196014 0.09444289 0.2390167 0.1465453 0.0784433 0.269542 0.3222068 0.3356683 0.2476977 0.378386
13 0.08569016 NA 0.1230432 NA NA NA 0.09156595 NA 0.207481 NA NA NA
14 0.08607915 0.09526587 0.1199858 0.1083555 0.1538862 0.09766804 0.08130724 0.1354264 0.2968689 0.2251922 0.08373367 0.1446809
15 0.08523188 0.09185115 0.1190459 0.1060146 0.1302642 0.07534142 0.07378473 0.09979607 0.2924798 0.205995 0.09505853 0.1413917
16 0.08167636 0.1106243 0.1145871 0.09412413 0.1589188 0.08897282 0.06689576 0.2076073 0.3981767 0.3016071 0.1764445 0.2991029
17 0.07914964 0.06833341 0.1109205 0.08844318 0.1166908 0.06995831 0.0656844 0.07292683 0.2865583 0.1833524 0.07405337 0.1014038
18 0.0930551 0.08807103 0.1303909 0.09778185 0.1587922 0.08879702 0.07026481 0.130516 0.3132552 0.2243412 0.0938438 0.1624262
19 0.08531929 0.06772863 0.1198086 0.09116977 0.1371914 0.07929152 0.07015646 0.09740049 0.2996171 0.1917706 0.07226812 0.09336316
20 0.08349379 0.09382947 0.1163971 0.1043874 0.1350997 0.08084408 0.06957136 0.11987 0.316077 0.2250636 0.0789637 0.133403
21 0.08784783 0.08578037 0.1233613 0.09727943 0.1506286 0.08556502 0.07245794 0.125088 0.2557666 0.192407 0.09185241 0.1338092
22 0.0877889 NA 0.1253697 0.09607384 0.08890659 0.02861514 0.07335959 NA 0.2354989 NA NA NA
24 0.08201856 0.02012458 0.1154804 0.09598528 0.1101674 0.06725805 0.07475731 NA 0.1839953 0.1260379 NA NA
25 0.08703587 0.1294482 0.1207134 0.111685 0.1392367 0.08539476 0.07283328 0.1521616 0.3514147 0.1894589 0.1477915 0.2664608
26 0.08138994 0.07800943 0.1138481 0.09724621 0.1375165 0.08626194 0.07629115 0.1072105 0.3017722 0.2268813 0.09118641 0.1379865
27 0.08811448 0.07488881 0.1235433 0.09347798 0.1446412 0.08583801 0.07251072 0.1046672 0.2996005 0.1897782 0.06384078 0.0966578
28 0.08318882 0.07991092 0.1160248 0.1033879 0.1353356 0.08740539 0.08634892 0.1109987 0.2933466 0.2054945 0.07635827 0.09878909
29 0.08548967 0.08064239 0.1202777 0.09505409 0.132629 0.07809035 0.07180731 0.1133888 0.2908121 0.2063243 0.08697561 0.1332825
30 0.09033856 0.07470681 0.1266415 0.09514124 0.1490965 0.08541013 0.07536456 0.1078125 0.2486696 0.184022 0.07212006 0.08961837
31 0.08597127 0.0732855 0.1207564 0.09625007 0.1367719 0.07947121 0.07561413 0.1023909 0.2513576 0.1846107 0.07173711 0.0942684
32 0.08491143 0.07879221 0.1192027 0.0972399 0.1297057 0.0777146 0.07053765 0.09839822 0.2934724 0.1810195 0.08017812 0.120445
33 0.08569603 0.1034208 0.1197271 0.1093498 0.1496802 0.09790179 0.08573772 0.1441325 0.3013396 0.1916765 0.08575775 0.1509687
34 0.08853361 0.08265454 0.1241784 0.09220554 0.1563529 0.08799238 0.0652161 0.1221691 0.2989185 0.1947854 0.08522977 0.1412314
35 0.0904165 0.04036824 0.1271404 0.09230447 0.1110196 0.06388209 0.06328498 NA 0.2423164 0.1578175 NA NA
36 0.08256522 0.07142419 0.1160876 0.09314337 0.1229874 0.07035716 0.06540601 0.09776522 0.2626463 0.1790493 0.07998387 0.1088597
37 0.09450173 0.07530659 0.1325045 0.09475552 0.1596231 0.08508996 0.07016053 0.1166212 0.278511 0.2054401 0.07950371 0.1177069
38 0.08111455 0.1327851 0.1136767 0.09744663 0.1344025 0.08407623 0.06146009 0.1574061 0.4452023 0.2954923 0.2209499 0.3737768
39 0.09001599 0.07432864 0.1265671 0.0922638 0.1563117 0.0926373 0.07730701 0.1231858 0.3069027 0.2026224 0.07891638 0.1293602
40 0.08308912 0.06701438 0.116525 0.08566411 0.1251279 0.07174484 0.05983171 0.08976828 0.2980536 0.199702 0.07364678 0.1112587
41 0.08892642 0.07610034 0.1244649 0.09526893 0.1432524 0.08090826 0.07178713 0.09984054 0.2868182 0.1986238 0.0804972 0.1117396
42 0.0782865 NA 0.1121724 0.08073734 NA NA 0.05827315 NA NA NA NA NA
43 0.09138965 0.06999081 0.1283978 0.09206749 0.1436821 0.07583697 0.06584183 0.09920816 0.3017279 0.222391 0.07100377 0.1075453
44 0.08640071 0.348861 0.1247791 0.166089 0.4412588 0.3038454 0.1804151 0.7152879 1.121811 0.8385012 0.5759897 1.028991
45 0.0860849 0.09916643 0.1206078 0.1098071 0.1340854 0.07855063 0.07397625 0.08933416 0.2827283 0.1807838 0.09149116 0.1382703
46 0.09151902 0.04061539 0.1283283 0.08894574 0.09781029 0.03764653 0.05964624 NA 0.169846 NA NA NA
47 0.07576995 0.07456981 0.1059416 0.09205204 0.1091657 0.06830409 0.06574749 0.07842114 0.3088695 0.2206421 0.08396032 0.1272606
48 0.09244076 0.07776568 0.1301354 0.09332205 0.1564291 0.08376461 0.06436501 0.1128013 0.2731275 0.1941323 0.07670519 0.1163929
49 0.08863453 0.0741334 0.124311 0.09393341 0.1529756 0.08837057 0.07613742 0.1135269 0.2922195 0.1963133 0.07384809 0.1063516
50 0.08560332 0.08247172 0.1197199 0.09808275 0.1379421 0.08339323 0.08281253 0.0988109 0.2596683 0.1989962 0.08350309 0.1216211
51 0.08456482 0.08364787 0.1184166 0.1048252 0.1336934 0.08073969 0.0773929 0.0964598 0.24571 0.1919366 0.08141184 0.1048433
52 0.08245532 NA 0.1156161 0.06792484 0.09688291 0.06290431 0.06546218 NA 0.1023261 0.09734169 NA NA
53 0.0844139 0.07812593 0.118585 0.09555566 0.1392194 0.08080409 0.06609021 0.1231573 0.269982 0.1774589 0.06751435 0.101968
54 0.08065581 0.08285044 0.112947 0.09344332 0.1170121 0.06993614 0.06516174 0.0900588 0.3222415 0.2076564 0.09326112 0.1409321
55 0.08582777 0.07352035 0.1196984 0.09122514 0.1328283 0.07704381 0.06555699 0.08890856 0.2809698 0.1981787 0.07851904 0.1064997
56 0.08887947 0.08063016 0.1242292 0.09577043 0.1451228 0.08315051 0.06866797 0.1058753 0.3176605 0.229569 0.0864986 0.1370271
57 0.08750382 0.0832962 0.1224473 0.1043989 0.1515845 0.08933493 0.0846382 0.1314563 0.2999925 0.2050165 0.08569661 0.1229431
58 0.08866799 0.07582245 0.124676 0.09405044 0.1441972 0.08115967 0.06860816 0.1111496 0.2424776 0.178414 0.089966 0.1136935
59 0.08479884 0.05602342 0.1186707 0.09025598 0.1004924 0.05570681 0.06248214 NA 0.2562518 0.1538236 NA NA
60 0.08717588 NA 0.122201 0.09167787 0.1035018 0.04167077 0.07509962 NA 0.2139295 0.1467539 NA NA
61 0.0819893 0.07404126 0.1151363 0.09535518 0.1221525 0.07508066 0.07066832 0.08948646 0.2520988 0.1744763 0.07254973 0.09166031
62 0.08850458 0.09404332 0.1243692 0.1030066 0.1384838 0.07764262 0.067057 0.1079489 0.2592214 0.1847491 0.0892444 0.1319967
63 0.08941241 0.3101023 0.121549 0.1870758 0.4233654 0.2212512 0.09966187 0.6202211 0.577326 0.4197597 0.3155833 0.5529791
64 0.08905422 0.131271 0.1247562 0.1115771 0.186938 0.1400835 0.1123488 0.2060743 0.2450903 0.1973623 0.1460607 0.207154
65 0.0852134 0.07413824 0.1193692 0.08912737 0.1377931 0.07851345 0.06527895 0.1106723 0.2770235 0.1977557 0.0787383 0.1158009
66 0.09038632 0.08327151 0.1267388 0.1022438 0.1562466 0.09361179 0.07843845 0.1192436 0.2524515 0.1975929 0.08013069 0.1027071
67 0.08539396 0.05777539 0.1200884 0.08984509 0.1152078 0.06685477 0.06869922 NA 0.2522264 0.1584338 NA NA
68 0.07612703 NA 0.1168571 0.001915322 NA NA NA NA NA NA NA NA
69 0.08710777 0.07151798 0.1224609 0.09499653 0.1424562 0.08250184 0.07436579 0.09504711 0.2392108 0.1791964 0.06874494 0.0852124
70 0.08712616 0.08631098 0.1224897 0.1013729 0.1416916 0.08759909 0.08082131 0.114064 0.2608584 0.2180836 0.1033546 0.1505221
71 0.07655651 0.07410854 0.1071536 0.08886531 0.1160693 0.07126324 0.06392465 0.09168495 0.3503196 0.2089495 0.0904369 0.1455478
72 0.08369486 NA 0.1179871 0.07915675 0.08054004 0.04349179 0.0522827 NA 0.149365 NA NA NA
73 0.08622116 NA 0.1206815 0.08906479 0.1178431 0.05807669 0.06829115 NA 0.223105 0.07850696 NA NA
74 0.08929178 NA 0.1268843 0.08733286 0.07678925 0.05840067 0.06513051 NA 0.1978895 0.1164814 NA NA
75 0.07941643 0.07182925 0.1115231 0.09331972 0.1211492 0.07476294 0.06877042 0.09408672 0.2478644 0.1914474 0.07808873 0.1014294
76 0.08806253 0.08685711 0.1234197 0.1067921 0.1601808 0.09703206 0.09153447 0.1595166 0.2566579 0.1932051 0.09076599 0.1283955
77 0.1033585 0.08877326 0.144682 0.1013184 0.2625498 0.1749287 0.1154078 0.2273804 0.2675168 0.1800383 0.07704297 0.1285611
78 0.08776155 0.08621757 0.1229235 0.0991132 0.1615068 0.09923869 0.07995232 0.1372298 0.2869266 0.2247368 0.09140809 0.1338728
79 0.08589087 0.03010072 0.1204269 0.089475 0.07165072 0.04657117 0.06573574 NA 0.1977817 0.1175181 NA NA
80 0.09481655 0.3793255 0.1267294 0.1592086 0.9784941 0.5925882 0.1660431 1.280355 0.2567499 0.8357931 0.693648 1.011926
81 0.08840063 0.0934204 0.123844 0.1100908 0.2315559 0.1447018 0.08509941 0.2685231 0.319633 0.4171204 0.1919661 0.3053548
82 0.09197287 0.1900728 0.1295725 0.1281518 0.2515815 0.113152 0.07829654 0.3270358 0.3065829 0.3202506 0.2702733 0.431421
83 0.08736165 0.08502346 0.1220949 0.09689738 0.1370236 0.07552754 0.06842099 0.09821492 0.2549971 0.1836065 0.09100454 0.1208471
84 0.09743662 0.07556659 0.1365598 0.09404236 0.1661729 0.08846469 0.07590855 0.1285403 0.2848536 0.2017187 0.08638149 0.1255896
85 0.09189695 0.09260071 0.1285478 0.1033625 0.15228 0.09308109 0.07062914 0.1373179 0.3038543 0.2228624 0.1107477 0.1740969
86 0.08529052 0.08427243 0.1196791 0.09656103 0.1320209 0.07364026 0.06886441 0.107929 0.2732578 0.1880668 0.09542669 0.138065
87 0.09056093 NA 0.1284434 0.09210329 NA NA 0.08439746 NA 0.2537882 0.1507358 NA NA
88 0.08834575 0.03988252 0.1239581 0.09368411 0.1131679 0.06522088 0.07421379 NA 0.2497767 0.1711188 NA NA
89 0.09333796 0.0777207 0.1309437 0.09942736 0.1510097 0.086429 0.07603771 0.1069671 0.2393327 0.1807578 0.07103059 0.09728098
90 0.08235635 NA 0.1156494 0.07987462 NA 0.03086797 0.05504414 NA 0.1763199 NA NA NA
91 0.08389035 0.08157889 0.1168696 0.09654715 0.1374463 0.08413601 0.07893368 0.1189327 0.2878575 0.2019717 0.09642826 0.1505394
92 0.09273581 0.06003062 0.1301459 0.09531468 0.1449314 0.07803135 0.07798871 0.04320521 0.2651275 0.1762362 0.02465457 NA
93 0.08891241 0.03589084 0.1247044 0.1026855 0.1237608 0.0743559 0.08442442 NA 0.1928254 0.09097427 NA NA
94 0.08910568 0.07579749 0.1245296 0.09505451 0.1426203 0.08077033 0.07063548 0.1089534 0.2853352 0.2050013 0.08202029 0.1119622
95 0.1064739 0.1256795 0.1489037 0.1270819 0.2167663 0.1211342 0.1131124 0.1459065 0.2208813 0.1931038 0.09099478 0.1368108
96 0.0811062 0.07390741 0.1138909 0.08889043 0.1299342 0.07411292 0.06983688 0.106139 0.2753284 0.1943097 0.09328847 0.1383873
97 0.08384595 0.03897437 0.1173142 0.09335955 0.100508 0.05635826 0.07448165 NA 0.2662172 0.1505721 NA NA
98 0.08806623 0.04948773 0.1231597 0.0884789 0.1315233 0.07853648 0.0712446 NA 0.2224857 0.1495753 0.01045533 NA
99 0.09018124 0.08786859 0.127077 0.09301224 0.1861404 0.09269192 0.06700238 0.1959833 0.2868574 0.2101236 0.09794142 0.1644978
100 0.09388273 0.08301365 0.1307684 0.1040419 0.1595557 0.08968004 0.07944712 0.1235065 0.2414844 0.1826682 0.06529922 0.08915703
101 0.09037806 0.08189575 0.1262384 0.09770976 0.1537035 0.0958805 0.08833612 0.110726 0.2788996 0.1896305 0.07762542 0.1160612
