1 0.07112138 0.05577438 0.1033927 0.07602095 0.07478577 0.04075245 0.03847962 0.03659879 0.6681881 0.2619324 0.1662043 0.04753755 0.06623747
2 0.07493772 0.06212836 0.106659 0.08137542 0.08235082 0.04495248 0.04384537 0.0353743 0.7287397 0.2582898 0.1723276 0.05453973 0.07599525
3 0.07144069 0.056965 0.1004656 0.07487793 0.07115286 0.03700772 0.03694942 0.03130674 0.6956953 0.2387227 0.1659319 0.05016777 0.06459901
4 0.07105194 0.05589708 0.09996082 0.07586848 0.06916136 0.03719538 0.03762182 0.03118677 0.6150414 0.2241698 0.1619881 0.04728737 0.05600906
5 0.07672611 0.05582859 0.1062944 0.07337162 0.0773342 0.03841576 0.03413851 0.03345344 0.5929452 0.2741872 0.1708716 0.04579851 0.06472171
6 0.06455141 0.05396385 0.09206162 0.07345635 0.05943094 0.03332649 0.03368607 0.03238559 0.6579305 0.2700634 0.1688722 0.04992426 0.06489669
7 0.07401417 0.0555345 0.1046569 0.07417776 0.07736484 0.03886051 0.03439596 0.03130597 0.6148162 0.2812832 0.1730747 0.05320048 0.06937498
8 0.07195835 0.06064499 0.1023094 0.079051 0.07429016 0.04021854 0.03796261 0.03197342 0.6051243 0.2622316 0.1665129 0.05000687 0.07033738
9 0.08111122 0.06153662 0.1131575 0.0790932 0.08984541 0.04456841 0.03903486 0.03322516 0.6670978 0.2830808 0.1753654 0.05115526 0.07735153
10 0.06486674 0.05844904 0.09042797 0.07530086 0.05877132 0.03606705 0.03832401 0.03557561 0.5447357 0.2793902 0.1679623 0.0457616 0.06963402
11 0.06736661 0.06525582 0.09292596 0.08003806 0.05839646 0.03550795 0.03987065 0.02986232 0.6571576 0.2455842 0.1640192 0.05155801 0.06981972
12 0.0717408 0.05928338 0.09975508 0.07641245 0.06930696 0.0373478 0.03768417 0.03229467 0.6969536 0.2340082 0.1694015 0.05310978 0.06639136
13 0.07113794 0.05485423 0.1020518 0.07642545 0.07424082 0.04041771 0.03965763 0.0345338 0.5694498 0.2458555 0.1623165 0.04637958 0.06261964
14 0.07377221 0.06796899 0.1027733 0.08353013 0.07359099 0.04239125 0.04466124 0.03758854 0.8914852 0.2833324 0.1856804 0.05043171 0.07928394
15 0.06851921 0.06413846 0.09613118 0.08357418 0.06406224 0.03800349 0.04252031 0.03437402 0.713145 0.2829739 0.1772916 0.05119984 0.07203758
16 0.07198663 0.06011997 0.101498 0.07852638 0.0734756 0.0414067 0.04089207 0.03212444 1.293853 0.2969775 0.1764107 0.05635706 0.08332125
17 0.06502234 0.05736195 0.09370191 0.07590586 0.06276158 0.03670257 0.03808212 0.03261166 0.8919615 0.2882499 0.1690405 0.05268448 0.07501926
18 0.07601757 0.05853957 0.106519 0.07641126 0.07917829 0.04012081 0.03744657 0.03817712 0.6606893 0.2895689 0.1833293 0.04828652 0.07252724
19 0.06728417 0.05716714 0.09596169 0.07361162 0.06652001 0.03654279 0.03657437 0.03519504 0.7520541 0.3334263 0.1796663 0.05543897 0.0963842
20 0.06786195 0.05747064 0.09621407 0.07559374 0.06543181 0.0366062 0.03771279 0.03272041 0.6314639 0.2894478 0.1805751 0.04592458 0.06650607
21 0.0668118 0.05495497 0.09579265 0.07558983 0.06581084 0.03595701 0.03656266 0.03093318 0.49368 0.2558971 0.1703618 0.04788513 0.06441616
22 0.06935817 0.0558036 0.09923529 0.07689858 0.07127064 0.04015536 0.03744447 0.03628348 0.5971309 0.2417413 0.1643759 0.04894838 0.06208414
24 0.07015684 0.05947204 0.09761326 0.07793447 0.06592387 0.03795165 0.03857635 0.03381817 0.685342 0.257723 0.1682582 0.04645572 0.06382709
25 0.07106846 0.06125748 0.09826071 0.07837274 0.06855167 0.03794114 0.03920799 0.03315842 0.6542921 0.2528934 0.1661561 0.04772006 0.06037726
26 0.06575137 0.05637202 0.09405921 0.07519994 0.06380606 0.03690648 0.03917155 0.03475913 0.8364593 0.296281 0.1784752 0.05162056 0.0775573
27 0.07111394 0.05490131 0.1003024 0.07199495 0.07394291 0.03819033 0.03396682 0.03426134 0.691291 0.2975482 0.1695978 0.04528357 0.0687629
28 0.06690363 0.06146356 0.0961496 0.08094926 0.06475243 0.03905326 0.04298612 0.03463006 0.7239737 0.2950728 0.1785544 0.05101559 0.07559827
29 0.07139528 0.05937412 0.09765185 0.07471788 0.06789177 0.03601296 0.03696426 0.03116708 0.6254525 0.2762228 0.1788972 0.05179003 0.07161069
30 0.07197413 0.05482219 0.1002631 0.07273778 0.07091997 0.03571417 0.03380086 0.03098785 0.5381771 0.2515097 0.1644982 0.04700847 0.06324912
31 0.07241919 0.06453293 0.1020101 0.08488781 0.07490965 0.04200437 0.04419877 0.03485054 0.9351864 0.2509946 0.1647978 0.04963456 0.0670407
32 0.07148299 0.05823751 0.1009589 0.0759364 0.07274298 0.03841819 0.03889134 0.03101375 0.6964525 0.2842913 0.1667716 0.0520263 0.07460455
33 0.07013506 0.06089951 0.09801577 0.08024866 0.06813147 0.04052852 0.04114987 0.03732121 0.7016184 0.2599536 0.1559007 0.04293432 0.05848193
34 0.07302455 0.05213464 0.1027406 0.06964819 0.07389903 0.03713393 0.03148607 0.03285095 0.7293742 0.2798857 0.1678618 0.04947594 0.07276322
35 0.07110641 0.05968402 0.09909296 0.07705606 0.07161089 0.03902205 0.03868315 0.03139882 0.604587 0.2841094 0.1707686 0.05546017 0.07724065
36 0.07401253 0.06417619 0.1048531 0.08216684 0.07786597 0.04252494 0.04222627 0.0326109 1.438119 0.2737538 0.1663168 0.05388583 0.07922935
37 0.07562393 0.05522643 0.1054508 0.07421223 0.0807698 0.03908595 0.03552371 0.03099728 0.6499856 0.2564206 0.1674155 0.04830339 0.06642683
38 0.06566055 0.05516245 0.09210806 0.07409951 0.06024027 0.03358035 0.03331539 0.02978692 0.6651812 0.2833541 0.1689484 0.05096706 0.07177894
39 0.07132793 0.05151824 0.09978646 0.06913047 0.07016576 0.03556858 0.03248435 0.03073755 0.5533654 0.2756823 0.1696835 0.0479004 0.06674834
40 0.06792222 0.05571981 0.09478049 0.07294397 0.06502124 0.03451115 0.03258915 0.03320352 0.7264691 0.2977489 0.1780501 0.05053314 0.07501359
41 0.07305231 0.05842559 0.1037437 0.07744462 0.07912682 0.04245585 0.0386499 0.03569598 1.094464 0.2799799 0.1684063 0.05039485 0.07240524
42 0.06831049 0.0618439 0.09797924 0.07790392 0.06739202 0.03632658 0.03703406 0.03210256 0.9272538 0.3042288 0.1743915 0.05463908 0.08345711
43 0.06299929 0.05209845 0.09100678 0.07172624 0.05902755 0.0327371 0.03299025 0.03189009 0.5487455 0.2825987 0.1770508 0.04423835 0.06178412
44 0.0706366 0.0568358 0.09914779 0.07623548 0.06863696 0.0373551 0.03754088 0.03289713 0.6661504 0.2844637 0.1689148 0.04724423 0.06540275
45 0.07155463 0.05810655 0.09835315 0.07326313 0.06797788 0.03571885 0.03496803 0.03172964 0.6256579 0.268781 0.1661008 0.04947775 0.06794248
46 0.07381733 0.05341953 0.10255 0.06992379 0.07447556 0.03479256 0.02910218 0.02976717 0.5862983 0.2749855 0.1658725 0.04657829 0.06889515
47 0.06393083 0.05735365 0.08995602 0.0777482 0.05681259 0.03544951 0.03865236 0.03261548 0.8720483 0.2831038 0.180604 0.05064441 0.06745911
48 0.07161003 0.04730542 0.1023807 0.06421979 0.07386309 0.03311777 0.02628945 0.03302867 0.4876484 0.2747446 0.1720656 0.04747924 0.06604532
49 0.07162063 0.05522351 0.09951537 0.07293842 0.06982082 0.03701876 0.03380782 0.03348476 0.694067 0.2902464 0.1695691 0.05023875 0.07716292
50 0.06921415 0.05963562 0.09516688 0.07747164 0.06339675 0.03698671 0.03803104 0.03223212 0.4935081 0.2473042 0.1719164 0.04832086 0.06080276
51 0.0682429 0.05798572 0.09618656 0.07872769 0.06411092 0.03773874 0.03929215 0.03053728 0.6098734 0.236408 0.1709787 0.04952557 0.05685347
52 0.07281111 0.05800854 0.1006413 0.07502047 0.06881743 0.03781787 0.03680103 0.03369252 0.6931035 0.301497 0.1770946 0.05472649 0.08115578
53 0.0696669 0.06080112 0.09701846 0.07791779 0.06610969 0.03812618 0.038137 0.03270661 0.6839575 0.2753534 0.1640373 0.04767044 0.07108529
54 0.06455069 0.05901735 0.09242666 0.07607088 0.06095652 0.03491012 0.03651197 0.03035496 0.7733404 0.3107988 0.1792706 0.05274262 0.07768984
55 0.07440327 0.05880374 0.1042306 0.07611243 0.07781859 0.04046943 0.03685464 0.03395304 0.9264816 0.2842116 0.1810212 0.05267457 0.0730671
56 0.07331812 0.05854303 0.1043464 0.0765159 0.07742704 0.04118478 0.0365874 0.03825933 0.962175 0.2906921 0.1873849 0.05272293 0.07097878
57 0.0728615 0.06513585 0.1022522 0.08272379 0.07246554 0.0405706 0.04036713 0.03405492 0.8313659 0.2844792 0.1648331 0.05101019 0.07659405
58 0.07569835 0.05919869 0.1067759 0.07743356 0.08107046 0.04104336 0.03669046 0.03272577 0.7640348 0.253944 0.1642605 0.05393653 0.07129243
59 0.07253258 0.05755956 0.1023497 0.07748632 0.07389552 0.04051488 0.03863164 0.03159701 0.8954833 0.3024901 0.1735487 0.05655872 0.08285796
60 0.07064332 0.06076281 0.1011964 0.0814004 0.07060173 0.04060629 0.04192102 0.03663947 0.6004886 0.2747964 0.1656636 0.04542136 0.0642021
61 0.06705928 0.05929784 0.09343492 0.07635787 0.0614903 0.03517105 0.03752425 0.03102718 0.584748 0.2575207 0.1644118 0.04903165 0.06386261
62 0.06971877 0.05282364 0.09910282 0.06891668 0.06751227 0.03450713 0.03097341 0.03093298 0.5693056 0.2471495 0.1671982 0.046302 0.05917587
63 0.07380995 0.06239732 0.1023753 0.08228756 0.07144541 0.04283714 0.04496749 0.03350318 0.5627027 0.2462494 0.1622226 0.04667532 0.05943605
64 0.06677038 0.06089042 0.09271265 0.07851869 0.05993929 0.03617677 0.03964497 0.03209947 0.4461226 0.2368847 0.1600121 0.0468977 0.05829032
65 0.06990011 0.05301221 0.1007403 0.07068234 0.07320684 0.03672281 0.03448204 0.03250838 0.861246 0.2700384 0.1685462 0.04873915 0.06964643
66 0.06895159 0.05545334 0.09737991 0.07603386 0.06751199 0.03641005 0.03661891 0.033248 0.4663218 0.2516989 0.175068 0.05040198 0.06154912
67 0.06741038 0.05499588 0.09594384 0.07372316 0.0657145 0.03640703 0.03587012 0.0318011 0.6661883 0.2643877 0.160635 0.05503006 0.07408344
68 0.06864637 0.06016766 0.097116 0.07784116 0.06703598 0.03701128 0.03887178 0.03166685 0.6193338 0.27497 0.1633429 0.04718864 0.06818203
69 0.07460881 0.06051416 0.1048944 0.07955756 0.07947307 0.04149783 0.04230486 0.0362188 1.226148 0.2331773 0.16234 0.05096748 0.06604458
70 0.06808265 0.05612965 0.0980794 0.07691552 0.06749901 0.03811 0.0398486 0.03126267 0.5087571 0.2438452 0.1720526 0.04952674 0.06325235
71 0.06861729 0.05250848 0.09702732 0.06829598 0.06515905 0.0335845 0.030248 0.03069804 0.9835375 0.3253592 0.1753988 0.05239234 0.07930342
72 0.07041992 0.05851832 0.09801294 0.07486403 0.06928597 0.0371129 0.03433017 0.03276887 0.8465521 0.295477 0.1748121 0.05495285 0.07931928
73 0.07205022 0.059053 0.1003272 0.07685942 0.07293554 0.03790925 0.03746393 0.03257546 0.8542512 0.2757025 0.1749038 0.05515798 0.0730368
74 0.07176376 0.05368579 0.1008884 0.07084725 0.07468306 0.03749491 0.03121036 0.03563012 0.5749519 0.2929679 0.1668278 0.04717756 0.07024688
75 0.06585828 0.05644675 0.09180863 0.07522442 0.05887197 0.03464288 0.03732131 0.03155806 0.6712347 0.2609773 0.1729981 0.0522021 0.06852301
76 0.07490281 0.06286023 0.1064683 0.08533667 0.07852309 0.04518222 0.04880077 0.03581521 0.7387881 0.2535905 0.165053 0.05049164 0.06637287
77 0.06988274 0.05573763 0.09829715 0.07460356 0.06777633 0.03748683 0.03533388 0.03424198 0.4353466 0.2350327 0.1608043 0.04534142 0.05677534
78 0.06995656 0.05728924 0.09841211 0.07457116 0.07079109 0.03860492 0.03747029 0.03464348 0.6607512 0.2735978 0.180041 0.0504398 0.06822742
79 0.06774285 0.05848501 0.09762347 0.07905288 0.06810959 0.03848879 0.03995462 0.03244125 0.6133156 0.3014948 0.1769165 0.05006257 0.07574931
80 0.07475477 0.06280674 0.1058683 0.08506917 0.07990675 0.0454872 0.04805163 0.03182686 0.8142746 0.243635 0.1699604 0.04984038 0.06221577
81 0.07301158 0.06340358 0.1042075 0.08110483 0.07884344 0.04227838 0.04224481 0.03438805 0.9378141 0.2722387 0.1771005 0.05724313 0.08289842
82 0.0746383 0.05597485 0.1053356 0.07472613 0.08028036 0.04172324 0.03716897 0.03609292 0.7095884 0.2497145 0.1663557 0.05113955 0.06790292
83 0.06986083 0.05322849 0.09800049 0.06988182 0.0654489 0.03311492 0.03038638 0.02970393 0.5851812 0.2805043 0.1681203 0.05000658 0.06687493
84 0.07121202 0.06177145 0.0997977 0.07556408 0.07296618 0.03685915 0.03757596 0.03573974 0.6633067 0.2878582 0.1709572 0.05670468 0.09056654
85 0.07354598 0.05967482 0.1037002 0.07793487 0.07734671 0.04075536 0.03804359 0.03101867 0.5727064 0.277687 0.1787071 0.05108885 0.07015761
86 0.07046404 0.0568898 0.0985559 0.07625146 0.0674586 0.0353179 0.03575915 0.03187434 0.6051873 0.2696975 0.1685499 0.04932893 0.06417211
87 0.07178358 0.05541457 0.1000635 0.073756 0.07101268 0.03841433 0.0368307 0.03371197 0.5108661 0.2671984 0.1676978 0.05009967 0.0740778
88 0.07739956 0.0697897 0.1081512 0.08493211 0.08264564 0.04492495 0.04497136 0.03595183 1.049344 0.2802423 0.1819343 0.05692119 0.08508823
89 0.07271013 0.05835035 0.1021646 0.07616012 0.07521094 0.03920923 0.03753186 0.03264821 0.5135902 0.2377457 0.1670645 0.04658882 0.05829681
90 0.07251627 0.05922328 0.1019563 0.07904695 0.07566872 0.04020338 0.03904601 0.03041144 1.170783 0.2926278 0.1863717 0.0572975 0.07696391
91 0.07016119 0.05974715 0.09605539 0.07879719 0.06541294 0.03765957 0.04016158 0.0335688 0.7526566 0.2536027 0.1622774 0.04973278 0.06637513
92 0.06992817 0.05432087 0.09844822 0.07230456 0.06891133 0.03517988 0.03403784 0.03293529 0.498171 0.2522138 0.1766031 0.05291961 0.06586876
93 0.066886 0.0572443 0.09353939 0.07500606 0.06237981 0.03512463 0.03527348 0.0341009 0.4947723 0.2712969 0.1676744 0.04888378 0.06822077
94 0.06923263 0.05461169 0.09863492 0.07260232 0.06743544 0.03574009 0.03527178 0.03059919 0.5396923 0.2810571 0.1765813 0.05064672 0.07215615
95 0.07502236 0.0623397 0.1022318 0.07796077 0.07163464 0.03777055 0.03404563 0.04025319 0.4317006 0.2025003 0.1737594 0.04503868 0.0511601
96 0.06349077 0.05329237 0.09122217 0.07295117 0.05961225 0.03394213 0.03656683 0.02925479 0.6148903 0.2706186 0.1708622 0.053052 0.0721514
97 0.07071571 0.06353545 0.09777498 0.08053314 0.06900036 0.03824671 0.04009409 0.03059464 0.6828942 0.2850014 0.1700266 0.05680216 0.08179722
98 0.07507729 0.06141842 0.1036596 0.07881193 0.07677579 0.04121019 0.03651067 0.03457222 0.7585754 0.3068876 0.1725295 0.0482088 0.07624531
99 0.07396886 0.05620703 0.1040561 0.07315574 0.0765647 0.03846382 0.03496204 0.03512406 0.668252 0.2680083 0.1645872 0.04736494 0.06909035
100 0.07449538 0.06414317 0.1029353 0.0782207 0.07325503 0.03916166 0.03637605 0.03631339 0.4710204 0.2620165 0.1678741 0.04621545 0.06949643
101 0.07118569 0.05321446 0.1013472 0.07191364 0.072793 0.03712242 0.03329397 0.03560146 0.5492474 0.2679574 0.1648655 0.0469448 0.06593682
