1 5.386888 -0.4957509 -0.2622374 -0.504148 0.5355564 0.445633 0.1213828 0.1883411 5.260461 -1.239669 -0.7350005 0.2977276 -0.4103333
2 5.236663 -0.4714876 0.06917484 -0.6157956 0.5216826 0.5298928 0.08040469 0.2523805 5.493673 -1.049634 -0.9483356 0.3223253 -0.4759033
3 5.287839 -0.465905 -0.006435158 -0.5057329 0.4871433 0.4539841 0.1294015 0.2019292 5.519396 -1.457378 -0.8957818 0.2731868 -0.3570042
4 5.423106 -0.4168079 -0.03980485 -0.5753419 0.4761653 0.4405048 0.1160795 0.2184874 5.138053 -1.41399 -0.6995251 0.2491556 -0.3376199
5 5.213402 -0.3900496 0.1023875 -0.6814368 0.5100632 0.5200323 0.05414898 0.1833648 4.982636 -1.368891 -0.9776502 0.2524185 -0.3454391
6 5.313373 -0.4967592 0.05586018 -0.5702425 0.4960747 0.3111449 0.1381082 0.1827611 5.3115 -1.533788 -0.6576791 0.2677295 -0.3728299
7 5.306222 -0.3510511 -0.03806737 -0.6457099 0.4807285 0.5238294 0.08919681 0.2019481 5.110646 -2.074863 -0.7980951 0.3283523 -0.2866434
8 5.264768 -0.4599729 -0.0342571 -0.5651941 0.4659375 0.4898703 0.08743447 0.2257774 5.008105 -1.208886 -0.9347484 0.2932147 -0.4058513
9 5.488998 -0.5456687 -0.3241331 -0.5246582 0.5053016 0.6549199 0.03055803 0.2271359 5.274437 -1.595597 -0.9586994 0.2953658 -0.3272118
10 5.411687 -0.5245491 -0.1729408 -0.5064569 0.5335892 0.2463245 0.08889647 0.1793103 4.699204 -1.180959 -0.8740129 0.2704291 -0.3949989
11 5.213592 -0.537428 0.0447167 -0.5771874 0.451899 0.3370318 0.1201602 0.238299 5.277208 -1.293596 -0.8823535 0.2690373 -0.3812523
12 5.189108 -0.4038045 0.07668404 -0.6403644 0.4801589 0.440406 0.06597672 0.2228852 5.365469 -1.226616 -0.9924764 0.2935285 -0.4195797
13 5.38194 -0.3974894 -0.09786279 -0.6980773 0.5108928 0.43831 0.1067205 0.1952079 4.761198 -1.626603 -0.6959916 0.288464 -0.305513
14 5.235728 -0.4970487 0.07434122 -0.6423159 0.5691657 0.4257732 0.08673852 0.2379957 6.269143 -0.7684794 -1.429497 0.2762576 -0.4562731
15 5.263675 -0.419275 0.001468915 -0.6183058 0.5264375 0.3452546 0.09816389 0.2645943 5.558332 -1.822055 -1.062233 0.3218185 -0.2947615
16 5.600142 -0.5110102 -0.352185 -0.514436 0.519833 0.4665797 0.1066614 0.2406419 8.02521 -1.171831 -0.8049285 0.3165405 -0.4530572
17 5.413228 -0.4953247 -0.1007974 -0.5227463 0.5063071 0.3312356 0.08110713 0.2165262 6.305171 -1.294631 -0.8487958 0.2980377 -0.4176598
18 5.384192 -0.4536996 -0.1819858 -0.5736372 0.5940394 0.4715246 0.0762373 0.1927178 5.261669 -1.344864 -1.027988 0.2404281 -0.3601083
19 5.350887 -0.392188 -0.2124121 -0.6246303 0.5219389 0.3484443 0.06285246 0.179789 5.64164 -1.195537 -0.7550287 0.3214115 -0.4468197
20 5.441668 -0.4136339 -0.1107376 -0.6099154 0.4879037 0.3766021 0.04381291 0.2150316 5.045725 -0.9267436 -1.225598 0.2446062 -0.3971569
21 5.482699 -0.4689798 -0.2812176 -0.5367518 0.4668885 0.3763188 0.08860203 0.2157107 4.397144 -1.663939 -0.7286504 0.2720129 -0.3167397
22 5.325859 -0.4734654 -0.1310015 -0.5917328 0.5400018 0.3810496 0.09492552 0.2019415 4.946754 -1.353656 -0.8779753 0.3134197 -0.3965998
24 5.403712 -0.457632 -0.02053805 -0.5407441 0.5153515 0.3690592 0.07277835 0.222385 5.490673 -1.044354 -1.059029 0.2634559 -0.3908976
25 5.318911 -0.536657 -0.0733443 -0.4641036 0.5139448 0.3953444 0.1379117 0.2190226 5.250861 -1.570053 -0.9816025 0.2825425 -0.3254518
26 5.457994 -0.4983501 -0.1427266 -0.6352134 0.5297583 0.3158588 0.1161492 0.2068068 6.110517 -0.9047339 -1.072745 0.3075346 -0.4793515
27 5.465233 -0.3851794 -0.2295572 -0.5643443 0.5332084 0.4103967 0.1470681 0.1474246 5.400823 -1.548112 -0.8951897 0.2765023 -0.2885786
28 5.425961 -0.4410023 -0.1292452 -0.667211 0.5135511 0.350751 0.0630172 0.2544185 5.538531 -1.111044 -1.054265 0.3174586 -0.4369557
29 5.296042 -0.4535503 -0.1060049 -0.4637931 0.4855856 0.4040859 0.1267254 0.2014318 5.137384 -1.099648 -1.035646 0.2707685 -0.4338613
30 5.380857 -0.4552166 -0.1064337 -0.6104522 0.4629025 0.4579705 0.0880132 0.1816603 4.73429 -1.164837 -0.9157715 0.2800995 -0.392346
31 5.373109 -0.468025 -0.07798704 -0.5974753 0.5412838 0.4447383 0.09288202 0.272881 6.539909 -1.243043 -0.8686002 0.2716769 -0.3880434
32 5.386877 -0.4049051 -0.08691283 -0.5392424 0.482889 0.4647457 0.06904841 0.2253812 5.490284 -1.500255 -0.8853699 0.305079 -0.3615376
33 5.254435 -0.4444596 0.05886499 -0.5392358 0.5351311 0.3593037 0.07838251 0.2123507 5.353449 -1.22207 -0.7801977 0.2776424 -0.3591037
34 5.352019 -0.4757362 -0.1831529 -0.5341519 0.5078589 0.4659764 0.09621425 0.1350701 5.664914 -1.347072 -0.8006236 0.2943287 -0.3834131
35 5.216151 -0.394348 -0.041796 -0.6032807 0.488443 0.4249147 0.07413797 0.2299453 5.001005 -2.347155 -0.8127746 0.3520853 -0.2321156
36 5.428226 -0.5550137 -0.1943166 -0.4291086 0.537973 0.5177923 0.08201557 0.2600152 8.628722 -1.311717 -0.8844264 0.290755 -0.3922028
37 5.25968 -0.4429083 0.04753218 -0.6616856 0.4757491 0.5442985 0.1020921 0.1842874 5.314757 -0.709713 -1.034713 0.2839086 -0.4882693
38 5.369483 -0.4325977 -0.1604747 -0.5819428 0.4625091 0.3355201 0.1129783 0.1987629 5.342472 -1.933622 -0.8258663 0.300773 -0.2702382
39 5.353209 -0.428856 -0.08565305 -0.593592 0.4667272 0.449075 0.08672819 0.1768801 4.793907 -1.45871 -0.6835773 0.2628524 -0.3711354
40 5.463434 -0.5084025 -0.1875621 -0.5710421 0.5263271 0.3362913 0.08395418 0.1698256 5.542755 -1.41638 -1.023628 0.2774399 -0.3726689
41 5.284101 -0.4146051 -0.1301662 -0.5706628 0.5804352 0.4519657 0.1045404 0.1755004 7.386681 -1.223787 -1.014163 0.3304392 -0.4144731
42 5.390152 -0.4935829 -0.05378542 -0.5207655 0.5093055 0.3974489 0.1447805 0.1967934 6.707086 -1.474889 -0.9458427 0.3117382 -0.3695965
43 5.420749 -0.3575474 -0.1496273 -0.7075328 0.4836688 0.2967786 0.09475224 0.1734706 4.827546 -1.185832 -0.8010491 0.2403111 -0.3966194
44 5.323162 -0.3508191 -0.02017459 -0.6411668 0.5071066 0.4068502 0.05536933 0.2128903 5.430803 -1.784765 -0.9148559 0.3046019 -0.2871339
45 5.52052 -0.4671207 -0.3143994 -0.5406909 0.4828812 0.4075336 0.1327637 0.1767389 5.095203 -1.688162 -0.9858832 0.3192791 -0.3046437
46 5.321128 -0.4816367 -0.01514144 -0.4939672 0.4557929 0.499349 0.09436017 0.1524529 5.022182 -1.218101 -0.8697986 0.2603062 -0.3835984
47 5.3661 -0.3803071 -0.1086502 -0.6548793 0.506985 0.269855 0.06895443 0.2280506 6.266134 -1.281718 -1.200951 0.2968213 -0.3885348
48 5.206745 -0.3410954 -0.06967929 -0.6528268 0.4965318 0.4677312 0.07872699 0.1002854 4.391998 -1.852385 -0.7062403 0.2722378 -0.2831156
49 5.289453 -0.4487309 -0.09513051 -0.5192727 0.4901452 0.4200846 0.08371091 0.1547672 5.427903 -0.995906 -1.049072 0.3187665 -0.4370788
50 5.309695 -0.4055613 -0.08395111 -0.647513 0.4753979 0.36048 0.08901702 0.2270448 4.357854 -1.523098 -0.989571 0.2899065 -0.3559572
51 5.365794 -0.5507651 -0.3529438 -0.4648234 0.4642773 0.3871501 0.04297273 0.242376 5.125907 -1.623381 -0.8881716 0.2987322 -0.3301621
52 5.338744 -0.4573187 -0.07584833 -0.5917215 0.5226805 0.4140555 0.07665649 0.2076178 5.510046 -1.907354 -0.9575596 0.3332732 -0.3185491
53 5.293036 -0.5108228 -0.02123126 -0.5064935 0.4927433 0.3822466 0.08170377 0.2250116 5.338052 -1.66117 -0.8045599 0.2707941 -0.2814952
54 5.528987 -0.3399253 -0.3165844 -0.6829285 0.4757266 0.3360759 0.1227028 0.2090943 5.831425 -1.425176 -1.078065 0.3259914 -0.3656206
55 5.368191 -0.4200235 -0.05804805 -0.624901 0.538017 0.4831155 0.09714122 0.2000113 6.561493 -1.169712 -1.398089 0.3178539 -0.411528
56 5.439328 -0.5010667 -0.3100878 -0.4330656 0.6019153 0.4352898 0.1427301 0.1884311 6.732333 -1.218174 -1.339122 0.3175433 -0.4269426
57 5.309774 -0.4925875 0.1743472 -0.5610294 0.5169787 0.4557175 0.05842544 0.2330459 6.179023 -0.8896726 -0.9807134 0.3085082 -0.479519
58 5.314419 -0.5304505 0.02275847 -0.5081341 0.4980885 0.5550754 0.0853546 0.2181953 5.832107 -2.002736 -0.8520928 0.342638 -0.2905678
59 5.380508 -0.5011228 -0.09864345 -0.4456396 0.500067 0.4821457 0.05649312 0.2314237 6.476199 -1.571939 -1.00114 0.3520562 -0.3929974
60 5.365145 -0.4937774 -0.06749285 -0.6332512 0.5269576 0.4109458 0.03847464 0.2323355 4.923663 -1.788453 -0.9556766 0.3103632 -0.26471
61 5.494446 -0.5152251 -0.2768833 -0.5749639 0.4497356 0.3595732 0.1066919 0.222804 4.756781 -1.657586 -0.6973937 0.2879783 -0.324967
62 5.395181 -0.5602437 -0.1483835 -0.3905736 0.4696052 0.4274734 0.1085748 0.1466417 4.868178 -1.476449 -0.930013 0.2614319 -0.3183033
63 5.357483 -0.4247922 -0.1900292 -0.55585 0.4925102 0.4509024 0.01518409 0.2761549 4.788489 -1.903406 -0.9192914 0.3007745 -0.2413922
64 5.429078 -0.325347 -0.03112458 -0.5889454 0.4607697 0.3213728 0.1183797 0.2289369 4.104089 -1.797937 -0.872953 0.3003478 -0.2652012
65 5.305817 -0.4474465 0.0266017 -0.6807002 0.5000809 0.4548741 0.06482157 0.1623727 6.244367 -0.7956299 -0.9569812 0.2760564 -0.4763689
66 5.336621 -0.4331966 -0.1074834 -0.5601622 0.4893355 0.385285 0.1105485 0.2087509 4.185924 -1.674427 -0.9772956 0.300749 -0.3218278
67 5.372674 -0.5246759 -0.03781542 -0.4787731 0.478697 0.3831988 0.1291789 0.1912753 5.345062 -1.357615 -0.6496559 0.3159502 -0.4272707
68 5.392503 -0.4314796 -0.1126865 -0.4489877 0.4754235 0.4021164 0.09315839 0.2270197 5.03717 -1.441281 -0.8099276 0.2633844 -0.3205283
69 5.214965 -0.4155423 0.1297006 -0.7099513 0.5849729 0.4741084 0.1867357 0.2194358 7.758319 -1.038183 -0.7178225 0.2787685 -0.4572044
70 5.341602 -0.3981872 -0.07038722 -0.7079863 0.4505748 0.4238436 0.08248633 0.2467963 4.385427 -1.153108 -0.7825402 0.2618194 -0.4286223
71 5.411452 -0.3888427 -0.2212358 -0.5842402 0.4813264 0.4050586 0.08557202 0.1441644 6.898802 -1.579292 -1.005245 0.3321531 -0.3475483
72 5.298369 -0.3824419 -0.03920027 -0.6819412 0.5117708 0.3977025 0.13692 0.1744336 6.11297 -1.710097 -0.9208526 0.3439794 -0.3380858
73 5.243681 -0.3946378 -0.07296613 -0.5688692 0.515521 0.4342819 0.1123909 0.2008504 6.209709 -1.506268 -0.9411852 0.3371443 -0.3944432
74 5.470631 -0.4842654 -0.1795593 -0.6083616 0.5183976 0.4226473 0.09989763 0.140137 4.749259 -1.378094 -0.7821983 0.2931868 -0.3712902
75 5.237679 -0.4114784 -0.026855 -0.7194436 0.4756725 0.3163447 0.1083695 0.2223985 5.205742 -1.800874 -0.7143136 0.2962298 -0.3176784
76 5.372346 -0.4868932 -0.04150667 -0.4873163 0.5400421 0.4984818 0.0799237 0.3021092 5.632618 -1.710247 -0.9160206 0.3245761 -0.3165895
77 5.293007 -0.3920766 0.01203484 -0.6465103 0.5091743 0.371403 0.1048075 0.1769225 4.139257 -1.845355 -0.699712 0.2711083 -0.266392
78 5.478697 -0.4436063 -0.203199 -0.7245189 0.5156276 0.3900867 0.108326 0.1902287 5.139384 -1.037157 -1.175413 0.3209346 -0.4451989
79 5.303473 -0.3985357 -0.06202084 -0.60266 0.4958664 0.3962486 0.05544324 0.2365282 5.065555 -1.755327 -0.8095494 0.2759216 -0.2914353
80 5.296623 -0.4695137 -0.04930157 -0.5738869 0.497744 0.5460677 0.03655766 0.3223662 6.089641 -1.30517 -0.9184855 0.2913306 -0.3996197
81 5.313529 -0.4707092 -0.0255527 -0.5444429 0.5450737 0.4855812 0.07355846 0.2274253 6.638712 -1.029788 -1.038237 0.3363437 -0.4829268
82 5.358425 -0.501921 -0.1117234 -0.5565197 0.5388702 0.4855395 0.1438605 0.1824179 5.295487 -1.300247 -0.8437009 0.3205566 -0.4163209
83 5.338157 -0.3853204 -0.003972605 -0.6345644 0.455549 0.4232661 0.1001613 0.1550139 5.004206 -2.291618 -0.8403112 0.338868 -0.2103766
84 5.357778 -0.5699491 -0.06782411 -0.3905889 0.5169968 0.4141096 0.1089975 0.1787727 5.204874 -0.8883786 -1.126625 0.3151594 -0.4875995
85 5.326183 -0.4370862 -0.01163505 -0.6092321 0.4618565 0.5179313 0.06880022 0.2312463 4.791175 -1.125144 -1.203245 0.2965836 -0.4237907
86 5.322998 -0.3976212 0.0506312 -0.6143897 0.4871347 0.4141987 0.1436421 0.2077083 5.076486 -2.383089 -0.6545887 0.3080434 -0.2038067
87 5.242999 -0.3836316 0.0136045 -0.6442789 0.488638 0.4317754 0.1239832 0.1963096 4.465155 -1.039507 -0.8893579 0.3000611 -0.4685765
88 5.485557 -0.4617909 -0.1302589 -0.676713 0.565569 0.5329502 0.1451335 0.2654479 7.020344 -1.347384 -1.163933 0.3278963 -0.3934622
89 5.26487 -0.4472872 0.08520641 -0.5422665 0.5047567 0.4561426 0.07746827 0.2053633 4.677775 -1.832155 -0.8192957 0.2709681 -0.2790759
90 5.388118 -0.3777027 -0.1719505 -0.7447244 0.4924886 0.4972828 0.04013806 0.2542314 7.523432 -1.11264 -1.090942 0.3313899 -0.4893381
91 5.373375 -0.4512954 -0.04266297 -0.5835586 0.4978272 0.3680317 0.1292376 0.2314853 5.600134 -1.110721 -0.9699295 0.3075793 -0.4198747
92 5.356157 -0.3762477 -0.1532607 -0.6670635 0.4778531 0.4119958 0.1520834 0.1705746 4.384306 -1.558467 -1.093025 0.3532273 -0.3860895
93 5.41113 -0.3266411 -0.1834661 -0.641502 0.5092133 0.3091229 0.1074247 0.1762664 4.45547 -1.791524 -0.7081291 0.3006414 -0.2931471
94 5.248875 -0.3863463 -0.03114606 -0.6290902 0.4525213 0.4322092 0.08795013 0.1975175 4.649735 -1.275704 -1.122553 0.3033112 -0.3944278
95 5.338685 -0.5428227 -0.1647808 -0.5209031 0.5643006 0.3910089 0.1750704 0.1578841 3.946401 -1.422931 -1.30963 0.2680428 -0.3105887
96 5.170204 -0.4307313 -0.1020572 -0.6218607 0.4550975 0.3298073 0.09995228 0.2110651 5.101109 -1.59227 -0.8446078 0.3077887 -0.3707669
97 5.299682 -0.4628222 0.02230304 -0.4905106 0.4678636 0.4239852 0.08162445 0.2479122 5.309365 -1.174707 -0.8793195 0.3316922 -0.4739859
98 5.403617 -0.449256 -0.1554978 -0.6420885 0.526358 0.4723538 0.06428551 0.190795 5.805581 -1.581755 -1.021453 0.3209276 -0.3172081
99 5.302863 -0.5147562 0.0309516 -0.6056667 0.5182176 0.4830166 0.07379279 0.1765305 5.184726 -1.579305 -0.6679602 0.2812842 -0.3339206
100 5.398074 -0.4902913 -0.1201876 -0.6121932 0.5244558 0.4364226 0.0517008 0.1853972 4.17235 -1.530471 -1.092517 0.272622 -0.286615
101 5.438669 -0.4588703 -0.1379752 -0.4932563 0.5280317 0.420219 0.1307831 0.1462608 4.687313 -1.272348 -0.8533875 0.2885324 -0.38365
