1 2.395728 1.776503 1.771505 5.109571 1.761721 1.830568
2 2.762059 1.822084 1.861159 5.601302 1.947288 1.94902
3 2.291607 1.860696 1.771351 4.318306 1.788497 1.807107
4 1.84366 1.560374 1.597278 3.63352 1.627358 1.68182
5 1.863085 1.403195 1.402458 4.026774 1.432156 1.458056
6 2.238675 1.677796 1.632881 3.791505 1.671213 1.688162
7 1.987704 1.594138 1.577856 4.503107 1.64747 1.672371
8 2.672523 1.59479 1.563278 4.900709 1.590486 1.556952
9 2.016912 1.775589 1.744333 3.659644 1.851012 1.821099
10 3.155256 2.276035 2.289513 4.345073 2.277653 2.283556
11 2.090198 1.476704 1.52815 4.219984 1.539384 1.549457
12 1.559046 1.243991 1.23701 3.804804 1.344865 1.292957
13 3.031907 2.17703 2.183335 6.424618 2.013728 2.068882
14 1.893202 1.391864 1.411865 3.495558 1.40347 1.410204
15 2.180317 1.591394 1.61745 4.412357 1.703072 1.707498
16 2.122449 1.689453 1.728889 4.437704 1.743268 1.70484
17 1.809101 1.437006 1.446763 4.002122 1.436176 1.498623
18 2.046818 1.395188 1.415616 5.101533 1.374413 1.376194
19 2.544066 1.811116 1.857754 4.934365 1.9536 1.880251
20 2.212911 1.625815 1.578504 3.985168 1.575747 1.574624
21 3.788288 2.804637 2.819696 5.1385 2.799878 2.83939
22 2.084759 1.494928 1.470363 3.95468 1.522524 1.506392
23 3.351492 1.661668 1.890885 5.879782 1.632303 1.655654
24 2.716459 2.399228 2.377109 4.17314 2.440225 2.429995
25 2.108582 1.608867 1.62196 4.330566 1.650208 1.650876
26 1.998851 1.50566 1.519902 3.956548 1.56674 1.566276
27 2.334041 1.628614 1.684475 4.716361 1.700604 1.676094
28 2.187076 1.663074 1.566257 3.997929 1.734264 1.687952
29 4.379729 2.948149 2.896169 6.750331 2.739438 2.75593
30 1.849992 1.428356 1.450834 3.250995 1.497429 1.521536
31 2.552405 1.688565 1.675334 5.57499 1.679415 1.769563
32 2.633515 1.845481 1.812241 4.920924 1.855029 1.825519
33 2.021831 1.691115 1.747361 4.126058 1.830965 1.855538
34 1.714876 1.259312 1.242899 3.364761 1.317053 1.332518
35 3.480678 2.057221 2.233008 4.544518 2.037089 2.113705
36 2.131569 1.670044 1.678778 5.273734 1.638347 1.637912
37 1.582253 1.231061 1.284111 4.169438 1.261023 1.282326
38 2.461987 1.858605 1.770274 4.458404 1.823286 1.870331
39 2.256961 1.526783 1.58492 4.564726 1.566487 1.565467
40 1.50201 1.235941 1.25383 3.291567 1.3296 1.32206
41 2.926036 2.251585 2.264285 5.443663 2.23607 2.226498
42 1.886631 1.41942 1.393363 2.975082 1.513331 1.47389
43 2.254352 1.681132 1.669351 3.708459 1.630654 1.604592
44 2.076479 1.46102 1.463427 4.288616 1.536028 1.565799
45 2.170849 1.499127 1.481272 4.738751 1.642006 1.601249
46 1.611963 1.251365 1.28863 3.591315 1.320264 1.285373
47 2.525735 1.748939 1.779137 3.905361 1.83225 1.861423
48 1.809173 1.47187 1.449248 3.501147 1.553728 1.528333
49 2.312769 1.691259 1.744119 4.233403 1.742068 1.77402
50 2.358819 1.790402 1.733813 4.656929 1.747812 1.761449
51 2.774681 2.022946 2.003453 4.966928 2.128595 2.078713
52 3.272906 2.156222 2.139424 4.708033 2.145302 2.139895
53 2.167149 1.747187 1.693375 4.219763 1.722168 1.725163
54 3.765053 1.726272 1.494869 5.192799 1.857664 1.814955
55 2.797749 2.251861 2.186288 5.465651 2.285323 2.308838
56 2.01791 1.541942 1.493238 4.687994 1.563964 1.6181
57 2.542086 1.682201 1.715544 3.946424 1.736437 1.767325
58 2.504738 1.930125 1.845279 4.742187 1.89667 1.864238
59 3.674265 2.051805 2.426489 5.075067 2.457221 2.435467
60 2.37758 1.628474 1.663534 4.483093 1.668409 1.685193
61 2.02487 1.599781 1.568296 4.737554 1.617028 1.639915
62 2.769305 2.26736 2.334998 5.673475 2.320566 2.346545
63 2.323449 1.634727 1.630719 4.593614 1.68959 1.660969
64 1.838512 1.463746 1.434692 3.212199 1.463652 1.502516
65 2.59357 1.818415 1.849902 5.26858 1.798358 1.799783
66 2.127152 1.672133 1.682638 3.757635 1.726939 1.778699
67 2.517545 1.835959 1.806697 5.055114 1.94277 1.96899
68 1.962389 1.31549 1.331497 3.355781 1.338888 1.362513
69 1.996151 1.61018 1.581917 3.514553 1.675399 1.668763
70 1.710039 1.300235 1.332715 3.848746 1.436985 1.375908
71 1.620524 1.138476 1.157074 4.51815 1.155641 1.135901
72 1.761948 1.335913 1.353964 3.851877 1.34151 1.348274
73 3.791021 2.809533 2.828324 6.722481 2.797807 2.814011
74 2.338683 1.538773 1.586443 4.751765 1.533281 1.544171
75 1.975378 1.393926 1.423402 3.920363 1.395514 1.418865
76 1.46432 1.082147 1.066683 2.809788 1.081269 1.104822
77 2.791525 2.057506 2.196538 4.83327 2.154711 2.107738
78 2.580348 1.923031 1.918079 4.624362 1.996163 1.933094
79 3.334252 2.141435 2.266698 5.782062 2.224652 2.234741
80 2.504377 1.767574 1.735049 4.802723 1.801264 1.805042
81 2.59863 1.86444 1.873897 5.870912 1.857444 1.821538
82 2.450748 2.036444 2.099062 5.098685 2.105699 2.090122
83 1.849057 1.446492 1.454798 3.051441 1.367939 1.361814
84 2.683419 2.216895 2.155618 4.604902 2.201078 2.150973
85 2.060548 1.462651 1.427268 4.48008 1.469793 1.466422
86 2.149522 1.457425 1.47722 3.687211 1.585839 1.592387
87 2.120145 1.649171 1.673383 4.225415 1.77317 1.763903
88 2.263086 1.811522 1.772337 3.640199 1.84733 1.805782
89 2.724183 1.920065 1.960586 5.087373 1.841774 1.835745
90 2.255514 1.512852 1.486018 4.23971 1.543163 1.53537
91 1.85352 1.293551 1.282093 4.54388 1.299767 1.235257
92 1.957398 1.456822 1.44416 3.789698 1.486157 1.460831
93 2.208015 1.660036 1.684102 3.919107 1.623912 1.684083
94 2.319079 1.771116 1.82618 3.960865 1.8211 1.805685
95 2.221641 1.62288 1.590357 5.616159 1.682541 1.66245
96 1.815995 1.408202 1.41516 3.946597 1.454706 1.416925
97 1.740339 1.372548 1.378279 3.996221 1.352348 1.334972
98 3.449986 2.589333 2.533109 4.461214 2.509774 2.582318
99 2.295844 1.945099 2.003755 4.51312 2.088374 2.102925
100 1.894052 1.181841 1.237142 4.003293 1.24237 1.233306
