1 2400001
2 2400002
3 2400003
4 2400004
5 2400005
6 2400006
7 2400007
8 2400008
9 2400009
10 2400010
11 2400011
12 2400012
13 2400013
14 2400014
15 2400015
16 2400016
17 2400017
18 2400018
19 2400019
20 2400020
21 2400021
22 2400022
24 2400024
25 2400025
26 2400026
27 2400027
28 2400028
29 2400029
30 2400030
31 2400031
32 2400032
33 2400033
34 2400034
35 2400035
36 2400036
37 2400037
38 2400038
39 2400039
40 2400040
41 2400041
42 2400042
43 2400043
44 2400044
45 2400045
46 2400046
47 2400047
48 2400048
49 2400049
50 2400050
51 2400051
52 2400052
53 2400053
54 2400054
55 2400055
56 2400056
57 2400057
58 2400058
59 2400059
60 2400060
61 2400061
62 2400062
63 2400063
64 2400064
65 2400065
66 2400066
67 2400067
68 2400068
69 2400069
70 2400070
71 2400071
72 2400072
73 2400073
74 2400074
75 2400075
76 2400076
77 2400077
78 2400078
79 2400079
80 2400080
81 2400081
82 2400082
83 2400083
84 2400084
85 2400085
86 2400086
87 2400087
88 2400088
89 2400089
90 2400090
91 2400091
92 2400092
93 2400093
94 2400094
95 2400095
96 2400096
97 2400097
98 2400098
99 2400099
100 2400100
101 2400101
